# dataset_name rmse mean min max
1 fr01_rpy 0.06788 0.05439 0.009043 0.191
2 fr01_xyz 0.07537 0.07268 0.02611 0.1312
3 fr02_rpy 0.02795 0.02476 0.003323 0.05346
4 fr02_xyz 0.03074 0.02827 0.005718 0.05779
5 fr11_360 0.205 0.1913 0.04565 0.4065
6 fr11_floor 0.3388 0.2797 0.02141 0.7092
7 fr11_desk 0.1061 0.1015 0.01984 0.1664
8 fr11_desk2 0.1158 0.1072 0.003529 0.2694
9 fr11_room 0.3623 0.3374 0.07689 0.6147
10 fr12_360_hemisphere 0.6266 0.5238 0.04552 1.664
11 fr12_desk 0.2878 0.2333 0.02088 0.5024
12 fr12_large_no_loop 2.689 2.495 0.4384 3.478
13 fr12_large_with_loop 2.57 2.547 1.889 3.666
14 fr13_long_office_household 0.3608 0.2852 0.03484 0.731
15 fr22_pioneer_360 2.149 1.702 0.1077 4.346
16 fr22_pioneer_slam 3.269 2.652 0.2114 6.982
17 fr22_pioneer_slam2 3.255 3.066 1.226 6.124
18 fr22_pioneer_slam3 1.542 1.325 0.2758 4.104
19 fr33_nostructure_notexture_far 0.3366 0.3119 0.07372 0.5561
20 fr33_nostructure_notexture_near_withloop 1.503 1.336 0.2076 2.909
21 fr33_nostructure_texture_far 0.3589 0.305 0.1189 0.6893
22 fr33_nostructure_texture_near_withloop 0.08262 0.06763 0.00646 0.1764
23 fr33_structure_notexture_far 0.1208 0.1084 0.0416 0.3801
24 fr33_structure_notexture_near 0.917 0.8893 0.3328 1.484
25 fr33_structure_texture_far 0.03077 0.02975 0.01501 0.05297
26 fr33_structure_texture_near 0.03296 0.03091 0.00705 0.07135
27 fr42_desk_with_person 0.1583 0.1394 0.0271 0.4448
28 fr43_sitting_static 0.0134 0.01167 0.001493 0.05251
29 fr43_sitting_xyz 0.07705 0.07261 0.02544 0.1388
30 fr43_sitting_halfsphere 0.1099 0.1036 0.03011 0.1759
31 fr43_sitting_rpy 0.03817 0.0342 0.005794 0.1004
32 fr43_walking_static 0.4275 0.406 0.143 0.586
33 fr43_walking_xyz 1.106 1.015 0.1562 2.253
34 fr43_walking_halfsphere 0.9777 0.8503 0.04184 2.286
35 fr43_walking_rpy 1.171 0.9974 0.07916 2.332
