# dataset_name rmse mean min max
1 fr01_rpy 0.08079 0.0655 0.01794 0.2215
2 fr01_xyz 0.08675 0.0837 0.02857 0.146
3 fr02_rpy 0.09762 0.09017 0.02923 0.1826
4 fr02_xyz 0.0765 0.07144 0.01559 0.1376
5 fr11_360 0.2045 0.1904 0.03761 0.409
6 fr11_floor 0.3318 0.274 0.02011 0.6924
7 fr11_desk 0.1182 0.1125 0.0167 0.1831
8 fr11_desk2 0.1189 0.1108 0.002975 0.2716
9 fr11_room 0.3921 0.3645 0.09192 0.6828
10 fr12_360_hemisphere 0.696 0.5833 0.07058 1.814
11 fr12_desk 0.3273 0.2669 0.03644 0.5831
12 fr12_large_no_loop 2.521 2.347 0.4715 3.234
13 fr12_large_with_loop 3.354 3.324 2.52 4.674
14 fr13_long_office_household 0.3828 0.3013 0.03627 0.7888
15 fr22_pioneer_360 2.149 1.702 0.1106 4.353
16 fr22_pioneer_slam 3.262 2.648 0.2304 6.99
17 fr22_pioneer_slam2 3.238 3.049 1.208 6.095
18 fr22_pioneer_slam3 1.539 1.318 0.2499 4.106
19 fr33_nostructure_notexture_far 0.3478 0.3221 0.05416 0.582
20 fr33_nostructure_notexture_near_withloop 1.508 1.341 0.2075 2.907
21 fr33_nostructure_texture_far 0.372 0.3174 0.1379 0.7209
22 fr33_nostructure_texture_near_withloop 0.07036 0.05877 0.004787 0.1446
23 fr33_structure_notexture_far 0.136 0.1199 0.04129 0.384
24 fr33_structure_notexture_near 0.9079 0.8803 0.3111 1.472
25 fr33_structure_texture_far 0.03653 0.03569 0.02073 0.05712
26 fr33_structure_texture_near 0.03507 0.03336 0.005927 0.069
27 fr42_desk_with_person 0.2225 0.1929 0.02339 0.5481
28 fr43_sitting_static 0.02321 0.0215 0.003556 0.04589
29 fr43_sitting_xyz 0.09799 0.09216 0.02562 0.1612
30 fr43_sitting_halfsphere 0.1203 0.1124 0.02819 0.2056
31 fr43_sitting_rpy 0.04266 0.03846 0.008399 0.1077
32 fr43_walking_static 0.4701 0.4392 0.1441 0.6668
33 fr43_walking_xyz 1.158 1.066 0.1467 2.353
34 fr43_walking_halfsphere 1.01 0.8792 0.01079 2.346
35 fr43_walking_rpy 1.186 1.011 0.04111 2.351
