1341840943.018466 0.001755 -0.006281 -0.003195 -0.004853 -0.0008803 -0.001424
1341840943.054549 -0.003738 -0.004175 0.002052 0.003334 0.003515 0.002721
1341840943.086343 0.006257 0.004026 -0.002567 0.006216 -0.006899 0.00612
1341840943.118471 -0.0006444 -0.004858 0.001727 -0.001102 0.001292 0.008599
1341840943.154503 0.001104 0.006741 -0.002866 0.006754 -0.004912 0.006628
1341840943.186929 0.006863 0.002593 0.01127 -0.0005853 -0.007173 0.001698
1341840943.218409 0.003045 -0.007243 -0.0009787 -0.009291 -0.003019 -0.001616
1341840943.254364 -0.0004396 -0.003017 0.002417 0.001009 -0.0005588 0.002461
1341840943.286444 0.01043 0.007521 -0.001483 0.005847 -0.009688 0.003464
1341840943.322556 0.006927 -0.003105 0.004126 -0.006063 -0.0007492 -0.001744
1341840943.354423 0.003702 -0.00272 -0.007944 -0.004436 -0.0008564 0.001492
1341840943.388170 0.009026 -0.001211 0.00313 -0.0003423 -0.003822 0.0003148
1341840943.422478 0.006281 -0.002863 -0.008041 -0.003377 -0.003221 -0.004076
1341840943.454374 0.006608 0.0008301 0.003653 0.001087 0.0005294 -0.006406
1341840943.490475 0.01005 0.001739 -0.002154 -0.001338 -0.005946 -6.368e-05
1341840943.522463 0.01166 -0.003136 0.004151 -0.003192 -0.005178 -0.002665
1341840943.554458 0.01166 0.004498 -0.008879 -8.147e-05 -0.007513 -0.005771
1341840943.590480 0.003751 -0.003838 0.008236 -0.009706 -0.001155 -0.00948
1341840943.622545 0.0157 -0.002747 -0.007031 -0.007933 -0.01293 -0.006846
1341840943.654396 0.01102 -0.004548 0.005323 -0.00494 -0.005611 -0.008564
1341840943.690523 0.007765 -0.003332 -0.007946 -0.003769 -0.006657 -0.006586
1341840943.722420 0.01035 -0.001336 0.004525 0.002051 -0.007884 -0.005737
1341840943.758476 0.0142 0.005233 4.253e-05 0.001279 -0.01089 -0.0009147
1341840943.790455 0.006214 -0.01658 0.005392 -0.0121 -0.002803 -0.003824
1341840943.822407 0.004214 0.001735 -0.01238 0.007013 -0.003965 -0.002463
1341840943.858647 -0.01459 -0.008574 0.01174 -0.003581 0.01702 -0.01735
1341840943.890382 0.008163 0.008984 -0.004243 0.002299 -0.004759 4.88e-05
1341840943.922500 0.01027 -0.00842 0.007869 -0.01048 -0.008005 -0.005612
1341840943.958434 0.00211 -0.01155 -0.01681 -0.01032 0.002142 -0.01038
1341840943.990436 -0.002941 6.364e-05 0.006431 0.005254 0.006737 -0.001439
1341840944.026519 0.0137 0.005592 5.532e-05 0.00322 -0.0125 0.0003136
1341840944.058570 0.009974 -0.008479 0.005591 -0.007903 -0.002995 -0.008189
1341840944.090825 -0.0007776 -0.002316 -0.004973 -0.0004945 0.00199 -0.007165
1341840944.126353 0.005722 -0.003528 0.004098 0.00168 -0.006116 -0.009902
1341840944.158400 0.006407 -0.001264 -0.003987 0.003176 -0.005705 -0.002838
1341840944.190445 0.00531 0.004654 0.003146 0.006909 -0.005168 -0.002798
1341840944.226423 0.01614 0.005174 -0.007239 5.034e-05 -0.009806 -0.005118
1341840944.265404 -0.0114 -0.004349 0.009972 -0.0074 0.01225 -0.006415
1341840944.326672 0.01076 -0.01209 -0.0006275 -0.008363 -0.00577 -0.01495
1341840944.358578 0.003752 0.0152 -0.006586 0.01358 -0.001212 -0.005675
1341840944.394595 -0.003167 -0.004148 0.01294 -0.007529 0.001938 -0.005675
1341840944.426579 0.0149 -0.0002294 -0.00658 -0.009823 -0.009677 -0.006601
1341840944.458440 -0.004425 -0.005772 0.002299 -0.004755 0.007586 -0.007043
1341840944.494471 0.004879 0.002045 -0.004699 0.00398 -0.003527 -0.005736
1341840944.526501 -0.0007367 0.001426 0.003683 0.005504 0.002979 -0.01142
1341840944.562479 0.004189 0.01094 -0.005767 0.004508 -0.002696 -0.01276
1341840944.594258 0.0002529 -0.009957 0.005724 -0.007928 -0.0006184 -0.009423
1341840944.662532 0.0133 0.01591 -0.01132 0.01775 -0.01143 -0.00956
1341840944.694372 0.004926 -0.009438 -0.0009963 -0.007923 -0.003244 -0.004674
1341840944.730457 0.001052 0.003933 -0.003191 0.01076 -0.001953 -0.004167
1341840944.762417 0.009843 0.009072 -0.0003285 0.006716 -0.01033 -0.008716
1341840944.794358 0.009464 -0.00547 0.0003972 -0.004343 -0.005035 -0.01199
1341840944.830590 0.003709 0.003589 -0.0009191 0.006981 0.001079 -0.01012
1341840944.862422 0.003211 0.008492 0.0009499 0.006207 -0.00168 -0.0059
1341840944.894451 0.004807 0.001499 0.0009922 -0.001778 -0.005221 -0.005737
1341840944.930548 0.00947 0.001055 0.0001933 -0.0005313 -0.007978 -0.007798
1341840944.962389 0.00232 0.0004909 -0.0003848 0.001188 -0.0002776 -0.003895
1341840944.998537 0.00369 0.005937 0.0008894 0.005382 -0.004416 -0.0008807
1341840945.030404 0.01258 0.005919 0.001033 0.0001545 -0.01048 -0.008115
1341840945.062478 0.002713 -0.007093 0.001667 -0.007101 0.00202 -0.008278
1341840945.098340 -0.001884 0.00539 -0.001262 0.006754 0.001879 0.001405
1341840945.130943 0.01013 0.007769 -0.0005347 0.003141 -0.01158 0.001227
1341840945.162424 0.01106 -0.007753 0.0003852 -0.006925 -0.007401 -0.007341
1341840945.198534 -0.003076 -0.002975 -0.002711 0.003978 0.005433 -0.006559
1341840945.230524 0.004979 0.009268 -0.002096 0.0105 -0.005312 0.0002042
1341840945.266438 0.006676 0.004626 -0.001303 0.0002892 -0.006665 -0.0006189
1341840945.298449 -0.03256 1.192 -0.2026 1.077 0.04145 0.1795
1341840945.330409 0.02987 0.2812 -0.06496 0.2562 -0.01018 -0.0398
1341840945.366390 -0.0384 -0.1677 0.1202 -0.1465 0.01025 0.07818
1341840945.398687 0.007367 -0.002484 0.002677 -0.004805 -0.008263 -0.006578
1341840945.430496 0.007757 -0.001282 -0.0002804 -0.0008811 -0.006382 -0.009376
1341840945.466718 0.005674 0.003797 -8.222e-05 0.001747 -0.004615 -0.009952
1341840945.499294 0.002408 -0.003722 0.002018 -0.003834 -0.003349 -0.006631
1341840945.534429 0.009175 0.001013 -0.0001826 0.001538 -0.01015 -0.005989
1341840945.566491 0.0139 0.002393 -0.001437 -0.0004904 -0.01099 -0.01175
1341840945.598485 0.003419 -0.004352 0.002891 -0.004482 -0.0004493 -0.009938
1341840945.634539 0.006786 0.001234 -0.0005625 0.001145 -0.006468 -0.003129
1341840945.666482 0.01421 -0.0002025 0.002626 -0.00139 -0.01062 -0.006702
1341840945.702566 0.006961 -0.006856 -0.002691 -0.005179 -0.002646 -0.009322
1341840945.734448 0.002184 -0.002353 -0.0004537 0.0039 -0.002006 -0.008581
1341840945.766359 0.01126 0.005736 -0.000858 0.00745 -0.0116 -0.007557
1341840945.802550 0.01736 0.004269 0.001339 -0.001767 -0.01219 -0.01428
1341840945.834337 0.003638 -0.01002 0.001583 -0.01185 -0.0007226 -0.0129
1341840945.866498 0.009183 -0.002067 0.000822 4.79e-05 -0.01023 -0.01184
1341840945.902414 0.01877 0.00393 0.0005455 0.0006035 -0.01488 -0.01771
1341840945.934416 0.006931 -0.002132 0.003436 -0.009006 -0.003189 -0.01518
1341840945.970467 0.004412 -0.01229 0.006682 -0.01149 -0.005766 -0.009732
1341840946.002597 0.01459 -0.006301 -0.0008874 -0.000637 -0.0137 -0.01543
1341840946.034486 0.01281 0.002155 -0.0121 0.001566 -0.008009 -0.02345
1341840946.070390 0.0006249 0.001404 0.006209 4.92e-05 0.001231 -0.01194
1341840946.102571 0.01934 -0.003017 -0.002489 -0.005576 -0.01592 -0.004589
1341840946.134451 0.01645 -0.004915 0.0003968 -0.007259 -0.006088 -0.006396
1341840946.170446 0.001888 -0.007126 -4.556e-05 -0.004636 0.002324 -0.004545
1341840946.202329 0.01419 -0.0001041 -0.0004206 0.00375 -0.01102 -0.005888
1341840946.238447 0.01768 0.00697 -0.001073 0.00392 -0.008162 -0.01017
1341840946.270488 0.006151 -0.002659 0.001862 -0.007956 -0.0009279 -0.009109
1341840946.302789 0.008622 -0.00689 0.0009415 -0.005923 -0.006006 -0.008316
1341840946.338459 0.01644 0.001697 -0.0007223 0.002236 -0.01022 -0.009144
1341840946.370435 0.006395 0.003747 -0.0002473 0.0009472 3.916e-05 -0.008321
1341840946.402535 0.005125 -0.0003648 0.001216 -0.003293 -0.005076 -0.0067
1341840946.438395 0.0156 -0.005453 -0.001382 -0.00363 -0.01082 -0.00756
1341840946.470361 0.008349 0.005621 -0.001935 0.005053 0.0003911 -0.005933
1341840946.506660 0.002821 0.005776 0.0002895 0.001213 0.0004858 -0.002333
1341840946.538350 0.01136 0.000926 0.0004145 -0.003515 -0.008464 -0.001074
1341840946.570423 0.01374 -0.0008041 0.0001299 -0.003278 -0.005808 -0.007707
1341840946.606437 0.002201 -0.0009605 -0.001172 6.409e-05 0.003788 -0.01022
1341840946.638534 0.002237 0.006901 -0.001508 0.004716 -0.001639 -0.0005504
1341840946.670394 0.01607 -0.0007176 0.0003487 -0.004181 -0.01099 0.001347
1341840946.706347 0.004823 -0.004977 -0.001714 -0.002788 0.001402 -0.002166
1341840946.738455 -0.0006246 0.003858 -0.00208 0.006112 -0.001402 -0.001819
1341840946.774420 0.01038 0.004307 -0.001754 0.003036 -0.01119 -0.005713
1341840946.806405 0.01295 0.001606 -0.0006783 -0.002811 -0.008022 -0.01547
1341840946.838531 -0.002661 -0.005893 -0.001854 -0.004943 0.001394 -0.01305
1341840946.874292 0.007407 0.0007793 -0.002634 0.003215 -0.01023 -0.01411
1341840946.906384 0.01289 0.002612 -0.001969 0.002193 -0.007463 -0.01392
1341840946.942350 -9.64e-05 0.001553 -0.001921 4.47e-05 0.001251 -0.001767
1341840946.974386 0.01186 0.001417 -0.001408 -0.0001971 -0.01344 -0.001795
1341840947.006480 0.01922 0.0004181 -0.0006325 -5.644e-05 -0.01338 -0.01383
1341840947.042375 0.002243 0.001154 -0.0008714 0.00397 0.002295 -0.02119
1341840947.074407 0.006273 0.01152 -0.0004299 0.009169 -0.006053 -0.01491
1341840947.106585 0.0153 0.006014 0.002672 -0.004211 -0.01146 -0.005834
1341840947.142319 0.01091 -0.01625 0.0003298 -0.01817 -0.00624 -0.007816
1341840947.174610 0.001202 -0.004775 -0.001195 0.002187 -0.001222 -0.01256
1341840947.210390 0.006488 0.01279 -0.001648 0.01331 -0.007156 -0.01422
1341840947.242326 0.01562 0.003367 0.001735 -0.002215 -0.009971 -0.0156
1341840947.274891 0.002123 -0.006256 0.0005787 -0.006294 -0.001129 -0.009496
1341840947.312947 0.01343 0.0001407 0.0002933 0.002597 -0.01215 -0.01102
1341840947.374787 0.02841 0.01076 0.001753 -0.0002146 -0.01347 -0.02459
1341840947.449600 0.01765 -0.01275 0.001818 -0.01845 -0.008458 -0.001148
1341840947.482264 0.004812 -0.0008556 -0.002408 0.003938 -0.0001692 -0.002125
1341840947.517836 -3e-05 0.0145 -0.002454 0.01617 0.002915 -0.00252
1341840947.549869 0.009838 0.01142 0.000678 0.003073 -0.007093 -0.0001806
1341840947.585509 0.01583 -0.01101 0.001311 -0.01507 -0.009548 -0.003319
1341840947.619431 0.003215 -0.007887 -0.002847 -0.003595 0.002511 -0.002573
1341840947.685490 0.01927 0.00909 0.0006798 0.006615 -0.01509 -0.003069
1341840947.746752 0.0159 -0.008791 -0.001905 -0.001549 -0.002754 -0.01973
1341840947.778451 0.00607 0.005513 -0.0003402 0.005188 -0.005124 0.0003082
1341840947.810332 0.02046 0.001201 0.001697 -0.003339 -0.01409 0.001232
1341840947.846666 0.0102 -0.01074 -0.001563 -0.008899 -0.001329 -0.005299
1341840947.878489 0.0009763 0.002098 -0.00127 0.005447 0.001674 -0.002109
1341840947.914485 0.01716 0.008786 0.0005708 0.004788 -0.01323 -0.00303
1341840947.953534 0.02057 -0.006409 -0.0001662 -0.009948 -0.01053 -0.01225
1341840947.985481 0.001999 -0.008846 -0.002793 -0.0063 0.005626 -0.01086
1341840948.021597 0.003758 0.00259 -6.464e-05 0.004243 -0.0006447 -0.006762
1341840948.053637 0.01863 0.005168 0.001536 0.001286 -0.0129 -0.005805
1341840948.085581 0.01905 -0.008703 -0.0003792 -0.01095 -0.008553 -0.01393
1341840948.121555 -0.006723 -0.008974 -0.001166 -0.00441 0.008718 -0.009974
1341840948.153859 0.01101 0.0059 0.003278 0.006853 -0.01014 0.001282
1341840948.189477 0.02194 -0.006857 -0.005806 -0.007729 -0.01489 -0.00222
1341840948.221448 0.01034 -0.005936 0.007167 0.001227 -0.002884 -0.01104
1341840948.253405 0.01197 0.02224 -0.01041 0.02042 -0.007656 -0.0148
1341840948.289470 0.01706 0.01426 0.01082 0.01156 -0.007393 -0.008716
1341840948.321548 0.01011 -0.01844 -0.02014 -0.01966 -0.004023 -0.005301
1341840948.353449 0.005874 -0.004297 0.007977 -0.004866 0.001668 0.003477
1341840948.389651 0.016 -0.005994 -0.01218 -0.006216 -0.008464 0.005437
1341840948.421840 0.007302 0.008739 0.0144 0.007181 0.001323 -0.0022
1341840948.453377 -0.0004384 0.003641 -0.01191 0.002979 0.003109 -0.01171
1341840948.489453 0.01018 0.007926 0.005565 0.01005 -0.005373 -0.007672
1341840948.521554 0.01667 -0.007331 -0.013 -0.009762 -0.008114 -0.003862
1341840948.557441 0.003833 -0.006732 0.009184 -0.004328 0.003671 -0.003705
1341840948.589482 0.003221 0.002978 -0.006478 0.004698 -0.0002217 -0.00157
1341840948.621403 0.01474 0.007103 0.006803 0.005844 -0.006953 -0.003691
1341840948.657378 0.003925 -0.009015 -0.01473 -0.00802 0.001208 -0.004995
1341840948.689480 0.002388 0.007635 0.00758 0.007598 0.003016 0.002017
1341840948.721607 0.01345 -0.003892 -0.008581 -0.005414 -0.006014 0.005099
1341840948.757356 0.008247 0.0008255 0.009089 0.002905 0.0009886 0.002017
1341840948.789470 0.004191 0.005365 -0.003816 0.005886 -1.703e-05 -0.000884
1341840948.821701 0.01127 0.00417 0.005684 0.001774 -0.005553 -0.0008543
1341840948.857369 0.009066 -0.007965 -0.009429 -0.007285 -0.002486 0.001197
1341840948.889509 0.008384 0.004739 0.008131 0.00616 -1.17e-06 0.0003557
1341840948.925500 0.002561 0.003007 0.0008676 0.003733 0.001472 0.002928
1341840948.957626 0.01187 -0.001225 0.0009481 0.0003948 -0.007389 0.002961
1341840948.989436 0.01167 0.0001276 0.0004303 0.003184 -0.003089 0.0001589
1341840949.025485 -0.0002908 0.0001651 0.0003408 0.004513 0.00394 0.003146
1341840949.057356 0.01081 0.003611 -0.0004047 0.006919 -0.007802 0.00604
1341840949.089385 0.01684 0.002066 0.0009081 0.003042 -0.008786 0.0002164
1341840949.125385 0.0002317 0.002321 0.001333 0.005306 0.005062 -0.002085
1341840949.157459 0.004376 0.008699 -0.0002934 0.009514 -0.001637 0.002716
1341840949.193533 0.01809 0.0008465 0.001301 -0.001197 -0.01146 0.002491
1341840949.225338 0.007403 0.000811 0.001467 0.001215 -0.0002301 -0.001944
1341840949.257516 0.004877 0.009476 0.001559 0.008334 0.0007599 -0.002555
1341840949.293599 0.01554 0.0007889 0.002048 -0.001124 -0.008533 -0.004551
1341840949.325416 0.006431 0.0005208 0.001254 0.0006502 0.001122 -0.008252
1341840949.357423 0.004257 0.007955 0.003549 0.006164 0.002546 -0.009952
1341840949.393379 0.01166 0.004599 0.004762 -0.001942 -0.005368 -0.005559
1341840949.425390 0.01303 -0.01212 0.002443 -0.01352 -0.005588 -0.007614
1341840949.457560 -0.0003158 -0.00286 0.003161 0.0009328 0.003565 -0.009927
1341840949.493413 0.004775 0.01155 0.002103 0.01396 -0.003855 -0.008687
1341840949.525492 0.01705 0.008232 0.004581 0.002064 -0.01078 -0.006058
1341840949.561528 0.004337 -0.01378 0.003474 -0.01349 -0.0002952 -0.003195
1341840949.593593 0.008755 -0.003264 0.002329 0.002262 -0.006731 -0.002136
1341840949.625514 0.01653 0.01127 0.002218 0.0116 -0.009156 -0.006843
1341840949.661565 0.001598 0.006079 0.004068 0.0002455 0.003544 -0.003059
1341840949.693560 0.005365 -0.00415 0.004875 -0.01202 -0.003203 0.006011
1341840949.725428 0.01316 -0.01153 0.002184 -0.01157 -0.007672 0.002544
1341840949.761491 0.00189 0.006157 0.003177 0.009059 0.0025 -0.004154
1341840949.793461 0.001612 0.01631 0.002655 0.01335 0.000151 -0.001211
1341840949.829560 0.01227 0.001496 0.00374 -0.007691 -0.008089 0.003032
1341840949.861482 0.004158 -0.02159 -0.002506 -0.01951 9.841e-05 0.0004316
1341840949.893620 -0.002148 0.01002 0.001916 0.01225 0.004395 0.0001308
1341840949.929688 0.008628 0.01499 0.0008506 0.01008 -0.006923 0.0008868
1341840949.961513 0.01609 -0.01081 0.001953 -0.0144 -0.008978 -0.004702
1341840949.993777 0.002197 -0.006243 0.001349 -0.003639 0.002301 -0.000214
1341840950.029500 0.01107 0.006154 0.002328 0.005859 -0.005405 0.004256
1341840950.062017 0.01404 -0.001972 0.001295 -0.002774 -0.005841 -0.001016
1341840950.099072 0.003933 -0.001797 0.001309 -0.0004865 0.002612 -0.004814
1341840950.134012 0.008449 0.003019 0.002513 0.002153 -0.001204 -0.00223
1341840950.161975 0.01012 -0.004585 0.0009752 -0.005114 -0.002623 0.000677
1341840950.197678 -0.0005794 0.0005364 -0.0008118 0.001499 0.003742 -0.001963
1341840950.232635 0.002228 0.008756 0.0004629 0.008721 0.002688 -0.004841
1341840950.265845 0.006722 4.861e-05 -0.001718 -0.001065 -0.0001248 -0.001892
1341840950.297577 -0.0002371 -0.01086 -0.003347 -0.01091 0.003677 0.0005881
1341840950.329772 -0.004896 -0.01259 -0.003252 -0.01043 0.006414 -0.003609
1341840950.368155 -0.0003544 0.005138 0.0005801 0.006211 0.003764 -0.007584
1341840950.399591 -0.0001065 0.009038 0.0005886 0.008483 0.004369 -0.009283
1341840950.433657 0.004079 -0.001646 0.003631 -0.002307 0.0007458 -0.004623
1341840950.494487 0.0003625 0.01858 -0.001295 0.01817 0.001841 0.003568
1341840950.526805 0.01018 0.01376 0.003266 0.01015 -0.004247 -0.005178
1341840950.558630 0.006525 -0.01046 0.001278 -0.01177 -0.001451 -0.01031
1341840950.594338 -0.002173 -0.00148 0.0004944 0.0003192 0.002802 -0.0005257
1341840950.626781 0.00498 0.02276 0.00409 0.02454 -0.00437 0.007735
1341840950.662537 0.01572 0.01225 0.0001515 0.01341 -0.009658 -0.001963
1341840950.694301 0.01093 0.001683 0.002749 -0.000845 -0.003932 -0.00749
1341840950.726296 0.005026 -0.008034 0.002585 -0.006259 -0.00173 -0.005304
1341840950.762390 0.01467 -0.002057 -0.001858 0.0009441 -0.005923 0.0007951
1341840950.826491 -0.007796 0.004861 0.008566 0.008165 0.005647 -0.001038
1341840950.862324 0.01297 0.005187 -0.0011 0.004578 -0.005318 -0.001315
1341840950.894475 0.009993 -0.002603 0.002584 -0.003116 -0.002757 -0.00567
1341840950.930309 0.008035 -0.003122 0.0005931 -0.0008212 -0.002491 -0.00715
1341840950.962440 0.0118 0.003171 -0.006037 0.002582 -0.003095 -0.004912
1341840950.994351 0.004516 0.0003433 -0.003172 -0.002281 0.003586 -0.001744
1341840951.032001 0.00734 -0.003102 0.0002742 -0.003566 4.651e-06 0.002818
1341840951.062607 0.01316 0.0009359 -0.0004114 0.0004401 -0.005135 0.004568
1341840951.094401 0.01152 -0.0007656 -0.00206 -0.00186 -0.003429 -0.002792
1341840951.130514 -0.0005386 -0.0005284 0.002611 -0.0002804 0.005406 -0.007203
1341840951.162426 0.003477 0.003051 0.0008978 0.003364 -0.002453 -0.004482
1341840951.198352 -0.01622 -0.1492 0.1988 -0.1104 0.02226 -0.03351
1341840951.230473 -0.007091 -0.1067 0.1639 -0.07841 0.01505 -0.02405
1341840951.262379 0.00313 0.002803 -0.0005939 0.002925 0.0002637 -0.006463
1341840951.298342 0.01299 0.002884 -0.002734 0.001537 -0.009537 -0.006889
1341840951.330629 0.01531 -0.002842 -0.004754 -0.002507 -0.00576 -0.01551
1341840951.366340 -0.007917 0.004876 0.00295 0.005719 0.007952 -0.008723
1341840951.398301 0.008982 0.003043 0.002136 0.005324 -0.01146 -0.006709
1341840951.430381 0.01963 0.003712 0.001496 0.007447 -0.01382 -0.01568
1341840951.466431 0.00633 0.0104 0.007091 0.01041 -0.003773 -0.0165
1341840951.498379 0.006692 7.054e-05 0.00178 0.001602 -0.007831 -0.01233
1341840951.530573 0.01206 0.002571 0.001226 0.003478 -0.009864 -0.008559
1341840951.566427 0.007359 0.001133 0.004201 0.001751 -0.006837 -0.01502
1341840951.598424 0.003131 -0.003873 0.00546 0.003151 -0.006661 -0.01682
1341840951.634435 0.01094 0.008275 0.004677 0.0149 -0.01174 -0.01148
1341840951.666360 -0.007802 0.01808 -0.003626 0.01932 0.002301 -0.01799
1341840951.698437 0.01421 0.001933 0.002194 0.002053 -0.01077 -0.007024
1341840951.734328 0.008143 0.003732 -0.0004171 0.001777 -0.006004 -0.008352
1341840951.766425 0.01134 -0.001675 0.002962 -0.001684 -0.006368 -0.00653
1341840951.798383 0.0009861 0.000238 0.002716 0.002184 -0.002146 -0.005686
1341840951.834335 0.01065 0.0004356 0.001396 0.004469 -0.01038 -0.0038
1341840951.866348 -0.006908 0.02031 -0.0046 0.01829 0.004096 -0.01266
1341840951.902323 0.004773 0.003001 0.001088 0.003151 -0.001246 -0.008398
1341840951.934334 0.003145 0.002012 0.0004051 0.0008754 -0.003552 -0.003
1341840951.966373 0.01163 0.001666 0.00114 0.0008566 -0.00836 -0.002136
1341840952.002307 0.006726 0.002183 0.002406 0.002908 -0.003499 -0.006942
1341840952.034369 0.004005 0.0005061 0.0006693 0.003076 -0.00435 -0.008966
1341840952.066620 0.0111 0.006794 -0.001382 0.004649 -0.01036 -0.007015
1341840952.134380 0.01478 -0.001363 0.003192 -0.005248 -0.004322 -0.01528
1341840952.170325 0.007536 0.004354 -0.0009632 0.004319 -0.008965 0.001896
1341840952.203348 0.01983 0.00865 -0.0006738 0.003001 -0.01318 -0.003883
1341840952.234635 0.003937 -0.001151 0.001624 -0.003485 -0.0003394 -0.01182
1341840952.271137 0.006805 0.001341 -0.0001407 0.0009667 -0.00626 -0.00794
1341840952.302686 0.02474 0.009457 0.0007177 0.004998 -0.01429 -0.008478
1341840952.338387 0.009276 0.002743 0.0004371 -0.001856 0.000449 -0.008165
1341840952.370456 0.004546 0.003511 -0.001282 -0.002755 -0.00125 -0.004052
1341840952.402413 0.0151 0.0103 0.006265 0.001974 -0.007551 -0.01297
1341840952.438349 0.004399 -0.0004324 0.006494 -0.002888 0.003385 -0.01562
1341840952.471842 0.002531 0.002127 0.002512 0.00336 -0.002712 -0.01218
1341840952.502575 0.02282 0.006059 0.0034 0.006525 -0.01446 -0.01396
1341840952.538542 0.008026 0.004636 0.003537 0.004437 -0.002881 -0.01083
1341840952.570339 0.007157 0.002152 0.003617 0.001685 -0.006628 -0.01156
1341840952.609393 0.01454 0.001155 0.005222 0.002889 -0.01172 -0.01387
1341840952.670464 0.02055 0.0224 0.01088 0.02375 -0.0123 -0.01441
1341840952.706381 0.008678 0.01204 -0.0029 0.004289 -0.009018 -0.01071
1341840952.738332 0.01182 0.001212 0.006407 -0.004247 -0.007252 -0.01673
1341840952.770459 0.004705 -0.005031 0.003399 -0.001159 -0.001389 -0.0087
1341840952.806571 0.01211 0.008446 -0.003079 0.00999 -0.01054 -0.003909
1341840952.838340 0.01413 0.01197 -0.0004714 0.005357 -0.008916 -0.01068
1341840952.874291 0.0009472 0.0002042 0.003906 -0.005888 0.002984 -0.01475
1341840952.906334 0.002214 -0.003146 0.001093 -0.005015 0.0003246 -0.00685
1341840952.938824 0.0165 0.0006755 0.00444 0.002024 -0.009879 -0.003969
1341840952.974348 0.003422 0.00573 -0.002339 0.004255 0.001363 -0.004469
1341840953.006424 -0.001216 0.001004 -0.004755 -0.003514 -0.001597 -0.007548
1341840953.038428 0.01174 0.001387 0.001632 -0.0006102 -0.01091 -0.0077
1341840953.074378 0.01458 0.003829 0.002908 0.003319 -0.006767 -0.01252
1341840953.106432 -0.003704 0.002549 -0.004748 0.0008985 0.003889 -0.009649
1341840953.142495 0.005495 0.005227 -0.004475 -8.645e-05 -0.007443 -0.005558
1341840953.174445 0.01261 0.004496 0.001527 -0.000948 -0.008351 -0.01165
1341840953.206463 0.0002296 -0.003027 -0.003463 -0.005744 0.002958 -0.0129
1341840953.242499 0.0006876 0.002116 -0.006857 -0.001708 -0.003163 -0.006403
1341840953.274518 0.01256 0.005413 -0.002682 -0.00124 -0.01047 -0.00875
1341840953.307477 0.005134 -0.001283 -0.0005418 -0.006654 -0.001256 -0.01558
1341840953.342551 0.002442 -0.003148 -0.003743 -0.004449 -0.002389 -0.009738
1341840953.374341 0.01279 0.003303 -0.004013 0.001186 -0.01052 -0.007994
1341840953.410465 0.0133 0.00532 0.0004247 0.0006295 -0.007105 -0.01689
1341840953.442575 0.0001143 -0.004703 -0.0006254 -0.004703 0.002532 -0.0144
1341840953.474450 0.006301 0.001204 -0.005411 0.002642 -0.008 -0.002215
1341840953.510551 0.01955 0.01012 -0.001166 0.004948 -0.01439 -0.008626
1341840953.542507 -0.002565 -0.0009654 0.004749 -0.004607 0.006598 -0.01511
1341840953.578361 0.002143 -0.003359 -0.003688 -0.002026 0.0002325 -0.007664
1341840953.610286 0.0173 0.005823 -0.001775 0.004833 -0.01219 -0.01298
1341840953.642589 0.01074 0.006878 0.000981 0.003634 -0.003981 -0.01745
1341840953.678540 -0.0003126 0.006791 0.0003824 0.0003809 0.0008545 -0.01076
1341840953.710384 0.002883 0.0005701 -0.001074 -0.007168 -0.004667 -0.00665
1341840953.742528 0.01075 -0.005948 3.653e-06 -0.009447 -0.008385 -0.01248
1341840953.778515 0.005575 -0.004737 -0.001397 -0.002407 -0.00472 -0.01388
1341840953.846574 0.02923 0.007298 -0.006288 0.01196 -0.02752 -0.02575
1341840953.878452 0.008416 0.006967 0.0005577 0.002954 -0.00418 -0.01168
1341840953.910489 0.00503 0.001758 -0.0008801 -0.00206 -0.003743 -0.004761
1341840953.946512 0.01241 0.001718 0.0004172 -0.001499 -0.008039 -0.0019
1341840953.978381 0.007149 0.001704 0.0008662 -0.0008728 -0.001761 -0.002303
1341840954.010435 0.004741 0.0007995 -0.0001863 -0.001304 -0.002459 -0.00205
1341840954.046462 0.009492 6.875e-05 -1.727e-05 -0.001356 -0.006604 -0.002888
1341840954.078424 0.01142 0.001141 0.001781 6.306e-05 -0.005137 -0.0045
1341840954.114436 0.006572 -0.0005714 0.001487 0.0005647 -0.0004048 -0.005475
1341840954.146445 0.005757 0.003735 0.0002133 0.003061 -0.001671 -0.00521
1341840954.178471 0.01056 0.005166 0.003092 0.0006021 -0.004291 -0.008344
1341840954.214463 0.002708 0.0007474 0.004415 -0.002286 0.003589 -0.004867
1341840954.246742 -0.001463 0.004619 0.002924 -0.001243 0.00499 -0.002612
1341840954.278466 0.001055 -0.001148 0.002939 -0.007581 0.00141 -0.009508
1341840954.314476 0.005733 -0.009414 8.964e-05 -0.007583 -0.003366 -0.006441
1341840954.346540 0.01255 -0.003091 -0.00118 0.003835 -0.006288 -0.002747
1341840954.382616 0.0004449 0.013 -0.0001316 0.0119 0.002645 0.004233
1341840954.414574 0.0002365 0.008198 -0.0007846 -0.001765 -0.002233 0.005796
1341840954.447048 0.01163 -0.006947 0.003478 -0.01511 -0.008162 -0.009259
1341840954.482599 -0.004037 -0.006398 0.007233 -0.006561 0.007696 -0.009889
1341840954.550393 0.008896 0.01484 -0.00497 0.007254 -0.006189 -0.01588
1341840954.582807 0.008405 0.006201 0.01067 -0.008944 -0.00338 -0.0257
1341840954.616033 -0.001234 -0.01084 0.002746 -0.01413 0.004378 -0.02213
1341840954.650776 0.0134 -0.007891 -0.002107 -0.003206 -0.008946 -0.02069
1341840954.682430 0.01876 0.002164 -0.0009538 0.005365 -0.008688 -0.01391
1341840954.714408 0.004892 0.01097 0.0001737 0.003305 0.0005286 0.001099
1341840954.750528 0.001721 -0.001721 -0.001759 -0.01468 -0.001574 0.01347
1341840954.782419 0.01745 -0.01459 0.003654 -0.01999 -0.009382 0.01619
1341840954.818478 0.007833 -0.009342 0.0001364 -0.003617 -0.0002432 0.01097
1341840954.850343 0.007773 0.000215 -0.01392 0.006339 -0.006815 0.009732
1341840954.882433 0.02509 0.004713 -0.003533 0.0001564 -0.01798 -0.009462
1341840954.918411 0.008954 -0.008233 0.002859 -0.00568 -0.0007378 -0.01736
1341840954.950641 -0.003576 -0.0133 -0.01695 0.004131 0.003187 -0.001539
1341840954.982821 0.01618 0.01216 -0.01037 0.01675 -0.009108 0.005542
1341840955.018414 -0.02731 0.06983 0.2446 0.02534 0.01511 0.0002152
1341840955.050473 0.003165 -0.00193 0.002922 -0.01164 0.0003297 0.005302
1341840955.086380 0.01187 -0.01219 -8.075e-05 -0.00906 -0.00698 -0.001718
1341840955.118509 0.01108 -0.001353 -0.003132 0.009676 -0.003817 -0.005722
1341840955.150379 0.008546 0.01354 -0.002651 0.01931 -0.002539 -0.01126
1341840955.186381 0.0126 0.005242 0.0001054 0.00637 -0.00526 -0.02084
1341840955.218329 0.001886 -0.006592 -0.003856 0.0008007 7.697e-05 -0.005639
1341840955.250485 0.01906 0.00578 -0.002914 0.00884 -0.01152 0.00017
1341840955.287165 0.00978 0.008517 0.007148 0.003908 0.0001491 -0.005451
1341840955.318677 -4.889e-05 -0.0059 -0.0006835 -0.00345 0.003126 -0.00245
1341840955.354421 0.0184 0.004349 -0.000703 0.005078 -0.01011 0.0006961
1341840955.386730 0.005146 0.01668 0.01069 0.006689 0.00374 0.000811
1341840955.418648 0.001453 0.0003687 0.00359 -0.007961 0.00074 -0.004084
1341840955.454347 0.01563 0.0005765 0.004314 -0.00347 -0.006571 -0.003616
1341840955.486415 0.006015 0.007456 0.01376 0.003726 0.004173 -0.001241
1341840955.518388 0.004082 0.002406 0.00202 0.005023 0.00229 -0.001232
1341840955.554406 0.01548 0.009108 0.001256 0.00719 -0.007597 -0.005353
1341840955.586440 0.01493 0.01504 0.01342 0.005182 -0.002225 -0.007089
1341840955.622458 0.0005761 0.00676 0.008963 -0.0006151 0.008125 0.006226
1341840955.654499 0.009489 0.009393 0.00369 -0.0006391 -0.002722 0.0036
1341840955.686563 0.01121 0.002925 0.009615 -0.005071 -0.001255 -0.006972
1341840955.722494 0.0006652 -0.005846 -0.002011 -0.002723 0.003818 -0.0001124
1341840955.754342 0.01618 0.002608 -0.003968 0.00527 -0.01158 -0.003781
1341840955.790316 0.02008 0.008358 0.01026 0.007988 -0.004895 -0.02206
1341840955.822325 0.001779 0.007871 0.004808 0.009009 0.007359 -0.0199
1341840955.854440 0.01518 0.01136 0.004819 0.00661 -0.00389 -0.01162
1341840955.890470 0.007584 0.009946 0.009152 -0.0002947 0.003962 -0.002933
1341840955.922399 -0.005508 -0.003867 -0.00134 -0.00803 0.003604 0.003312
1341840955.954367 0.01895 -0.006943 -0.002536 -0.003246 -0.01753 0.003685
1341840955.990543 0.0112 -0.004213 -0.002288 0.003772 -0.003989 0.002764
1341840956.022386 0.003384 -0.002308 -0.005429 0.005902 -0.006052 0.0003142
1341840956.058479 0.01529 -0.001487 -0.003555 0.004591 -0.0135 -0.001449
1341840956.090630 0.01449 -0.004397 -9.44e-05 0.002185 -0.004322 0.003981
1341840956.122550 -0.003455 0.0005731 -0.001887 0.006507 0.005606 0.01349
1341840956.158437 0.008445 -0.001486 -0.003102 0.001969 -0.0115 0.00645
1341840956.190653 0.01002 -0.007122 -0.003095 0.001507 -0.004843 0.009318
1341840956.222568 -0.004779 0.01057 -0.005079 0.008426 0.001371 0.01574
1341840956.258584 0.007142 -0.0008698 -0.002743 -0.008501 -0.009721 0.001539
1341840956.290507 0.007218 -0.01236 0.0004751 -0.006701 -0.002898 0.003848
1341840956.326462 0.002739 0.002587 -0.005578 0.0129 -0.0009167 0.01124
1341840956.358343 0.009071 0.007924 -0.002609 0.007296 -0.007661 0.001941
1341840956.390406 0.01111 -0.004343 0.002262 -0.00379 -0.003112 -0.006511
1341840956.426434 0.005945 -0.004169 -0.001074 0.005378 7.841e-05 -0.0005775
1341840956.458529 0.01225 0.00899 -0.003284 0.01094 -0.006739 -0.002415
1341840956.490474 0.009522 0.005726 0.002442 -0.0005923 -0.001686 -0.004939
1341840956.526524 0.005525 -0.006425 0.0005242 -0.006402 0.001928 0.002082
1341840956.558545 0.007555 0.001132 -0.001925 0.003194 -0.001334 0.01292
1341840956.594366 0.01024 0.002067 0.0002504 0.0009721 -0.003865 0.005591
1341840956.626432 0.01013 -0.006722 0.001076 -0.001258 -0.001298 -0.003019
1341840956.658485 0.008666 0.0003012 -0.002479 0.009788 -0.002489 0.006792
1341840956.694986 0.01466 0.01142 -1.105e-05 0.009596 -0.007441 0.01235
1341840956.726948 0.01969 0.007124 0.00739 -0.001605 -0.006228 0.0067
1341840956.762542 0.007847 -0.005496 0.002525 -0.005238 0.002 0.007568
1341840956.794333 0.01496 0.001165 -0.00075 0.004496 -0.004807 0.007019
1341840956.826604 0.02142 0.003689 0.006654 0.005521 -0.0124 -0.03164
1341840956.862370 0.003779 0.005543 0.00702 0.01356 0.002797 -0.02794
1341840956.894446 0.002091 0.01268 -0.0003662 0.01766 -0.00213 0.005607
1341840956.926487 0.0228 0.01534 0.006615 0.006909 -0.01598 -0.003268
1341840956.962463 0.01947 -0.0083 0.00285 -0.00692 -0.009176 -0.01009
1341840956.994446 -0.02015 -0.001725 -0.00458 0.006067 0.01522 0.02068
1341840957.030547 0.01376 0.01477 -0.0006291 0.004539 -0.0175 -0.006534
1341840957.062526 0.04687 0.004053 -0.0003139 -0.01191 -0.03586 -0.0291
1341840957.094372 0.0005272 -0.01057 0.003094 -0.01505 0.003583 -0.0046
1341840957.130419 0.01167 -0.001211 0.002357 0.003809 -0.01469 -0.005949
1341840957.162672 0.024 0.005631 0.001549 0.008731 -0.009228 -0.01468
1341840957.194449 0.01015 0.009428 0.002744 0.007902 -0.001119 -0.01381
1341840957.230563 0.004023 0.003452 0.002975 -0.0008642 -0.001455 0.009788
1341840957.263049 0.024 0.007939 0.002449 0.001381 -0.01212 0.005736
1341840957.298557 0.01951 0.002737 0.003758 -0.002437 -0.006666 -0.01465
1341840957.337521 0.001472 -0.007908 -0.0001722 -0.002508 0.004211 -0.01561
1341840957.369775 0.01075 -0.0004966 -0.002358 0.008464 -0.004028 -0.00587
1341840957.437518 0.00289 0.02442 0.005263 0.009671 0.003012 0.01215
1341840957.499889 0.01632 -0.00261 0.00273 -0.003597 -0.007992 0.0208
1341840957.532534 0.01167 0.006478 0.001241 0.004044 -0.004186 -0.0012
1341840957.568313 0.008282 0.004624 0.001508 0.00216 0.001852 -0.005582
1341840957.630944 0.006336 -0.000236 0.007659 -0.007721 0.002548 0.0007072
1341840957.666747 -0.001766 0.002668 -0.0001454 0.007173 0.003929 0.01894
1341840957.730477 0.01935 0.001587 0.006236 -0.001577 -0.01028 0.01597
1341840957.766475 -0.00416 0.00156 0.00252 0.003461 0.00104 0.004167
1341840957.798429 0.01248 0.004046 0.002007 0.00354 -0.01434 -0.001996
1341840957.834453 0.02024 0.01013 0.003306 0.001773 -0.00958 -0.008844
1341840957.866409 0.003502 -0.002878 0.006774 -0.007206 0.001886 -0.002663
1341840957.898394 0.01369 -0.00307 0.002178 4.95e-05 -0.005872 0.001453
1341840957.934451 0.03175 0.004221 -0.002776 0.002285 -0.01399 -0.01729
1341840957.966548 0.01716 -0.003383 0.0006193 -0.002602 -0.00533 -0.02661
1341840958.002519 0.004618 0.013 0.00697 0.00671 -0.0004881 -0.01571
1341840958.034354 0.02007 0.0004378 0.007018 -0.006853 -0.009661 -0.01023
1341840958.066435 0.007989 -0.007745 -0.001174 -0.004013 0.002552 0.00725
1341840958.102641 0.006021 0.01238 0.004232 0.004098 -0.007989 -0.007685
1341840958.134375 0.02986 -0.008876 0.004675 -0.01194 -0.0162 -0.04592
1341840958.166419 -0.003333 -0.005596 0.00809 0.005525 0.008704 -0.02816
1341840958.234681 -0.01019 0.0224 0.004156 0.04099 0.01009 -0.01589
1341840958.270777 0.02255 0.01849 0.001149 0.007601 -0.009176 -0.01175
1341840958.302453 -0.001215 0.006754 0.006935 -0.01021 0.001881 -0.01174
1341840958.334523 -0.004245 -0.01467 0.007788 -0.01803 -0.002417 -0.01146
1341840958.370457 0.00649 -0.0173 0.0002957 -0.002044 -0.006573 -0.008076
1341840958.402899 0.007522 0.004245 -0.0009969 0.01624 -0.001149 -0.006067
1341840958.434577 -0.007915 0.002521 0.002078 0.008 0.00406 0.00304
1341840958.470572 0.00463 -0.004164 0.003503 0.002232 -0.01151 0.01116
1341840958.502575 0.02555 0.002347 -0.001008 0.004724 -0.01362 0.009251
1341840958.538315 -0.003281 0.001955 0.004451 -0.001107 0.009269 0.003316
1341840958.570481 -0.01384 -0.008558 0.007369 -0.006049 0.001848 0.00733
1341840958.602475 0.01833 -0.002648 -0.0009594 0.002386 -0.01575 0.007332
1341840958.638490 0.02027 -0.005634 -0.0006511 -0.001089 -0.004141 0.00244
1341840958.670356 -0.006178 -0.007508 0.002904 0.002223 0.009448 0.00766
1341840958.702519 0.005184 0.01573 0.0005917 0.01324 -0.006662 0.01103
1341840958.738472 0.02339 0.009389 0.003557 -0.002601 -0.0138 -0.008827
1341840958.770512 0.02448 -0.02171 -0.002941 -0.01557 -0.008062 -0.01436
1341840958.806451 -0.004757 -0.0002799 0.001766 0.009141 0.006269 0.003268
1341840958.838440 0.01773 0.006269 -0.002714 0.006126 -0.01235 0.002977
1341840958.870362 0.02043 0.001628 -0.0008695 -0.002581 -0.003381 0.00226
1341840958.906297 0.0008619 -0.0001774 0.004696 -0.002964 0.003033 -0.001895
1341840958.938509 0.003949 -0.007444 0.005118 -0.002551 -0.005639 0.001476
1341840958.974335 0.01648 0.003497 0.001637 0.007995 -0.01306 0.001748
1341840959.006315 0.01959 0.001283 0.00171 0.002908 -0.008493 -0.01214
1341840959.038448 0.00131 -0.006789 0.005055 0.0006312 0.003854 -0.01088
1341840959.074357 0.001326 -0.005518 0.005221 0.006815 -0.003219 -0.001224
1341840959.106586 0.01144 0.003687 0.003587 0.01213 -0.01109 -0.007247
1341840959.138687 0.02466 0.0003865 -0.006454 0.003295 -0.01198 -0.01506
1341840959.174290 0.004177 0.007244 0.001706 0.001902 0.005433 -0.0101
1341840959.206548 0.0001244 0.002865 0.01005 -0.003479 -0.004618 -0.008494
1341840959.242496 0.01771 -0.0129 0.004894 -0.006796 -0.01489 -0.01527
1341840959.274548 0.01739 -0.0126 -0.000526 0.00148 -0.002821 -0.01572
1341840959.306798 0.004564 0.007144 0.005001 0.01268 0.001026 -0.002615
1341840959.342667 0.01368 0.01132 -0.0003355 0.00627 -0.009766 0.003121
1341840959.374758 0.0195 0.002465 0.002214 -0.007523 -0.0102 -0.001515
1341840959.415585 0.008615 -0.01221 0.009039 -0.007863 0.0009397 -0.01311
1341840959.446357 -0.003153 -0.001702 0.009318 0.009589 -0.0007207 -0.01325
1341840959.481679 0.01813 -0.004825 0.0005763 0.0042 -0.01539 -0.01285
1341840959.513973 0.01297 -0.009579 -0.00834 -0.001749 0.001649 -0.01291
1341840959.545780 0.002018 0.003417 0.0005806 0.004021 0.008392 -0.003819
1341840959.613699 0.01651 -0.01193 0.01061 -0.0129 -0.003946 0.00645
1341840959.649537 0.004346 -0.009264 0.005985 0.002399 0.005216 -0.003933
1341840959.681398 0.007943 0.00325 0.002971 0.011 -0.004152 -0.006543
1341840959.713442 0.01356 0.002641 0.001567 0.003517 -0.007523 -0.008195
1341840959.749392 0.006356 -0.008675 0.004981 -0.004585 0.0003664 -0.00865
1341840959.781547 0.009256 -0.007115 0.003336 0.00361 -0.0005358 -0.006437
1341840959.813311 0.009901 0.0105 -0.0006646 0.01181 -0.002323 -0.005555
1341840959.849488 0.003846 -0.001054 0.005605 -0.005137 -0.00198 -0.005608
1341840959.881649 0.006282 -0.01231 0.006883 -0.005638 -0.003618 -0.006947
1341840959.917476 0.01284 0.008435 0.001375 0.01273 -0.009342 -0.01157
1341840959.949422 0.007494 0.007227 0.002714 -0.0002797 -0.004943 -0.01319
1341840959.981492 -0.0001747 -0.01287 0.008081 -0.01159 -0.001577 -0.008006
1341840960.017484 0.01029 0.007164 0.001975 0.008741 -0.01269 -0.01176
1341840960.049583 0.01356 0.006533 0.001326 -0.001683 -0.01101 -0.01481
1341840960.085385 -0.001597 -0.006777 0.00654 -0.009613 0.0007256 -0.006777
1341840960.118348 0.007962 -0.004479 0.005937 -0.00152 -0.01103 -0.00923
1341840960.149294 0.01846 -0.002663 0.0004265 0.002491 -0.01217 -0.01846
1341840960.185392 -0.0006465 0.005646 0.004341 0.00736 0.00492 -0.01637
1341840960.217326 0.0003328 0.007398 0.00284 0.001376 -0.00807 -0.00773
1341840960.253366 0.02097 -0.002065 -0.001028 -0.009259 -0.01716 -0.006888
1341840960.285455 0.01677 -0.0009175 0.002116 -0.009639 -0.004443 -0.0158
1341840960.317469 -0.002385 -0.005932 0.005785 -0.009387 0.005144 -0.01368
1341840960.353458 0.003421 0.00423 0.005599 0.0002923 -0.007551 -0.006043
1341840960.385416 0.02111 -0.00217 0.0008267 -0.006223 -0.01501 -0.01105
1341840960.421454 0.002041 -0.009691 0.004193 -0.005992 0.005911 -0.01065
1341840960.453586 0.003774 0.008913 0.003982 0.00566 -0.004088 -0.002347
1341840960.485518 0.01355 0.008224 0.0008851 -0.003865 -0.01097 -0.003095
1341840960.521536 0.004889 -0.01464 0.006302 -0.01377 0.0007331 -0.004689
1341840960.553426 -0.008163 -0.01121 0.007615 0.001988 0.005446 -0.003718
1341840960.589580 0.005014 0.007138 0.002845 0.013 -0.008998 -0.003279
1341840960.621498 0.0133 -0.003564 0.002133 0.0001616 -0.009689 -0.007648
1341840960.654287 0.002887 -0.01175 0.003684 0.001864 0.003498 -0.008849
1341840960.689865 -0.004623 0.008986 0.001815 0.01373 -0.00255 -0.005114
1341840960.722189 0.01255 0.007616 -0.000801 0.001513 -0.01693 -0.003044
1341840960.757718 0.007517 -0.01172 0.003382 -0.007882 -0.001549 -0.004124
1341840960.792568 -0.01353 -0.00461 0.002461 0.006289 0.00874 -0.002031
1341840960.850481 0.03535 0.008091 0.003132 0.00442 -0.03385 -0.01315
1341840960.882499 -0.004465 -0.01015 0.002937 -0.002031 0.01062 -0.006759
1341840960.914361 0.002312 0.007095 -0.0001696 0.009768 -0.006501 -0.002427
1341840960.950649 0.02314 0.005968 0.001096 5.347e-05 -0.01769 -0.004319
1341840960.982475 0.01169 -0.007335 0.004355 -0.007616 -0.0002813 -0.00782
1341840961.019284 -0.004769 -0.007767 0.004919 0.002267 0.006849 -0.007223
1341840961.050434 0.01142 -0.001732 0.001453 0.007745 -0.0113 -0.01113
1341840961.082477 0.02791 0.004162 0.002281 0.004369 -0.01592 -0.01641
1341840961.118474 0.005334 -0.00348 0.004001 0.0001904 0.005019 -0.01379
1341840961.150386 -0.0007972 0.00259 0.001029 0.006125 -0.0004081 -0.007138
1341840961.186628 0.02258 0.005579 0.003153 0.001836 -0.01846 -0.008996
1341840961.218868 0.0223 -0.003259 0.005525 -0.005344 -0.007105 -0.01735
1341840961.250337 -0.01157 0.0009806 0.001621 7.628e-05 0.007276 -0.01193
1341840961.286494 0.01412 -0.002804 0.00564 -0.005229 -0.01844 -0.004444
1341840961.325951 0.01961 -0.006259 0.006845 -0.001803 -0.01291 -0.01139
1341840961.357566 0.01149 -0.001772 0.005047 0.005401 -0.005213 -0.02058
1341840961.389812 0.007857 -0.0004336 0.002995 0.005114 -0.004974 -0.01177
1341840961.425593 0.02069 0.007808 0.002353 0.003812 -0.01303 -0.004803
1341840961.457421 0.01788 -0.00158 0.003839 -0.007548 -0.005334 -0.007332
1341840961.493557 0.003125 -0.01182 0.005197 -0.008282 0.00303 -0.006227
1341840961.525623 0.004948 -0.004635 0.003072 0.005302 -0.003304 -0.005849
1341840961.586924 0.0453 0.002946 0.0009578 0.01047 -0.01719 -0.02047
1341840961.618405 -0.008141 0.005883 -0.001504 0.001507 0.008285 -0.0001907
1341840961.654379 0.01434 0.0001374 0.001186 -0.006897 -0.01241 0.0006144
1341840961.686489 0.01593 -0.006928 0.003137 -0.008661 -0.006005 -0.006699
1341840961.722531 0.0003969 -0.005554 0.001964 0.0005931 0.003251 -0.01315
1341840961.754353 0.002937 0.006118 -0.001441 0.01001 -0.005538 -0.0159
1341840961.786702 0.01752 0.005191 -0.0006355 0.002957 -0.01315 -0.01131
1341840961.822425 0.004581 0.003456 -0.0009877 -0.003509 -0.001957 -0.00347
1341840961.854438 0.004809 -0.002208 0.0007276 -0.007641 -0.005318 0.005038
1341840961.886421 0.002506 0.00571 -0.001712 -0.001391 -0.006545 -0.002925
1341840961.922460 0.01479 -0.003937 0.001722 -0.008776 -0.01464 -0.01797
1341840961.954471 0.007734 -0.0131 0.002793 -0.004189 -0.004089 -0.02021
1341840961.990511 -0.003566 0.008298 -0.003262 0.01307 -0.005526 -0.01685
1341840962.022486 0.01439 0.004145 -0.001508 0.0002955 -0.01828 -0.01014
1341840962.054525 0.01161 -0.004701 0.0001948 -0.006358 -0.009977 -0.0006104
1341840962.090500 0.006412 0.007224 -0.002542 0.0005164 -0.007156 0.001034
1341840962.122362 0.01674 -9.019e-05 -0.0001132 -0.008329 -0.01177 -0.001928
1341840962.154399 0.01234 -0.008363 0.0008272 -0.008366 -0.003208 -0.003184
1341840962.190506 0.001815 0.003503 -0.002373 0.005093 -0.0001094 -0.006662
1341840962.222501 0.01315 0.006821 -0.00269 0.003451 -0.01063 -0.01076
1341840962.258521 0.02067 -0.00451 -0.0001658 -0.004329 -0.009585 -0.01081
1341840962.290492 0.007921 0.001369 -0.00242 0.002799 0.0005927 -0.00808
1341840962.322414 0.002605 0.01075 -0.0009523 0.004359 -0.003568 -0.003257
1341840962.358435 0.01974 -0.001232 0.0005297 -0.00932 -0.01561 -0.005965
1341840962.390495 0.01349 -0.01545 0.0005308 -0.008755 -0.005068 -0.00883
1341840962.426540 0.0004549 0.004208 -0.0002633 0.01258 -0.002227 -0.006634
1341840962.458372 0.01813 0.008554 -0.002906 0.005523 -0.0187 -0.009319
1341840962.490453 0.02662 -0.007264 -0.001662 -0.009113 -0.01347 -0.0151
1341840962.526515 0.0002833 -0.007123 -0.0007617 -0.000734 0.005692 -0.008489
1341840962.558319 0.006827 0.01023 -0.0007436 0.008432 -0.009376 -0.003667
1341840962.590632 0.02312 -0.00633 0.0005676 -0.008474 -0.01626 -0.008044
1341840962.626591 0.006388 -0.01211 0.001962 -0.002861 -0.0006914 -0.006143
1341840962.658301 0.005229 0.01379 -0.001364 0.01541 -0.007996 -0.003425
1341840962.694499 0.0153 0.002637 0.002198 -0.003612 -0.0168 -0.005476
1341840962.726388 0.02125 -0.01025 0.001921 -0.01193 -0.01207 -0.008888
1341840962.758531 0.004466 -0.007099 0.001988 -0.0003464 0.00149 -0.006391
1341840962.794664 0.004528 0.01073 0.0005227 0.0109 -0.005231 -0.001325
1341840962.826570 0.01626 0.008752 8.999e-05 -0.001735 -0.01423 -0.003336
1341840962.858951 0.0137 -0.0055 0.003075 -0.01312 -0.006153 -0.007014
1341840962.899938 0.004091 -0.005379 0.002339 -0.00425 -0.00121 -0.0001272
1341840962.926687 0.01137 0.009946 -0.0004056 0.005056 -0.00874 0.004476
1341840962.962951 0.01447 0.005874 0.0007045 -0.007001 -0.007464 -0.0004805
1341840962.998477 0.01193 0.002005 0.0001023 -0.006245 -0.004761 0.002629
1341840963.030929 0.0108 -0.001659 0.001511 -0.004939 -0.00386 0.002908
1341840963.094911 0.01617 0.001282 0.002054 -0.002107 -0.006322 -0.004007
1341840963.162819 0.03174 -0.009159 -0.0002461 -0.004329 -0.01106 -0.01933
1341840963.194331 0.0008246 0.006412 0.0005294 0.00942 0.002444 8.508e-05
1341840963.230374 0.01778 0.00523 -0.0004306 0.0005202 -0.01165 -0.004333
1341840963.262625 0.01918 -0.01338 0.0007414 -0.01 -0.004089 -0.01201
1341840963.294380 0.003454 -0.0006121 6.697e-05 0.005601 0.004614 -0.002908
1341840963.330430 0.01391 0.01614 -0.0007728 0.008684 -0.007654 -0.001509
1341840963.362560 0.01603 -0.008557 0.006937 -0.01371 -0.005605 -0.01525
1341840963.398429 0.001818 -0.01601 0.002152 -0.007676 0.003622 -0.008418
1341840963.430475 0.003457 0.001156 0.003267 0.008551 -0.008584 0.003655
1341840963.462629 0.0522 1.945 -0.3002 1.356 -0.0009038 0.07954
1341840963.498484 0.03735 -0.1514 0.11 -0.08927 -0.01179 -0.06394
1341840963.530619 0.006582 0.005196 0.001832 0.009728 -0.002 -0.001412
1341840963.562523 0.01812 0.005458 0.002325 0.002469 -0.009511 -0.001451
1341840963.599193 0.0164 -0.005416 0.003896 -0.006169 -0.003512 -0.009142
1341840963.634862 0.001547 -0.007055 0.002822 -0.002046 0.002796 -0.006372
1341840963.698480 0.03283 0.003251 0.005098 0.004858 -0.02146 -0.009395
1341840963.731455 0.009618 -0.008936 0.002264 -0.003609 0.001384 -0.01332
1341840963.766411 0.006409 0.0007928 0.0007686 0.005298 -0.001538 -0.003385
1341840963.798470 0.0184 0.01009 0.0009177 0.003941 -0.00796 0.0003015
1341840963.830504 0.01801 -0.002497 0.004573 -0.00808 -0.00123 -0.003553
1341840963.866347 0.003051 -0.01116 0.001781 -0.005022 0.007061 0.00139
1341840963.898456 0.008085 0.005104 0.001501 0.006798 -0.002294 0.005735
1341840963.934711 0.01982 0.007839 0.001339 0.0009109 -0.008755 -0.000637
1341840963.966436 0.009782 -0.009723 0.005528 -0.0083 0.001976 -0.00399
1341840963.998503 0.005624 0.0007331 -0.0008844 0.003198 0.001649 0.006566
1341840964.034575 0.01022 0.006138 0.0009343 0.001356 -0.002832 0.01004
1341840964.066510 0.01642 -0.001191 0.002002 -0.005925 -0.006622 0.0006716
1341840964.098501 0.01205 -0.01465 0.004157 -0.006799 0.0001688 -0.0002558
1341840964.134562 0.003365 0.00946 -0.003524 0.01113 0.001164 0.005522
1341840964.166514 0.01585 0.007067 0.002452 -0.001024 -0.007801 4.741e-05
1341840964.202415 0.01787 -0.009596 -0.0002932 -0.008898 -0.003504 -0.006657
1341840964.234470 0.002877 -0.003228 0.001912 0.003639 0.003925 0.0002593
1341840964.266380 0.01533 0.005508 -0.001183 0.004456 -0.007162 0.0007395
1341840964.302473 0.0168 -0.002031 0.003 -0.001867 -0.00403 -0.003909
1341840964.334456 0.01073 -0.0004862 -0.001715 0.00119 0.0006685 -0.003841
1341840964.366457 0.009096 0.006412 0.0006588 0.0032 -0.0009688 -0.0001042
1341840964.402484 0.0187 0.005891 3.337e-06 -0.001653 -0.006818 -0.002686
1341840964.434350 0.01451 -0.009264 0.005389 -0.006637 -0.001006 -0.009556
1341840964.470586 0.00976 0.0009379 -0.002893 0.006232 0.001364 -0.009425
1341840964.502418 0.00656 0.01289 0.00281 0.006878 0.0003997 -0.003302
1341840964.535019 0.01086 0.00596 0.00237 -0.004801 -0.005442 0.002719
1341840964.570508 0.0122 -0.007893 0.005533 -0.01004 -0.005692 0.00211
1341840964.602683 0.01496 -0.004578 0.002132 -0.00119 -0.005619 -0.004341
1341840964.638387 0.009825 0.003571 0.001851 0.006483 -0.002526 -0.01188
1341840964.670552 0.01171 0.007984 0.001945 0.003105 -0.003443 -0.006386
1341840964.702593 0.007408 -0.000252 0.002899 -0.004065 -0.001956 0.002837
1341840964.738325 0.01322 -0.005535 0.003521 -0.00363 -0.006484 0.002025
1341840964.770429 0.01402 0.002179 0.001035 0.004478 -0.004681 -0.003272
1341840964.802789 0.009759 0.008343 0.001804 0.003119 -0.002504 -0.004562
1341840964.839146 0.01226 0.0006169 0.003107 -0.004208 -0.003706 0.0002561
1341840964.872064 0.007196 -0.004483 0.003086 -0.004028 -0.0007267 0.001225
1341840964.906390 0.01285 -0.002331 0.001362 0.001544 -0.005298 -0.0001542
1341840964.938468 0.009721 0.009058 0.0004216 0.005996 -0.0009234 0.00258
1341840964.970459 0.01238 0.005418 0.002807 -0.002485 -0.003841 0.003862
1341840965.006382 0.0168 -0.005035 0.003009 -0.006434 -0.002683 0.002581
1341840965.038369 0.00795 0.004489 0.0003936 0.00253 0.004017 0.004663
1341840965.070481 0.0102 0.006362 0.00179 -0.0008709 -0.00132 0.003269
1341840965.106409 0.01451 -0.003647 0.003092 -0.005361 -0.002735 -0.0008245
1341840965.138421 0.0127 0.0009651 -2.896e-05 0.001374 0.001515 0.0001995
1341840965.174347 0.009025 0.0109 0.0004732 0.003357 0.002436 0.002675
1341840965.206378 0.01248 0.003047 0.003912 -0.005197 -0.001672 0.001969
1341840965.238405 0.01662 -0.005323 0.002766 -0.005707 -0.001406 0.0002176
1341840965.274337 0.01022 0.002786 0.0006651 0.001872 0.002633 8.568e-05
1341840965.306376 0.01228 0.003294 0.002037 -0.0006416 -0.0005762 0.0003698
1341840965.338459 0.01582 -0.001302 0.003113 -0.00282 -0.0009154 0.0003835
1341840965.374389 0.01155 0.00136 0.00178 -0.0005076 0.001551 -0.001132
1341840965.406583 0.01367 0.0007234 0.002461 -0.001215 -0.0003434 -0.0003661
1341840965.442514 0.01378 0.001214 0.002084 -0.0007114 8.322e-05 -0.001528
1341840965.474411 0.01596 0.001761 0.003001 -0.00142 -0.001753 -0.005227
1341840965.506415 0.01368 -0.0006953 0.002682 -0.002247 0.001242 -0.005533
1341840965.542569 0.007679 0.005634 0.003887 -2.665e-05 0.0008891 -0.004708
1341840965.574372 0.01305 -0.00421 0.006369 -0.006233 -0.004752 -0.01056
1341840965.610369 0.01411 -0.007256 0.0023 -0.001813 -0.001544 -0.009806
1341840965.642347 -0.003145 0.006854 0.00268 0.004542 0.005032 0.00172
1341840965.674376 0.009081 0.004407 0.004992 -0.003493 -0.01011 0.0002819
1341840965.710509 0.02136 -0.009071 0.006541 -0.008793 -0.009975 -0.00938
1341840965.742480 0.0005971 -0.01136 0.001073 0.0006354 0.005381 -0.007495
1341840965.774568 0.006673 0.0134 0.001787 0.008212 -0.005283 -0.0008955
1341840965.810349 0.02445 0.003871 0.008043 -0.007143 -0.009757 -0.001956
1341840965.842378 0.01383 -0.01074 0.004062 -0.008668 0.0008527 -0.002347
1341840965.878417 0.009284 0.00281 0.003017 0.002005 0.000195 -0.001717
1341840965.910576 0.01822 0.01131 0.004178 -0.0007617 -0.004462 -0.004513
1341840965.978828 0.02279 -0.01927 0.009953 -0.01496 -0.001142 -0.01027
1341840966.010383 0.01393 0.0005017 0.0003293 0.005619 -0.002002 -0.006119
1341840966.042501 0.01296 0.001765 0.003072 -0.0002961 -0.0003956 -0.005735
1341840966.078732 0.01171 -0.008261 0.003082 -0.003939 0.001065 -0.0002148
1341840966.110391 0.01193 0.0009211 0.001027 0.001269 0.001368 0.003047
1341840966.146539 0.008894 -0.001921 0.003359 -0.003455 0.002785 0.005514
1341840966.179109 0.002828 -0.009827 0.004049 -0.005013 0.002086 0.007877
1341840966.210399 0.00684 -0.01672 0.002899 -0.001877 -0.003207 0.005573
1341840966.246464 -0.1368 0.3508 -0.434 0.2525 0.1033 -0.1162
1341840966.278434 0.02157 -0.05814 0.1463 -0.03513 -0.009835 -0.009236
1341840966.310424 -0.003041 0.003784 0.0004146 0.006158 0.001773 0.009591
1341840966.346502 -0.002588 -0.001173 0.002576 -0.0005304 -0.004514 0.02566
1341840966.378760 -0.0008683 -0.0006666 0.003792 -0.001035 -0.007804 0.03875
1341840966.414634 0.003361 0.009729 0.001008 0.002395 -0.01001 0.02137
1341840966.446471 -0.004554 -0.01022 0.0123 -0.006915 -0.005875 0.0008869
1341840966.478509 -0.002793 -0.01206 -0.003479 0.001678 -0.009804 -0.001344
1341840966.514523 -0.002175 -0.01536 0.007104 0.000608 -0.005334 -0.007726
1341840966.546602 0.01082 -0.003153 -0.003061 0.009768 -0.005955 -0.01187
1341840966.578804 -0.008323 0.006895 0.003735 0.01108 0.002955 -0.003098
1341840966.614496 0.01099 0.0191 -0.001197 0.00456 -0.01551 0.007589
1341840966.646349 0.01678 -0.0003868 0.004304 -0.0127 -0.01277 0.007035
1341840966.682534 0.003262 -0.008941 0.005825 -0.01095 -0.0002056 0.002018
1341840966.714558 0.001426 0.008049 0.003396 0.002624 -0.007249 0.004035
1341840966.746520 0.02406 0.003451 0.002065 -0.004802 -0.01808 -0.001543
1341840966.782595 0.01249 -0.01171 0.003342 -0.007521 -0.0022 -0.008271
1341840966.814396 -0.001563 0.002113 0.003462 0.008688 0.004762 0.005335
1341840966.850564 0.01086 0.02047 0.003203 0.006916 -0.008621 0.01285
1341840966.882401 0.02641 0.009928 0.01564 -0.0122 -0.01689 -0.001603
1341840966.914607 0.01115 -0.01968 0.006537 -0.01603 -0.001015 -0.01636
1341840966.950538 -0.006345 -0.009764 0.001791 0.007051 0.007118 -0.01896
1341840966.982503 0.00825 0.01774 0.002209 0.01329 -0.007865 -0.008466
1341840967.014608 0.008535 0.02306 0.03538 0.005847 -0.003445 -0.01224
1341840967.050507 -0.006493 0.004326 0.02234 0.003045 0.007715 -0.01029
1341840967.082441 0.008446 0.003333 -0.001061 0.004248 -0.003958 -0.005345
1341840967.118409 0.01705 0.001031 -0.004084 -0.001286 -0.005113 -0.009452
1341840967.150517 0.009795 0.007394 0.004287 -0.0008383 0.0003687 -0.00758
1341840967.182403 -0.001017 -0.0006713 0.008391 -0.005485 0.005124 0.0004049
1341840967.218465 0.006472 0.0009498 0.003085 -0.00184 -0.005422 0.004909
1341840967.250512 0.01109 -0.002909 0.004422 -0.002298 -0.005764 -0.0006265
1341840967.282688 0.003905 -0.002762 0.002762 0.001582 -0.0005051 0.0009986
1341840967.318467 -0.003289 0.003188 0.002829 0.005831 -0.002427 0.01367
1341840967.350524 0.02782 0.03785 0.02159 0.009684 -0.03193 0.06299
1341840967.386521 0.04023 -0.004928 0.02351 -0.01749 -0.0233 0.03062
1341840967.418506 -0.002525 -0.02841 -0.01256 -0.01516 0.01185 -0.006833
1341840967.450398 -0.01736 -0.006872 0.003723 0.009744 0.005204 -0.01434
1341840967.486517 0.008511 0.01328 0.001185 0.01534 -0.01227 -0.02076
1341840967.518494 0.005485 -0.003669 0.00319 -0.0004611 -0.003948 -0.0245
1341840967.550421 0.0002093 -0.01068 0.004394 0.001778 0.0007279 -0.01923
1341840967.586493 0.007072 0.005456 -0.001715 0.01163 -0.002528 -0.009106
1341840967.618400 0.0158 0.005743 -0.002477 0.003997 -0.003451 -0.00425
1341840967.654414 -0.0009859 -0.01062 0.009089 -0.003673 0.007783 -0.00869
1341840967.686520 0.001913 -0.007448 0.004335 0.005112 0.0017 -0.01085
1341840967.719709 0.01059 -0.006283 0.001589 0.006579 -0.0002343 -0.01429
1341840967.754501 -0.09277 0.05751 0.02834 0.04046 0.02175 0.003395
1341840967.786431 0.04252 -0.002207 0.04303 0.004444 0.004646 -0.03244
1341840967.822380 0.0929 -0.01268 0.01106 -0.003111 -0.02323 -0.003653
1341840967.854480 0.08534 -0.03033 0.01434 -0.01574 -0.007239 -0.01699
1341840967.886550 0.02151 -0.02143 0.01141 -0.004501 0.01823 -0.03063
1341840967.922486 0.05486 -0.00786 0.01862 0.000816 0.01108 -0.03009
1341840967.954465 0.08563 -0.01182 -0.0008635 -0.0125 -0.01176 -0.0122
1341840967.986433 0.02595 -0.02407 0.01679 -0.0196 0.01966 -0.01451
1341840968.022379 0.02663 -0.06419 -0.007877 -0.02841 0.0259 -0.01979
1341840968.054366 0.01117 0.00759 0.001331 0.005236 -0.003884 0.01133
1341840968.090435 0.01884 -0.009877 0.003594 -0.00712 -0.0004315 0.008029
1341840968.122411 -0.01369 -0.01485 0.006939 -0.0006755 0.01526 0.01151
1341840968.154334 -7.727e-05 0.01144 0.001243 0.0102 -0.00374 0.01426
1341840968.190450 0.0151 -0.004492 0.01113 -0.007836 -0.01504 0.004256
1341840968.222349 0.01082 -0.01271 0.00652 -0.004175 -0.01021 -0.002902
1341840968.254641 0.009173 0.004839 -0.0006815 0.007417 -0.00703 0.003163
1341840968.290437 0.004521 0.004482 0.003137 0.001278 -0.006993 0.01105
1341840968.322504 0.01352 -0.001946 0.003055 -0.002606 -0.01124 0.01289
1341840968.358453 0.01459 0.006853 0.0009665 -0.0005385 -0.009029 0.006256
1341840968.390389 0.00103 -0.01125 0.008028 -0.0113 -0.002316 -0.006753
1341840968.422766 0.004043 -0.01936 0.00538 -0.003396 -0.003056 -0.008595
1341840968.458630 0.001317 0.008035 -0.00132 0.01617 -0.001381 0.0001549
1341840968.522480 0.01854 -0.005808 0.003808 0.00108 -0.01186 0.005754
1341840968.558676 -0.002781 -0.01461 0.0003919 0.003665 0.006926 -0.005403
1341840968.591857 0.007972 0.01476 -0.001938 0.01843 -0.001191 0.001692
1341840968.626767 0.2259 0.896 0.231 0.4301 -0.2959 0.4137
1341840968.658483 0.02698 -0.1184 0.06354 -0.08936 0.05129 -0.141
1341840968.691811 0.06244 -0.01249 0.01636 0.002206 -0.01073 -0.0143
1341840968.726575 0.007087 0.00655 0.002107 0.007273 -0.007165 -0.01372
1341840968.764395 0.01231 -0.002165 -0.0007395 0.002475 -0.004669 -0.01365
1341840968.794128 0.002196 -0.002624 0.003185 0.005663 0.007008 -0.008463
1341840968.827336 0.0002579 0.01046 -0.003971 0.01288 0.0002881 0.004743
1341840968.858665 0.01502 0.0118 -0.0002741 0.002941 -0.00934 0.008278
1341840968.894512 0.006008 -0.0164 0.003911 -0.01128 -0.001698 -0.001255
1341840968.926572 0.007485 -0.004591 -0.0006616 0.006817 -0.0007522 -0.001767
1341840968.958637 0.00538 0.008843 -0.0006979 0.01119 -0.002636 -0.005398
1341840968.994799 0.001475 -0.01183 0.003665 0.001139 -0.002782 -0.01202
1341840969.027307 0.004965 -0.002384 0.0005759 0.01519 -0.005886 -0.0133
1341840969.063190 0.01608 0.01465 -0.0008464 0.02101 -0.008659 -0.00981
1341840969.094683 0.001184 0.01107 -0.0002906 0.007754 -0.000466 -0.004784
1341840969.126384 -0.0006655 -0.01036 0.006904 -0.004278 -0.003486 -0.001845
1341840969.162462 0.01745 0.000123 -0.003361 0.009172 -0.01341 7.288e-05
1341840969.194399 0.01924 0.01197 -0.0005014 0.01005 -0.006343 -0.01171
1341840969.226660 -0.5931 1.351 0.1581 0.7456 0.2357 0.1191
1341840969.262598 -0.04205 0.08137 0.02203 0.04215 -0.0115 0.01269
1341840969.294474 -0.06979 0.1217 0.01867 0.06768 0.002008 0.02271
1341840969.330434 -0.05896 0.08906 0.007996 0.05103 0.01076 0.01219
1341840969.362472 -0.08489 0.1705 0.01759 0.1051 0.01691 0.02067
1341840969.394551 -0.04526 0.0451 0.002358 0.02541 0.00729 -0.007878
1341840969.430400 -0.07126 0.103 0.001423 0.06335 0.01656 -0.003119
1341840969.462345 -0.06689 0.1095 0.007651 0.06698 0.01505 0.00363
1341840969.494566 -0.09531 0.2498 0.02577 0.151 0.007554 0.03754
1341840969.530422 -0.04119 0.04494 -0.007517 0.02288 0.01165 0.000718
1341840969.562699 -0.05102 0.1528 0.001631 0.09705 0.003449 0.0278
1341840969.598495 -0.04 0.132 0.008632 0.08121 -0.0008342 0.02733
1341840969.630380 0.04339 -0.1047 0.001759 -0.07194 -0.00121 -0.02286
1341840969.662599 0.008256 -0.007265 0.000469 -0.00238 0.0006036 0.0003116
1341840969.730501 0.01478 0.0141 -0.005123 0.01523 -0.007082 -0.009992
1341840969.762378 0.008931 -0.005122 0.0003358 -0.00397 -0.001621 -0.009425
1341840969.798438 0.00693 -2.552e-05 0.0001316 0.003295 0.0007956 -0.00263
1341840969.830489 0.01222 0.006076 -0.002542 0.006151 -0.0003056 0.002231
1341840969.866491 0.006829 0.001395 -0.0001742 0.001522 0.003505 -0.004439
1341840969.930529 0.01606 -0.01167 -0.007959 0.003086 0.008773 -0.02077
1341840969.966427 -0.006091 0.002236 -0.008057 0.009028 0.02027 -0.008118
1341840969.998427 -0.005617 0.004448 -0.002235 0.005119 0.007603 -0.002458
1341840970.034305 0.01021 0.003716 0.0001912 0.002642 -0.007691 -0.002783
1341840970.066392 0.01107 -0.001631 0.001103 0.0001318 -0.003839 -0.009902
1341840970.098497 -0.00308 0.008539 -0.002098 0.006801 0.003035 -0.01152
1341840970.134411 0.001518 0.003503 0.0002774 -0.005458 -0.01179 -0.008775
1341840970.166559 0.01905 -0.007437 0.004665 -0.008161 -0.01915 -0.009536
1341840970.198560 0.02083 -0.002702 -0.001268 0.00299 -0.006011 -0.01552
1341840970.234316 -0.0119 0.01008 -0.00106 0.007921 0.01448 -0.00882
1341840970.266492 -0.01001 0.001682 0.003439 -0.002855 -0.00628 0.004885
1341840970.302407 0.03068 0.003045 0.003022 -0.0005845 -0.03061 0.004451
1341840970.334659 0.01768 -0.0007155 0.005595 -0.001517 -0.007323 -0.01181
1341840970.366522 -0.01376 0.0006254 -0.001221 0.007788 0.01023 -0.02656
1341840970.402610 0.007849 0.01504 -0.005905 0.008107 -0.01737 -0.02265
1341840970.434348 0.03142 -0.0007504 0.003493 -0.0102 -0.02336 -0.01655
1341840970.505508 0.002129 -0.00216 -0.002245 0.003136 0.01102 -0.03005
1341840970.535277 0.01546 0.008849 -0.001176 -0.003577 -0.01374 -0.007382
1341840970.572038 0.0153 -0.008123 0.003125 -0.01316 -0.008791 -0.004564
1341840970.608162 0.009505 -0.0002527 -0.0004736 -0.001812 -0.003255 -0.00389
1341840970.642762 0.005855 0.007526 -0.003481 0.001095 -0.003789 -0.0002767
1341840970.677848 0.0206 0.004501 -0.001257 -0.008891 -0.01412 0.001842
1341840970.710020 0.01868 -0.01516 0.002162 -0.01929 -0.005874 -0.005065
1341840970.745679 0.008153 -0.007374 0.0004279 -0.001942 0.005522 -0.006797
1341840970.777686 0.001194 0.009474 -0.00324 0.007698 0.004339 -0.001717
1341840970.809696 0.01159 -0.001257 0.001052 -0.003124 -0.006955 -0.001437
1341840970.847214 0.02342 -0.01285 -0.001793 -0.002513 -0.007744 -0.01347
1341840970.877566 0.006271 0.008408 -0.004493 0.01883 0.01282 -0.0322
1341840970.913865 -0.01577 0.01368 -0.002405 0.01666 0.01938 -0.031
1341840970.945871 -0.003039 0.005809 -0.00337 0.004715 -0.004045 -0.008867
1341840970.977919 0.01652 -0.001305 -0.008463 -0.00988 -0.01772 0.01616
1341840971.009547 0.02443 -0.03675 -0.01002 -0.04933 -0.02001 0.03897
1341840971.045763 0.0915 -0.1893 -0.02142 -0.1789 -0.07884 0.0739
1341840971.077530 0.0214 -0.08406 -0.007644 -0.08847 -0.01558 0.01699
1341840971.109393 0.005574 -0.01717 0.009079 -0.02957 -0.0105 0.02023
1341840971.145501 0.01197 -0.01025 0.00309 -0.004069 -0.009826 -0.008882
1341840971.177524 0.01084 0.008633 0.002908 0.01957 -0.005902 -0.035
1341840971.213432 0.01533 -0.002518 -0.006269 0.02419 0.002215 -0.04268
1341840971.245718 0.01974 0.02601 -0.003427 0.03022 -0.007087 -0.01024
1341840971.277550 0.009969 -0.003983 -0.00528 0.01054 0.0002087 -0.01109
1341840971.313408 0.0162 0.01462 -0.009944 0.02196 0.0005497 -0.009342
1341840971.345496 -0.01246 -0.003137 -0.01744 -0.006255 0.02015 -0.02504
1341840971.378645 0.03426 -0.04318 -0.002263 -0.05706 -0.0208 0.003854
1341840971.413396 0.009767 -0.03321 -0.0005939 -0.0369 0.002461 0.003806
1341840971.445454 0.005836 -0.00146 -0.0003648 -0.009468 0.003431 0.02332
1341840971.477491 0.00607 0.007227 -0.002939 -0.006704 -0.00491 0.01904
1341840971.513435 0.01115 -0.006382 -0.002223 -0.01959 -0.01123 -0.001338
1341840971.545750 0.01405 0.0005771 -0.001737 -0.01083 -0.007778 -0.01168
1341840971.577403 -0.002884 0.007071 0.001355 -0.003353 0.002012 -0.006444
1341840971.613557 -0.006708 0.009816 0.001226 0.00226 -0.003471 0.01583
1341840971.646499 0.005267 0.007643 -0.0007484 0.0008984 -0.01426 0.02522
1341840971.681791 0.006506 -0.006583 0.001982 -0.002041 -0.01065 0.009508
1341840971.713492 0.004314 0.00326 -0.003973 0.01273 -0.007901 -0.004454
1341840971.781587 0.001809 0.01269 -0.0002995 0.02504 -0.0169 -0.03466
1341840971.842629 0.01741 0.02012 -0.007683 0.04759 -0.009468 -0.04904
1341840971.874397 0.0006169 0.008738 -0.003322 0.01211 -0.0001245 -0.01802
1341840971.910361 -0.0001197 0.005963 -0.002805 0.006231 -0.003068 -0.006642
1341840971.942587 -0.001232 0.007324 -0.003121 0.004091 -0.00753 0.00491
1341840971.974477 0.01454 0.007208 -0.007242 -0.00422 -0.01716 0.01495
1341840972.010401 0.007213 -0.009861 0.0007138 -0.02658 -0.01012 0.01252
1341840972.042944 0.01017 -0.01945 0.0006611 -0.03117 -0.01315 0.001957
1341840972.078424 0.01367 -0.02057 0.001031 -0.02362 -0.002868 -0.02149
1341840972.110348 -0.002757 -0.02662 -0.002463 -0.01249 0.01785 -0.04095
1341840972.142576 -0.00839 0.01272 0.000383 0.02544 0.01335 -0.02426
1341840972.178556 0.004128 0.02338 -0.006201 0.02442 -0.003033 0.0003643
1341840972.210413 0.01215 -0.006119 -0.00121 -0.001914 -0.005133 0.0004679
1341840972.246516 0.00579 -0.004352 -0.002301 0.008221 0.001734 0.0023
1341840972.278596 0.003385 0.01461 -0.005834 0.01552 6.231e-05 0.01078
1341840972.310536 0.005611 -0.00205 -0.002858 -0.0004833 -0.00501 0.002946
1341840972.346533 0.0127 0.001075 -0.004515 0.004487 -0.009652 -0.008537
1341840972.378561 0.01457 0.005728 -0.002879 0.005771 -0.006116 -0.02064
1341840972.419911 0.009722 0.002983 -0.001608 0.003601 0.0011 -0.02591
1341840972.453454 -0.001649 -0.002448 -0.0004693 0.004769 0.005656 -0.02765
1341840972.485663 0.004589 0.003905 -0.003716 0.01584 -0.002692 -0.02654
1341840972.517538 0.009282 0.02186 -0.006732 0.02044 -0.005625 -0.01765
1341840972.553340 0.00375 0.01029 -0.002366 -0.0005385 -0.003648 -0.009015
1341840972.585505 0.01131 0.003209 -0.00162 -0.006856 -0.009858 -0.002969
1341840972.621469 0.01733 0.002199 -0.001479 -0.01028 -0.008905 -0.006999
1341840972.653521 0.003497 -0.01145 0.001084 -0.01781 0.002541 -0.02193
1341840972.685456 0.007363 -0.009434 0.002902 -0.00317 -0.003217 -0.02225
1341840972.721492 0.00829 0.006221 -0.002151 0.01487 -0.005432 -0.01179
1341840972.753373 0.009924 0.01094 -0.002202 0.013 -0.008933 -0.007162
1341840972.789520 0.01802 0.004094 0.001089 0.004774 -0.01179 -0.00679
1341840972.821568 0.01783 -0.001183 0.0008521 0.004023 -0.005279 -0.01194
1341840972.853374 0.003479 0.006222 -0.003033 0.01163 0.004622 -0.01496
1341840972.889431 0.004572 0.01881 -0.004424 0.01329 -0.002407 -0.007595
1341840972.921398 0.01097 -0.0001469 0.001513 -0.007237 -0.008917 0.001457
1341840972.957523 0.01961 -0.007352 0.002274 -0.005625 -0.01079 0.0069
1341840972.989477 0.0142 -0.0002983 -0.002265 0.005502 -0.001387 -0.00213
1341840973.021525 0.004574 0.01083 -0.004686 0.009974 0.002172 -0.01596
1341840973.057380 0.005033 -0.004477 0.002341 -0.00294 -0.001906 -0.01795
1341840973.089464 0.0095 -0.001744 -0.00026 0.006572 -0.006724 -0.007969
1341840973.121533 0.01344 0.01246 -0.002102 0.01133 -0.006768 0.001737
1341840973.157483 0.003546 0.001813 -0.0006333 -0.003007 9.704e-05 0.002912
1341840973.189485 0.006496 -0.004941 0.0003867 -0.004197 -0.0068 0.003549
1341840973.221579 0.01955 0.002519 0.001321 0.00303 -0.01231 0.0002996
1341840973.257443 0.00978 0.00503 -0.002705 0.001591 0.001229 -0.003026
1341840973.289477 -0.0003987 -0.001784 0.001001 -0.00492 0.004749 -0.001299
1341840973.321429 0.008739 -0.001841 4.136e-05 -0.0005914 -0.005157 0.002936
1341840973.357545 0.0194 0.01027 -0.0003077 0.005014 -0.007187 0.0004396
1341840973.389564 0.002715 -0.006835 0.003159 -0.007781 0.007383 -0.006152
1341840973.425515 0.008143 -0.0006334 -0.0009326 0.004272 0.0002596 -0.006876
1341840973.457293 0.01134 0.00455 0.0003793 0.004793 -0.001093 -0.004571
1341840973.489406 0.001442 -0.002211 -0.0002002 -0.0003051 0.006301 0.003564
1341840973.525445 0.005133 0.001715 -0.002525 0.002567 -0.003648 0.00726
1341840973.557432 0.01633 0.001646 -0.0001107 0.0002882 -0.01147 0.0003236
1341840973.589341 0.01658 -0.006174 0.003513 -0.003456 -0.003793 -0.006702
1341840973.625420 -0.00311 0.003756 -0.00416 0.007404 0.007542 -0.001522
1341840973.657435 0.01186 0.009569 -0.002711 0.004201 -0.009786 0.0003694
1341840973.689500 0.01663 -0.01077 0.003632 -0.009431 -0.008246 -0.01
1341840973.725453 0.01227 -0.002682 -0.0007772 0.006404 -0.0003548 -0.01572
1341840973.757478 0.01033 0.0111 -0.001731 0.01215 8.108e-05 -0.01214
1341840973.793391 0.01327 -0.002411 0.003871 -3.882e-05 -0.0005067 -0.01252
1341840973.825453 0.008523 -0.003324 0.0008292 0.005147 0.003508 -0.01431
1341840973.857558 -0.0002782 0.007945 -0.001612 0.01055 0.005194 -0.01063
1341840973.893477 0.004645 -0.004246 -0.0001168 0.0001824 -0.005698 -0.005185
1341840973.925590 0.01634 0.004781 -0.0008395 0.008081 -0.01328 -0.005407
1341840973.957523 0.01897 0.01091 -0.001128 0.006539 -0.008382 -0.005346
1341840973.993443 0.003469 -0.0003989 0.0006758 -0.006577 0.004976 -0.006876
1341840974.025325 0.005817 -0.002122 -0.0006301 -0.003988 -0.003646 -0.007492
1341840974.057574 0.01839 -0.001853 0.003766 -0.001045 -0.01173 -0.01029
1341840974.093631 0.01044 -0.00518 0.002284 6.173e-05 0.001174 -0.009761
1341840974.125370 0.006738 0.0003251 -0.0007076 0.006275 0.001701 -0.007434
1341840974.161529 0.01013 -0.001613 0.0009733 0.003291 -0.002324 -0.007054
1341840974.193458 0.01055 -0.008121 0.001413 0.001952 -0.002448 -0.006083
1341840974.225390 0.01254 0.003692 -0.0002385 0.0126 -0.002639 -0.002991
1341840974.261343 0.008285 0.008869 -0.001249 0.01071 0.002782 0.0007535
1341840974.293440 0.003848 0.009622 -0.003017 0.003692 0.002947 0.004607
1341840974.325393 0.01146 0.0008443 0.002515 -0.008392 -0.005083 0.007998
1341840974.361718 0.01238 -0.004466 0.003334 -0.008861 -0.001324 0.01031
1341840974.393293 0.00536 0.007134 -0.001867 -0.0006309 0.002397 0.01059
1341840974.429327 0.008839 -0.0047 0.002118 -0.00999 -0.00477 0.005978
1341840974.461676 0.02192 -0.003326 0.001541 -0.002881 -0.01147 0.000685
1341840974.493280 0.001599 0.00827 4.282e-05 0.004359 0.007821 0.0009709
1341840974.529449 -0.004687 0.005126 -0.003709 -0.001269 0.003252 0.01386
1341840974.561658 0.01528 -0.0009674 0.000764 -0.005826 -0.01465 0.009648
1341840974.597895 0.01988 -0.005517 -0.001027 -0.002065 -0.01007 -0.006548
1341840974.629693 0.007061 0.01782 -0.003222 0.01307 0.003942 -0.0146
1341840974.665497 -0.00499 0.005929 -0.002708 -0.002834 0.005396 -0.005718
1341840974.726762 0.0274 -0.005738 0.001888 -0.01202 -0.01696 0.009511
1341840974.758862 0.01285 0.01076 -0.002956 0.004493 -0.0008432 -0.003561
1341840974.826580 0.01534 -0.002564 0.008022 -0.007637 0.005636 -0.01695
1341840974.862442 0.01061 0.001331 -0.0001201 0.004544 0.003764 -0.002211
1341840974.894590 0.009113 0.008723 -0.001348 0.005574 0.003716 -0.0007299
1341840974.926834 0.008537 -0.002675 0.002453 -0.00278 0.003403 -0.0039
1341840974.958952 0.01255 0.007168 0.0006858 0.007426 0.001797 -0.001567
1341840974.995378 0.003342 0.01034 0.0002403 0.003271 0.009605 0.00518
1341840975.026896 -0.0008335 -0.002797 -0.0007737 -0.006532 0.004797 0.0104
1341840975.072240 0.01124 0.008726 -0.003719 0.002881 -0.007524 0.007541
1341840975.126325 0.01278 -0.003923 0.001072 -0.01279 -0.0003904 -0.007263
1341840975.158731 0.001957 0.004777 -0.00251 0.001854 -0.004458 -0.006932
1341840975.194515 0.01577 -0.003338 0.001378 -0.0006454 -0.01492 -0.01026
1341840975.226504 0.01415 0.00977 -0.003976 0.009749 -0.006508 -0.01394
1341840975.262393 -0.0009393 0.005591 -0.0009649 -0.001274 0.002783 -0.01796
1341840975.294464 0.0007975 0.007043 -0.001188 4.182e-05 -0.004472 -0.01093
1341840975.326484 0.01246 0.01177 0.0008884 -0.004521 -0.01385 0.0003053
1341840975.369499 0.01743 -0.001514 0.00408 -0.01431 -0.008588 0.001292
1341840975.433621 -0.01269 -0.02067 0.0186 -0.03218 0.03018 -0.02641
1341840975.494563 0.006497 0.02061 0.005792 0.005395 0.01204 -0.01005
1341840975.530456 0.007007 0.003218 0.003109 -0.009224 -0.003023 -0.008836
1341840975.562569 0.01633 -0.003584 0.002604 -0.009012 -0.00725 -0.006562
1341840975.594565 0.01048 0.001932 0.000565 0.001448 0.001672 0.004277
1341840975.630414 0.007649 0.01546 0.009221 0.007616 0.002387 0.003578
1341840975.662454 0.00406 -0.003193 0.004826 -0.008762 0.004951 -0.005453
1341840975.698446 0.009942 0.002069 -0.002261 -0.0007289 -0.001083 -0.001602
1341840975.730355 0.0107 0.003443 0.0001682 -0.001195 -0.0004043 -0.0003518
1341840975.762605 0.01367 -0.003007 0.004512 -0.00281 -0.0003261 -0.00172
1341840975.798548 0.001184 -0.0009531 -0.001136 0.002313 0.0077 0.0006294
1341840975.830532 0.003215 0.009602 0.0008799 0.006808 -0.0002804 0.004043
1341840975.862488 0.01233 -0.006669 0.001155 -0.006642 -0.01003 -0.005056
1341840975.898579 0.01545 0.0002396 -0.001247 0.004054 -0.00662 -0.00808
1341840975.930565 0.0006744 0.002878 0.002069 0.002645 0.00426 -0.002072
1341840975.966352 0.003127 -0.002487 -0.0003982 0.0008041 -0.002653 0.0007604
1341840975.998324 0.01388 0.0004036 -0.00265 0.004412 -0.01108 -0.003256
1341840976.030535 0.0124 -0.002584 -0.002203 0.002169 -0.005412 -0.007656
1341840976.066388 0.00854 0.001273 -0.002846 0.006604 -7.376e-05 -0.008632
1341840976.098541 0.002815 0.01446 -0.001481 0.009808 0.001046 -0.003107
1341840976.130553 0.01174 0.005128 -0.001754 -0.000561 -0.01073 0.01182
1341840976.166601 0.01351 -0.001346 -0.002311 -0.001556 -0.01164 0.00884
1341840976.198491 0.01185 0.004955 -0.001656 0.0002235 -0.008561 -0.003304
1341840976.234539 0.005445 -0.005382 0.002346 -0.005894 -0.002766 -0.01294
1341840976.266422 0.004238 0.001386 0.001059 0.00362 -0.003554 -0.007703
1341840976.298554 0.01102 -0.000139 0.000186 0.002864 -0.009474 -0.005314
1341840976.334521 0.01071 0.0005853 0.0008322 0.003991 -0.005195 -0.006861
1341840976.366444 0.004571 0.005965 0.001193 0.00613 -0.001996 -0.005821
1341840976.398451 0.009291 0.002549 -0.001163 -0.0005207 -0.007294 -0.007114
1341840976.434497 0.01488 -0.003059 0.004897 -0.00107 -0.008126 -0.0103
1341840976.466444 0.009698 0.003499 -0.003519 0.003652 -0.000853 -0.01354
1341840976.502414 0.007266 0.004954 0.006057 0.00347 -0.0008034 -0.008151
1341840976.535139 0.01072 -0.00133 -0.002227 -0.001445 -0.00446 -0.003663
1341840976.566612 0.01561 0.00102 0.005907 0.002407 -0.005513 -0.00361
1341840976.602455 0.008622 -0.002082 -0.005455 -0.001087 0.002032 -0.001066
1341840976.634381 0.006702 0.001945 0.005412 0.004306 0.0005317 0.009296
1341840976.670445 0.01202 -7.633e-05 -0.003073 -0.0009109 -0.004829 0.006572
1341840976.702470 0.01266 -0.002556 0.005037 0.0004414 -0.004201 0.002309
1341840976.734594 0.01304 0.003179 -0.008232 0.002434 -0.003139 -0.0004369
1341840976.770324 0.009428 0.009786 0.01004 0.003156 -3.772e-05 -0.002549
1341840976.802483 0.01279 -0.001395 -0.006793 -0.006278 -0.003707 -0.000102
1341840976.834638 0.01215 0.01059 0.01287 0.002183 -0.001008 0.00413
1341840976.870408 0.01004 -0.007428 -0.006297 -0.01309 -0.0008854 0.003228
1341840976.903016 0.01498 0.000584 0.007449 -0.0006772 -0.003381 0.0008384
1341840976.938377 0.01137 -0.003038 -0.01149 -0.004255 -0.0003932 -0.001564
1341840976.970576 0.009772 0.009953 0.01164 0.003963 -0.0008137 0.000275
1341840977.002700 0.01134 0.01126 -0.0065 -0.00493 -0.002615 0.0007833
1341840977.038711 0.01073 -0.01747 0.01463 -0.02109 -0.002901 0.00624
1341840977.070624 0.0168 -0.0151 -0.003639 -0.01453 -0.003467 0.002885
1341840977.102694 0.01206 -0.009215 -0.006886 -0.005251 0.002887 0.002478
1341840977.140566 0.007724 -0.002936 -0.002205 9.169e-05 0.001744 -0.0002218
1341840977.177750 0.01404 -0.003359 -0.002486 -0.0009819 -0.003125 -0.01095
1341840977.238414 0.02346 0.001982 -0.01654 0.01488 -0.001994 -0.03922
1341840977.270442 0.01009 -0.0002583 -0.003793 0.003534 -0.001835 -0.003108
1341840977.306452 0.01398 -0.005749 -0.006263 -0.002927 -0.001819 -0.006547
1341840977.338583 0.004202 -0.007626 -0.00338 -0.002999 0.004286 -0.01175
1341840977.370457 0.01014 0.004411 -0.003071 0.004633 -0.002404 -0.0108
1341840977.406448 0.01567 0.004161 -0.003291 -0.003115 -0.004348 -0.006141
1341840977.438359 -0.006803 -0.01634 0.001407 -0.01546 0.009577 0.004738
1341840977.474521 0.0153 0.0001724 -0.001155 0.003737 -0.01051 0.0112
1341840977.538570 0.02333 0.00445 0.001601 0.000308 -0.003657 0.003221
1341840977.574316 0.01372 0.006308 7.095e-05 0.0001918 -0.009186 0.0009297
1341840977.606555 0.01211 -0.01421 -0.00439 -0.01906 -0.002445 -0.006294
1341840977.638466 0.003659 -0.01133 -0.007412 -0.009427 0.004978 -0.005798
1341840977.674706 0.01149 0.01149 -0.00377 0.003872 -0.002972 0.005105
1341840977.706481 -0.0004262 -0.02107 -0.003569 -0.02204 0.006912 -0.006112
1341840977.742426 0.0003967 -0.014 -0.01163 -0.005943 0.008375 -0.02162
1341840977.774548 0.005194 0.007141 -0.009868 0.008364 0.004801 -0.02107
1341840977.806469 -0.0002922 -0.005768 -0.003779 -0.005647 0.007511 -0.02076
1341840977.842413 0.003944 -0.008293 -0.007007 -0.004507 0.003899 -0.01608
1341840977.874652 0.006967 -0.004884 -0.008697 -0.0008389 0.001975 -0.005929
1341840977.910410 0.003608 -0.01227 -0.008423 -0.006805 0.005598 -0.008483
1341840977.942503 0.0004191 -0.004819 -0.008241 0.002092 0.006406 -0.00976
1341840977.974348 0.003193 0.006944 -0.002395 0.005209 0.002171 -0.0001292
1341840978.010591 -0.001777 -0.002579 -0.01481 -0.007701 0.002572 0.003671
1341840978.042414 0.007486 -0.01665 0.008415 -0.006703 0.001119 -0.007213
1341840978.074399 -0.009157 -0.0126 -0.009866 -0.004614 0.01598 -0.02431
1341840978.110508 -0.01003 -0.002447 -0.004999 0.004463 0.01282 -0.01925
1341840978.142426 0.00209 0.001366 -0.003067 0.006607 0.00091 -0.006902
1341840978.178454 0.004368 0.0008815 -0.003107 0.001106 0.001277 0.007002
1341840978.210406 0.00509 -0.03014 -0.01343 -0.02429 -0.0002222 0.03081
1341840978.242421 0.01362 -0.08014 -0.03083 -0.06397 -0.009859 0.04363
1341840978.278412 0.003413 -0.0358 -0.008459 -0.02847 0.001128 0.01753
1341840978.310502 0.00348 -0.01035 -0.002745 -0.002596 0.0003961 0.001745
1341840978.342552 0.008449 -0.002426 -0.001068 0.00341 -0.003154 -0.006303
1341840978.378496 0.0006253 -0.005778 -0.005745 0.0006981 0.002203 -0.00954
1341840978.410491 0.005273 -0.002468 -0.005381 0.002213 0.001585 0.01262
1341840978.446516 -0.01522 -0.00106 -0.006001 -0.0005281 0.01702 0.01091
1341840978.478424 -0.01977 0.02383 0.005193 0.02118 0.01728 -0.002876
1341840978.510520 0.008805 0.003026 -0.002132 0.002599 -0.003567 0.001494
1341840978.546451 -0.0137 -0.007962 -0.002443 -0.007758 0.01526 -0.01001
1341840978.610527 -0.008607 0.008344 -0.002228 0.01049 0.01296 -0.01007
1341840978.646450 0.002744 -0.0039 0.0004431 -0.002468 0.002904 -0.009686
1341840978.678516 -0.001158 0.002027 -0.002317 0.005993 0.006334 -0.0126
1341840978.714342 0.003474 0.009192 0.001717 0.006164 0.001692 -0.00135
1341840978.746557 0.007455 -0.004964 0.001843 -0.006036 -8.022e-05 0.00064
1341840978.778554 0.003059 -0.007447 -0.001435 -0.00203 0.003128 0.0006462
1341840978.814526 -0.0114 0.007824 -0.01514 0.005307 0.00995 -0.00464
1341840978.846486 0.004279 0.00069 0.01728 0.003915 -0.004868 -0.0001455
1341840978.882365 -0.008494 -0.002385 -0.016 -0.007377 0.007965 -0.01205
1341840978.914455 -0.002039 -0.006486 0.01846 -0.00113 0.001728 0.003672
1341840978.946601 -0.00457 -0.001092 -0.01375 -0.003697 0.005159 0.001518
1341840978.982510 0.005287 -0.005365 0.01562 -0.001627 -0.005914 0.005414
1341840979.014462 -0.0001939 0.00609 -0.01256 -0.000987 0.002778 -0.01836
1341840979.046639 0.004598 -0.002762 0.02076 0.0004068 -0.001641 -0.008587
1341840979.082471 -0.005081 0.002051 -0.008345 0.0005947 0.003698 0.00349
1341840979.114396 0.01697 -0.005752 0.0144 -0.002388 -0.01518 0.01658
1341840979.150373 -0.00861 0.01012 -0.01204 0.001276 0.01122 -0.01531
1341840979.182562 0.007311 0.001665 0.01986 0.006073 -0.003911 -0.006141
1341840979.214359 -0.0001529 0.00589 -0.007213 0.003836 0.001646 -0.00971
1341840979.250470 0.01334 -0.006798 0.01525 0.0004422 -0.01065 -0.005656
1341840979.290967 -0.001955 0.01778 -0.01291 0.01554 0.002448 -0.009627
1341840979.321466 0.02643 -0.02222 0.01509 -0.01402 -0.02417 0.01621
1341840979.353392 -0.002193 0.011 -0.004636 0.002363 0.002353 -0.001582
1341840979.389385 0.008876 -0.01296 0.01528 -0.009539 -0.007962 0.01133
1341840979.421434 -0.002558 0.0009056 -0.01038 -0.003283 0.003765 0.006088
1341840979.457442 0.01252 -0.003155 0.01782 0.0008598 -0.009561 0.002692
1341840979.489389 -0.003412 0.009076 -0.01266 0.002767 0.006589 -0.02696
1341840979.521523 0.007071 -0.01725 0.01618 -0.01052 -0.007098 -0.009629
1341840979.557473 -3.69e-05 -0.001291 -0.007788 -0.0007206 -0.002337 -0.001499
1341840979.589452 0.01056 -0.007356 0.0159 -0.001883 -0.01139 0.01369
1341840979.625513 0.0004148 -0.005325 -0.004961 -0.003681 -0.0003702 0.001759
1341840979.657504 0.01921 -0.02347 0.01024 -0.01295 -0.02182 0.02233
1341840979.689431 0.00299 0.002306 -0.01251 -0.001452 -0.002249 -0.01122
1341840979.725433 0.005782 -0.003099 0.01802 0.001069 -0.004775 -0.002897
1341840979.757665 0.000197 0.005072 -0.00612 0.004872 -0.0007643 0.005801
1341840979.793335 0.0108 0.001709 0.0009955 -0.000308 -0.007392 -0.0002852
1341840979.825458 0.005552 -0.002291 0.0006942 0.0009874 -0.0008034 -0.01043
1341840979.857475 0.002941 0.006517 -1.92e-05 0.007297 -0.0002456 -0.01139
1341840979.893492 0.005663 0.003589 -9.334e-05 0.001841 -0.003022 -0.01001
1341840979.925357 0.004757 -0.002642 0.0005336 -0.002548 -0.00237 -0.006512
1341840979.961698 0.006387 0.0002219 -0.0005431 0.001656 -0.003034 -0.002649
1341840979.993476 0.006778 0.004538 0.0009329 0.002651 -0.003709 -0.001563
1341840980.025424 0.0075 -0.001949 0.001201 -0.002703 -0.004393 -0.01043
1341840980.061714 0.008572 -0.0001107 -0.002212 0.001171 -0.002899 -0.01608
1341840980.093521 0.00421 0.001198 0.001277 0.002537 0.0009627 -0.008997
1341840980.129459 0.004945 0.0003078 0.00273 0.00225 -0.002181 -0.002394
1341840980.161798 0.0112 0.003925 0.001606 0.002312 -0.007547 -0.004408
1341840980.193494 0.008391 -0.007696 0.001866 -0.002899 -0.003344 -0.006589
1341840980.229367 0.005381 0.01335 0.001671 0.01549 -0.001279 -0.007928
1341840980.261644 0.006844 0.007639 0.002151 0.002524 -0.001395 -0.01238
1341840980.293563 0.005161 -0.006915 0.0017 -0.006692 -0.0007798 -0.009316
1341840980.329532 0.007661 -0.001243 -0.0003158 0.00217 -0.003449 -0.004944
1341840980.361656 0.008969 0.008213 0.0009548 0.005585 -0.003888 -0.003045
1341840980.397437 0.002763 -0.004425 0.001724 -0.005693 -0.0009084 -0.004257
1341840980.429433 0.01235 -0.001312 8.462e-05 0.001613 -0.009051 -0.007293
1341840980.461758 0.009805 0.004337 0.001747 0.004309 -0.002608 -0.01015
1341840980.497396 0.001086 0.0003748 0.0002061 0.001542 0.00207 -0.003803
1341840980.529482 0.005532 0.001351 -0.0005272 0.001453 -0.005056 -0.001108
1341840980.561712 0.0137 0.004018 0.0008474 0.001727 -0.009426 -0.005831
1341840980.597612 0.007966 -0.001569 0.001469 -0.002012 -0.002056 -0.009654
1341840980.629360 0.003476 0.001293 -0.0007716 0.0004968 -0.0013 -0.001115
1341840980.661615 0.01544 -0.01006 0.0002537 -0.01458 -0.01462 0.006088
1341840980.697653 0.02498 -0.02008 -0.0002459 -0.0215 -0.01865 -0.001363
1341840980.729546 0.009386 -0.008504 0.004452 -0.006534 -0.002053 -0.004202
1341840980.761389 0.001454 0.001888 -2.619e-05 0.003493 6.498e-05 0.002694
1341840980.797446 0.01117 0.009348 0.002165 0.003931 -0.007409 -0.001067
1341840980.829450 0.0079 0.001729 0.007738 -0.001198 -1.538e-05 -0.009898
1341840980.865369 -0.008096 0.009532 0.0009335 0.009886 0.01006 -0.003783
