1341840839.225363 -0.006768 -0.007877 -0.001574 0.000362 0.003317 0.001078
1341840839.261700 -0.003975 0.01614 -0.003796 0.006162 0.0001825 0.0002654
1341840839.294583 0.01043 -0.01537 0.003593 -0.007745 -0.003802 0.001985
1341840839.329412 -0.0007105 -0.001174 -0.002244 0.004211 0.003491 9.414e-07
1341840839.361439 -0.008808 0.01587 -0.00407 0.005595 0.004456 0.001541
1341840839.393461 0.004757 -0.008149 0.003404 -0.005939 -0.001983 0.003779
1341840839.429312 -0.005279 -0.001015 -0.0007394 -8.764e-05 0.003114 0.00173
1341840839.461283 -0.008571 -0.006507 0.001197 -0.002306 0.001505 0.002712
1341840839.497390 0.00886 -0.005767 0.001875 0.000904 -0.003771 0.001236
1341840839.529496 -0.009083 0.007082 -0.002702 0.004642 0.005526 0.0006526
1341840839.561316 -0.01396 -0.005121 0.0001893 -0.002599 0.003806 0.002867
1341840839.597405 -0.007207 -0.01479 0.002238 -0.00348 -0.001226 0.001057
1341840839.629282 -0.0008527 0.004683 -0.0006143 0.005409 -0.002541 0.0008969
1341840839.665514 -0.002375 -0.003914 0.001432 -0.0009434 0.000521 0.002983
1341840839.697361 -0.01325 -0.01596 -0.0002834 -0.002799 0.003405 0.002273
1341840839.729327 -0.005307 0.007807 -0.001404 0.006591 -0.001781 -5.091e-06
1341840839.765445 0.003901 -0.0009308 0.002219 -0.0003767 -0.002441 0.001152
1341840839.797266 -0.005178 -0.008129 0.0005297 -0.001769 0.003082 -0.000525
1341840839.833487 -0.01445 -0.005469 -0.0009106 -4.183e-06 0.004045 -0.001692
1341840839.865409 -0.00761 -0.01113 0.000769 -0.001386 -0.0001469 -0.0001763
1341840839.897303 -0.009717 -2.311e-05 -0.002261 0.003921 0.0006511 -0.001921
1341840839.933443 -0.004776 -0.002616 0.0008403 0.0007353 -0.0009661 -0.002241
1341840839.965343 -0.001376 -0.004756 0.0007521 0.0004364 -7.178e-06 -0.001054
1341840840.001548 -0.008718 -0.001699 -0.00146 0.00161 0.003557 -0.0006942
1341840840.033327 0.0001187 0.01029 -0.0004309 0.004229 -0.0005847 -0.002048
1341840840.065272 0.006809 -0.005194 0.00422 -0.004207 0.0009944 -0.001759
1341840840.101431 -0.01617 -0.02118 -0.001804 -0.006333 0.01005 -0.0007333
1341840840.133310 -0.02209 0.004944 -0.00717 0.006987 0.004912 -0.002573
1341840840.169494 0.003415 0.01461 0.0004516 0.003835 -0.004426 -0.001397
1341840840.201335 -0.005268 -0.02022 0.002579 -0.009101 0.003095 0.0005369
1341840840.233363 -0.01495 -0.01454 -0.001883 0.0009858 0.00348 -0.003009
1341840840.294570 -0.01944 0.01963 -0.004325 0.0085 0.001445 -0.003504
1341840840.330394 -0.001922 0.005463 0.001791 -0.001499 -0.001039 -0.004322
1341840840.362487 0.002601 -0.0162 0.00517 -0.008111 -0.000363 -0.004066
1341840840.394382 -0.0132 -0.005079 -0.002607 0.003475 0.00699 -0.003937
1341840840.430325 -0.02281 0.01875 -0.006677 0.007219 0.007023 -0.003172
1341840840.462407 -0.001116 -0.01437 0.005217 -0.009761 -0.004226 0.0007916
1341840840.494502 -0.0022 -0.01343 0.002078 -6.532e-05 -0.001123 -0.002326
1341840840.530297 -0.007588 0.01413 -0.003586 0.008666 0.002304 -0.003348
1341840840.562361 -0.007395 0.001442 0.001583 -0.001776 0.001621 -0.0007421
1341840840.598321 0.002064 -0.002229 0.002938 -0.0003905 -0.001352 -0.001789
1341840840.630280 0.0004317 0.02213 -0.0002773 0.007013 0.002673 -0.004027
1341840840.662439 -0.01432 -0.01835 0.0007897 -0.01129 0.007983 0.002357
1341840840.698371 -0.02953 -0.01653 -0.006538 -0.004849 0.007083 0.001278
1341840840.730361 -0.02227 0.01967 -0.006293 0.007706 0.001118 -0.002094
1341840840.762407 0.004775 0.006366 0.005353 -0.003397 -0.005756 -0.0005928
1341840840.798303 -0.005059 -0.0178 0.003707 -0.008156 0.002614 0.001857
1341840840.830375 -0.02904 0.0006672 -0.008668 0.003387 0.008255 -0.000706
1341840840.866393 -0.0171 0.02102 -0.003957 0.004882 0.0001425 -0.001541
1341840840.898320 0.00113 -0.009919 0.006226 -0.009672 -0.004129 0.002215
1341840840.930454 -0.006719 -0.02334 0.002713 -0.006847 0.001003 0.001449
1341840840.966498 -0.02224 0.002356 -0.007826 0.006512 0.004564 0.001117
1341840840.998398 -0.01604 0.007061 -0.001671 0.001782 0.0004745 0.0004172
1341840841.034538 -0.02356 -0.02337 -0.00292 -0.008743 0.002545 0.003645
1341840841.066345 -0.02235 -0.02424 -0.001473 -0.00447 0.0003489 0.001095
1341840841.098335 -0.006018 0.01092 -0.003162 0.01188 -0.001841 -0.002909
1341840841.134331 -0.0203 0.0218 -0.003252 0.004866 0.007423 -0.002392
1341840841.166392 -0.02889 -0.02978 -0.0002897 -0.015 0.006265 0.0008951
1341840841.198348 -0.02244 -0.01086 -0.006078 0.0001511 0.0005807 -0.002819
1341840841.234400 -0.005827 0.02855 -0.002281 0.0109 -0.001594 -0.007257
1341840841.266296 -0.0101 0.006085 0.003883 -0.006295 0.004916 -0.001898
1341840841.302430 -0.01684 -0.01777 0.003163 -0.0098 0.005166 -0.001743
1341840841.334542 -0.005056 -0.0007625 0.00388 0.001277 -0.002753 -0.00295
1341840841.366311 -0.004842 0.004331 0.002098 0.001517 0.0003938 0.0008734
1341840841.402475 -0.00863 0.000121 -0.0008468 -0.0001108 0.003468 0.0008954
1341840841.434345 -0.01078 -0.006122 -7.081e-05 -0.001827 0.003379 0.00147
1341840841.466383 -0.00562 -0.001548 0.000531 0.001393 -0.0001265 0.0009512
1341840841.502454 -0.003533 0.007153 -0.0003097 0.00385 0.0007026 -0.0003676
1341840841.534696 -0.009282 0.001871 -0.0003003 -0.001164 0.003857 -0.001461
1341840841.570470 -0.007009 -0.02029 0.004061 -0.007109 0.001106 -0.0007133
1341840841.602476 -0.01246 -0.003975 -0.005598 0.005349 0.001845 0.000832
1341840841.634468 -0.01734 0.01771 -0.006619 0.006911 0.00257 0.0002667
1341840841.671032 0.01538 -0.008681 0.01179 -0.006867 -0.009759 0.0008105
1341840841.702284 0.003608 -0.009684 0.004079 -0.002237 0.0005802 -0.002747
1341840841.734304 -0.01851 0.001463 -0.008084 0.004586 0.00895 -0.00293
1341840841.770351 -0.001963 0.0133 -0.00152 0.006199 -0.0003121 -0.003038
1341840841.802313 0.01501 0.00573 0.008826 0.001306 -0.003215 -0.005437
1341840841.838370 0.02166 0.01437 0.007314 0.005601 -0.0006676 -0.003627
1341840841.870881 0.002319 0.0001258 0.002503 -0.00334 0.007675 0.008388
1341840841.902346 -0.02477 -0.04117 -0.009349 -0.01721 0.008746 0.01063
1341840841.938375 -0.008356 0.004419 -0.003482 0.007565 -0.004425 -0.002167
1341840841.970352 0.02072 0.00945 0.006746 0.005442 -0.007657 0.002191
1341840842.006342 -0.007426 -0.01538 0.0008081 -0.005108 0.008292 0.006528
1341840842.038475 -0.027 -0.005025 -0.01114 0.0002264 0.008307 0.004531
1341840842.070419 -0.004865 0.004979 0.002233 0.001015 -0.005064 0.00222
1341840842.106404 0.0112 0.0004672 0.007436 0.0016 -0.006889 0.001505
1341840842.138367 0.005913 0.02729 0.002762 0.009335 0.002143 0.001212
1341840842.170410 -0.0139 -0.004314 0.001758 -0.009055 0.00975 0.005692
1341840842.206430 -0.01771 -0.009225 0.0008014 -0.007321 0.004957 0.00539
1341840842.238319 -0.009778 0.000128 0.002324 -0.002221 0.0003027 0.008491
1341840842.274385 -0.02062 0.004523 -0.003146 -0.001386 0.004122 0.008803
1341840842.306571 -0.003467 0.001381 0.00391 -0.004225 -0.003635 0.004082
1341840842.338413 0.006344 -0.009581 0.008995 -0.00521 -0.0025 0.003469
1341840842.374365 0.002146 0.01472 0.0005256 0.00639 0.002251 0.002116
1341840842.406739 -0.0037 0.01806 0.002269 -0.001162 0.006844 0.004359
1341840842.438410 -0.02324 -0.05195 -0.0029 -0.02145 0.007392 0.01225
1341840842.474299 -0.08083 -0.04521 -0.03023 -0.01008 0.02571 0.0184
1341840842.506377 -0.07685 -0.0004938 -0.03128 -0.002328 0.02396 0.01919
1341840842.542388 -0.01495 -0.0007178 -0.001897 -0.01224 -0.003177 0.004092
1341840842.574346 0.003258 -0.03969 0.007592 -0.01852 -0.006337 0.005351
1341840842.606530 -0.0403 -0.03946 -0.02112 -0.008348 0.01087 0.003837
1341840842.642329 -0.02581 0.01357 -0.01702 0.007901 0.003438 -0.008597
1341840842.674386 0.0181 0.01264 0.01239 -3.461e-05 -0.006332 -0.003972
1341840842.706548 -0.01336 -0.03128 -2.136e-05 -0.01314 0.01007 0.008255
1341840842.742312 -0.05911 -0.009201 -0.02344 -0.002275 0.01691 0.00545
1341840842.774261 -0.06643 -0.02184 -0.01995 -0.01453 0.02084 0.02073
1341840842.810490 0.01961 -0.02557 2.394e-05 -0.01569 -0.01438 -0.0002279
1341840842.842296 0.02037 -0.02003 0.009974 -0.003194 -0.003806 0.003585
1341840842.874411 -0.01709 0.01291 -0.006669 0.01156 0.008057 0.002584
1341840842.942647 -0.02298 0.0002512 0.0001563 -0.007969 0.00124 -0.008831
1341840842.974535 -0.01158 -0.0207 -0.004933 -0.005897 0.004827 0.007018
1341840843.010449 -0.03136 0.0015 -0.0151 0.001604 0.006027 -0.002726
1341840843.042429 -0.001565 -0.00499 -0.0062 -0.005137 -0.006959 -0.01112
1341840843.078385 0.02873 -0.01 0.01145 -0.004171 -0.008355 -0.004767
1341840843.110373 -0.01073 0.004062 0.004637 0.006652 0.01136 0.007409
1341840843.142285 -0.04653 0.005582 -0.01537 0.001789 0.01394 0.003447
1341840843.178476 -0.04257 -0.02276 -0.01391 -0.01447 0.01025 0.005449
1341840843.210589 0.02704 -0.01461 0.001941 -0.006687 -0.01401 0.0007886
1341840843.246317 0.004456 -0.0006409 0.007219 0.003534 0.006133 0.009039
1341840843.278543 -0.03538 0.004192 -0.01339 0.002917 0.01146 0.002046
1341840843.310587 -0.01878 -0.006015 -0.01399 -0.007704 -0.001141 -0.005933
1341840843.346529 0.01442 -0.02197 0.004107 -0.01208 -0.00792 -0.002154
1341840843.385053 -0.001649 -0.02 -0.002011 -0.001085 0.004759 0.001889
1341840843.411509 -0.01668 0.007482 -0.01216 0.009291 0.003688 -0.002795
1341840843.447220 0.0004277 0.00687 -0.001308 0.001108 -0.005877 -0.004047
1341840843.515039 -0.00991 -0.03201 -0.008872 -0.004123 0.007352 0.01051
1341840843.548527 -0.01233 0.01454 -0.01107 0.005503 -0.001752 -0.001386
1341840843.614798 0.008532 -0.04929 0.01162 -0.02435 -0.006533 -0.0002935
1341840843.653429 -0.005289 0.01966 -0.006594 0.01465 0.003802 0.0008088
1341840843.687928 -0.01196 0.02636 -0.00677 0.007628 0.002303 0.002431
1341840843.720258 -0.004701 -0.0266 0.004233 -0.01476 -0.0008573 -0.0009606
1341840843.785505 -0.002881 0.01307 -0.007547 0.009512 -0.0002647 0.002582
1341840843.846439 -0.01096 -0.01106 0.001401 -0.008082 -0.0001995 -0.005313
1341840843.882429 -0.005588 0.0006237 -0.003623 0.0009486 0.001469 0.001456
1341840843.914321 -0.01339 -0.00151 -0.004802 -0.0004694 0.001254 0.002844
1341840843.946316 -0.005076 0.003668 -0.003139 -0.0002729 -0.005735 0.000598
1341840843.982401 0.004299 -0.01333 -0.0001804 -0.005249 -0.005556 -0.0009615
1341840844.014387 -0.001423 0.004288 -0.003691 0.005413 0.0003733 0.00178
1341840844.050399 -0.01356 0.02028 -0.001622 0.004582 0.002998 0.004018
1341840844.082349 -0.01102 -0.02021 0.00275 -0.01507 -0.00111 -0.001377
1341840844.114393 0.004462 -0.01341 -0.0004858 -0.002899 -0.004405 -0.001197
1341840844.150523 -0.008213 0.007949 -0.003804 0.005529 0.003344 0.002847
1341840844.182299 -0.01521 0.01083 -0.001735 0.002095 0.001313 0.003539
1341840844.218448 -0.005309 0.00535 -0.001874 -0.004043 -0.003907 0.0003445
1341840844.250566 -0.0002328 -0.01692 0.001201 -0.01138 -0.002976 -0.0019
1341840844.282274 0.002109 -0.0156 -0.0009787 -0.002121 0.0006135 -0.003555
1341840844.318322 -0.001483 0.02313 -0.003118 0.01181 0.003147 0.001034
1341840844.350432 -0.01773 0.009053 0.002896 -0.004074 0.009073 0.005292
1341840844.382375 -0.0263 -0.03394 0.00546 -0.0159 0.007764 0.001736
1341840844.418837 0.01625 0.02019 -0.006035 0.01267 -0.01161 0.001638
1341840844.450418 0.00819 0.01736 0.002129 0.003719 -0.0001526 -0.0001878
1341840844.486330 -0.02374 -0.003031 0.000872 -0.005365 0.01365 0.002848
1341840844.518335 -0.0283 8.419e-05 0.0002721 -0.002349 0.005916 0.002168
1341840844.550458 0.0111 -0.009209 -0.001963 -0.003335 -0.01096 0.0009711
1341840844.586351 0.01162 0.01152 -0.001361 0.00485 -0.002338 -0.0005278
1341840844.618382 -0.01804 -0.006837 0.0002662 -0.003394 0.01149 -0.001142
1341840844.650334 -0.01417 -0.003744 -0.002239 0.001101 0.005188 0.0009936
1341840844.686320 -0.005722 0.01556 -0.00309 0.005803 -0.0007997 0.004034
1341840844.718495 -0.009854 -0.004078 0.0001153 -0.005663 0.0005249 0.001785
1341840844.757582 -0.00068 -0.01156 -0.001272 -0.001905 -0.002022 -0.001285
1341840844.818394 -0.02142 0.01383 -0.003905 0.004507 0.007605 0.0007606
1341840844.854307 -0.005867 0.0001274 -0.002014 0.0006411 -0.002627 -0.00142
1341840844.888045 0.000331 -0.002701 -0.001416 -0.0008684 -0.002659 -0.002747
1341840844.918612 -0.008986 -0.0108 -0.0007494 -0.001168 0.003554 -0.002107
1341840844.954718 -0.01035 0.007296 -0.003113 0.005049 0.002058 0.0005612
1341840844.986719 -0.01333 0.000756 -0.0007385 5.24e-05 0.0008256 0.001187
1341840845.022279 -0.006205 0.005393 -0.003994 0.002715 -0.00333 -0.001574
1341840845.054280 -0.008634 -0.004785 0.001623 -0.003192 -0.002291 -0.00374
1341840845.086344 0.00136 -0.003604 -0.002994 0.0005178 -0.004718 -0.002574
1341840845.123640 0.002317 0.01061 -0.003861 0.006116 -0.0001686 0.003113
1341840845.154408 -0.01326 0.007768 0.0007282 -0.002652 0.006167 0.005019
1341840845.186393 -0.004363 -0.01986 0.001608 -0.007127 0.0008916 -0.005715
1341840845.222296 0.01768 0.008935 -0.00539 0.009676 -0.004444 -0.003567
1341840845.254440 -0.0185 0.01061 -0.001255 0.001491 0.01214 0.004166
1341840845.290376 -0.02667 -0.01366 -0.0005877 -0.006923 0.007158 0.003219
1341840845.322289 0.01143 0.004964 -0.0002824 0.004244 -0.01205 0.0005125
1341840845.354494 0.02415 0.01565 0.001919 0.005046 -0.007308 0.001054
1341840845.390309 -0.00518 0.01053 7.065e-06 -0.001405 0.01027 0.003114
1341840845.422339 -0.02327 -0.009992 0.001179 -0.008672 0.01101 0.002877
1341840845.458335 -0.0162 -0.02283 -0.0009575 -0.006422 0.002418 0.002494
1341840845.490264 -0.004718 0.004947 -0.00333 0.007394 -0.005027 0.001517
1341840845.522343 0.01427 0.009653 -0.0009545 0.004204 -0.009812 -0.001371
1341840845.558310 0.01838 -0.0004412 0.001385 -0.0009454 -0.003209 -0.003594
1341840845.597232 -0.007023 0.004394 -0.00038 0.0009666 0.01147 -0.001981
1341840845.658634 -0.04335 -0.02237 -0.002718 -0.008788 0.01546 0.0009493
1341840845.690353 -0.002564 0.00136 -0.00157 0.004106 -0.004666 0.005173
1341840845.790466 0.01666 0.0114 0.003462 0.002768 -0.007188 0.00256
1341840845.826375 -0.01478 -0.02658 0.006967 -0.01055 0.01316 0.003966
1341840845.858782 -0.03459 -0.01595 -0.00755 -0.002876 0.009921 0.00496
1341840845.890417 -0.0166 0.02677 -0.02317 0.01122 -0.0005707 0.002255
1341840845.926383 0.01481 -0.008963 0.001867 -0.008116 -0.006913 0.0007263
1341840845.958390 -0.02019 -0.01889 -3.574e-05 -0.003531 0.01044 0.00107
1341840845.994269 -0.007334 0.01979 -0.0008051 0.009782 -0.001216 -0.0002476
1341840846.026558 -0.0002932 -0.005802 0.00209 -0.005973 -0.002892 -0.002398
1341840846.058807 -0.0003451 -0.006071 0.0004381 -0.0009578 0.001098 -0.000968
1341840846.094265 -0.0238 0.002845 -0.0002208 0.001892 0.00985 0.001949
1341840846.126378 -0.028 -0.002123 -7.091e-05 -0.001746 0.003035 0.0009418
1341840846.158446 0.003582 -0.00363 0.001176 -0.0008801 -0.01023 -0.0008579
1341840846.194427 0.01274 -0.008451 0.0001992 -0.0003376 -0.005913 -0.002214
1341840846.226385 -0.02105 0.006788 -0.001254 0.006712 0.008913 -0.001253
1341840846.262497 -0.02778 0.01206 0.001527 0.002751 0.004011 -0.002996
1341840846.294419 0.006717 -0.01925 0.008408 -0.009305 -0.01072 -0.0003903
1341840846.326478 0.01302 0.004345 0.0001201 0.003447 -0.004553 -8.643e-05
1341840846.362426 -0.02987 0.0007235 -0.00228 0.0003812 0.01357 0.0008787
1341840846.394323 -0.0201 -0.002885 0.007856 -0.002024 2.194e-05 0.001332
1341840846.430454 0.002124 0.0006259 -0.005422 0.001058 -0.008137 -0.003559
1341840846.465291 0.00343 -0.003939 -0.0003373 0.003623 -0.001987 -0.0001051
1341840846.530439 -0.04013 0.01125 0.001843 0.002883 0.006781 -0.0004965
1341840846.562569 0.02093 -0.01955 0.007361 -0.009599 -0.01384 -0.003512
1341840846.594486 0.0004636 -0.01098 -0.0002457 0.001187 0.002394 0.0006718
1341840846.630509 -0.03441 0.0007296 -0.004823 0.005278 0.01208 0.003498
1341840846.662363 -0.02817 0.02659 0.002161 0.008852 0.001158 0.003092
1341840846.698323 0.01267 -0.01877 0.001979 -0.01004 -0.01372 0.002956
1341840846.730390 0.01411 -0.01049 -0.001845 0.001894 -0.004168 -0.00108
1341840846.762470 -0.02294 0.01203 -0.00281 0.008221 0.01196 -0.0007074
1341840846.798363 -0.02383 -0.0126 0.002659 -0.005519 0.004054 0.0005697
1341840846.830356 0.01024 0.007412 -0.009937 0.008456 -0.009016 -0.00344
1341840846.862350 -0.003811 0.004585 -0.0004129 0.00218 0.003147 0.001423
1341840846.898489 -0.02337 -0.01281 -0.003077 -0.004724 0.007328 0.002252
1341840846.930380 -0.006349 -0.01931 -0.002242 0.0002081 -0.003024 -0.0009813
1341840846.966358 0.01589 0.006684 0.001041 0.005119 -0.008043 -0.001098
1341840846.998844 0.0001776 -0.001671 0.001602 -0.004831 0.004568 0.002223
1341840847.030411 -0.02351 -0.02496 -0.001946 -0.007605 0.01135 0.002868
1341840847.066359 -0.007119 0.00151 -0.002548 0.00668 -0.002816 -0.0006022
1341840847.098410 0.01245 0.008631 -0.001412 0.00416 -0.006085 0.0007278
1341840847.130366 -0.009462 -0.008248 0.0006061 -0.004228 0.007021 0.001626
1341840847.166401 -0.01734 -0.01008 -0.0008141 -0.000552 0.005591 -0.001593
1341840847.198307 0.006091 0.02001 -6.782e-05 0.008921 -0.006533 -0.002089
1341840847.234496 0.016 0.01105 0.003354 -0.002334 -0.004999 -0.0008856
1341840847.266747 -0.01331 -0.02076 0.001731 -0.01027 0.01019 0.0001399
1341840847.298356 -0.02372 -0.00106 -0.001686 0.003897 0.007677 -0.0003318
1341840847.334573 0.008254 0.01409 9.295e-05 0.005017 -0.008202 0.0005476
1341840847.366405 0.006352 0.009514 -0.0009174 -0.0003176 -0.001692 0.0009705
1341840847.398361 -0.0187 -0.009153 0.001006 -0.005283 0.008764 0.003647
1341840847.434625 -0.01871 -0.009926 0.01069 -0.00047 0.001152 0.002429
1341840847.466370 0.01078 0.02074 -0.0001336 0.01051 -0.01147 -0.001427
1341840847.502590 0.01394 -0.0008688 -0.0002293 -0.003007 -0.00503 -0.0008997
1341840847.534309 -0.01496 -0.01382 -0.00119 -0.003432 0.009814 0.0007089
1341840847.566354 -0.02204 0.01076 -0.001957 0.008369 0.005716 -0.0006078
1341840847.603337 0.004721 0.0135 -0.0004423 0.003104 -0.00821 -0.0002477
1341840847.634465 0.002216 0.000395 -0.002203 -0.002198 -0.0008901 0.0004328
1341840847.670420 -0.01124 -0.003297 0.004018 -0.0009332 0.005099 0.00109
1341840847.702420 -0.01579 -0.007876 0.00095 0.0002243 0.0009547 -0.002365
1341840847.734342 0.00113 0.01198 -0.001577 0.008898 -0.006171 -0.001048
1341840847.770464 -0.0009017 0.03037 -0.004596 0.008542 -0.0008979 -0.002203
1341840847.802407 0.0009031 -0.01846 0.009894 -0.01269 0.0002625 0.006188
1341840847.834306 -0.02015 -0.004566 -0.004488 0.0009504 0.004322 4.347e-05
1341840847.870532 0.005259 0.01369 -0.001137 0.005277 -0.006386 -0.002514
1341840847.902485 0.006426 -0.01267 0.003674 -0.005751 -0.001905 -0.0005213
1341840847.938405 -0.01465 0.005564 -0.00203 0.005548 0.007548 0.0005892
1341840847.970339 -0.008854 0.0177 0.0008124 0.004318 0.002737 0.00125
1341840848.002312 -0.0007003 -0.004558 0.002689 -0.006054 -0.0003804 0.001796
1341840848.038354 -0.006206 0.0004392 0.0008839 -0.002098 0.004012 0.001011
1341840848.070743 -0.01645 0.001011 0.003054 -8.441e-05 0.005962 0.001185
1341840848.102909 -0.0105 -0.0005276 0.00242 0.001165 -0.001277 0.0001699
1341840848.138432 0.002342 -0.0003649 0.0007182 0.002578 -0.005368 -0.0009746
1341840848.170385 -0.008373 0.01133 -0.0002253 0.006191 0.001977 -0.0009341
1341840848.206548 -0.008791 0.008672 0.001371 0.0009382 0.0005479 -0.00203
1341840848.238651 -0.0006223 -0.004267 0.003356 -0.003426 -0.001971 -0.0008219
1341840848.277372 -0.008578 -0.0008523 -0.0003719 0.00154 0.002511 0.00044
1341840848.313384 -0.008876 0.01257 -7.802e-06 0.004756 0.001891 0.0008644
1341840848.345285 -0.007555 0.003121 0.003019 -0.001222 0.0002423 0.0001637
1341840848.377729 -0.00812 -0.002761 -0.001211 -0.0008921 -0.0002985 -0.001002
1341840848.413434 -0.006837 0.002357 -0.0002403 0.003317 0.0002233 0.000392
1341840848.446614 -0.005553 0.01343 0.006739 0.006005 -0.001953 -0.001511
1341840848.477376 0.001908 0.0003892 0.002919 -0.001359 -0.005064 -0.003473
1341840848.514358 -0.004457 -0.01042 0.0003586 -0.001142 0.0007866 -0.0002155
1341840848.545352 -0.01816 0.02501 0.0003891 0.01242 0.00522 0.000716
1341840848.581630 -0.0182 0.03879 0.006746 0.01033 0.0003335 0.0003815
1341840848.613497 0.01841 -0.01943 0.007128 -0.0118 -0.01264 -0.003284
1341840848.645345 -0.001555 -0.004965 -0.004796 0.0005701 0.003131 -0.005875
1341840848.681427 -0.02406 0.0269 0.003198 0.00799 0.0114 -4.074e-05
1341840848.713310 -0.03807 0.02472 0.002067 0.005856 0.009163 -0.0006661
1341840848.774529 -0.01308 0.004523 0.0162 -0.0004065 -0.005671 -0.008837
1341840848.806548 -0.0007289 -0.008512 -0.00258 0.002223 -0.00103 -0.005591
1341840848.842443 -0.00132 0.01995 0.004313 0.007862 0.0001572 -0.002308
1341840848.874427 -0.008075 0.006933 0.008512 -0.004429 0.002214 0.002943
1341840848.910589 -0.005493 -0.01645 0.003779 -0.006787 -0.0004584 0.003276
1341840848.942390 -0.006931 0.02177 -0.001295 0.009868 -0.0005446 -0.0008461
1341840848.974342 0.006167 0.02649 0.0109 0.002009 -0.003695 -0.003489
1341840849.010480 0.008317 -0.03809 0.005188 -0.02042 0.001056 0.00214
1341840849.042373 -0.0176 -0.006301 -0.004382 0.004577 0.009439 0.002469
1341840849.074269 -0.01565 0.03252 0.0006589 0.01213 0.001376 -0.001113
1341840849.110433 -0.004532 0.005584 -0.002766 -0.001331 -0.001567 -0.002156
1341840849.142356 0.006756 2.087e-05 0.004371 -0.003691 -0.001012 0.001185
1341840849.178427 -0.008805 -0.01018 0.002269 -0.005942 0.00597 0.001306
1341840849.210439 -0.008963 0.01061 -0.0006118 0.003101 0.003107 -0.003255
1341840849.242309 -0.001854 0.00322 0.004282 -0.004358 0.001305 -0.001836
1341840849.278391 -0.01231 -0.02491 0.0007976 -0.00901 0.004616 0.004028
1341840849.310332 -0.03214 0.008358 -0.001633 0.008728 0.00545 0.0004505
1341840849.342402 -0.06917 0.03855 0.01372 0.01318 0.02271 0.003154
1341840849.378339 0.003299 0.004628 -0.005919 -0.003795 -0.007276 -0.00443
1341840849.410390 0.01296 -0.03837 0.006355 -0.01279 -0.003035 -0.002471
1341840849.446437 -0.04255 0.02571 -0.01176 0.01464 0.01619 -0.004667
1341840849.478425 -0.05738 0.03683 0.03805 0.01029 0.01692 -0.0002643
1341840849.546449 -0.09238 -0.03718 0.005495 -0.01244 0.03396 0.01742
1341840849.578498 -0.03202 0.004374 -0.0007437 0.008613 0.006635 -0.002895
1341840849.610692 -0.01563 0.02244 -4.864e-05 0.007941 -0.001196 -0.005123
1341840849.646317 -0.004472 -0.02332 0.003391 -0.01038 -0.00124 -0.004068
1341840849.685647 -0.02531 -0.02746 -0.003052 -0.00289 0.008801 -0.003421
1341840849.746347 -0.05451 0.02997 0.004543 0.01636 0.008634 -0.009441
1341840849.778359 -0.001787 -0.02126 -0.004817 -0.005455 -0.0004418 0.0005426
1341840849.814323 -0.01476 0.003018 -0.003514 0.006956 0.00439 -0.001504
1341840849.846557 0.001628 0.02044 -0.005474 0.007522 -0.002063 0.0002303
1341840849.882256 -0.007884 -0.01334 0.004085 -0.01012 0.00411 0.0006505
1341840849.921575 -0.02802 -0.04222 0.009785 -0.01364 0.01096 -0.002886
1341840849.982476 -0.03566 0.04961 -0.0008403 0.01897 0.007104 -0.000553
1341840850.014371 -0.001521 -0.03247 0.002783 -0.01538 -0.003798 -0.006308
1341840850.046326 0.01046 -0.01857 -0.007564 -0.0001948 -0.0005473 0.0003085
1341840850.082415 -0.01498 0.02359 -0.0009363 0.01205 0.00892 0.004335
1341840850.121449 -0.02393 0.01429 0.008051 -2.775e-05 0.004521 -0.0001004
1341840850.157539 0.003447 -0.02993 0.001044 -0.0126 -0.005433 -0.002304
1341840850.189410 0.008049 0.006895 -0.009844 0.00876 0.0006385 0.003185
1341840850.221491 -0.02211 0.01549 0.00594 0.004824 0.01077 0.002718
1341840850.257570 -0.02381 0.003818 0.008827 -0.00334 0.004284 0.0003697
1341840850.314521 0.004258 -0.03326 -0.003292 -0.009245 -0.006521 0.002572
1341840850.350348 -0.02553 0.003415 0.002901 0.0041 0.01038 0.00225
1341840850.382480 -0.0121 0.0007151 -0.0004352 0.000955 -0.002257 0.001339
1341840850.418448 0.01663 -0.007232 -0.002473 -0.003336 -0.008503 6.217e-05
1341840850.450229 -0.01535 0.003453 0.004524 0.001559 0.01028 0.001985
1341840850.482352 -0.05042 0.01724 0.01353 0.006205 0.01507 0.003431
1341840850.518351 -0.05368 -0.003146 0.01224 -0.001374 0.0137 0.002493
1341840850.550287 0.03669 -0.01976 -0.009574 -0.00719 -0.01581 -4.067e-05
1341840850.582563 0.04404 0.02476 -0.0253 0.009038 -0.01047 0.0005533
1341840850.618439 -0.0198 0.004539 0.01502 -0.006694 0.01336 0.004297
1341840850.650443 -0.007282 -0.02383 -0.003922 -0.01036 0.0009655 0.002523
1341840850.686406 -0.01182 -0.01714 0.002178 0.0005901 0.002817 -0.007862
1341840850.718516 0.002373 0.0262 -0.005171 0.00945 -0.001149 -0.001144
1341840850.750308 -0.008054 -0.01508 0.005441 -0.01081 0.004027 -0.001202
1341840850.786319 -0.01424 -0.02214 0.001767 -0.005525 0.004882 -0.001715
1341840850.818316 -0.01645 0.01116 -0.003507 0.009121 0.003033 -0.0006643
1341840850.854290 -0.01874 0.007072 0.004168 0.001528 0.002017 0.0006016
1341840850.886322 -0.01818 -0.02061 0.004315 -0.006886 0.0002426 -0.003839
1341840850.918358 0.003609 0.003603 -0.003229 0.00603 -0.005109 -0.005895
1341840850.954395 -0.003187 0.01898 -0.003122 0.005465 0.002827 -0.000995
1341840850.986448 -0.01223 -0.008915 0.0007232 -0.006226 0.003837 -0.0006093
1341840851.018447 -0.004254 -0.005841 -0.001937 0.001114 -0.00208 -0.003768
1341840851.054395 -0.00266 0.01265 -0.0009087 0.003782 0.0007834 -0.0008442
1341840851.086362 -0.01708 -0.007201 0.003973 -0.006018 0.006585 0.001604
1341840851.122353 -0.00858 0.007059 -0.005412 0.002981 -0.002086 -0.002724
1341840851.154293 -0.003517 -0.001292 0.001702 -0.003812 -0.001554 -0.00344
1341840851.186482 -0.006705 -0.003868 -0.001385 -0.001396 0.002316 0.0007908
1341840851.222499 -0.01396 0.01044 -0.002569 0.004461 0.003607 -3.376e-05
1341840851.254587 -0.01006 0.004174 0.001915 -0.002448 0.0002364 0.0006744
1341840851.286786 -0.0008913 -0.009433 8.84e-05 -0.006314 -0.002169 0.0008013
1341840851.322525 -0.00953 -0.006149 -0.0003525 -0.0009083 0.003707 0.001626
1341840851.354461 -0.01926 0.01627 -0.001768 0.007381 0.005178 0.002945
1341840851.390383 -0.01748 0.001716 0.003364 -0.002534 0.000795 0.001997
1341840851.422373 0.0122 0.00587 -0.003694 0.001025 -0.009572 -0.001843
1341840851.454333 0.03552 0.01834 -0.008277 0.003346 -0.01044 0.0003842
1341840851.490328 -0.02918 -0.0117 0.009893 -0.007159 0.01852 0.0005538
1341840851.522431 -0.02996 0.01688 -0.006506 0.007385 0.007134 0.0008512
1341840851.555777 -0.0008334 0.01936 0.0002717 0.002139 -0.006207 0.000402
1341840851.590800 0.00579 -0.02264 0.003339 -0.01214 -0.002132 4.386e-05
1341840851.622401 -0.01928 0.00155 -0.002017 0.00608 0.00919 -0.001345
1341840851.658371 -0.026 0.01777 0.003078 0.00561 0.005813 -0.00266
1341840851.690446 -0.005972 -0.006742 0.001105 -0.005451 -0.004259 -0.001013
1341840851.722387 0.002989 0.008383 -0.002173 0.002598 -0.003113 -0.0009011
1341840851.758379 -0.01196 0.006908 0.0004322 -8.832e-06 0.004883 0.001081
1341840851.790498 -0.006158 0.01296 -0.001674 0.0008056 -0.0009862 -0.00169
1341840851.822502 0.002149 -0.009791 0.001838 -0.007823 -0.001975 -0.001943
1341840851.858469 -0.01973 -0.02442 0.001782 -0.006492 0.007626 -0.001476
1341840851.890382 -0.02339 0.02606 -0.00626 0.01367 0.004033 -0.002745
1341840851.926297 -0.001773 0.01295 0.0006232 -0.002564 -0.005611 -0.003327
1341840851.958364 0.0105 -0.02879 0.001982 -0.01223 -0.004882 -0.003064
1341840851.990589 -0.01844 0.01565 -0.005808 0.01304 0.01034 -0.000207
1341840852.026374 -0.02858 0.01875 0.001704 0.005398 0.006156 -0.003563
1341840852.058336 0.004693 0.002678 -0.003656 -0.003293 -0.00855 -0.00572
1341840852.094404 0.009897 -0.01458 0.0008405 -0.005487 -0.002744 -0.001574
1341840852.126392 -0.02408 -0.003982 -0.001149 0.003656 0.01217 0.002661
1341840852.158516 -0.04126 0.03176 0.001383 0.01372 0.009434 -0.001123
1341840852.194279 -0.02974 0.01324 0.01112 3.429e-05 0.002102 -0.002379
1341840852.226380 0.02439 -0.03401 -0.001936 -0.0125 -0.01157 -0.003247
1341840852.258313 0.00114 0.01736 -0.002259 0.01237 0.007833 -0.0004011
1341840852.294500 -0.03398 0.03716 0.004415 0.01139 0.01218 0.002515
1341840852.326311 -0.02693 -0.007816 0.01009 -0.00896 0.001697 0.002953
1341840852.362368 -0.002828 -0.0275 0.003276 -0.006899 -0.005264 -0.0006772
1341840852.394489 -0.00989 0.02421 -0.005368 0.01308 0.0009028 -0.002671
1341840852.426307 -0.01383 0.01159 0.0003528 -0.0005976 0.0001984 -0.002652
1341840852.462394 -0.0006749 -0.01212 0.001906 -0.008294 -0.004203 -0.003929
1341840852.494557 -0.01163 -0.008653 0.0007246 -0.001851 0.001952 -0.005017
1341840852.526348 -0.01811 0.003486 -0.002385 0.004555 0.001951 -0.003259
1341840852.562305 -0.008952 -0.000994 -0.0003455 0.0007147 -0.00258 -0.002054
1341840852.594400 -0.001965 -0.009109 -0.0004653 0.0001132 -0.003875 -0.002557
1341840852.630345 0.001709 0.02432 -0.004684 0.01019 -0.001154 -0.0008867
1341840852.663508 -0.00318 0.002362 0.0007999 -0.00718 0.00241 -0.0002492
1341840852.694654 0.005375 -0.02451 0.002805 -0.01152 -0.0004383 -0.00179
1341840852.732477 -0.006627 6.815e-05 -0.002255 0.00491 0.006135 -0.0019
1341840852.762455 -0.01223 -0.008265 -0.0001274 -0.0001799 0.004684 3.39e-05
1341840852.794631 -0.01192 0.004739 -0.003762 0.007087 0.001945 0.004668
1341840852.862990 -0.01086 0.02273 -0.002282 -0.002456 -0.004891 0.008336
1341840852.898597 0.002772 -0.03408 0.002272 -0.01138 -0.00282 -0.0003529
1341840852.930367 0.001537 0.008944 -0.005325 0.01312 -0.0003339 -0.000858
1341840852.962482 -0.01028 0.0303 -0.00354 0.009552 0.005134 0.001202
1341840852.998535 -0.01067 -0.01633 0.004832 -0.01204 0.002577 0.003003
1341840853.037588 -0.003013 -0.008213 0.0001291 -0.0006816 -0.001529 0.001278
1341840853.098354 -0.01386 0.008041 0.001864 -0.0004164 0.005509 0.0009115
1341840853.131999 -0.01597 -0.009103 0.0004266 -0.002367 0.003242 0.002625
1341840853.166530 -0.002754 0.01991 -0.002565 0.006619 -0.001979 0.003108
1341840853.198406 -0.000973 -0.01356 0.004868 -0.0112 0.0005979 0.002645
1341840853.231726 -0.01339 -0.03269 0.002354 -0.008971 0.005222 0.005606
1341840853.266442 -0.02401 0.01558 -0.005689 0.01362 0.003635 0.003659
1341840853.298516 -0.002248 0.03294 -0.001211 0.007602 -0.003606 -0.0009047
1341840853.334385 0.001196 -0.01762 0.007803 -0.01492 0.002236 0.001347
1341840853.398402 -0.03582 -0.005541 -0.001472 0.006436 0.01136 0.001854
1341840853.434335 -0.001082 -0.004507 0.002382 -0.004102 -0.003046 0.002373
1341840853.466387 -0.001284 -0.009296 0.001209 -0.002121 -5.597e-05 0.003248
1341840853.498430 -0.01813 0.01048 -0.001456 0.004743 0.00647 0.003498
1341840853.534407 -0.01103 -0.006909 0.0006924 -0.004925 -0.001427 0.001455
1341840853.566451 0.004324 -0.01859 0.00171 -0.005321 -0.004535 -0.0006079
1341840853.602691 -0.009147 -0.01312 -0.001387 0.002803 0.003555 0.002189
1341840853.634832 -0.007424 0.02046 -0.005737 0.01239 -0.0002258 0.002168
1341840853.666488 -0.0009355 0.01379 -0.0007851 -0.0004555 -0.0008137 0.002383
1341840853.702424 -0.0001265 -0.02409 0.004565 -0.01227 0.001051 0.001919
1341840853.734353 -0.01191 0.0002629 -0.003989 0.008479 0.006788 0.003831
1341840853.766467 -0.006575 0.01256 -0.001952 0.004697 0.0006165 0.002291
1341840853.802607 -0.01579 0.007119 -0.001688 -0.002237 0.004294 0.00066
1341840853.834576 0.001163 -0.03798 0.004927 -0.01325 -0.002334 0.003921
1341840853.870615 -0.01303 0.01206 -0.006205 0.01175 0.004029 0.003617
1341840853.902573 -0.005795 -0.004034 -0.0007339 0.0002992 -0.00162 0.001292
1341840853.940152 -0.0007403 0.001669 -0.0007188 0.001393 -0.001052 0.0008144
1341840854.002413 -0.03491 -0.01052 -0.003574 0.002434 0.009305 0.006526
1341840854.034566 -0.002302 0.002455 0.002477 -0.002367 -0.006503 0.00226
1341840854.070475 -0.002972 -0.008052 0.0004115 -0.003396 -0.001707 -0.001027
1341840854.102373 0.0009868 -0.003256 0.001759 0.002198 0.000769 -0.00114
1341840854.138343 -0.01834 0.006429 -0.00116 0.004102 0.008109 0.001218
1341840854.170475 -0.01993 0.01219 -0.002217 0.001718 0.002567 0.0001949
1341840854.202459 0.008608 -0.01243 0.003418 -0.009311 -0.007646 -0.002372
1341840854.238384 0.008746 -0.008268 0.003408 -0.001384 7.296e-05 0.0003998
1341840854.270355 -0.0158 0.01968 -0.001203 0.006781 0.01041 0.0006951
1341840854.306367 -0.02781 -0.00341 0.001951 -0.006965 0.007325 -0.0001917
1341840854.338540 0.002963 -0.01672 0.001531 -0.007414 -0.007671 -0.001523
1341840854.370427 0.01233 -0.006738 0.00209 0.000879 -0.003334 -0.00331
1341840854.406491 -0.01755 0.009407 -0.002028 0.006652 0.01047 -0.0003706
1341840854.438402 -0.00804 -0.004065 -0.0004185 -0.002184 7.624e-05 -0.001671
1341840854.470341 0.01211 -0.0108 0.002021 -0.002013 -0.004055 -0.0007756
1341840854.506442 -0.01693 0.000805 -0.001617 0.003944 0.01013 0.003341
1341840854.538722 -0.02793 -0.002078 -0.003341 -0.0002044 0.005601 0.0006037
1341840854.574331 -0.005472 -0.01163 -0.001573 -0.001691 -0.005363 0.001022
1341840854.606460 0.007803 0.01044 -0.001375 0.006132 -0.00418 0.001248
1341840854.638476 -0.005504 -0.007775 0.001066 -0.003148 0.003419 -0.002895
1341840854.674312 -0.007972 -0.006453 -0.002023 0.001604 0.002749 -0.00107
1341840854.706362 -0.00126 0.01017 -0.001652 0.004335 -3.553e-05 0.002954
1341840854.738328 -0.01249 -0.009823 -0.0009158 -0.005575 0.003779 0.002288
1341840854.774384 0.001119 -0.001193 -0.001582 0.001091 -0.00392 2.119e-05
1341840854.806396 -0.003851 4.744e-05 -0.0004782 0.0006992 0.001394 0.002154
1341840854.842383 -0.007819 0.007005 -0.002805 0.00317 0.001901 0.003387
1341840854.874351 0.0001657 0.02747 -0.0007075 0.005185 -0.0009705 -0.001701
1341840854.906375 0.005853 -0.007759 0.006758 -0.01064 0.0007898 -0.002635
1341840854.942414 -0.001436 -0.02467 0.004713 -0.007773 0.006727 0.005449
1341840854.974632 -0.02405 0.0208 -0.004829 0.01145 0.009368 0.005138
1341840855.006485 -0.005527 0.01567 -0.002403 -0.0006572 -0.004273 0.000275
1341840855.042409 0.004486 -0.02814 0.004335 -0.01399 -0.001933 0.003393
1341840855.074380 -0.02367 -0.0282 -0.005993 -0.001666 0.008085 0.009323
