1341846647.834093 -0.001971 0.00294 0.001623 -0.0005995 -0.0001835 -0.003155
1341846647.866652 -0.0006402 0.002453 0.00467 -0.001758 -0.004312 -0.002993
1341846647.901972 -0.0003121 0.0006753 0.005302 0.0003798 -0.004564 -6.279e-05
1341846647.934224 -0.0001784 0.0008429 0.0006495 0.002935 -0.0003484 -0.0003397
1341846647.970225 -0.0008558 0.002954 -0.0005968 0.001807 0.003399 -0.00124
1341846648.002341 0.0001199 0.001616 0.005393 0.002244 0.001329 0.0001529
1341846648.034343 0.0006735 0.00183 0.001382 0.005256 0.002491 0.0004564
1341846648.070164 0.0004262 0.00323 -0.005087 0.003143 0.006301 -0.0008965
1341846648.102152 0.001714 0.003408 0.000495 -7.231e-05 0.005976 -0.001558
1341846648.138185 0.002496 0.002644 0.005888 0.002112 0.001958 0.0004665
1341846648.170568 0.002258 0.004047 0.00162 0.007655 0.002674 0.002218
1341846648.202106 0.0009166 0.005481 -0.006739 0.004313 0.008998 0.001016
1341846648.238157 0.003039 0.00424 0.0008961 3.015e-05 0.009599 -0.0001525
1341846648.270152 0.003859 0.001595 0.009259 0.005087 0.009205 0.006426
1341846648.302183 0.001899 0.003637 -0.0005599 0.01208 0.00932 0.01027
1341846648.338170 0.0003105 0.003536 -0.004803 0.007603 0.01055 0.006573
1341846648.370216 0.0006223 0.001474 -0.001416 0.004055 0.01502 0.000967
1341846648.406052 0.0003938 0.0007141 -0.00375 0.003178 0.01991 -0.002257
1341846648.438342 0.0001311 0.0003587 -0.003531 -0.0003531 0.01141 -0.003086
1341846648.470076 0.001531 -8.827e-05 0.004561 0.002263 0.009797 -0.0007726
1341846648.506263 -0.0003108 0.001778 0.0004892 0.007068 0.01271 0.001445
1341846648.538249 -0.0008089 0.001785 -0.001212 0.007064 0.01262 0.003127
1341846648.570179 -0.001087 0.001415 0.0006474 0.006966 0.005782 0.004269
1341846648.606081 -0.01 0.002281 -0.00392 0.005903 0.01334 0.002106
1341846648.638395 -0.004725 0.002583 -0.007908 0.000731 0.01939 0.003064
1341846648.674053 -0.0009488 0.001444 0.001674 -0.002372 0.006491 0.001725
1341846648.706058 -0.005197 0.001161 0.007954 0.00191 0.01611 -0.0001073
1341846648.738116 -0.002305 0.0005705 -0.007427 0.0005139 0.01719 -0.00136
1341846648.774049 -0.003614 -0.003327 -0.002371 -0.006514 0.004174 0.00245
1341846648.805941 -0.002837 -0.001375 0.005586 -0.003921 0.006091 -0.003408
1341846648.838602 -0.00245 -0.00349 0.004252 0.0001423 0.01566 -0.003338
1341846648.874088 -0.003419 -0.004752 0.002453 0.002026 0.00601 0.002727
1341846648.906165 -0.01669 -0.0012 -0.0008059 0.003351 0.01807 -7.674e-06
1341846648.942154 -0.01359 -0.001913 0.0002525 -0.001541 0.03609 -0.004675
1341846648.974090 0.0009607 -0.006813 0.01027 0.002373 0.01668 0.004228
1341846649.006157 -0.01208 0.0004066 -0.0004398 0.007792 0.008662 0.001908
1341846649.042101 -0.01963 -0.0009504 0.005755 -0.001602 0.02371 0.0006145
1341846649.074128 -0.008626 -0.009531 0.01183 0.002523 0.01603 0.01216
1341846649.106188 -0.01199 -0.008003 0.0006469 0.006024 0.002911 0.01723
1341846649.142042 -0.007764 0.0001017 0.006316 0.006263 0.005432 0.00233
1341846649.174442 -0.01486 -0.007272 0.0006121 0.003113 0.01525 0.007426
1341846649.216152 -0.01245 -0.007836 -0.001127 0.0004677 0.004272 0.007068
1341846649.248048 -0.007427 -0.001136 0.006764 0.003557 0.0003936 -0.003193
1341846649.280075 -0.007366 -0.002575 0.008248 0.007197 0.007391 -0.003585
1341846649.316071 -0.01272 -0.002093 -0.002198 0.009032 0.004857 5.615e-05
1341846649.348041 -0.01213 0.003388 -0.004754 0.002835 0.007667 -0.006617
1341846649.383973 -0.007932 -0.001757 0.001002 -0.005519 0.01101 -0.007722
1341846649.416053 -0.00259 -0.008551 0.005595 0.0002253 -0.0004967 0.007205
1341846649.448084 -0.005882 0.002811 -0.0002706 0.01083 -0.005077 0.001918
1341846649.484154 -0.007071 0.006695 -0.004248 0.006333 0.006467 -0.004669
1341846649.516198 -0.007644 -0.002119 -0.005606 -0.001984 0.005296 0.004809
1341846649.552101 -0.004944 0.0004062 -0.002097 -0.001878 -0.003885 0.008236
1341846649.616167 -0.002875 0.01336 0.005271 0.0009139 0.00718 -0.01056
1341846649.678101 -0.008524 0.01126 -0.004351 0.001866 0.005809 0.005268
1341846649.710937 0.004527 0.005303 0.00776 -0.001064 0.01026 -0.001371
1341846649.746112 -0.005738 0.001332 -0.006214 -0.002166 0.01334 0.006584
1341846649.778019 -0.0003254 0.001581 0.002042 -0.002643 0.008184 0.004267
1341846649.810257 0.003156 0.001697 0.006596 -0.001796 0.01464 0.000359
1341846649.846059 0.003076 -0.005731 0.0127 0.002134 0.01573 0.005179
1341846649.878137 -0.008054 0.003182 -0.00697 0.01114 0.01169 0.00231
1341846649.914184 -0.01266 0.003919 -0.01284 -0.003404 0.01475 -0.003702
1341846649.952612 -0.003021 -0.004468 0.005229 -0.006367 0.005138 -0.004014
1341846650.014156 -0.01497 0.003319 -0.001907 -0.003949 0.009677 -0.0146
1341846650.046184 -0.007984 -0.001438 -0.001045 -0.003036 0.007233 -0.003037
1341846650.078250 -0.01048 0.0007654 -0.004533 -0.003164 -0.0004224 0.002731
1341846650.114215 -0.00477 0.004515 0.003595 -0.002639 -9.149e-05 -0.004021
1341846650.146137 -0.009722 0.002856 -0.003338 -0.004086 0.00729 -0.003556
1341846650.182236 -0.007803 -0.001102 -0.0002959 -0.00814 -0.0004397 0.006025
1341846650.214164 -0.000617 0.002021 0.01133 -0.002061 -0.003652 0.001884
1341846650.246084 -0.005712 0.002683 0.001804 0.00425 0.00314 -0.0005752
1341846650.282167 -0.01304 0.003024 -0.01095 -0.004795 -0.0009489 0.0104
1341846650.314158 0.002895 0.003003 0.0153 -0.00303 -0.009125 0.005925
1341846650.350453 0.001003 0.00309 0.008787 0.005092 -0.0006198 -0.0003564
1341846650.382075 -0.006351 0.0008486 -0.004752 0.004322 0.001066 0.006027
1341846650.414224 -0.007072 0.001957 -0.007838 -0.003984 -0.007685 0.003332
1341846650.450353 0.006285 0.0009658 0.01361 -0.002886 -0.0119 -0.003642
1341846650.484849 0.004064 -0.001485 0.006192 0.004035 -0.007176 0.00354
1341846650.514091 -0.004723 0.001646 -0.01292 0.001688 -0.0103 0.004229
1341846650.550746 -0.0001664 0.003117 -0.006893 -0.009606 -0.01315 -0.001242
1341846650.582069 0.01208 -0.0006307 0.01322 -0.008238 -0.01537 0.001283
1341846650.618092 0.008627 -0.0002637 0.003447 0.001611 -0.01351 0.005913
1341846650.650422 0.005665 0.001224 -0.004652 -6.478e-05 -0.01522 0.005791
1341846650.682114 0.01007 0.002419 0.001896 -0.0007705 -0.01524 0.003325
1341846650.718110 0.01025 0.0009102 0.0001204 0.0004092 -0.012 0.004619
1341846650.750112 0.01076 -0.0008195 -0.001126 -0.001328 -0.01656 0.006019
1341846650.782116 0.006894 0.004277 -0.006984 -0.001783 -0.01922 -0.004049
1341846650.818115 0.01128 0.003972 0.001827 -0.005075 -0.007501 -0.003374
1341846650.850139 0.01423 -0.00388 0.00473 -0.001752 -0.01069 0.003043
1341846650.886238 0.009023 -0.0003456 -0.004139 0.003674 -0.0234 0.001266
1341846650.918288 0.009269 0.004426 -0.003715 0.0007887 -0.02002 -0.006162
1341846650.950233 0.01515 -0.001079 0.005575 -0.001452 -0.01504 -0.006664
1341846650.986247 0.008 -0.0007467 -0.007163 0.001391 -0.02021 -0.004559
1341846651.050482 0.02948 0.003795 0.0124 -0.00379 -0.03752 -0.01707
1341846651.086169 0.01024 -0.003487 -0.004376 0.007142 -0.01586 -0.002149
1341846651.118423 0.003203 0.002658 -0.0147 -0.003562 -0.01691 -0.006844
1341846651.154189 0.01526 0.0009803 0.007261 -0.008366 -0.01571 -0.005511
1341846651.186391 0.01385 0.0008806 0.005113 0.002754 -0.01339 -0.004449
1341846651.218036 0.008994 0.0001503 -0.005588 0.003623 -0.01097 -0.0003864
1341846651.254031 0.01037 0.001899 -0.002265 0.001257 -0.01111 -0.001911
1341846651.286406 0.01206 0.000944 -0.001597 0.004621 -0.01134 0.002807
1341846651.318309 0.008988 0.00326 -0.008276 0.003746 -0.008824 0.003795
1341846651.354135 0.01255 0.0007347 -0.005109 -0.001458 -0.01433 0.003634
1341846651.386180 0.01134 0.004514 -0.003848 -0.0004821 -0.01422 -0.0009396
1341846651.422237 0.01608 0.003211 0.0019 0.001859 -0.007038 0.0005768
1341846651.492135 0.02199 0.00624 -0.01662 0.009677 -0.01755 0.01255
1341846651.560316 0.02293 0.0139 -0.01519 -0.002458 -0.03428 -0.003219
1341846651.622176 0.03167 0.008344 -0.007574 -0.01447 -0.02493 0.004964
1341846651.654223 0.01883 0.004343 -0.001417 -0.005746 -0.01037 -0.001774
1341846651.690127 0.02017 0.002343 -0.001011 -0.007827 -0.008706 -0.001851
1341846651.722318 0.02296 0.002438 0.001555 -0.005828 -0.01234 -0.002452
1341846651.754212 0.02658 0.001446 0.006014 -0.002455 -0.01257 0.0009452
1341846651.790200 0.02595 0.0002701 0.006121 0.004032 -0.01572 0.002872
1341846651.822233 0.01921 0.003194 -0.007853 -0.001324 -0.01455 -0.002822
1341846651.858213 0.02637 -0.0004699 0.002094 -0.01804 -0.01461 -0.002562
1341846651.890237 0.03057 7.31e-05 0.009437 -0.0133 -0.01741 -0.0004247
1341846651.922186 0.02905 0.002134 0.006708 -0.001704 -0.01491 -0.001432
1341846651.958047 0.02232 0.002604 -0.006531 -0.003775 -0.008774 -0.004491
1341846651.990020 0.02692 0.0007385 -0.001409 -0.01304 -0.01639 -0.005041
1341846652.022081 0.03227 0.002485 0.009967 -0.009494 -0.01482 -0.006105
1341846652.058058 0.03242 0.001559 0.008555 0.001509 -0.008996 0.0005577
1341846652.090106 0.02614 0.00152 -0.0005229 0.004851 -0.007592 0.003759
1341846652.126257 0.03085 0.002606 -0.0007237 0.005083 -0.01358 0.002867
1341846652.158232 0.03288 0.003042 -0.0005147 0.004272 -0.009745 0.0005569
1341846652.190049 0.02532 0.002439 -0.007989 0.001677 -0.006794 0.001686
1341846652.225981 0.03177 0.002982 -0.004936 -0.001466 -0.0207 -0.0004903
1341846652.258089 0.04096 0.002776 0.005759 -0.003802 -0.01992 -0.004134
1341846652.290189 0.03129 0.002809 -0.0128 -0.006158 -0.005092 -0.007033
1341846652.326148 0.02465 -0.002712 -0.00822 -0.01324 -0.007666 -0.002006
1341846652.358184 0.03283 -0.003942 0.005594 -0.005697 -0.01434 0.002075
1341846652.394279 0.02655 -0.001818 -0.003229 -0.001706 -0.008105 0.00114
1341846652.426287 0.01814 -0.001109 -0.003116 -0.004011 -0.006637 0.001265
1341846652.458277 0.02373 -0.001063 -0.0009361 -0.005642 -0.01122 -0.0008795
1341846652.494100 0.01877 -0.004378 0.005078 -0.00611 -0.008385 0.001432
1341846652.526469 0.01438 -0.004508 0.004731 -0.0003002 -0.01026 0.002693
1341846652.562089 0.01974 0.002757 -0.01743 -0.0001616 -0.01855 0.002249
1341846652.594254 0.02904 -0.006831 -0.002884 -0.006569 -0.02892 0.003603
1341846652.626356 0.01963 -0.002842 -0.0124 -0.00389 -0.02621 0.002858
1341846652.662152 0.009119 -0.006173 0.006198 -0.003974 -0.04092 0.009622
1341846652.694113 0.02466 -0.002643 -0.01482 0.002206 -0.0594 0.01227
1341846652.726378 0.02762 -0.002939 -0.0152 -0.004625 -0.06423 0.007991
1341846652.762129 0.02688 -0.006063 0.0003664 -0.001068 -0.0597 0.008301
1341846652.794152 0.01827 0.0006857 -0.005854 0.004637 -0.06588 0.004525
1341846652.830250 0.02307 -0.0006041 0.0009911 0.0009481 -0.06045 0.002758
1341846652.862014 0.01996 -0.0001989 0.002734 0.003639 -0.03803 -0.002425
1341846652.894426 0.01427 0.002739 -0.009019 0.003785 -0.0398 -0.005073
1341846652.930346 0.01984 0.0002107 0.001947 -0.002622 -0.04281 -0.002554
1341846652.962213 0.02411 -0.00376 0.01573 0.0004981 -0.03434 0.003234
1341846653.030292 0.03071 0.008816 -0.01287 0.01307 -0.06793 0.003876
1341846653.062672 0.01982 0.002375 0.01442 -0.004016 -0.03264 -0.004846
1341846653.099024 0.01554 -0.00147 0.02147 0.002266 -0.03355 0.0009406
1341846653.130475 0.01446 0.004355 0.005362 0.006711 -0.03941 0.004968
1341846653.162620 0.01819 0.005178 0.01437 0.001882 -0.03478 -0.001987
1341846653.198437 0.01775 0.00212 0.01249 0.001773 -0.02766 -0.005199
1341846653.230042 0.018 -0.0009244 0.008728 -0.000594 -0.03017 -0.004466
1341846653.298380 0.03412 -0.009581 0.008742 0.003498 -0.0617 -0.007713
1341846653.330162 0.01525 -0.006427 0.002965 0.001179 -0.02868 -0.005161
1341846653.366319 0.02049 -0.003496 0.008203 0.004231 -0.0271 -0.004172
1341846653.398226 0.01743 -0.0074 -0.0002562 0.0005264 -0.02509 -0.00693
1341846653.430060 0.01691 -0.007884 0.008007 -0.004712 -0.02074 -0.006457
1341846653.466341 0.01752 -0.002245 0.01899 -0.004962 -0.01702 0.00112
1341846653.498194 0.00974 -0.001457 0.02593 -0.0009608 -0.01178 0.00283
1341846653.530205 0.007527 -0.001391 0.01374 -0.002491 -0.005537 0.004027
1341846653.566601 0.004728 0.00142 0.0167 -0.002669 -0.002844 0.005087
1341846653.598213 0.003548 -0.0008039 0.01376 0.0007228 -0.001936 -0.0001693
1341846653.634793 0.005485 -0.00039 0.007216 0.001399 0.002456 0.001295
1341846653.666143 0.002858 -0.0006061 0.009752 6.611e-05 0.002971 -0.002094
1341846653.698738 0.00386 -0.000969 0.009721 0.003789 0.008417 -0.00093
1341846653.734313 0.006251 -0.001476 0.0001987 0.005774 0.01046 -0.0005908
1341846653.766275 0.006366 -0.002133 -0.002078 0.002773 0.00543 -0.003224
1341846653.802358 0.008008 -0.003424 0.007926 0.002831 0.01245 -0.002122
1341846653.834226 0.006843 -0.00244 -0.007139 0.002312 0.01958 -0.003812
1341846653.866214 0.004992 -7.664e-06 0.002203 0.002231 0.01357 -0.0006088
1341846653.902170 0.006399 -0.00243 -0.00242 0.004603 0.01693 -0.001115
1341846653.934160 0.008226 -0.0007202 -0.01355 0.002857 0.01786 0.003591
1341846653.966155 0.003397 0.0008116 -0.001482 0.003571 0.0164 0.004246
1341846654.002169 0.002055 0.001596 -0.006803 0.007949 0.02097 0.006374
1341846654.034140 0.004817 0.001853 -0.02753 0.006993 0.01871 0.006232
1341846654.070172 0.005004 0.003903 -0.0256 -0.002777 0.02476 -0.001176
1341846654.102438 0.01049 0.003382 -0.01675 -0.006178 0.02438 -0.003839
1341846654.134349 0.005114 -0.001302 -0.007316 -0.007563 0.02382 -0.003316
1341846654.170244 0.01016 -0.001181 -0.003106 -0.005593 0.02998 0.001937
1341846654.202087 -0.002379 0.002321 -0.01603 -0.00483 0.03437 0.005252
1341846654.234434 0.005786 -0.0004432 -0.002668 -0.004825 0.0186 0.002335
1341846654.270041 0.006977 -0.001524 -0.0008251 -0.002486 0.02802 0.006012
1341846654.302117 -0.003266 -0.001079 -0.005235 -0.0007119 0.03582 0.005966
1341846654.338026 -0.01343 0.0005175 -0.008774 0.002671 0.0197 -0.001172
1341846654.369979 0.01233 0.000336 -0.008814 8.662e-05 0.0218 -0.0008013
1341846654.402172 0.0006818 -0.003286 -0.002494 -0.004193 0.0479 0.0004183
1341846654.438133 -0.02006 -0.006259 0.002132 0.003057 0.03074 0.003796
1341846654.470186 0.005655 0.006455 -0.01224 0.006144 0.01798 0.004077
1341846654.502267 0.003958 0.000634 -0.007562 -0.0007713 0.0446 0.003055
1341846654.539064 -0.02322 -0.005504 -0.00588 -0.001412 0.03638 0.004282
1341846654.570053 0.0004639 -0.001416 -0.005161 0.004152 0.008624 0.007544
1341846654.606030 0.01044 0.004821 -0.01144 0.0001766 0.03466 0.006088
1341846654.637980 -0.0269 0.004606 -0.0142 -0.004943 0.03925 -0.002198
1341846654.670155 -0.003093 -0.00307 0.005085 -0.006116 0.01246 -0.001237
1341846654.706022 -0.001575 -0.0004333 -0.007513 -0.004378 0.02897 -0.003492
1341846654.738497 -0.02242 0.003845 0.003975 -0.006628 0.03983 -0.007055
1341846654.774056 -0.01556 -0.007251 0.01746 -0.003413 0.01748 -0.004297
1341846654.806040 0.0009603 -0.0002165 -0.005834 0.005269 0.02068 -0.001071
1341846654.838060 -0.00799 0.001802 -0.003397 0.0001708 0.03355 -0.002204
1341846654.874136 -0.02293 -0.006694 0.01645 0.0007488 0.02842 2.68e-05
1341846654.906209 -0.0003625 0.001553 -0.01008 0.008388 0.02088 0.001674
1341846654.938214 0.004004 0.002799 -0.02368 -0.003602 0.0316 -0.002415
1341846654.974334 -0.01532 -0.00324 0.01336 -0.008427 0.03479 -0.005689
1341846655.006124 -0.01969 -0.005217 0.01865 0.001292 0.02919 -0.001822
1341846655.042239 -0.0003777 0.003213 -0.01802 0.00401 0.03848 -0.0008656
1341846655.074179 -0.001832 0.0008993 0.001903 -0.004182 0.03921 -0.003786
1341846655.106132 -0.01524 -0.003915 0.01106 -0.00145 0.02986 0.002552
1341846655.142070 -0.01051 -0.002087 0.004983 0.002212 0.04816 0.003984
1341846655.174000 -0.01415 0.000499 0.006806 0.003949 0.04083 0.001791
1341846655.206124 -0.008343 0.00143 0.0005332 0.005785 0.02247 0.004696
1341846655.242079 -0.004082 0.004082 -0.01138 -0.002254 0.02606 -0.001886
1341846655.274211 -0.0158 0.0004337 0.001338 -0.006357 0.01679 -0.001461
1341846655.310175 -0.007682 0.003619 -0.00755 -0.01096 0.002609 -0.00609
1341846655.342236 -0.01602 -0.00269 0.00721 -0.01506 0.0142 -0.01105
1341846655.374134 -0.01916 -0.005803 0.01112 -0.006709 0.008912 -0.00422
1341846655.410207 -0.004501 0.001712 -0.01559 -0.003066 0.0009615 -0.003895
1341846655.442262 -0.0156 -0.001795 0.00375 -0.01014 0.02326 -0.00577
1341846655.474205 -0.02234 -0.007072 0.0152 -0.002533 0.02533 -0.003714
1341846655.510277 -0.01601 -0.002203 0.0003011 0.007819 0.02358 -0.002009
1341846655.542135 -0.01499 0.0002224 -0.006856 0.008798 0.01854 -0.005716
1341846655.578132 -0.01368 0.001154 -0.01084 0.005779 0.01773 -0.003824
1341846655.642348 -0.03577 0.0004701 -0.005891 0.01411 0.04571 -0.005885
1341846655.678110 -0.01688 0.004047 -0.01226 0.001195 0.02434 -0.003738
1341846655.710074 -0.02755 -0.0008915 0.01404 -0.002863 0.02914 -0.006084
1341846655.748050 -0.02446 0.000292 0.009607 0.006712 0.02577 -0.005155
1341846655.810222 -0.04853 0.009142 -0.009042 0.008922 0.04923 -0.0117
1341846655.846257 -0.02873 0.0002924 0.0117 0.004695 0.02552 -0.004521
1341846655.910355 -0.05048 0.0108 -0.01092 0.01682 0.0479 -0.004639
1341846655.946240 -0.03078 0.003639 0.01535 0.004622 0.02685 -0.001382
1341846655.978412 -0.02875 0.005216 0.004548 0.008024 0.01933 -0.002425
1341846656.014188 -0.02389 0.00561 0.0006567 0.006507 0.01097 -0.003937
1341846656.046211 -0.01801 0.004739 -0.008752 0.004643 0.009201 -0.00547
1341846656.078165 -0.01843 0.001474 -0.003774 0.0009387 0.01245 -0.004994
1341846656.114220 -0.01937 -0.003489 0.005795 0.003081 0.01304 -0.003206
1341846656.146158 -0.01649 0.002189 -0.01437 0.005145 0.01523 -0.001185
1341846656.178154 -0.01598 -0.000484 -0.001383 -0.0003715 0.01635 -0.001758
1341846656.214132 -0.01544 -0.0004672 0.001905 0.001116 0.01459 0.0006093
1341846656.246093 -0.01364 0.0004765 -0.0004271 -0.0008306 0.00975 -0.0009117
1341846656.282181 -0.009305 -0.003457 0.006798 0.0001107 0.006895 -0.002912
1341846656.314258 -0.007111 0.001381 -0.001431 0.004202 0.01055 0.001878
1341846656.346094 -0.01008 -0.003123 0.01138 0.00388 0.01045 0.00106
1341846656.382222 -0.003162 0.003538 -0.008925 0.006794 0.007997 6.199e-05
1341846656.414253 0.000434 0.002395 0.001181 -0.00167 0.01849 0.0005677
1341846656.446177 -0.01121 -0.009543 0.0376 0.002152 0.01974 -0.0008889
1341846656.482260 -0.0003843 0.003811 -0.004344 0.01097 0.01187 -0.001096
1341846656.519461 -0.001637 0.003041 0.002248 -0.0001965 0.01557 -0.0009011
1341846656.582247 -0.000171 -0.005075 0.02874 0.009457 0.01106 -0.002494
1341846656.614195 0.001179 0.002506 0.002843 0.00268 0.005545 -0.0006545
1341846656.649995 0.00272 -0.0006216 0.008897 -7.736e-05 0.001829 0.0005788
1341846656.682076 0.008132 0.001459 0.006791 0.002104 0.006456 0.0003945
1341846656.714216 0.0008554 -0.005457 0.01431 0.001084 0.009191 -0.0007396
1341846656.749974 0.002142 -0.004006 0.00263 0.004053 0.002828 -0.0004246
1341846656.782653 0.003187 0.001532 -0.003684 0.0007278 0.003499 0.0005025
1341846656.824388 0.004336 -0.006551 0.009601 -0.0009647 0.005617 -0.001168
1341846656.856226 0.000289 -0.008227 0.008425 0.004096 0.001664 0.000291
1341846656.892050 0.002018 0.002066 -0.003663 0.003185 -0.005429 -0.0007971
1341846656.924099 0.001141 -0.003994 0.003494 -0.000522 -0.002304 0.0008929
1341846656.956112 0.001892 -0.005101 0.01693 0.001571 -0.01218 0.0007121
1341846656.992122 0.00484 0.001948 -0.008171 0.002972 -0.01457 -0.001829
1341846657.024108 0.0006276 -0.001618 0.001291 -0.0009835 -0.006165 -0.0006329
1341846657.056121 -0.004649 -0.0004296 0.009539 -0.0001597 -0.01174 -0.003159
1341846657.092006 -0.004909 0.006529 -0.01509 -0.007214 -0.02119 -0.003189
1341846657.124027 0.001105 0.001178 0.007805 -0.01567 -0.02212 -0.0008088
1341846657.155973 0.00123 0.003032 0.02363 -0.00869 -0.02564 0.000423
1341846657.192094 -0.001897 -0.0003193 0.01088 -0.004515 -0.03046 0.00399
1341846657.224195 -0.008 -0.003689 0.006244 -0.004876 -0.01946 0.006402
1341846657.292164 -0.03018 -0.00858 0.03291 -0.004786 -0.03522 0.01018
1341846657.354367 -0.0364 -0.00898 0.03401 7.576e-05 -0.03008 0.006731
1341846657.386193 -0.01425 -0.002378 -0.004075 -0.0009948 -0.01949 0.004111
1341846657.418105 -0.01022 -0.002701 0.0006076 -0.006129 -0.02066 0.002418
1341846657.454277 -0.008059 -0.004672 0.0123 -0.004586 -0.02012 0.002569
1341846657.486117 -0.01856 -0.00171 -0.006835 -0.002098 -0.02296 0.004783
1341846657.522092 -0.01716 -0.000804 -0.004815 -0.006453 -0.0202 0.003879
1341846657.554062 -0.01416 -0.0007101 0.01154 -0.004871 -0.01215 0.002732
1341846657.586078 -0.02016 0.001345 0.0117 0.001199 -0.02232 0.003602
1341846657.622205 -0.02038 0.00329 -0.00988 0.0006885 -0.01963 0.004759
1341846657.654161 -0.01849 0.001818 0.005549 -0.00269 -0.01113 0.0009536
1341846657.686517 -0.02221 0.002992 0.0002082 -0.0003514 -0.02141 0.001294
1341846657.722061 -0.01397 0.002566 -0.007073 -0.002474 -0.02453 0.005539
1341846657.754104 -0.009282 -0.001038 0.01843 -0.0003883 -0.01856 0.0004981
1341846657.790066 -0.01718 0.004838 0.0005781 0.01084 -0.02765 0.003138
1341846657.822089 -0.00832 0.01057 -0.035 0.002137 -0.0332 0.005292
1341846657.853972 -0.02769 0.001962 0.001165 -0.006087 -0.01473 -0.006753
1341846657.889993 -0.04226 -0.000915 -0.0003133 0.003085 -0.01507 -0.002674
1341846657.922046 -0.02704 0.00231 -0.0235 -0.00245 -0.01794 -0.001837
1341846657.954192 -0.02412 -0.01039 0.01222 -0.00373 -0.009062 -0.006167
1341846657.990141 -0.01456 -0.002106 -0.01902 0.005868 -0.01745 -9.559e-05
1341846658.022419 -0.003356 -0.0007137 -0.01841 -0.005817 -0.01326 -0.001032
1341846658.090215 -0.009333 -0.004883 0.003327 -0.002254 -0.02736 -0.0001365
1341846658.122355 0.006759 -0.002203 -0.006811 0.001494 -0.01377 0.002003
1341846658.158136 -0.0008816 -0.00165 -0.001424 0.003146 -0.006964 0.0005735
1341846658.190098 -0.01074 0.001731 -0.005364 0.004489 -0.009968 0.000173
1341846658.226027 0.0154 0.007486 -0.01296 -0.001549 -0.01378 0.00387
1341846658.258133 -0.0008411 -0.009384 0.006623 -0.006285 -0.0033 0.002799
1341846658.290020 -0.001797 0.001675 -0.00486 0.002564 -0.008413 0.007529
1341846658.326239 0.008948 -0.001213 -0.001441 -0.001918 -0.008461 0.007303
1341846658.358248 0.01142 -0.01387 0.001441 0.002099 -0.002638 0.008276
1341846658.390215 -0.01033 0.006274 0.004013 0.01262 0.003318 0.006727
1341846658.426300 0.006615 0.00938 -0.008938 0.005266 -0.00859 0.001751
1341846658.458168 0.02097 0.001045 0.001815 -0.003461 -0.0006641 -0.002198
1341846658.494176 -0.004113 -0.02182 0.01605 -0.0001125 0.01071 -0.005575
1341846658.526214 -0.003333 -0.002531 0.001442 0.01931 0.002966 0.002546
1341846658.558129 0.009085 -0.005265 -0.0001206 0.02076 0.004124 -0.0007854
1341846658.594206 0.0009124 -0.01009 0.002447 0.04103 0.008136 0.002286
1341846658.626105 0.00747 0.03162 -0.00395 0.03902 0.008023 0.007652
1341846658.658181 -0.009155 0.008594 0.006371 0.01375 0.01176 -0.001807
1341846658.694141 -0.00502 -0.01711 0.006252 0.02163 0.003303 -0.003497
1341846658.726153 0.02093 0.01361 -0.01167 0.02828 -0.001433 0.0009549
1341846658.762100 -0.001984 0.008111 -0.0003106 0.006971 0.01427 -0.00103
1341846658.794185 -0.01423 -0.007817 0.01572 0.006558 0.004268 -0.007095
1341846658.826155 0.00859 -0.003428 -0.004368 0.02048 -0.00785 0.0008529
1341846658.862197 0.008572 0.01239 -0.003356 0.01322 0.004835 0.0002031
1341846658.894170 -0.01787 -0.0003652 0.01188 0.005479 0.002382 -0.009146
1341846658.962404 0.004956 -0.001135 -0.006793 0.02991 -0.008376 0.0008891
1341846658.994217 -0.0127 0.00348 -0.0002945 0.002759 0.009068 -0.003144
1341846659.030070 -0.004593 0.00902 -0.001182 -0.001174 -0.001948 0.004754
1341846659.062007 0.003678 0.005167 0.002602 -0.006323 0.001013 -0.0004217
1341846659.094100 -0.00602 -0.003101 0.007933 -0.002499 0.004107 -0.0005073
1341846659.130368 -0.01105 0.002467 -0.002245 0.003785 -0.003253 0.004143
1341846659.162537 0.008516 0.01196 -0.001286 -0.0025 -0.003321 -0.001293
1341846659.198696 -0.01019 -0.003085 0.006706 -0.005182 0.007206 -0.0002603
1341846659.231286 -0.01357 -0.001728 0.002296 0.002444 -0.00536 0.001224
1341846659.263549 0.006717 0.004035 -0.001336 0.001151 -0.002963 -0.002853
1341846659.298797 -0.01067 -0.002775 0.002699 -0.000131 0.007578 -0.002065
1341846659.331074 -0.01263 -0.0001554 0.001172 0.002964 0.000274 0.0001394
1341846659.362420 -0.006695 0.005788 -0.003414 0.001689 -0.001009 -0.002286
1341846659.398303 0.0007003 0.001765 0.001426 -0.004279 0.002089 -0.003376
1341846659.430262 -0.01644 -0.006452 0.006867 -0.001842 0.006482 -0.0001603
1341846659.466583 -0.01293 0.003153 -0.002427 0.00292 -0.001143 0.001553
1341846659.498531 0.002945 0.006161 0.0005672 -0.001788 0.001744 -0.002385
1341846659.530267 -0.01275 -0.003976 0.003127 -0.005016 0.00752 0.0004088
1341846659.566571 -0.006685 -0.00109 0.002791 -0.001464 -0.00418 0.001014
1341846659.598122 0.01216 0.007941 -0.00339 -0.00102 -0.007634 -0.002113
1341846659.630209 0.002874 -0.004686 0.00281 -0.00676 0.005359 -0.0009218
1341846659.666409 -0.00668 -0.004477 0.005365 -0.0004102 0.0009994 0.003748
1341846659.698237 0.0162 0.003713 -0.003602 0.00235 -0.00695 0.002238
1341846659.734169 0.004759 -0.0001529 0.002146 -0.001538 0.009988 0.002701
1341846659.766421 -0.009394 -0.001048 0.002491 0.0002047 0.006707 0.004001
1341846659.798087 0.003341 0.003863 -0.001775 0.0006289 -0.00218 0.001991
1341846659.834075 0.01104 0.001338 0.002249 -0.002781 0.00325 -0.0001301
1341846659.866481 -0.002195 -0.003629 0.004324 -0.002087 0.008449 -9.811e-05
1341846659.898128 -0.001762 0.004395 -0.002462 0.0006262 0.002836 -0.0006369
1341846659.934286 0.006322 0.003815 0.0009611 -0.005066 0.003016 -0.002005
1341846659.966354 0.001344 -0.002968 0.005241 -0.004699 0.007894 0.0003921
1341846660.002267 -0.005484 -0.0001367 -4.713e-05 -0.001508 0.00367 0.003561
1341846660.034581 0.005318 0.006234 -0.0004303 -0.002346 -0.0005601 0.002396
1341846660.066206 0.005409 0.003108 0.0006284 -0.00727 0.00831 0.001581
1341846660.102245 -0.008332 -0.004146 0.004833 -0.007934 0.007328 0.002589
1341846660.140244 0.0008564 -0.00183 0.001513 -0.00198 -0.001934 0.002316
1341846660.202316 0.002959 0.004051 -4.362e-05 -0.008107 0.0133 0.002254
1341846660.234105 -0.00498 -0.001859 -0.001063 -0.007452 -0.0009361 0.002376
1341846660.270168 0.0106 0.01841 -0.0005147 -0.01001 -0.0005042 -0.0009707
1341846660.302258 -0.001572 0.000625 -0.0009151 -0.02753 0.01003 0.0006604
1341846660.334349 -0.003741 -0.01086 0.004582 -0.0234 0.0006656 0.006153
1341846660.370214 0.004983 -0.006427 0.005272 -0.009427 -0.004007 0.00332
1341846660.401986 0.006794 -0.003719 0.003345 -0.001236 0.002789 0.00229
1341846660.438062 -0.009374 0.006406 -0.003581 0.0006264 0.004394 0.002223
1341846660.470191 0.004552 0.002892 0.0004779 -0.005093 -0.001223 -0.0003005
1341846660.502233 0.002301 -0.005455 0.004123 -0.005502 0.004231 -0.001696
1341846660.537985 -0.009967 -0.003579 0.001083 -0.0001168 0.003492 -0.001167
1341846660.570279 0.002229 0.01182 -0.003662 0.0005642 -0.002923 -0.003933
1341846660.602130 0.009335 -0.0004011 0.005371 -0.008517 0.003138 -0.006028
1341846660.638256 -0.01416 -0.01106 0.00613 -0.003865 0.007237 -0.001254
1341846660.670338 -0.008551 0.008014 -0.00862 0.00382 -0.004849 -0.00077
1341846660.706457 0.00959 0.01568 0.0007499 -0.006786 -0.002882 -0.007066
1341846660.738241 -0.004135 -0.009319 0.003539 -0.01389 0.003927 -0.00281
1341846660.770121 -0.01425 -0.002655 -0.001567 -0.004556 -0.004046 0.0001597
1341846660.806117 0.005695 0.01408 -0.004761 -0.006184 -0.009722 -0.001078
1341846660.838338 0.003969 0.00363 0.001887 -0.01787 0.0009401 -0.00525
1341846660.870203 -0.009161 -0.009086 0.003619 -0.01618 4.487e-05 0.003469
1341846660.906366 -0.001252 0.004201 -0.003042 -0.009497 -0.0115 0.002314
1341846660.938063 0.009434 0.01309 -0.0005524 -0.01817 -0.002809 -0.005299
1341846660.974147 -0.006321 -0.008884 0.00478 -0.02358 0.002619 0.0004099
1341846661.006234 0.0004811 -0.007425 0.006468 -0.007675 -0.00829 0.00257
1341846661.038225 0.01297 0.01808 -0.006432 -0.003214 -0.00325 -0.001454
1341846661.074059 -0.006262 0.006618 -0.001926 -0.02153 0.006718 -0.001956
1341846661.106184 -0.002201 -0.01872 0.009046 -0.01714 -0.003495 0.003585
1341846661.138209 0.007046 -0.007913 0.002968 0.001919 -0.003379 0.002955
1341846661.174244 -0.004909 0.01889 -0.004963 0.002904 0.001192 0.0001745
1341846661.206205 0.002061 -0.006011 0.002386 -0.008896 -0.00191 -0.001303
1341846661.242184 -0.001121 -0.006036 0.00374 -0.003233 0.0004575 -0.0004003
1341846661.274177 -0.002114 -0.004996 0.001805 0.001876 -0.0009371 0.002502
1341846661.308814 0.004789 0.004683 -0.001165 0.003886 -0.0002186 8.094e-05
1341846661.342489 -0.001039 0.003372 0.007831 0.001958 0.002277 0.0007047
1341846661.374640 0.004559 0.009559 7.562e-05 0.004452 -0.001415 0.003213
1341846661.410178 0.02244 0.01074 0.004026 -0.006465 -0.001102 0.0004098
1341846661.442211 0.0007246 -0.001337 0.02852 -0.007224 0.00393 -0.000636
1341846661.474354 0.01761 0.002308 0.01127 0.003386 -0.006748 0.005292
1341846661.510169 0.0222 0.003223 0.01127 0.004302 -0.0005405 0.003151
1341846661.542767 0.01067 0.008226 0.02246 0.01287 0.0004966 0.007356
1341846661.574217 0.03363 0.01375 -0.009901 0.007641 -0.008951 0.01098
1341846661.610041 0.01996 0.005666 0.01812 -0.004912 0.003008 -0.001039
1341846661.642253 0.01404 0.007945 0.02312 0.005046 -0.001218 0.001825
1341846661.678078 0.03092 0.01258 -0.001881 0.006152 -0.005598 0.005371
1341846661.710142 0.03083 0.01733 0.004513 -0.003376 -0.001015 0.005718
1341846661.742341 0.02486 0.01737 0.01376 -0.01111 -0.001731 0.01022
1341846661.778063 0.02203 0.01309 0.02163 -0.01411 -0.004576 0.00756
1341846661.810103 0.02429 0.01041 0.0179 -0.01223 -0.005115 0.007364
1341846661.842216 0.02496 0.01143 0.01749 -0.01228 -0.003611 0.007263
1341846661.878157 0.02216 0.007493 0.02353 -0.007493 -0.006541 0.004904
1341846661.910222 0.03356 0.002191 0.006634 -0.002063 -0.01183 0.0072
1341846661.946090 0.03551 0.004771 0.003921 -0.004387 -0.006492 0.0112
1341846662.010311 0.0807 0.0007757 -0.02115 -0.02853 -0.01191 0.01241
1341846662.046195 0.03376 0.002877 0.0123 -0.01712 -0.001397 0.002629
1341846662.078099 0.03116 0.002127 0.01245 -0.01202 -0.003288 0.003995
1341846662.110672 0.03564 0.002394 0.002018 -0.01167 -0.008224 0.003614
1341846662.146166 0.03385 0.001745 0.01186 -0.01548 -0.002109 -0.00147
1341846662.178168 0.03602 0.001444 0.007348 -0.01459 -0.003636 -0.002403
1341846662.214136 0.0332 0.003366 -0.007446 -0.01926 -0.008639 -0.002638
1341846662.246167 0.03253 -0.0005593 0.02767 -0.02259 -0.001422 -0.002142
1341846662.278007 0.03138 0.001233 0.001621 -0.009798 -0.004274 0.004378
1341846662.314144 0.03068 0.001651 -0.00669 -0.01024 -0.00782 0.003137
1341846662.346164 0.02893 0.001492 0.0004355 -0.00996 -0.0002831 -0.001555
1341846662.378069 0.02663 0.00107 -0.02475 -0.01015 -0.002935 -0.0006455
1341846662.414229 0.02886 0.002603 -0.005512 -0.01331 -0.007083 -0.00061
1341846662.446102 0.02859 0.003064 -0.0005627 -0.01302 -0.0007497 -0.001859
1341846662.482229 0.02505 0.002764 -0.02066 -0.01313 -0.001531 -0.0007943
1341846662.514117 0.029 0.002893 0.002198 -0.0179 -0.005793 -0.001666
1341846662.546261 0.02909 0.00135 0.007398 -0.01637 -0.003847 -0.001877
1341846662.582101 0.03073 0.0006333 0.01239 -0.007982 -0.005832 0.004008
1341846662.620264 0.02594 -0.0007502 -0.01453 -0.005415 -0.005927 -0.00151
1341846662.682024 0.07327 -0.00374 0.02375 -0.01875 -0.005681 3.09e-05
1341846662.714075 0.01554 -0.003071 -0.01107 -0.003441 -0.003715 9.176e-05
1341846662.750127 0.02046 -0.001123 -0.02077 -0.008207 -0.0008918 -0.005811
1341846662.782002 0.02693 -0.004709 0.002024 -0.006601 -0.002344 0.002638
1341846662.814097 0.02495 -0.0003458 -0.001071 0.006048 -0.002183 0.0001974
1341846662.850193 0.01303 -0.004771 -0.03303 -0.00131 0.0008871 -0.0009214
1341846662.882162 0.02596 -0.002288 0.004276 -0.005948 -0.001851 -0.000546
1341846662.918191 0.0007701 -0.0002378 -0.0002235 0.002598 0.001954 0.0003979
1341846662.956034 -0.00427 -0.0004748 -0.00879 0.0001138 0.0009531 0.001267
1341846663.018208 0.004614 0.001655 0.00325 -0.01047 0.00578 -0.00407
1341846663.049994 -0.002814 -0.001296 -0.006981 0.001758 0.001251 0.003619
1341846663.118078 0.01286 -0.002224 -0.01143 -0.004849 -0.001036 0.002967
1341846663.150227 -0.003898 -0.004809 -0.01395 -0.002395 -0.000415 0.002854
1341846663.186300 0.014 -0.006793 0.003858 -0.0004647 -0.002529 0.0007126
1341846663.218442 0.003202 -0.005563 -0.002552 0.007121 8.223e-05 0.002015
1341846663.250380 0.002182 0.004072 -0.004892 0.01244 -0.0007306 0.001835
1341846663.286056 0.001972 -0.001051 0.0003139 0.01002 -0.0006113 -0.001349
1341846663.318060 0.001139 -0.01441 0.007013 0.01284 0.001661 -0.003186
1341846663.350114 -0.002259 -0.005181 -0.0007027 0.02008 0.001498 0.0004396
1341846663.385985 0.003896 0.03159 -0.01005 0.02407 7.297e-05 -0.0003939
1341846663.418056 0.0003201 -0.003764 -0.0007559 0.01073 0.005114 -0.00401
1341846663.454044 -0.004204 -0.008118 0.004076 0.01262 0.001893 -0.0005547
1341846663.486091 0.002239 0.003282 0.001792 0.01577 0.0008726 -0.002446
1341846663.518394 -0.002343 -0.000551 -0.00114 0.01527 0.002883 -0.003967
1341846663.554251 -0.002344 0.001738 -0.006864 0.01418 0.0004598 -0.0007649
1341846663.586143 0.003134 -0.01092 0.008631 0.01217 -0.000157 -0.0007466
1341846663.622145 -0.0008783 0.01041 -0.006052 0.01814 0.003388 -0.002467
1341846663.654099 -0.003227 -0.002675 -0.001288 0.01239 0.002417 0.0004189
1341846663.686099 0.001294 -0.01903 0.007191 0.01245 -0.0002972 0.00151
1341846663.722109 -0.002607 0.02675 -0.007932 0.02303 0.0009714 -0.002382
1341846663.755694 -0.003288 -0.002148 -0.005867 0.01107 -0.001975 -0.0008832
1341846663.786304 -0.000655 -0.05625 0.0208 0.007243 -0.003784 0.004924
1341846663.822090 0.001823 0.002388 0.001162 0.03148 -0.001511 0.001172
1341846663.854115 -0.003396 0.02033 -0.002801 0.01946 -0.0002435 0.0005081
1341846663.890140 -0.004139 -0.04472 0.01301 0.007358 -0.002778 0.0005793
1341846663.921987 0.0003071 -0.02303 0.003767 0.02952 -0.003316 0.003754
1341846663.954282 -0.002653 0.02535 -0.002939 0.03282 -0.0005818 0.002633
1341846663.990370 -0.004285 -0.004027 0.000446 0.01875 -0.004728 0.0003843
1341846664.022124 0.003117 -0.008127 0.002968 0.02596 -0.005294 0.0007202
1341846664.054171 -0.0006502 0.004953 -0.0008756 0.03006 -0.001871 0.004137
1341846664.090250 0.0005658 0.01393 -0.002708 0.02392 -0.003766 0.001348
1341846664.122237 0.003543 0.004146 -0.001074 0.01157 -0.001437 -0.0009843
1341846664.158241 -0.0003117 -0.00613 0.00252 0.01002 0.001894 -5.049e-06
1341846664.190141 -0.005591 -0.004761 0.0006442 0.01787 0.0001913 0.003763
1341846664.222189 0.004586 0.007531 -0.002904 0.01797 -0.003438 -0.001011
1341846664.258172 -0.001246 0.001794 0.0007008 0.009145 0.001515 -0.001397
1341846664.290022 -0.005668 -0.008536 0.002453 0.01097 -0.002058 0.001239
1341846664.322491 0.00281 -0.0001346 -0.0003518 0.01916 -0.0043 0.0002306
1341846664.358302 0.002854 0.002921 -0.001255 0.01698 -0.0001102 -0.000538
1341846664.390101 -0.003551 -0.001381 0.00131 0.01447 0.0009279 0.002259
1341846664.426143 -0.0007119 -0.0006002 5.817e-05 0.01652 -0.002058 -0.0004465
1341846664.458304 -0.0003311 -0.002076 0.0006582 0.01745 -0.0009752 0.0003627
1341846664.490116 -0.002399 -0.0001397 -0.0001383 0.01851 -0.00287 0.001482
1341846664.526173 0.004602 0.003391 -0.002159 0.01733 -0.002552 -0.002215
1341846664.558129 -0.001332 -0.002179 0.0003367 0.01509 0.001122 -0.0002147
1341846664.590129 -0.003315 -0.00125 -0.001313 0.01349 -0.003875 0.001504
1341846664.626196 0.003414 0.01033 -0.00724 0.008136 -0.004692 -0.0002288
1341846664.658276 0.001716 0.005085 -0.0001941 -0.004723 0.002009 -0.001728
1341846664.694136 -0.003989 -0.01046 0.007884 -0.004417 -0.001078 0.00167
1341846664.726667 0.002843 -0.002245 0.0001841 0.005951 -0.007866 0.002012
1341846664.758141 0.008158 0.00489 -0.002628 0.004088 -0.001048 -0.001885
1341846664.794104 -0.006923 -0.00429 0.00358 0.0006455 0.005053 -0.0001865
1341846664.826123 0.001968 -0.0002873 -0.0002616 0.00443 -0.003399 -0.00138
1341846664.862093 0.002778 0.0008026 -0.001484 0.003053 0.002092 -0.003208
1341846664.894198 -0.00652 -0.002986 0.0006922 0.0001023 0.003091 -0.001468
1341846664.926270 -0.0006642 -0.00199 0.00149 0.00241 -0.005868 -0.0002053
1341846664.962375 0.004836 -0.0002978 -0.0001464 0.003891 -0.00154 0.0002506
1341846664.997077 -0.002539 -0.001722 0.001839 0.004565 0.0003642 0.001953
1341846665.026380 -0.0007297 -0.0004782 -0.0007004 0.0052 -0.002885 0.001944
1341846665.062417 0.006284 0.001285 -0.0005997 0.002837 -0.001422 -0.001798
1341846665.094077 -0.005333 -0.003539 0.005291 0.004688 0.002761 -0.0008906
1341846665.130160 -0.0004543 -0.0005527 0.0009103 0.01009 -0.00621 -0.0007061
1341846665.162114 0.007007 -0.0001528 -0.00371 0.007041 0.0001986 -0.002243
1341846665.194100 -0.006526 -0.0009955 0.003675 0.004287 0.00494 -0.001194
1341846665.230221 -0.001994 0.00291 0.006304 0.01397 -0.005242 -0.0006842
1341846665.262005 0.002637 -0.0009727 -0.002371 0.01839 -0.002467 0.0005444
1341846665.300077 6.227e-05 -0.002095 0.0004591 0.01481 5.744e-05 0.0006397
1341846665.362294 0.003111 -0.008063 -0.006473 0.01593 -0.009924 0.0004482
1341846665.398079 -0.001517 0.00181 0.004577 0.007363 0.006068 0.001411
1341846665.430162 -0.005243 0.003285 0.008104 0.01992 -0.00317 0.004918
1341846665.462226 1.508e-05 -0.00291 -0.003899 0.01974 -0.007687 0.0004071
1341846665.498226 0.005839 -0.008126 -0.004536 0.006881 0.002976 -0.001048
1341846665.530109 -0.006201 -0.0004831 9.42e-05 0.00184 0.003015 -0.001368
1341846665.562222 0.002447 -0.001941 0.0007333 0.0007245 -0.003897 -0.002179
1341846665.598196 0.002243 -0.001819 0.0025 0.003084 0.00199 -0.0007543
1341846665.630107 -0.00281 -0.0006758 0.003213 0.007203 -0.0006032 0.00117
1341846665.666289 8.864e-05 -0.001553 -0.0002363 0.007772 -0.004901 -0.0002917
1341846665.698060 0.003363 -0.003184 -0.000999 0.005068 0.001297 0.0001263
1341846665.730361 -0.002947 0.0005212 0.003969 0.006037 0.001972 0.000896
1341846665.766193 -0.0005887 -0.002017 0.0007767 0.007822 -0.00427 -0.0001882
1341846665.798338 0.004702 -0.00248 0.0003928 0.006311 -0.003515 -0.000308
1341846665.834237 0.006341 0.003024 0.005281 0.009718 -0.003078 -6.231e-05
1341846665.866106 0.009267 0.005944 0.0085 0.01557 -0.009033 -0.00214
1341846665.898073 0.01006 -0.003482 0.001066 0.01383 -0.009578 -0.001887
1341846665.934076 0.0122 -0.007264 -0.002088 0.007543 -0.002298 -0.002123
1341846665.966137 0.007104 0.002162 0.005485 0.01047 -0.002904 -0.001573
1341846665.998149 0.005499 -0.005943 -0.002186 0.006542 -0.008855 -0.002486
1341846666.034210 0.009182 -0.004722 -0.0008371 -0.001192 -0.001025 -0.004359
1341846666.072502 0.004316 0.003501 0.009447 0.00482 -0.000229 -0.001749
1341846666.134147 0.008713 -0.003638 0.002654 0.01593 -0.009352 -0.002272
1341846666.166356 0.006164 -0.003653 0.002765 0.00215 0.0001535 -0.0008569
1341846666.202327 0.001216 0.003225 0.004844 0.00662 -0.00544 0.000108
1341846666.234319 -0.0002128 -0.007622 0.001005 0.002448 0.002182 0.001149
1341846666.266322 0.0003908 0.01984 0.01433 0.01883 0.004213 0.001324
1341846666.302195 0.005076 0.02451 0.01081 0.03304 -0.007345 0.002069
1341846666.335080 -0.005193 -0.00684 -0.004636 0.01948 -0.0006938 0.004751
1341846666.370216 -0.001431 0.005631 0.006121 0.01634 0.006985 0.001688
1341846666.402019 8.767e-05 0.02021 0.01214 0.02302 -0.001798 0.000456
1341846666.434088 -0.005381 0.007507 0.006818 0.01468 -0.000839 -0.001663
1341846666.470060 -0.005115 0.007342 0.01028 0.007882 0.008269 -0.004342
1341846666.502190 -0.0002788 0.01738 0.01466 0.02164 -0.001036 -0.003614
1341846666.534121 -0.0002854 0.01017 0.009926 0.02635 -0.006708 -0.0003813
1341846666.570131 0.006018 0.004612 0.01069 0.01938 -0.001704 -0.001812
1341846666.602180 0.0009872 0.008285 0.01252 0.01834 -0.0003156 0.0009968
1341846666.638072 0.003633 0.02087 0.008882 0.02241 -0.006075 0.002042
1341846666.670134 0.01492 0.01339 0.004084 0.01222 -0.003278 0.0006556
1341846666.738266 0.01408 0.0003733 0.01071 0.01123 -0.001373 -0.0009044
1341846666.770390 0.006913 0.006085 0.003351 0.007567 0.001121 -0.0005272
1341846666.802119 0.01735 0.008109 0.013 0.007384 0.0007659 -0.004536
1341846666.838108 0.009821 0.001877 0.007346 0.006266 -0.0009186 -0.003893
1341846666.870483 0.002115 0.002041 0.005869 0.007762 -0.0006371 -0.000587
1341846666.906019 0.003774 0.00544 0.01035 0.01003 -0.000291 -0.0005746
1341846666.937989 -0.006731 0.006131 0.01501 0.01226 0.004131 0.004222
1341846666.970036 -0.0127 0.004434 0.01309 0.01109 0.002359 0.00452
1341846667.006200 -0.03297 0.007764 0.005614 0.00928 0.008695 0.008581
1341846667.038153 -0.03866 0.004283 0.0073 0.008649 0.01887 0.008862
1341846667.074153 -0.03645 0.003212 0.0132 0.01753 0.009736 0.008787
1341846667.106156 -0.04631 0.0269 0.01131 0.025 0.007335 0.01292
1341846667.138108 -0.06354 0.01869 -0.0007918 0.006592 0.02674 0.01399
1341846667.174105 -0.06382 0.005069 0.001633 -0.001046 0.02073 0.0107
1341846667.206107 -0.06265 -0.000896 -0.01246 -0.005811 0.01311 0.01382
1341846667.238075 -0.0646 -0.001265 -0.01369 -0.01192 0.02229 0.01353
1341846667.274016 -0.05187 0.01856 0.0069 -0.00618 0.01926 0.006992
1341846667.306189 -0.03671 0.02105 0.01052 -0.01252 0.00628 0.006203
1341846667.342253 -0.04831 0.006092 0.013 -0.02486 0.02366 0.001735
1341846667.374345 -0.04297 0.002522 0.02554 -0.0144 0.01756 0.002964
1341846667.406982 -0.05215 0.002728 0.004557 -0.0127 0.0112 0.007334
1341846667.442109 -0.0476 0.01169 0.01129 -0.01959 0.01902 -0.001789
1341846667.474109 -0.02577 0.003257 0.0154 -0.02245 0.01118 0.00482
1341846667.506006 -0.009629 -0.01137 0.01853 -0.03007 -0.002666 0.004966
1341846667.542298 -0.01553 0.001431 0.02614 -0.02878 0.006733 0.002516
1341846667.574196 -0.01716 -0.01085 0.01877 -0.03395 0.006341 0.008207
1341846667.610099 -0.02239 -0.003536 0.01105 -0.02201 -0.0002019 0.007613
1341846667.642293 -0.0271 -0.002658 0.01011 -0.01755 0.008009 0.00474
1341846667.674072 -0.02361 -0.002451 0.006281 -0.007594 0.007423 0.003278
1341846667.710179 -0.03118 -6.248e-05 -0.002142 -0.001232 0.002897 0.005583
1341846667.742255 -0.03243 -0.006416 -0.002974 -0.01184 0.007913 0.003821
1341846667.774114 -0.0353 -0.01229 -0.002903 -0.02001 0.01526 0.001372
1341846667.810099 -0.03554 -0.007354 0.001745 -0.01093 0.003499 0.005237
1341846667.842103 -0.04104 -0.000674 -0.007988 -0.0108 0.00779 0.006501
1341846667.878139 -0.04365 -0.003663 -0.002556 -0.01934 0.01679 0.001676
1341846667.910558 -0.04268 -0.005768 0.003656 -0.01364 0.005739 0.005247
1341846667.942116 -0.04548 0.001003 -0.005017 -0.00945 0.007229 0.00436
1341846667.978287 -0.04958 -0.003035 -0.004557 -0.01665 0.01781 -0.0001225
1341846668.010215 -0.04989 -0.004404 -0.002715 -0.01845 0.009416 0.002586
1341846668.046247 -0.05646 -0.003944 -0.00719 -0.0186 0.01144 0.001577
1341846668.078111 -0.06041 -0.006392 -0.007679 -0.02044 0.0199 -0.002288
1341846668.110130 -0.06052 -0.009898 -0.003464 -0.01969 0.01431 0.002596
1341846668.146332 -0.05629 -0.005217 -0.01402 -0.01783 0.01207 0.001296
1341846668.178208 -0.06035 -0.006689 -0.01203 -0.02556 0.0247 -0.003255
1341846668.211262 -0.05768 -0.003502 -0.006576 -0.02624 0.01802 0.002061
1341846668.246163 -0.05937 -0.005615 -0.01141 -0.02796 0.01648 -0.001926
1341846668.278397 -0.06085 -0.0113 -0.01265 -0.02947 0.02486 -0.005625
1341846668.314248 -0.04349 -0.0003526 -0.01888 -0.02024 0.01255 -0.0003816
1341846668.346231 -0.02855 -0.002387 -0.02001 -0.01292 0.004304 -0.003892
1341846668.378099 -0.02886 -0.006692 -0.0148 -0.01478 0.01212 -0.007559
1341846668.414247 -0.02831 -0.001796 -0.006704 -0.01382 0.008241 -0.001581
1341846668.445965 -0.0273 -0.009897 -0.01438 -0.02139 0.008543 -0.009454
1341846668.478153 -0.02071 -0.00493 -0.01899 -0.03936 0.01218 -0.01174
1341846668.514213 -0.03251 -0.004941 -0.001025 -0.03051 0.009309 -0.005207
1341846668.546115 -0.01688 -0.002796 -0.007913 -0.01446 0.004114 -0.003052
1341846668.582467 -0.0164 0.004046 -0.01506 -0.01366 0.005374 0.001304
1341846668.614140 -0.0155 0.01054 -0.0185 -0.02348 0.001768 -0.001668
1341846668.646312 -0.01807 -0.0003933 -0.006932 -0.02304 0.007128 -0.008285
1341846668.682455 -0.01596 -0.001126 -0.0127 -0.01583 0.009144 -0.002218
1341846668.714133 -0.01391 0.00244 -0.01865 -0.02294 0.008567 -0.0009533
1341846668.746132 -0.02721 -0.01466 0.006957 -0.0219 0.01014 -0.01002
1341846668.782338 -0.0181 -0.0104 0.008669 -0.001282 0.005237 -0.002817
1341846668.814140 -0.004783 0.001594 -0.01537 0.003927 9.57e-05 0.001128
1341846668.850214 -0.006329 -0.00505 -0.001718 -0.00134 0.004002 -0.002026
1341846668.882442 -0.01497 -0.004025 -0.001241 0.004035 0.006096 0.001352
1341846668.914289 -0.00404 0.004813 -0.01465 0.003073 0.003098 0.005405
1341846668.950088 -0.01042 -0.008049 -0.004261 -0.006042 0.01023 0.002503
1341846668.982227 -0.02235 -0.01433 0.01297 0.003452 0.01123 0.004124
1341846669.014062 -0.004757 -0.001956 -0.008213 0.0143 0.003762 0.009874
1341846669.050056 0.0009687 0.001493 -0.01317 0.008422 0.007294 0.008666
1341846669.082525 -0.01527 -0.008624 0.004871 0.006444 0.01224 0.01126
1341846669.118346 -0.009434 -0.005378 -0.0008573 0.01627 0.005112 0.01685
1341846669.150086 0.00445 0.007981 -0.01914 0.01191 0.004459 0.01444
1341846669.182477 -0.01497 -0.006838 0.003218 0.0006594 0.01167 0.01151
1341846669.218046 -0.01331 -0.0103 -0.001037 0.009942 0.00284 0.01373
1341846669.250205 0.000994 0.004189 -0.01698 0.009173 0.004031 0.008843
1341846669.286114 -0.01777 -0.003691 -0.000794 0.000289 0.009033 0.00743
1341846669.318030 -0.01335 -0.006198 -0.003855 0.002678 0.0006479 0.009076
1341846669.350255 -0.003803 -0.0006309 -0.01714 0.001893 0.005662 0.01165
1341846669.418200 -0.05016 -0.02149 -0.007358 0.01079 0.01924 0.03297
1341846669.450219 -0.01381 0.001462 -0.02104 0.007506 0.007019 0.01843
1341846669.486175 -0.02462 -0.0115 -0.002412 0.003324 0.01181 0.01744
1341846669.518033 -0.01717 -0.006898 -0.004229 0.01221 0.001442 0.02138
1341846669.554159 0.001447 0.003684 -0.01801 0.01212 -0.002346 0.02016
1341846669.586348 -0.01019 -0.002557 0.002242 0.008652 0.005177 0.01583
1341846669.617976 -0.01652 -0.002886 -0.0003186 0.01526 -0.0003397 0.01816
1341846669.654096 0.004833 0.0112 -0.01443 0.01287 -0.008284 0.01715
1341846669.686069 -0.001901 0.003395 -0.001097 0.002016 -0.002635 0.01059
1341846669.718075 -0.01021 -0.007462 0.009808 0.004585 -0.0006524 0.01226
1341846669.754171 -0.006015 -0.003116 -0.00106 0.0132 -0.003951 0.01699
1341846669.786139 0.0005655 0.00677 -0.008569 0.01162 -0.004445 0.01725
1341846669.822151 -0.006722 -0.001895 0.001582 0.005161 -0.0006194 0.01405
1341846669.854118 -0.01007 -0.003037 0.0019 0.01105 0.0008562 0.01472
1341846669.886219 -0.004187 0.002925 -0.006085 0.01305 -0.002963 0.01902
1341846669.922050 -0.0014 0.003049 -0.002866 0.006218 -0.003293 0.01585
1341846669.954047 -0.01419 -0.007465 0.01136 0.007476 0.002111 0.01167
1341846669.986285 -0.009142 0.0007285 -0.001107 0.01647 -0.0026 0.01841
1341846670.022242 -0.003624 0.004251 -0.002226 0.009709 -0.006589 0.01879
1341846670.054135 -0.01084 -0.005277 0.008709 0.006431 -0.002227 0.01188
1341846670.090228 -0.01206 -0.002158 0.00494 0.0118 -0.001932 0.01934
1341846670.121996 -0.01192 -0.003595 0.006533 0.00987 -0.007107 0.02285
1341846670.154057 -0.01082 -0.006458 0.008275 0.009346 -0.005902 0.01779
1341846670.190103 -0.01579 -0.009656 0.003234 0.006552 -0.0003305 0.02052
1341846670.222197 -0.02468 -0.01675 0.01044 0.0006739 -0.002004 0.02348
1341846670.258571 -0.01394 -0.01098 0.008591 0.00368 -0.006893 0.0145
1341846670.290254 -0.02212 -0.01934 0.00675 -0.001538 0.001646 0.01417
1341846670.358377 -0.06517 -0.05239 0.01582 -0.01267 -0.009842 0.03614
1341846670.390114 -0.02003 -0.0173 0.003958 -0.002893 -0.01057 0.01237
1341846670.422206 -0.033 -0.0297 -0.003275 -0.01364 -0.008547 0.0172
1341846670.464003 -0.01801 -0.02194 0.01952 -0.01107 -0.01805 0.01135
1341846670.526271 -0.03252 -0.04636 0.02322 -0.01197 -0.02715 0.01509
1341846670.566977 -0.01398 -0.02032 0.002689 -0.005732 -0.007823 0.008892
1341846670.596103 -0.009084 -0.01817 0.01401 -0.006894 -0.007978 0.005561
1341846670.628412 -0.01049 -0.01708 0.008119 -0.006446 -0.00716 0.005605
1341846670.664027 -0.01313 -0.01706 0.00531 -0.009473 -0.008582 0.004597
1341846670.696002 -0.008267 -0.01658 0.005898 -0.01173 -0.01448 0.003024
1341846670.728093 -0.005933 -0.01816 0.0114 -0.01208 -0.01473 0.005388
1341846670.764128 -0.009624 -0.01656 0.006323 -0.006617 -0.01392 0.006267
1341846670.796059 -0.01136 -0.01341 -0.006034 -0.008728 -0.01387 -3.407e-05
1341846670.832246 -0.007465 -0.01352 0.004671 -0.01337 -0.01007 -0.008688
1341846670.863970 -0.009316 -0.01406 0.01062 -0.008396 -0.003302 -0.009626
1341846670.896139 -0.01048 -0.0129 0.002043 -0.008007 -0.01285 -0.007978
1341846670.932028 -0.01079 -0.01005 -0.004394 -0.01426 -0.01268 -0.01833
1341846670.964063 -0.003925 -0.01468 0.004327 -0.02075 -0.007737 -0.01882
1341846671.000270 -0.005897 -0.01472 0.007223 -0.0153 -0.008778 -0.002403
1341846671.032112 -0.009683 -0.009636 0.00036 -0.01107 -0.016 7.207e-05
1341846671.064030 -0.002066 -0.007382 0.0004877 -0.0142 -0.01327 8.123e-05
1341846671.101398 -0.007706 -0.007248 0.00477 -0.0156 -0.006532 0.007199
1341846671.132289 -0.01081 -0.001871 -0.003166 -0.01718 -0.01071 0.006393
1341846671.168159 -0.00932 -0.003149 0.003272 -0.02463 -0.004166 -0.005694
1341846671.200149 -0.007919 -0.005929 0.007255 -0.02452 -0.0008387 0.002203
1341846671.232280 -0.01354 -0.003019 0.01011 -0.0189 -0.007025 0.008728
1341846671.268147 -0.005815 -0.004328 0.00262 -0.0166 -0.01237 0.001448
1341846671.300337 -0.00485 -0.007919 0.01516 -0.01913 -0.002249 -0.002978
1341846671.336125 -0.01105 -0.004851 0.01121 -0.01437 -0.0002047 0.007912
1341846671.368236 -0.006145 -0.005925 0.01042 -0.01184 -0.006942 0.004079
1341846671.400327 -0.001278 -0.008445 0.007912 -0.01422 0.001545 -0.0006386
1341846671.436064 -0.00241 -0.01203 0.006334 -0.01563 0.0004906 0.008348
1341846671.468197 0.002921 -0.01309 0.00676 -0.01321 -0.005682 0.006925
1341846671.504294 0.003439 -0.009261 0.007862 -0.01366 0.00604 0.004366
1341846671.536197 -0.00475 -0.009927 0.001174 -0.02053 0.009118 0.01603
1341846671.568120 -0.005073 -0.01125 0.00957 -0.02031 -0.001204 0.01403
1341846671.604188 -0.00265 -0.01271 0.009354 -0.01918 0.004236 0.005606
1341846671.636057 -0.001859 -0.006511 -0.0007127 -0.02586 0.008701 0.01147
1341846671.672157 -0.004489 -0.01213 0.01357 -0.02682 0.002933 0.004995
1341846671.704027 -0.002843 -0.009953 0.0185 -0.0118 0.00374 0.0047
1341846671.736479 -0.002073 -0.0004555 0.01115 -0.004824 0.006565 0.01194
1341846671.774745 -0.001451 0.002899 0.006487 -0.008403 0.004714 0.009967
1341846671.804605 -0.003151 -0.001437 0.01711 -0.009873 0.006611 0.002088
1341846671.840252 -0.003872 0.005135 0.01636 -0.004686 0.007381 0.00926
1341846671.872106 -0.002071 0.0006721 0.01118 -0.006227 0.001196 0.007016
1341846671.904035 -0.0005292 0.0004907 0.01476 -0.002592 0.003556 0.00351
1341846671.972239 -0.003879 0.01262 0.01284 -0.0008718 0.005871 0.02392
1341846672.034218 -0.009678 0.005367 0.016 -0.005218 0.01102 0.02496
1341846672.066227 -0.003991 0.003456 0.003471 -0.0004129 0.001869 0.01444
1341846672.098024 -0.0005753 0.00367 -0.004746 -0.002369 0.005813 0.00939
1341846672.134061 -0.007604 0.0004157 0.005286 -0.004644 0.006517 0.01117
1341846672.166000 -0.005621 0.00156 0.003697 0.0003416 0.00186 0.01226
1341846672.198405 -0.0001954 0.003183 -0.004677 -0.0002053 0.001544 0.009188
1341846672.234130 -0.003069 0.002437 -0.002548 -0.005916 0.004072 0.009349
1341846672.266403 -0.004859 -0.004927 0.006338 -0.007391 -0.0003976 0.004705
1341846672.302710 0.0003961 -0.005185 0.0008643 -0.001118 0.001848 0.001684
1341846672.335022 -0.004615 -0.001931 0.0002269 -3.722e-05 0.006522 0.004493
1341846672.366487 -0.003541 -0.001647 -0.002802 -0.001205 -3.164e-05 0.004185
1341846672.402478 -0.0004731 -0.007578 0.00165 -0.002745 -0.001933 -0.003743
1341846672.434330 -0.0006426 -0.004096 -0.001568 0.0002071 0.001012 -0.002705
1341846672.472323 -0.001285 -0.003451 -0.002187 -0.001234 0.0003809 -0.002685
1341846672.534812 -0.0007981 -0.01224 0.003733 -0.003869 0.003892 -0.009373
1341846672.570153 0.0001879 -0.00242 -0.005951 0.003022 0.005848 6.229e-05
1341846672.608881 0.003312 -0.003711 -0.008746 -0.00339 0.002351 -0.004762
1341846672.640836 0.001434 -0.01313 -0.002238 -0.002841 0.004472 -0.01158
1341846672.708152 0.004631 -0.007958 -0.0176 -0.002157 0.005107 -0.02852
1341846672.770288 0.003299 -0.009855 -0.00929 -0.007178 0.004164 -0.05186
1341846672.803280 0.002445 -0.003643 -0.008777 -0.004486 0.001312 -0.02246
1341846672.838034 0.002731 -0.005107 -0.006785 -0.004311 0.003147 -0.02343
1341846672.870092 0.0005873 -0.00472 -0.006342 -0.004265 0.005498 -0.01817
1341846672.902275 0.003572 -0.00415 -0.009723 -0.002949 0.003957 -0.01768
1341846672.938315 0.001881 -0.0057 -0.007043 -0.002158 0.005918 -0.02161
1341846672.970326 0.00279 -0.004088 -0.009155 3.921e-05 0.006329 -0.02158
1341846673.008221 -0.0007699 -0.006202 -0.001814 0.0009268 0.005623 -0.02329
1341846673.070235 0.004931 -0.001711 -0.0163 0.009641 0.008638 -0.04695
1341846673.106189 0.001675 -0.001237 -0.008813 -0.003538 0.002607 -0.03052
1341846673.138104 0.0002358 -0.002259 -0.002489 -0.004258 0.004323 -0.03095
1341846673.170298 -0.0006412 -0.0001804 -0.003914 -0.002232 0.004374 -0.02241
1341846673.206489 0.001817 0.001984 -0.008845 -0.004647 0.002506 -0.02221
1341846673.238153 -0.0006865 -0.000976 0.0002946 -0.006385 0.005015 -0.02395
1341846673.274220 -0.00177 0.002389 -0.007001 -0.003773 0.003005 -0.01727
1341846673.306107 0.0009471 0.0002785 -0.003904 -0.007435 0.0008308 -0.02114
1341846673.338187 0.0003804 0.001363 -0.005244 -0.006041 0.002874 -0.02289
1341846673.374098 -0.002354 0.0005884 -0.003209 -0.006898 0.0005817 -0.02201
1341846673.406266 0.001595 -0.0003883 -0.003622 -0.005555 -0.00153 -0.02614
1341846673.438267 0.001498 0.003086 -0.007091 -0.007584 0.002147 -0.02875
1341846673.474135 -0.002428 -0.00141 0.001024 -0.009551 0.0002236 -0.0301
1341846673.506260 0.002866 0.0008434 -0.002689 -0.005566 0.0001796 -0.03004
1341846673.542168 0.002727 -0.0002807 0.001733 -0.002923 0.005791 -0.02689
1341846673.574072 0.001093 0.0005745 -0.002519 -0.0008765 0.005057 -0.02252
1341846673.606102 0.005779 -0.0001598 -0.002447 -0.001684 0.005026 -0.02489
1341846673.648026 0.005589 -0.002028 0.002071 0.0004341 0.009132 -0.02567
1341846673.710162 0.008369 0.001222 -0.004506 0.01199 0.01821 -0.05111
1341846673.742225 0.008005 -0.002738 0.002869 0.002182 0.009179 -0.03182
1341846673.774298 0.00102 0.00413 -0.005633 0.003315 0.01121 -0.03262
1341846673.810154 0.007246 -3.088e-06 0.0001798 0.0006697 0.00749 -0.0302
1341846673.842305 0.008493 0.0002315 0.000513 0.001709 0.009119 -0.02887
1341846673.874285 0.00248 -0.002739 0.004068 0.003754 0.00791 -0.02302
1341846673.910253 0.009024 0.0007235 -0.002763 0.008044 0.003244 -0.02278
1341846673.942284 0.0008144 0.005905 -0.004156 0.004451 0.006886 -0.0217
1341846673.978434 -0.002695 0.00497 -0.00765 0.001251 0.001414 -0.0185
1341846674.016486 0.006769 0.00145 -0.0008437 -0.003335 -0.004226 -0.0178
1341846674.052060 0.007697 0.001139 -0.001866 -0.001016 -0.001533 -0.01774
1341846674.084057 0.004108 -0.001035 0.0006233 -0.002742 -0.002084 -0.01412
1341846674.152235 0.01795 0.003231 -0.0003558 0.01525 -0.005949 -0.02796
1341846674.210322 0.01425 -0.003486 0.008359 0.009158 -0.007567 -0.02798
1341846674.246217 0.01023 0.00566 -0.001316 0.009087 -0.001327 -0.014
1341846674.278035 0.005959 0.002015 0.0007671 -0.00346 0.0009005 -0.0167
1341846674.310117 0.01007 -0.001585 0.006228 -0.0001923 -0.001272 -0.01577
1341846674.346212 0.005899 0.002039 2.175e-05 0.004341 -0.002133 -0.01388
1341846674.378058 0.008232 0.005982 0.001288 -0.002107 -0.00479 -0.0167
1341846674.410162 0.01103 0.001291 0.008251 -0.0001069 -0.002761 -0.01375
1341846674.446125 0.006793 0.002493 0.001013 0.004714 -0.002225 -0.01015
1341846674.478198 0.009813 0.005237 0.003699 -0.0009839 -0.004386 -0.008126
1341846674.514124 0.009909 0.001456 0.007529 0.0007962 -0.002414 -0.006935
1341846674.546062 0.005594 0.003305 0.00161 0.001893 0.0001468 -0.008394
1341846674.578094 0.00395 0.0006781 0.003499 -0.001189 -0.002661 -0.006733
1341846674.614179 0.008193 0.00185 0.00941 0.003443 -0.005469 -0.0106
1341846674.682209 -0.001512 0.00785 0.006834 -0.005135 0.001665 -0.03395
1341846674.714186 0.002424 0.001243 0.01298 -0.002444 -0.002906 -0.01892
1341846674.752271 -0.00177 0.002975 0.008298 -0.0004323 0.0002294 -0.02018
1341846674.814222 -0.006346 0.005271 0.02059 0.0007094 -0.003593 -0.03232
1341846674.846370 -0.002761 0.002213 0.01219 -0.001453 -0.0008971 -0.01655
1341846674.882158 -0.004017 0.001874 0.009962 0.001138 -0.0005732 -0.0155
1341846674.914224 -0.004867 0.0009261 0.009882 0.004023 2.293e-05 -0.01286
1341846674.950305 -0.006873 0.004765 0.003497 0.006188 0.0002334 -0.01299
1341846674.982342 -0.00459 0.003493 0.01047 0.007845 0.004065 -0.00979
1341846675.014137 -0.007336 0.001354 0.006348 0.01852 0.003722 -0.008435
1341846675.050230 -0.01061 0.006117 -0.001316 0.01947 0.003508 -0.01172
1341846675.088201 -0.007902 0.002243 0.005172 0.01258 7.192e-05 -0.008944
1341846675.150188 -0.01067 0.00192 0.02946 0.05514 -0.00627 -0.0109
1341846675.182290 -0.01366 0.003609 0.00605 0.02272 -0.00416 -0.003634
1341846675.218759 -0.009427 0.004279 0.01037 0.01461 -0.0006018 -0.008721
1341846675.251951 -0.01494 0.003608 0.004012 0.01385 0.002425 -0.005243
1341846675.282406 -0.01651 -0.0008452 0.001074 0.004757 -0.0001488 -0.004903
1341846675.318078 -0.01279 -0.006297 0.009555 0.005588 -0.004715 -0.004444
1341846675.350149 -0.01137 -0.002537 0.009873 0.01713 -0.005371 -0.003633
1341846675.382271 -0.01474 0.002416 -0.002298 0.02191 -0.005921 -0.002295
1341846675.450238 0.01012 0.05067 0.04333 0.02523 -0.03512 -0.03248
1341846675.486165 -0.01001 0.005819 -0.01011 -0.01739 -0.004929 -0.02095
1341846675.518083 -0.0119 0.006185 -0.003294 -0.01561 -0.001531 -0.01762
1341846675.550092 -0.01178 0.004886 0.0004669 -0.01118 0.002279 -0.01609
1341846675.586070 -0.01473 0.004387 -0.005598 -0.005758 0.0004121 -0.007093
1341846675.618075 -0.01554 0.005559 -0.0123 -0.009573 -0.002202 -0.003967
1341846675.650024 -0.01412 0.005308 -0.004976 -0.009336 0.004189 -0.005369
1341846675.686118 -0.01395 0.004627 -0.004682 -0.005703 0.005548 0.00114
1341846675.718055 -0.0162 0.004377 -0.009757 -0.008444 -0.001189 0.005798
1341846675.754170 -0.01566 0.004784 -0.00251 -0.01129 0.002004 0.00277
1341846675.786330 -0.01453 0.004368 0.005238 -0.006133 0.0009204 0.001041
1341846675.818106 -0.01868 0.004903 -0.0047 -0.006047 -0.002068 0.004376
1341846675.854095 -0.01803 0.004191 0.002112 -0.007572 0.001738 0.001812
1341846675.886163 -0.02037 0.00318 -0.003111 -0.01248 0.009865 -0.003777
1341846675.922346 -0.02139 0.006747 0.002642 -0.01721 0.005348 -0.001414
1341846675.961651 -0.02209 0.005716 0.002507 -0.01653 0.006763 0.002583
1341846676.028080 -0.05506 0.01929 0.007446 -0.03833 0.02587 0.001058
1341846676.122163 -0.07904 0.02854 0.06068 -0.001875 0.02528 0.009452
1341846676.154447 -0.03034 0.008401 -0.001708 0.006162 0.008457 0.001011
1341846676.190230 -0.02862 0.006894 0.01318 0.0008273 0.01044 -0.002985
1341846676.222476 -0.03276 0.008251 0.01933 0.01136 0.003301 -1.855e-05
1341846676.257017 -0.03034 0.009982 0.00523 0.01683 0.002034 0.00224
1341846676.290401 -0.02729 0.008965 0.001956 0.005939 0.005605 -0.00147
1341846676.322689 -0.03561 0.004524 0.01487 0.005674 0.0002422 -0.0004976
1341846676.360815 -0.03416 0.00454 0.008203 0.0254 -0.003577 0.004434
1341846676.390851 -0.02275 0.005581 -0.01633 0.01541 -9.592e-05 0.005758
1341846676.424250 -0.03437 0.003121 -0.004624 -0.004543 0.002076 -0.005341
1341846676.459033 -0.03103 -0.001007 0.001791 0.004845 -0.002647 -0.005116
1341846676.490669 -0.02274 0.003832 -0.0227 0.009563 -0.004356 -0.002571
1341846676.532743 -0.03005 0.003907 -0.00849 0.002075 -0.002862 -0.003366
1341846676.564052 -0.0275 0.0001532 -0.006576 0.004424 -0.002792 -0.002589
1341846676.596566 -0.0234 0.000953 -0.01395 0.007541 0.0004881 7.132e-05
1341846676.632057 -0.02546 0.001252 -0.01087 0.00175 -0.001159 0.003134
1341846676.690079 -0.05171 0.0001348 -0.01317 0.0008477 0.005464 0.004488
1341846676.726102 -0.01953 0.001025 -0.006346 -0.001563 -0.003252 0.00442
1341846676.758419 -0.01143 -0.001381 -0.006713 -0.006519 -0.004181 0.0003398
1341846676.790227 -0.01331 -0.004074 0.0004229 -0.003403 0.001114 -0.001001
1341846676.826179 -0.02209 0.003178 -0.003619 -0.0009638 -0.003586 0.001844
1341846676.858331 -0.003323 -0.003015 -0.00451 -0.004367 -0.005742 -0.000949
1341846676.894086 -0.001155 -0.004235 0.001724 -0.001098 0.002396 -0.003021
1341846676.926062 -0.01864 0.00306 -0.0007058 0.001721 0.002322 0.001442
1341846676.958080 0.002378 0.0001825 -0.002417 -0.0009194 -0.004474 0.0003787
1341846676.994140 -0.0003622 -0.0002369 0.001244 -0.002394 0.003352 -0.002213
1341846677.026242 -0.009473 -0.002178 0.002505 -0.0009476 0.003467 0.0007977
1341846677.094244 0.002858 0.0015 0.001641 0.004615 2.974e-06 0.001587
1341846677.126108 -0.009041 0.009529 0.0002597 -0.001089 0.005001 -0.002657
1341846677.162066 -0.0007108 -0.005769 0.004844 -0.005497 -0.0009405 0.001174
1341846677.194068 0.001772 -0.004249 0.003853 0.001156 0.001166 0.0005048
1341846677.226206 -0.01273 0.01119 -0.001471 0.003554 0.00193 -0.0001877
1341846677.262033 0.002344 0.003136 0.001802 -0.005193 -0.005428 0.0001017
1341846677.294125 0.005242 -0.008804 0.006479 -0.00416 0.001428 -0.0001685
1341846677.326503 -0.01455 0.0005465 -0.000213 0.003579 0.002165 0.001183
1341846677.362194 0.001112 0.008037 -0.001236 0.0003252 -0.006027 -8.923e-06
1341846677.394280 0.002776 -0.003594 0.003406 -0.003817 -0.0004879 -0.0008431
1341846677.430058 -0.01049 0.00121 0.000884 -7.389e-05 -4.719e-05 0.001542
1341846677.468326 0.001112 0.0049 -0.0007839 -0.001229 -0.0059 0.001518
1341846677.530161 -0.004713 0.001062 0.004099 -0.009021 -0.004057 0.00332
1341846677.562051 0.001445 -0.0003601 0.001765 -0.002859 -0.006078 0.003709
1341846677.594105 0.003778 -0.002236 0.00257 -0.001628 -0.00251 0.002137
1341846677.630227 -0.00449 0.003305 0.0002168 -0.0003925 -0.0005527 0.001563
1341846677.662033 0.002815 -0.002577 0.002008 -0.002489 -0.003392 0.001032
1341846677.730320 -0.00445 0.000815 0.0002651 0.001469 0.0008211 -0.0007674
1341846677.763691 0.005031 0.001776 0.0009507 -0.002596 -0.002782 0.0006679
1341846677.798630 0.001973 -0.006112 0.003835 -0.0009908 0.002753 0.001177
1341846677.830104 -0.01183 0.009178 -0.003221 0.003122 0.00138 0.001083
1341846677.862185 0.001793 0.006676 -0.0005601 -0.004758 -0.004422 0.001702
1341846677.898344 0.003724 -0.00188 0.002707 -0.007158 0.0002544 -0.0005465
1341846677.930181 -0.006312 0.0002099 0.002205 -0.0039 0.001072 0.00191
1341846677.966256 -0.001356 0.009198 -0.001061 -0.003961 -0.00343 0.0009235
1341846677.998516 0.009687 5.612e-05 0.005498 -0.009566 -0.0003227 -0.002124
1341846678.030368 -0.003895 -0.001859 0.003376 -0.005619 0.005231 -0.001143
1341846678.066187 -0.005036 0.003057 0.00164 -0.002847 -0.00147 0.002383
1341846678.098076 0.01136 0.001327 0.003133 -0.003623 -0.002055 -0.0002493
1341846678.134082 -0.002459 0.0007153 0.002198 -0.002971 0.006559 -0.001852
1341846678.166092 -0.008678 0.003429 0.001219 -0.001588 0.0004418 0.001143
1341846678.204293 0.007748 0.00201 0.001952 -0.003099 -0.00219 -0.0002822
1341846678.266209 -0.004594 0.001737 0.00272 -0.007297 0.007382 -0.0007826
1341846678.298316 0.00537 -0.003038 0.003586 -0.00154 0.001415 -5.537e-05
1341846678.334135 -0.003983 0.003709 -0.0003355 0.001245 0.004833 -0.0006574
1341846678.366593 -0.002755 0.004953 0.0002623 -0.002169 -0.0003212 0.0001101
1341846678.402292 0.004604 -0.00237 0.004046 -0.003786 -0.000396 -0.0001358
1341846678.439991 -0.00434 0.003027 3.709e-05 -0.0008133 0.0008164 3.276e-05
