1341846092.059891 -0.0004503 5.488e-05 -0.0001898 -0.002639 -0.0009371 0.003016
1341846092.091861 0.0001509 -1.948e-05 -0.0001425 -0.002957 -0.001025 0.0007271
1341846092.123884 -0.0009549 -0.001186 0.000676 -0.00345 0.0002676 -0.0005933
1341846092.159881 4.861e-05 4.885e-05 -0.0001937 -0.002767 3.234e-05 -0.002977
1341846092.191824 -0.0009393 -0.0002017 -0.0001442 -0.003133 0.001137 -0.001872
1341846092.227766 -0.001718 -0.001829 0.001655 -0.002605 -0.0006125 0.001948
1341846092.259844 0.00201 -0.000512 -2.441e-05 0.00103 -0.001538 0.002289
1341846092.291754 -0.001597 0.003971 -0.002241 -0.000204 0.001026 0.001742
1341846092.327827 -0.0006749 0.00218 -0.0003519 -0.004203 -0.0003693 0.002016
1341846092.359956 0.001024 0.001432 0.0002763 -0.005253 -0.0005363 0.001888
1341846092.395855 -0.001184 7.237e-05 1.178e-05 -0.005583 0.0006456 0.004189
1341846092.428016 -0.0003642 0.0002406 0.0002652 -0.005164 -0.0009569 0.005365
1341846092.459991 -0.0007908 0.001228 -0.0005608 -0.004886 -0.0005207 0.004072
1341846092.495930 0.0006671 0.001444 0.0001101 -0.00628 -0.001004 0.004445
1341846092.528072 -0.002866 0.001224 -0.000297 -0.007032 0.0005997 0.004944
1341846092.559842 -0.002143 0.0003134 -0.001032 -0.009029 -0.002749 0.003478
1341846092.595783 0.003921 -0.0002175 -0.0002188 -0.009508 -0.00354 0.001579
1341846092.628121 0.0007196 0.001177 -0.000147 -0.008812 0.001347 -0.0007166
1341846092.659797 -0.005375 -0.002253 0.001596 -0.009347 -0.0004056 0.00215
1341846092.696012 0.002935 -0.0008159 5.287e-06 -0.005536 -0.004808 0.002716
1341846092.727906 0.000634 0.006133 -0.001425 -0.005057 -0.0005578 0.0003107
1341846092.760105 0.0006627 0.003149 2.451e-06 -0.01264 -1.179e-05 -0.005195
1341846092.795871 0.0007408 -0.0002223 0.0008209 -0.01014 0.002461 -0.00166
1341846092.827857 -0.005617 0.004759 0.001281 -0.0102 0.001471 0.008496
1341846092.863824 -6.53e-05 -0.00479 0.001346 -0.009846 -0.004733 0.0128
1341846092.895885 0.004445 0.002624 -0.001565 -0.00258 -0.001311 0.007041
1341846092.927920 -0.004204 0.007523 -0.00135 -0.007159 0.001885 -0.0007829
1341846092.963849 -0.001966 -0.002011 0.001188 -0.01266 -0.00221 -0.0005511
1341846092.995760 0.00205 0.003566 -0.0007768 -0.009197 -0.002039 -0.001328
1341846093.027860 -0.002749 0.007081 -0.0004326 -0.01389 0.001153 -0.005064
1341846093.063741 -0.0009126 -0.005375 0.002486 -0.01689 -0.001306 -0.001919
1341846093.125933 -0.005574 0.004924 -0.000802 -0.01323 -0.004095 0.009377
1341846093.157795 0.004564 -0.0001505 -0.0003151 -0.012 -0.004979 -0.004973
1341846093.189822 0.0002878 0.002535 -0.0006328 -0.009781 0.002489 -0.008232
1341846093.225887 -0.005405 -0.0005588 0.0007099 -0.01019 0.0003475 -0.001911
1341846093.257900 -0.0005764 0.003026 -0.001751 -0.008424 -0.003709 0.00013
1341846093.289744 0.0009295 0.001449 -0.0009002 -0.01062 -0.003601 -0.0004559
1341846093.325795 0.0007852 0.0015 0.0001762 -0.01153 -0.002018 -0.002368
1341846093.357904 -0.0008729 -0.001064 0.001474 -0.009333 -0.00169 0.001911
1341846093.393841 0.0008085 0.001383 -0.0008435 -0.00715 -0.002725 0.0009748
1341846093.425924 0.00131 0.006499 -0.001678 -0.01028 -3.988e-05 -0.006507
1341846093.457796 -0.003341 -0.001411 0.001641 -0.01314 0.001533 -0.003385
1341846093.493817 -0.002479 0.003877 -0.001262 -0.01005 -0.001029 -0.002534
1341846093.525871 -0.001256 0.001084 -0.0008212 -0.01229 -0.001477 -0.006049
1341846093.561833 0.0001597 0.004019 -0.000191 -0.01264 -0.001067 -0.006843
1341846093.593995 -0.003345 -0.002378 0.001546 -0.01221 0.001077 -0.0007941
1341846093.625945 7.21e-05 0.0004662 0.0001451 -0.007454 -0.002218 0.002735
1341846093.661809 0.00016 0.007659 -0.001085 -0.008819 0.0002197 0.00167
1341846093.693938 -0.0005338 -0.0004951 0.000664 -0.0118 -1.155e-05 0.001873
1341846093.725842 0.002625 0.002361 -0.0001641 -0.01073 0.001023 -0.0005938
1341846093.761995 0.001703 0.009291 -0.003016 -0.01233 0.001912 -0.004695
1341846093.794228 0.003378 -0.002609 0.002013 -0.01648 0.003494 -0.009872
1341846093.829820 -0.005209 -0.002706 0.0003856 -0.01452 0.005694 -0.004403
1341846093.861841 -0.003114 -0.001111 -0.0001953 -0.01025 -0.0006816 0.006674
1341846093.893823 0.008539 0.01226 -0.003146 -0.00971 -0.0004473 0.003424
1341846093.929912 0.0005513 0.0004455 -0.0009413 -0.01574 0.00514 -0.001857
1341846093.961968 -0.004274 0.003102 -0.001455 -0.0152 -0.0001741 -0.004403
1341846093.994029 0.000142 -0.009313 0.00317 -0.01602 -0.001884 -0.0008569
1341846094.029902 -0.001527 -0.005019 0.002806 -0.009186 0.0006912 0.004579
1341846094.062046 -0.001751 0.006907 -0.003297 -0.005653 -0.002346 0.003305
1341846094.097921 0.002139 -0.001684 5.327e-06 -0.009905 -0.002789 -0.00186
1341846094.129856 -0.002872 -0.003616 0.003142 -0.005664 -0.0009152 0.001021
1341846094.161786 -0.003248 0.001427 -0.004244 -0.004845 -0.002809 0.002702
1341846094.197938 -0.003614 -0.001743 0.003548 0.0003537 -0.006298 0.004768
1341846094.229967 0.009805 0.005062 -0.008078 -0.0002755 -0.005787 0.0007385
1341846094.261795 -0.006127 -0.0102 0.007229 -0.0008107 -0.0008575 -0.001504
1341846094.297927 -0.002379 0.002753 -0.00229 0.005463 -0.002851 0.004235
1341846094.329846 0.0009351 -0.003932 0.002958 0.003537 -0.003538 0.003332
1341846094.366053 0.005784 -0.001816 -0.0001938 0.007106 0.0005184 -0.002073
1341846094.397911 -0.002905 -0.002058 0.0005541 0.007071 0.003727 -0.00359
1341846094.429746 -0.006591 -0.01451 0.006965 0.007626 0.0001002 -0.002032
1341846094.466133 0.007948 -0.004942 0.001758 0.01334 0.0003217 -0.001959
1341846094.497922 0.002751 0.004121 -0.002651 0.01475 0.004566 -0.00557
1341846094.533970 0.0005662 -0.007014 -6.347e-07 0.01236 0.002568 -0.01011
1341846094.565945 -0.002979 -0.007874 -0.0001568 0.01368 0.003162 -0.007478
1341846094.597899 -0.0009831 -0.006013 -0.001848 0.01461 5.108e-05 -0.004027
1341846094.633912 0.007541 -0.00579 0.001528 0.01574 -0.0005883 -0.00545
1341846094.665844 -0.003328 0.01073 -0.004712 0.01873 0.003335 -0.007484
1341846094.697961 -0.01832 -0.01389 0.003804 0.0104 -0.0005701 -0.003977
1341846094.733999 0.005383 0.007759 -0.005455 0.01626 -0.008793 0.002875
1341846094.767923 0.006604 -0.002268 0.000821 0.01206 -0.002621 -0.01254
1341846094.801844 -0.0002392 -0.000431 0.0003863 0.0117 0.005307 -0.01213
1341846094.833846 -0.01604 -0.01031 0.000955 0.009798 0.00218 -0.008858
1341846094.866031 0.0006824 -0.01089 0.002291 0.0124 -0.005496 -0.002756
1341846094.901923 0.003552 -0.01075 0.002302 0.01544 -0.0006769 -0.001589
1341846094.966365 0.002171 0.003927 -0.00214 0.03642 0.003596 -0.01212
1341846095.002198 -0.00232 -0.009323 0.0005504 0.01939 -0.002175 0.005015
1341846095.034722 0.0005605 0.006142 -0.002612 0.02236 -0.002755 0.001267
1341846095.075946 -0.002537 0.0004945 -0.001317 0.008761 -0.002064 -0.004686
1341846095.134021 -0.002118 -0.001091 -0.00039 0.01553 -0.007894 -0.006626
1341846095.169946 0.002791 -0.003137 0.002409 0.003999 -0.002665 -0.008241
1341846095.201911 0.0008399 -0.003277 0.0019 0.007441 0.001031 -0.005946
1341846095.233880 -0.003717 -0.002252 -0.0002806 0.01023 0.000708 0.0002404
1341846095.269927 0.001789 -0.0008464 0.0001753 0.01027 -0.002256 0.001663
1341846095.301803 0.004842 -0.003942 0.00117 0.01118 0.002128 -0.002974
1341846095.337767 -0.002634 -0.0005582 -0.0003133 0.01159 0.004588 -0.003342
1341846095.369772 -0.004009 -0.002572 -0.001443 0.01207 -0.001076 0.001122
1341846095.401800 0.003209 0.0005906 9.518e-05 0.01015 -0.002846 -0.001285
1341846095.437762 -0.0009786 -0.002425 -9.355e-05 0.008971 0.001019 -0.002996
1341846095.469900 -0.002932 0.001401 -0.001397 0.008219 -0.001369 -0.004629
1341846095.501905 0.001038 -0.002309 0.001341 0.006584 -0.003005 -0.001759
1341846095.538219 0.0004602 -0.002796 0.0002777 0.01136 -0.002503 0.002444
1341846095.569934 -0.0009609 0.0003282 -0.0007859 0.01091 -0.001752 0.001501
1341846095.606238 -7.991e-05 -6.649e-05 0.0003894 0.008849 -0.001291 -0.001607
1341846095.637875 0.000248 0.0006106 -0.000113 0.006669 -0.0002336 -0.002948
1341846095.669890 -0.0009923 -0.002857 0.001132 0.005448 -0.0002709 -0.0008224
1341846095.705878 -0.004457 -0.001471 -0.0001342 0.007629 -0.00281 0.0006182
1341846095.737902 0.003829 0.0008057 0.001972 0.007991 -0.005078 -0.002936
1341846095.773812 -0.0002365 0.0003286 0.0004603 0.006021 -0.0003493 -0.002709
1341846095.838106 -0.002479 -0.003291 0.002101 0.01662 -0.005297 0.003433
1341846095.873871 0.0007461 0.001279 0.003657 0.009407 -0.004901 0.003914
1341846095.905980 0.004442 0.001089 0.004243 0.01253 -0.001945 -0.002075
1341846095.937932 -0.003686 0.003285 -8.824e-05 0.01049 0.003 -0.0009722
1341846095.973926 -0.003033 0.0002243 0.003124 0.007754 -0.002157 -0.0003782
1341846096.005891 0.003461 0.0007888 0.004574 0.01103 -0.002277 -0.001662
1341846096.041838 -0.002295 0.0005042 0.001601 0.01026 0.00252 0.001847
1341846096.073937 -0.003061 -0.001212 0.003157 0.008698 0.0002929 0.004307
1341846096.105773 -0.001162 -0.001251 0.004473 0.01088 -0.001341 0.004612
1341846096.141944 -0.002263 0.001251 0.001679 0.01334 0.0002509 0.001682
1341846096.173951 -0.00391 0.002115 -0.002124 0.006266 0.003452 0.001304
1341846096.205991 0.0005776 0.0008018 0.001917 0.002858 -0.001098 0.0004172
1341846096.241942 0.005233 0.001397 0.003344 0.005685 -0.0008471 -0.001832
1341846096.273909 -0.00134 -0.0002823 -0.0005986 0.006184 0.001675 0.001833
1341846096.309891 0.002137 0.001354 0.001495 0.00868 -0.002227 0.002997
1341846096.341861 0.0002743 0.001837 -0.002669 0.007319 0.0008748 -0.0006315
1341846096.374240 -0.0008517 0.00027 -0.002695 0.001762 0.002613 0.001579
1341846096.409718 0.001143 -0.0004717 -0.000833 0.002573 -0.002371 0.003626
1341846096.441905 0.005129 0.001568 0.0007931 0.006767 -0.003396 0.004938
1341846096.473846 0.000931 0.0005542 -0.001859 0.006306 0.0007616 0.005358
1341846096.510050 -0.002857 5.601e-05 -0.00313 0.004553 0.0004432 0.004203
1341846096.542063 0.0004636 0.0006958 -0.000176 0.002819 -0.002316 0.001057
1341846096.577955 0.003626 0.0001407 0.002506 0.004652 -0.002406 0.0009921
1341846096.609941 0.003474 0.0007461 0.002668 0.01021 -0.0006034 0.003309
1341846096.641875 -0.00475 -0.0009519 -0.003832 0.01014 0.002014 0.004841
1341846096.677902 -0.0001288 0.0001927 0.0009293 0.005812 -0.001891 0.002221
1341846096.709906 0.002563 0.0007773 0.003123 0.01141 -0.001002 -0.001038
1341846096.745991 -0.00345 -0.001915 -0.003416 0.009848 0.002134 0.00206
1341846096.777870 6.199e-06 -0.002958 7.922e-05 0.006171 -0.002819 0.006318
1341846096.810244 0.002065 0.001265 0.002199 0.01471 -0.003233 0.00337
1341846096.845763 -0.001373 -0.0009293 -0.002321 0.01343 0.001471 0.001726
1341846096.878199 -0.003271 -0.002395 -0.00288 0.006988 0.0003009 0.003824
1341846096.909946 0.00346 -3.391e-05 0.003378 0.00868 -0.002958 -0.000421
1341846096.945914 0.001987 -0.0009179 0.001132 0.01423 0.0004619 0.0005923
1341846096.978058 -0.001806 -0.00331 -0.002396 0.01496 -0.0007686 0.005581
1341846097.014061 -6.733e-05 -0.001122 -0.0007424 0.01383 -0.003667 0.004969
1341846097.045960 0.0004733 0.0002004 -0.0002085 0.01669 -0.002886 0.001712
1341846097.078464 -0.0003518 -0.0006823 -0.00188 0.01216 -0.001171 0.0005992
1341846097.113795 -0.001361 -0.001856 -0.002518 0.008622 -0.001758 0.004573
1341846097.146138 -0.000445 -0.0006014 -0.001089 0.00766 -0.003411 0.002176
1341846097.178019 -0.0007017 0.001488 -2.783e-05 0.008378 -0.0008552 -0.0008511
1341846097.213933 -0.000611 0.001369 -0.0004507 0.0038 0.004289 0.0001222
1341846097.246080 -0.0003593 -0.002627 0.001041 0.003393 0.003035 0.001924
1341846097.282030 -0.003901 0.0003439 -0.002639 0.006018 -0.0007289 -0.000523
1341846097.313977 0.002297 -0.001362 0.002844 0.0036 -0.0005293 -0.005072
1341846097.345922 0.001683 -0.00215 0.001978 0.006962 0.00342 -0.008149
1341846097.381852 -0.003532 -0.001617 -0.004385 0.00801 -0.0008657 -0.004715
1341846097.413864 0.001897 -0.001795 0.002812 0.005908 -0.007082 0.001279
1341846097.445910 0.001303 0.001363 0.004216 0.0164 -0.002558 7.523e-05
1341846097.481979 -0.0006316 -0.002563 -0.002186 0.01655 -0.0007914 0.0033
1341846097.514061 -0.0004752 -0.001184 -0.001464 0.01378 -0.004483 0.005981
1341846097.550048 -0.0006317 -0.0003421 0.0001347 0.0143 -0.003203 0.002112
1341846097.587812 -0.001149 -0.001322 -0.0005538 0.01624 0.0001243 0.001231
1341846097.649731 -0.002036 -0.001667 -0.002796 0.01781 -0.004886 0.009512
1341846097.681970 -0.00237 0.002832 0.0008371 0.01187 0.0006161 0.0005308
1341846097.714026 0.003564 -0.007301 -0.002184 0.003303 -0.0009623 -0.001773
1341846097.749749 9.343e-05 0.0004763 0.001199 0.001538 -0.0009929 0.003772
1341846097.782019 0.0002621 0.003036 0.002182 0.009789 -0.0002576 0.003277
1341846097.817835 0.001548 -0.004213 -0.002844 0.003853 -0.0008546 0.003525
1341846097.849998 0.0008857 0.0004494 -0.0008003 -0.005224 -0.0002884 0.001581
1341846097.882032 0.0005548 0.005397 0.003151 0.0009469 0.001505 0.0009627
1341846097.917945 0.0001601 -0.003172 -0.001637 -0.002217 0.00177 0.002274
1341846097.949812 8.229e-05 -0.001303 -0.001157 -0.008362 -0.000195 0.001647
1341846097.985786 -9.335e-05 0.0005508 0.001016 -0.01006 -0.001389 0.0002413
1341846098.017778 -0.0004143 -0.00223 -4.986e-05 -0.01249 7.513e-05 0.001507
1341846098.050033 0.001304 -0.001064 0.0005345 -0.01462 -0.002107 0.005713
1341846098.085962 0.001706 0.006559 0.00352 -0.007039 -0.006642 0.0123
1341846098.117764 -0.0002635 0.00586 0.003364 0.0006975 -0.009841 0.01497
1341846098.149904 -0.0004214 0.001355 0.0002721 -0.0002075 -0.004172 0.004526
1341846098.185874 -0.000442 0.001489 -0.0001712 -0.007509 0.003336 -0.009653
1341846098.217722 -0.0005435 -0.009492 -0.002897 -0.02053 0.001692 -0.00468
1341846098.253811 0.002129 0.0007028 0.001606 -0.01773 -0.005476 -0.005948
1341846098.285939 -0.0007134 0.001561 0.001661 -0.01984 -0.001649 -0.00404
1341846098.319650 0.004865 0.001256 0.003736 -0.02206 -0.005355 -0.0003321
1341846098.353827 0.0008169 0.002606 0.003013 -0.01948 -0.006322 0.002116
1341846098.385963 0.002614 0.001426 0.003143 -0.01785 -0.006353 0.005488
1341846098.418076 -8.212e-05 0.001753 0.003002 -0.01496 -0.008696 0.006528
1341846098.453988 0.00159 0.00228 0.003249 -0.006765 -0.007837 0.006835
1341846098.485927 0.0007094 0.00121 -0.001171 -0.008045 -0.00173 0.001837
1341846098.521907 -0.001287 0.001018 -0.001539 -0.0139 0.00196 -0.001807
1341846098.553851 -0.001448 -0.0001233 0.0006043 -0.01583 -0.0008722 -0.005774
1341846098.585937 -0.000127 0.002589 0.001195 -0.01299 0.000625 -0.008684
1341846098.621830 -0.001222 0.001617 0.0007253 -0.01696 0.002694 -0.006714
1341846098.653874 -0.001047 0.002944 0.002593 -0.01546 0.00022 -0.005411
1341846098.685832 -0.0005181 0.00142 0.001036 -0.01569 0.002432 -0.005669
1341846098.721860 -0.002264 0.001045 0.0008664 -0.01926 0.003209 -0.006514
1341846098.753828 -0.000676 0.001344 0.001833 -0.02227 0.004703 -0.006278
1341846098.789998 -0.002574 -0.001115 -0.0001463 -0.02497 0.002413 -0.005516
1341846098.827945 0.000166 0.003082 0.003009 -0.02416 0.0009773 -0.007323
1341846098.889904 -0.001623 -0.0005897 0.003175 -0.04733 0.008796 -0.01122
1341846098.921923 -0.002166 0.0008102 0.001495 -0.02743 0.00243 -0.004491
1341846098.957887 0.004029 0.002433 0.005567 -0.02083 3.87e-06 -0.004198
1341846098.990630 1.46e-05 0.0009388 0.001326 -0.01738 0.006769 0.001199
1341846099.022028 -0.005917 0.00865 -0.002703 -0.02011 0.004427 0.003536
1341846099.058015 0.001117 -0.002172 0.002672 -0.02367 -0.0002514 -0.0006818
1341846099.089878 -0.001126 0.0008347 -0.0003147 -0.01772 0.002988 0.0003175
1341846099.121774 -0.00109 0.00318 1.208e-05 -0.01912 0.001894 -0.002358
1341846099.157775 0.0004715 -0.005447 0.001634 -0.0167 0.001228 -0.0004295
1341846099.189822 -0.002164 0.001106 -0.00127 -0.01115 0.001411 0.003586
1341846099.226178 0.0001421 0.0003905 -6.483e-05 -0.01232 -0.0008213 -0.00138
1341846099.264156 0.002603 -0.001591 0.001137 -0.009923 0.0008914 -0.003419
1341846099.300270 -0.005502 -0.004225 -0.001088 -0.009044 0.002101 -0.003146
1341846099.332076 -0.001758 -0.00227 -0.0003447 -0.004362 -0.003548 -0.002944
1341846099.363831 0.001484 -0.003396 0.001354 -0.00274 -0.00438 -0.001874
1341846099.399799 -0.004341 -0.002553 -0.0008258 0.001691 -0.003488 0.001456
1341846099.432113 -0.005617 5.241e-05 -0.003099 0.002096 -0.007796 0.001725
1341846099.463909 -0.001632 0.002244 -0.003315 0.0003493 -0.01058 -0.0003806
1341846099.499765 -0.006477 -0.001217 -0.0003971 -0.001273 -0.01146 -9.933e-05
1341846099.564678 -0.00796 0.004141 -0.007111 -0.005494 -0.04031 0.006258
1341846099.626222 0.001981 -0.005832 0.001545 -0.006409 -0.04016 0.00718
1341846099.657825 -0.004321 0.0003305 -0.005266 0.001028 -0.01941 0.008076
1341846099.693870 -0.002487 0.002192 -0.005393 0.000126 -0.02142 0.006157
1341846099.725881 -0.001952 0.001908 -0.003967 -0.002367 -0.02112 -0.0002685
1341846099.761986 -0.0008152 0.00183 -0.009905 -0.004174 -0.01956 -0.01366
1341846099.793945 -0.00236 -9.407e-05 0.001151 -0.007221 -0.02131 -0.01403
1341846099.825926 -0.001532 -0.003255 0.002407 -0.002522 -0.02185 -0.004718
1341846099.862065 -0.002642 0.001509 -0.006637 -0.0001246 -0.02209 -0.00133
1341846099.894034 0.0009331 0.00218 -0.001956 -0.003413 -0.01841 -0.004739
1341846099.925860 -0.002818 -0.0006648 -0.0008912 -0.002741 -0.01509 -0.006385
1341846099.961831 -0.006497 0.0002478 0.001322 -0.00411 -0.01961 0.001063
1341846099.993861 0.0009655 -0.00177 0.0008616 -0.001999 -0.02124 0.001708
1341846100.029846 1.365e-05 0.0005792 -0.008622 -0.001352 -0.01904 -0.0005844
1341846100.069920 -0.001465 0.0005917 -0.002127 -0.004022 -0.02304 -0.0002856
1341846100.099862 0.006119 -0.001156 0.001181 -0.003294 -0.02225 -0.003635
1341846100.132811 0.001304 -0.0001829 -0.002729 -0.002799 -0.01345 -0.005628
1341846100.168188 -0.005049 -6.601e-05 0.004614 -0.003759 -0.01467 -0.005201
1341846100.199801 0.001603 -0.001631 0.003754 -0.0008629 -0.0154 -0.002703
1341846100.235866 -0.00189 -0.0001023 0.001129 -0.0005079 -0.01243 -0.0007527
1341846100.267868 -0.001761 0.0005353 0.0001744 3.49e-05 -0.01442 5.246e-05
1341846100.299821 0.001301 2.06e-05 7.101e-06 0.0005739 -0.01246 -0.004785
1341846100.335884 -0.004599 0.0004758 0.002315 -0.0008047 -0.01105 -0.002705
1341846100.367898 0.001066 -0.0006082 0.005792 0.0002088 -0.01253 0.0001616
1341846100.400000 -0.0009351 -0.0002173 0.001315 -0.0002635 -0.004759 0.001304
1341846100.435828 -0.006918 0.003921 -0.008214 -0.001122 -0.007667 0.002507
1341846100.467678 0.0008145 -0.002314 0.006803 -0.004246 -0.01419 0.003143
1341846100.503838 0.001178 0.0006688 -0.007756 -0.00251 -0.008348 0.003075
1341846100.535834 -0.005928 0.002617 0.0004705 -0.006084 -0.01346 0.005114
1341846100.568004 0.0004979 -0.002081 0.002316 -0.00651 -0.01582 0.004214
1341846100.604545 -0.005838 0.001812 -0.0008568 -0.00452 -0.01513 0.006299
1341846100.635826 -0.0009384 -0.0006194 0.006457 -0.005425 -0.01921 0.005461
1341846100.672445 0.001621 -0.001628 -0.002719 0.002438 -0.005777 -0.006364
1341846100.733981 -0.0064 -4.441e-05 0.005427 -0.004077 -0.01579 -0.008925
1341846100.765776 -0.001429 0.000472 0.0001765 0.001598 -0.01241 0.004265
1341846100.798442 0.003788 -0.0004495 -0.006803 7.112e-05 -0.01035 -0.001612
1341846100.833838 0.0004492 -0.002868 0.002725 -8.92e-05 -0.006487 -0.004024
1341846100.866041 0.003384 -0.002822 -0.003323 0.003028 0.002371 -0.001635
1341846100.897858 0.0002391 0.002794 -0.006701 0.001053 -0.000832 -0.0006442
1341846100.933895 0.0007648 -0.001592 0.005197 -0.001582 -0.002675 -0.005875
1341846100.965736 0.001138 -0.001523 -0.0007088 0.001826 0.007242 -0.003933
1341846101.001817 -0.003201 0.001898 0.0006075 -0.0005677 0.0003524 0.0007578
1341846101.033901 0.002648 -0.002724 0.002906 -0.0003214 2.379e-05 -0.001717
1341846101.065947 0.001939 -0.0008202 -0.003587 0.00419 0.01003 -0.001373
1341846101.102829 -0.002653 0.002153 0.00175 -0.0003887 0.00327 0.001462
1341846101.134613 -0.000407 -0.003497 0.0102 0.001073 0.004592 0.0008457
1341846101.169743 0.003465 0.0006067 -0.007086 0.005718 0.01261 0.00645
1341846101.202171 -0.002885 0.002556 0.004773 0.0001813 0.006841 0.005478
1341846101.234098 0.001406 -0.001314 0.00458 0.0008517 0.006736 0.003702
1341846101.269940 0.00377 0.001031 -0.004413 0.003997 0.01233 0.003878
1341846101.301837 -0.001592 0.002248 0.004351 0.0003756 0.009438 0.003065
1341846101.333884 0.0006829 -0.000719 0.005589 0.001787 0.009276 0.001104
1341846101.369943 0.0007952 0.001748 -0.001324 0.002742 0.01084 0.006243
1341846101.402755 0.002282 -0.0009844 0.002715 0.002142 0.01254 0.003213
1341846101.437821 -0.001115 0.002742 -0.0005315 0.002224 0.01191 0.003487
1341846101.469768 0.001683 -0.0003114 0.001614 0.002107 0.01244 0.001001
1341846101.501812 0.000769 0.001423 -0.007831 0.0004964 0.01421 0.0003006
1341846101.537892 -0.003103 0.0003796 0.008693 -0.001256 0.006971 0.0008929
1341846101.569873 0.004477 -0.003723 0.00817 0.0006302 0.008086 0.002831
1341846101.601955 0.002397 -0.001526 -0.001156 0.005106 0.01709 0.0004979
1341846101.637841 0.002161 0.0006458 -0.001795 0.00309 0.01042 0.00445
1341846101.670644 0.007764 0.0005428 -0.005559 0.0005013 0.01285 -0.001956
1341846101.705786 0.002307 -0.0001297 -0.004302 -0.0004936 0.01644 -0.008409
1341846101.738127 0.001084 0.001322 0.003127 -0.002137 0.009516 -0.005521
1341846101.769786 0.00154 -6.85e-05 0.0138 -0.001381 0.01095 -0.00407
1341846101.805816 -0.001958 -0.0005574 -0.004488 0.00019 0.01457 -0.00119
1341846101.837808 0.001277 -0.0001064 0.003656 -0.0001504 0.006819 -0.0002497
1341846101.869834 0.005592 2.823e-05 0.00497 0.0004801 0.008712 -0.003243
1341846101.905918 -5.197e-05 -0.0006333 0.002544 0.002939 0.01601 -0.002296
1341846101.937872 0.001954 0.001433 -0.002802 0.0003538 0.01064 0.001344
1341846101.973942 0.006136 0.002833 0.004871 -0.001247 0.01168 -0.0026
1341846102.005947 0.003335 -0.002321 0.01245 0.0001836 0.02296 -0.008343
1341846102.037846 -0.004821 0.002869 -0.01184 0.001473 0.01956 -0.004831
1341846102.073879 0.006213 -0.001571 0.02343 -0.003341 0.01316 -0.001349
1341846102.105961 0.001177 -0.002533 0.01025 0.006224 0.02574 -0.0005632
1341846102.137878 -0.008103 0.003898 -0.002953 0.007437 0.01713 0.001992
1341846102.173907 0.005974 0.00061 0.006997 0.00299 0.01038 0.004053
1341846102.205896 0.003718 -0.002636 0.008606 0.004225 0.02088 0.004633
1341846102.242018 0.00385 0.0009632 -0.0001469 0.007956 0.02543 0.0008911
1341846102.274144 -0.00592 0.002301 -0.005537 0.003551 0.02406 0.002847
1341846102.305875 0.007905 -0.003205 0.01328 0.001382 0.01822 0.00978
1341846102.341821 0.004188 0.0006045 -0.003961 0.007434 0.02955 0.002268
1341846102.374024 -0.007676 0.002633 -0.01146 0.0007669 0.02674 0.0002235
1341846102.409984 -0.0003838 0.001488 0.003365 -0.004401 0.01821 0.002655
1341846102.441952 0.008668 -0.006832 0.01595 0.0001059 0.02082 0.004949
1341846102.473881 -0.01126 0.006349 -0.01497 0.003233 0.02214 -0.001322
1341846102.509959 -0.008014 0.001705 -0.001967 -0.004595 0.006382 0.0001107
1341846102.541996 0.01404 -0.005552 0.01491 -0.003866 0.0008518 0.005408
1341846102.574361 -0.001797 0.0001447 0.0009234 0.008151 0.01672 -0.002407
1341846102.610654 -0.005726 0.009696 -0.004884 -0.0007171 0.00808 -0.01333
1341846102.642222 0.006472 -0.002954 0.00778 -0.008328 0.006652 -0.008131
1341846102.677806 0.01197 -0.005976 0.01573 -0.0001124 0.01727 -0.00032
1341846102.709968 -0.003906 0.003513 -0.0105 0.005193 0.02575 -0.007881
1341846102.741857 -0.001306 -0.001572 0.003401 -0.0009525 0.0134 -0.008522
1341846102.777720 0.003181 -0.004185 0.004376 0.002291 0.01537 -0.002903
1341846102.809783 -0.001099 0.01025 -0.008784 0.005497 0.01571 -0.001721
1341846102.841828 -0.003994 -0.0002233 0.0007631 -0.01184 0.01596 -0.008587
1341846102.877813 -0.0006231 -0.01096 0.004923 -0.001649 0.005193 -0.00484
1341846102.909875 0.007475 0.003461 -0.001086 0.006603 0.01007 -0.0001548
1341846102.945843 -0.0001332 0.003825 -0.003752 0.001023 0.01992 -0.002653
1341846102.977815 0.000972 -0.008235 0.008364 -0.002302 0.01792 -0.006877
1341846103.009867 0.004649 -0.002944 0.003211 0.008418 0.01988 -0.006251
1341846103.045829 -0.0001361 0.004674 -0.003447 0.008916 0.02417 -0.002293
1341846103.077786 0.002664 0.003865 -0.0008848 0.0008902 0.0237 -0.004196
1341846103.110039 -0.002224 -0.001585 0.002677 -0.002098 0.02532 -0.01021
1341846103.145830 -0.003003 0.0005751 0.002416 0.0003427 0.02225 -0.005539
1341846103.177933 -0.009527 0.002656 -0.001657 0.001071 0.02034 0.004214
1341846103.213980 0.008505 0.001016 0.002766 -0.002506 0.01191 0.008322
1341846103.246103 0.009891 -0.00581 0.009446 -0.0006701 0.02712 0.005254
1341846103.277869 -0.02283 0.004677 -0.0009706 0.006758 0.02659 0.006345
1341846103.314495 0.01297 -0.0009376 0.001346 0.002668 0.01043 0.01194
1341846103.345951 0.02859 -0.001152 0.0004564 0.004726 0.03024 0.002377
1341846103.382135 -0.03655 0.0003742 0.006374 0.007927 0.05001 0.002129
1341846103.413791 -0.007728 0.007177 -0.006126 0.005371 0.01977 0.00991
1341846103.445861 0.02883 -0.001261 0.005127 -0.001181 0.01829 0.0005976
1341846103.482382 0.012 -0.007929 0.006481 0.005247 0.04154 -0.01087
1341846103.513968 -0.02234 0.007317 -0.009956 0.008119 0.0379 -0.005496
1341846103.545990 0.000317 0.006114 -0.00587 -0.002794 0.01588 -0.0001328
1341846103.582021 0.02219 -0.00436 0.01565 -0.00428 0.01982 -0.0008272
1341846103.614121 -0.006053 -0.001916 -0.006202 0.002674 0.03548 -0.00745
1341846103.650229 -0.01254 0.006857 -0.01492 -0.005784 0.03052 -0.0121
1341846103.714025 0.01953 -0.01846 0.03027 -0.003014 0.04521 -0.01614
1341846103.749741 -0.01389 0.008742 -0.02061 0.007555 0.03485 -0.009887
1341846103.813998 -0.0006997 -0.004177 0.01975 -0.00855 0.04395 -0.01551
1341846103.849900 0.0111 -0.003898 0.001051 0.008045 0.02749 -0.003293
1341846103.883046 -0.01755 0.005003 -0.0128 0.007264 0.03484 -0.004846
1341846103.917830 -0.006766 8.792e-05 -0.0009905 0.001737 0.01848 -0.004014
1341846103.949988 0.02275 -0.003987 0.01209 0.002958 0.01539 0.000463
1341846103.981996 -0.005636 4.143e-08 0.002922 0.00941 0.02922 0.00231
1341846104.017780 -0.01426 0.004838 -0.01668 0.003919 0.02022 0.0004172
1341846104.049832 0.01556 -0.0001809 0.00452 0.0007966 0.01451 0.004295
1341846104.082120 0.01443 -0.00565 0.01862 0.00597 0.02368 0.01021
1341846104.117792 -0.01438 0.003751 -0.00948 0.00705 0.02271 -0.0006423
1341846104.150184 0.005099 -0.0006434 0.01095 0.002071 0.01637 0.0007068
1341846104.185757 0.007497 -0.004856 0.01359 0.009727 0.01123 0.004356
1341846104.217842 -0.006408 0.005387 -0.01691 0.008463 0.01609 -0.004688
1341846104.250204 -0.01685 0.006549 -0.01764 0.001047 0.01406 -0.002072
1341846104.286035 0.02457 -0.0101 0.01726 -0.002148 0.006599 0.002379
1341846104.317813 0.00842 -0.00457 0.01301 0.007286 0.01671 0.0004992
1341846104.349826 -0.004077 0.02028 -0.0219 0.006922 0.01645 -0.003315
1341846104.385800 -0.004663 -0.01642 0.01357 -0.003686 0.02038 0.003625
1341846104.417992 -0.002971 -0.002673 0.002906 0.00677 0.01258 -0.001866
1341846104.453901 0.003608 0.02303 -0.009733 0.004097 0.01199 -0.003441
1341846104.485845 -0.0528 -0.002949 0.01878 0.0006755 0.007817 0.001424
1341846104.517786 0.03269 -0.003775 -0.01125 0.002302 -0.009697 -0.001521
1341846104.553687 0.01491 0.02109 -0.003527 0.001636 0.003986 -0.002765
1341846104.585769 -0.03862 -0.01683 0.00936 -0.004825 0.00482 -0.0001985
1341846104.621999 0.007606 0.002543 -0.001853 0.001866 -0.006308 0.005466
1341846104.653963 -0.002089 0.002506 0.001379 0.001542 -0.003482 -0.001079
1341846104.691974 -0.02632 -0.00351 0.003032 0.0005245 -0.00612 -0.001166
1341846104.754029 -0.01503 0.01816 -0.01019 -0.0001426 -0.048 0.008735
1341846104.785861 0.003068 -0.0009842 0.003324 -0.004792 -0.03152 0.002429
1341846104.822207 0.001518 0.0005641 -0.00409 -0.004332 -0.03008 0.0005419
1341846104.889952 0.001214 -0.001514 -0.004331 -0.004181 -0.04742 0.001374
1341846104.921931 -0.01276 -0.0024 -0.008801 -0.005768 -0.02405 0.0005344
1341846104.954032 -0.001285 0.0002796 0.01003 -0.002616 -0.03552 0.006072
1341846104.989984 0.0005666 0.001302 -0.01153 -0.005344 -0.03121 0.0002571
1341846105.021966 -0.009329 -0.0005979 0.004366 -0.006368 -0.03159 -0.005509
1341846105.053992 -0.01257 0.002426 -0.02171 -0.008632 -0.03654 -0.0004789
1341846105.089855 -0.001411 -1.011e-05 0.0006785 -0.01119 -0.03201 0.0005794
1341846105.121922 -0.007251 0.001009 0.005586 -0.01049 -0.03874 -0.003698
1341846105.158015 0.006479 -0.00114 0.006079 -0.01041 -0.03919 0.002898
1341846105.189943 0.001482 -0.00456 0.02119 -0.003505 -0.03308 0.004516
1341846105.222089 -0.004081 0.005199 -0.01904 -0.001512 -0.03381 -0.002339
1341846105.258397 0.0001488 0.001455 0.001127 -0.008153 -0.02056 -0.007763
1341846105.289917 0.007291 -0.005982 0.01515 -0.005153 -0.01974 -0.009622
1341846105.321831 -0.002363 -0.003386 0.0006582 0.001395 -0.01338 -0.005521
1341846105.357830 -0.006535 0.009981 -0.01214 -0.0001278 -0.01493 -0.0066
1341846105.389824 -0.001599 -0.003805 0.009329 -0.006534 -0.0173 -0.002776
1341846105.425915 -0.003183 -0.001291 -0.003063 -0.001224 -0.02377 0.00112
1341846105.457863 -0.002479 0.002933 -0.001296 -0.003777 -0.02094 0.004633
1341846105.489902 -0.004584 -0.001151 0.003745 -0.002965 -0.0231 0.003185
1341846105.525969 -0.001784 0.005367 -0.006495 -0.003719 -0.02909 0.003584
1341846105.557770 0.001668 -0.00476 0.0108 -0.006411 -0.02361 0.001988
1341846105.594012 -0.002926 -0.0006228 -0.001501 -0.0001935 -0.02259 -0.0001146
1341846105.626122 -0.004562 0.006931 -0.009257 -0.00404 -0.0245 0.001045
1341846105.657815 -1.256e-05 -0.005612 0.01256 -0.00847 -0.02369 0.001777
1341846105.693879 0.0002507 0.001065 -0.006184 -0.001585 -0.02649 -8.654e-05
1341846105.726045 0.001042 0.002218 -0.004224 -0.006095 -0.01955 0.0003404
1341846105.758468 -0.003691 -0.002716 0.007763 -0.005298 -0.017 0.002459
1341846105.793970 -0.003756 -0.0009705 0.003389 -0.001253 -0.02542 0.007586
1341846105.825903 0.006951 0.003736 -0.01185 -0.001993 -0.02634 0.00241
1341846105.861764 -0.003441 -0.0005538 0.007648 -0.007003 -0.01851 -0.001041
1341846105.893922 -0.004743 0.0003512 -0.002814 -0.003629 -0.02879 -4.77e-06
1341846105.925960 0.004175 0.002049 -0.002624 -0.008191 -0.02928 0.001679
1341846105.963745 0.006536 -0.008482 0.01062 -0.006277 -0.02234 0.001094
1341846106.025952 -0.001108 0.003393 -0.002965 0.01288 -0.03454 0.03349
1341846106.061758 0.01414 -0.001607 0.002107 -0.0004553 -0.01046 0.007468
1341846106.093961 -0.005613 0.001309 -0.0008813 0.001282 -0.0004117 0.007461
1341846106.130133 -0.00929 0.001551 -0.00176 -2e-05 -0.0112 0.01056
1341846106.161819 0.00814 -0.002648 0.002104 -0.001893 -0.01485 0.004475
1341846106.193968 0.001165 -0.001162 -6.089e-05 0.0003719 -0.004809 -0.002056
1341846106.229889 -0.01347 -0.001353 0.0007454 -0.0003416 -0.004751 -0.001385
1341846106.261942 -0.0005706 -0.003005 0.001707 0.002164 -0.01703 0.0008621
1341846106.293939 0.01089 0.002216 0.0006762 0.003631 -0.008145 0.002682
1341846106.329961 0.002007 0.0003894 0.0001446 0.004451 0.0005135 0.0115
1341846106.361877 0.00326 -0.001528 3.944e-05 0.00767 0.001204 0.02414
1341846106.398046 0.004007 0.0001562 -0.0008861 0.01112 0.003393 0.02488
1341846106.429938 0.004576 0.003406 -0.001866 0.01009 0.008729 0.02382
1341846106.461886 -0.004239 -0.004338 0.001668 0.008162 0.01417 0.02309
1341846106.497910 -0.0139 0.005134 -0.002009 0.009384 0.004042 0.019
1341846106.529979 0.007154 0.007249 -0.001593 -0.000766 -0.005229 0.01733
1341846106.561925 -0.0007019 -0.006618 0.005229 -0.002323 0.004982 0.0254
1341846106.597815 -0.005915 0.0007947 0.002606 0.006588 0.001913 0.03845
1341846106.632234 -0.002794 0.0008548 -3.63e-05 0.005603 -0.002809 0.03814
1341846106.665869 0.004619 0.002504 -0.000432 0.002133 -0.001576 0.0277
1341846106.697883 -0.004375 -0.001093 0.002847 0.001696 0.003008 0.02938
1341846106.729896 -0.004772 0.002144 0.001055 0.002811 -0.002536 0.03149
1341846106.766032 0.00641 0.0004842 -0.002557 0.001003 -0.004142 0.02638
1341846106.797963 0.007047 -0.001622 0.002083 0.002105 0.00393 0.02468
1341846106.834113 -0.008322 -0.001125 0.003748 0.006229 0.01132 0.02879
1341846106.865869 -0.003074 0.003975 -0.001021 0.004753 -0.00106 0.02141
1341846106.897921 0.003844 0.002184 -0.0006102 -0.0004119 0.00111 0.01524
1341846106.933929 -0.004036 -0.000843 0.004152 -0.00114 0.002635 0.01604
1341846106.967484 0.0005457 -0.0009324 0.003588 0.00261 0.0002547 0.02106
1341846106.999098 0.004815 0.002694 -0.004398 0.005335 -0.0004106 0.02511
1341846107.033909 0.003229 0.002905 -0.004512 -0.0003963 0.00733 0.02704
1341846107.065762 -0.007037 -0.006936 0.01003 -4.7e-05 0.005672 0.02909
1341846107.101921 0.01157 -0.001823 -0.00993 0.006714 -0.001724 0.02464
1341846107.133974 0.0004921 0.002231 -0.002215 0.005117 0.01179 0.02424
1341846107.166082 -0.002731 -0.0007935 0.004168 0.00322 0.006043 0.03006
1341846107.202100 0.007605 -0.001679 -0.003872 0.004522 0.001121 0.02593
1341846107.233799 0.006439 0.0006905 -0.004197 0.004055 0.007394 0.02048
1341846107.265874 0.0001999 0.002772 -0.001403 0.002024 0.00999 0.02447
1341846107.301965 0.004655 -0.001508 -0.0006638 -0.0005957 0.005952 0.02148
1341846107.334002 0.002061 -0.001601 0.0001894 0.001752 0.009972 0.02218
1341846107.369797 -0.004786 0.002907 0.00251 0.003147 0.007765 0.02986
1341846107.401899 0.003207 -0.002777 -0.00109 -0.0001102 -0.0009081 0.0287
1341846107.434304 0.00525 -0.0073 -0.0006503 0.002853 0.004433 0.02046
1341846107.469787 0.0006667 -0.0008736 -0.0006107 0.005984 0.006448 0.01367
1341846107.502174 -0.002367 0.003053 0.003998 0.006114 0.002186 0.01454
1341846107.533946 0.006315 -0.0006959 -0.005617 0.004989 -0.001842 0.01756
1341846107.601911 0.001817 0.00208 -0.0009885 0.007251 0.01881 0.03342
1341846107.637876 0.0007155 0.001035 0.0008518 0.002386 -0.0004092 0.02162
1341846107.669757 0.002645 -0.006236 0.003148 0.003219 0.002418 0.02571
1341846107.701892 0.006609 -0.0005355 -0.005479 0.006222 0.001713 0.01927
1341846107.737797 0.001598 -0.002037 0.001325 0.002228 0.0064 0.008454
1341846107.769837 -0.003606 0.002036 0.006213 0.007063 0.004713 0.01851
1341846107.805959 0.00355 0.0004931 -0.002864 0.004598 -0.0004382 0.01947
1341846107.837955 -0.002069 -0.009372 0.009993 0.005082 0.004517 0.02208
1341846107.870011 -0.001735 0.002628 0.004274 0.01679 -0.001162 0.02825
1341846107.905926 0.002146 0.007525 -0.00563 0.01271 -0.007472 0.03414
1341846107.938092 -0.003632 -0.01422 0.01112 0.005128 -0.005983 0.03206
1341846107.969943 0.005898 -0.004265 -0.003866 0.02049 -0.00531 0.02547
1341846108.006614 0.002438 -0.001362 -0.0006672 0.01456 0.003297 0.02175
1341846108.073927 0.004123 0.005765 -0.00523 0.041 -0.001544 0.04655
1341846108.106110 0.001796 -0.00411 0.002393 0.003415 -0.001783 0.01291
1341846108.137977 0.003331 0.0005443 -0.005332 0.005348 -0.00152 0.002778
1341846108.173901 -0.003424 -0.0001928 0.003114 0.001743 0.002923 0.008574
1341846108.205882 -0.003444 -0.00465 0.007537 0.00599 -0.00484 0.01204
1341846108.237836 0.003901 0.000696 -0.006381 0.008652 -0.004436 0.0107
1341846108.273872 -0.004441 -0.009833 0.009371 0.006777 0.004201 0.01581
1341846108.305866 0.0005954 0.005008 -0.001082 0.02053 -0.005532 0.02304
1341846108.341858 0.005017 -0.0001359 -0.008389 0.00771 -0.00512 0.01264
1341846108.373928 -0.00236 -0.007932 0.005616 0.005488 0.002382 0.005115
1341846108.406059 0.001083 0.004122 -0.00289 0.01423 -0.001648 0.007931
1341846108.441881 0.0003774 0.002854 -0.004629 0.003173 -0.0005332 0.003497
1341846108.473918 -0.004066 0.001075 0.003416 -0.0001989 -0.003673 -0.004927
1341846108.506142 0.0006824 -0.005285 0.0003246 -0.002128 -0.006089 -0.006996
1341846108.541923 -0.002777 -0.0004211 0.003022 0.004377 -0.001331 0.002831
1341846108.573967 -0.009993 0.0008563 0.01129 0.007643 -0.006513 0.01052
1341846108.609979 0.008067 0.004083 -0.01133 0.01009 -0.02166 0.001995
1341846108.641701 0.004511 -0.002512 -0.009945 -0.006464 -0.003282 -0.01674
1341846108.673868 -0.01148 -0.000101 0.02144 0.001383 0.001749 -0.01058
1341846108.710024 -0.001034 0.002949 -0.01363 0.00336 -0.02145 -0.004211
1341846108.742835 0.001143 -0.006719 0.002783 -0.003846 -0.01145 -0.007078
1341846108.773793 -0.005195 0.003535 0.0001318 0.004682 -0.01076 -0.002044
1341846108.810032 -0.001877 -0.001674 -0.004405 -0.002204 -0.01686 0.0002508
1341846108.841885 0.003508 -0.004424 -0.005357 -0.002164 -0.008892 -0.004313
1341846108.877944 -0.00141 0.002298 -0.003538 -0.001248 -0.001805 -0.004588
1341846108.909950 -0.005444 0.003018 0.008612 -0.003141 -0.007553 -0.005128
1341846108.941882 0.00533 -0.009694 -0.005098 -0.004137 -0.007254 -0.01404
1341846108.977902 -0.002955 0.001636 -0.0002953 0.001825 0.005727 -0.005998
1341846109.009916 -0.007387 0.004324 0.008458 0.00109 -0.005345 -0.002929
1341846109.045986 0.003487 -0.006196 -0.006301 -0.00231 -0.007931 -0.01273
1341846109.077854 -0.002969 -0.001162 0.002695 0.001477 0.001223 -0.004397
1341846109.109839 -0.001831 0.006348 -0.002226 0.003022 -0.004411 0.002046
1341846109.145865 0.001103 0.00232 -0.006681 -0.006687 -0.007611 -0.009875
1341846109.178396 0.0006357 -0.001539 -0.00275 -0.01034 -0.001524 -0.01766
1341846109.209809 -0.001754 0.005918 0.001352 -0.007906 -0.000615 -0.007949
1341846109.245810 0.001232 0.002202 -0.005613 -0.01911 -0.007537 -0.01851
1341846109.277797 0.0008132 -0.002885 -0.00304 -0.02662 0.0006781 -0.03877
1341846109.313909 -0.002951 0.008437 0.003856 -0.02165 0.001384 -0.02476
1341846109.345968 -0.0006736 -0.002142 0.003718 -0.0179 -0.00335 -0.02794
1341846109.377812 0.001057 -0.0001222 -0.003177 -0.01488 0.00298 -0.03131
1341846109.413820 -0.002204 -0.0004123 0.002977 -0.01518 0.006655 -0.03247
1341846109.445954 -0.006939 -0.00528 0.01155 -0.0082 0.002029 -0.0265
1341846109.490348 -0.0006658 -0.002934 -0.00108 0.002377 -0.000928 -0.01921
1341846109.545959 0.001372 0.009609 -0.006544 -0.006393 0.005246 -0.04194
1341846109.581855 0.0002629 0.003518 -0.001031 -0.006214 0.0005002 -0.03216
1341846109.613999 0.005267 0.005875 -0.004202 -0.01323 0.006163 -0.04256
1341846109.645963 -0.001722 0.002668 0.00391 -0.01659 0.0123 -0.04834
1341846109.681808 -0.003008 0.002932 0.00526 -0.01413 0.005608 -0.04252
1341846109.713847 -0.003426 -0.003747 0.007747 -0.009127 0.004309 -0.03711
1341846109.745831 -0.0009006 0.002311 0.0003333 -0.002722 0.001964 -0.02706
1341846109.781814 -0.002898 0.0002022 0.004281 -0.002724 0.001519 -0.02743
1341846109.813956 -0.000474 0.00264 -0.0004892 -0.001239 -0.00194 -0.02036
1341846109.850256 0.003676 0.002278 -0.00569 -0.003619 0.0007029 -0.02032
1341846109.913863 -0.004984 0.003152 0.007736 -0.01297 0.005873 -0.02925
1341846109.949976 -0.00249 -0.0004913 0.004622 -0.0009379 0.001981 -0.003459
1341846109.981998 0.002712 0.007141 -0.005011 -0.0003812 -0.0009052 0.002725
1341846110.017884 0.0004635 -0.001624 0.00105 -0.006273 0.0006693 -0.006187
1341846110.049982 -0.001683 0.004319 -0.0002993 -0.004799 -0.0009761 -0.008691
1341846110.117943 0.001829 -0.003611 -0.0009575 -0.01449 -0.001031 -0.03002
1341846110.150254 -0.004704 0.002258 0.001361 -0.001969 0.002647 -0.01585
1341846110.181980 -5.922e-06 -0.0008159 -0.0003091 -0.004138 -0.001533 -0.01932
1341846110.217907 6.26e-06 -0.001885 0.0006014 -0.00103 0.002148 -0.01575
1341846110.249883 0.0006985 0.001445 -0.003649 0.0008433 0.003476 -0.01846
1341846110.286020 -0.002737 0.003278 0.001723 -0.00515 0.002508 -0.02377
1341846110.356025 -0.0009121 -0.008773 0.007891 -0.00371 0.0007617 -0.0441
1341846110.417989 0.0002084 0.005512 0.0004498 0.001267 0.0002626 -0.02129
1341846110.449878 0.002442 0.0009289 0.0008035 -0.002396 0.001633 -0.01194
1341846110.485899 -0.002977 -0.000798 0.005232 -0.002154 0.003422 -0.006995
1341846110.517949 -0.000568 -0.0001297 0.001353 0.0001706 0.0003209 -0.002599
1341846110.554149 0.004733 0.001839 -0.003092 0.0006609 0.001385 -0.006322
1341846110.585896 -0.001244 0.0001594 0.002655 -0.001429 0.00607 -0.007429
1341846110.617933 -0.00296 -0.002444 0.003054 0.001124 0.003342 -0.009952
1341846110.653885 0.003339 0.003061 -0.006279 0.002943 0.001194 -0.01517
1341846110.686533 -0.001089 0.002193 0.001566 -0.003419 0.005091 -0.02189
1341846110.717831 -0.01064 -0.006062 0.007572 -0.002364 0.000473 -0.02306
1341846110.753826 0.002779 0.001758 -0.003664 0.003638 -0.007335 -0.02288
1341846110.785789 0.0009924 0.003369 -0.002399 -0.001198 -0.003301 -0.02396
1341846110.821828 -0.0005419 -0.004019 0.002067 -0.002769 -0.001785 -0.02523
1341846110.853855 -0.003666 0.001655 0.0004134 0.001213 -0.002785 -0.02159
1341846110.885864 0.001704 0.004086 -0.002995 -0.0013 -0.005409 -0.01742
1341846110.921999 0.001479 -0.002895 0.001639 -0.002951 -0.00067 -0.01611
1341846110.953861 -0.006196 0.001543 0.002026 0.001153 4.701e-05 -0.0123
1341846110.985986 -0.0006319 0.001671 -0.0004434 -0.0003571 -0.005403 -0.006191
1341846111.021940 0.004373 -0.00597 0.001301 0.001741 -0.002183 -0.004523
1341846111.053945 -0.0001103 0.003176 -0.001587 0.007429 0.00263 -0.005144
1341846111.089856 0.0007138 0.001765 -0.001497 0.002125 0.001852 -0.00982
1341846111.121811 0.003024 -0.0004522 -0.0005336 0.001912 0.004006 -0.01643
1341846111.153919 -0.001282 0.006107 0.0001478 -0.0006177 0.006055 -0.01382
1341846111.189911 -0.001608 -0.006 0.003853 -0.003112 0.004225 -0.0142
1341846111.221870 -0.0003766 -0.002798 0.002038 0.0055 0.002011 -0.01411
1341846111.258571 0.0001607 0.002761 -0.0001412 0.006062 0.001533 -0.006247
1341846111.289825 -0.0004863 0.002244 -0.001094 0.004354 0.001285 -0.005914
1341846111.321895 -0.002055 0.004524 -0.001629 -0.001142 0.0006923 -0.007098
1341846111.357890 0.004557 -0.006324 0.002088 -0.003394 -0.0001019 -0.01065
1341846111.390567 -0.002034 0.002646 -0.0009106 0.003094 0.004362 -0.009623
1341846111.421924 -0.005997 -0.0002827 -0.0002499 -0.003012 6.768e-05 -0.007833
1341846111.457975 0.006035 -0.005935 0.0005224 -0.00105 -0.003492 -0.01279
1341846111.490354 0.000916 0.003717 -0.001678 0.001539 0.004073 -0.01788
1341846111.525824 -0.007984 -0.0001029 -0.0003794 -0.004541 0.003838 -0.01992
1341846111.557829 0.003805 -0.0062 0.002015 -0.00252 -0.002636 -0.01991
1341846111.589761 0.0001593 -8.144e-05 0.0002099 0.003772 0.002925 -0.02115
1341846111.625966 -0.007128 0.002168 -0.001163 0.00158 0.001214 -0.02578
1341846111.658029 -0.0009212 0.001996 -0.0008341 -0.0004495 -0.004189 -0.02602
1341846111.689871 0.001725 -0.003178 0.00226 -0.001379 -0.002775 -0.02265
1341846111.725851 -0.002068 0.0004647 -0.0004978 0.002269 -0.0009191 -0.02518
1341846111.757957 -0.004436 0.003293 -0.00208 -0.0004091 -0.003095 -0.02438
1341846111.793921 0.004978 -0.0006475 0.002327 -0.002052 -0.004184 -0.02204
1341846111.825999 0.002131 0.0005636 0.0009265 7.067e-05 0.001696 -0.02382
1341846111.857852 -0.005669 0.005883 -0.003173 -0.00155 0.002604 -0.01767
1341846111.893939 0.003768 -0.001788 0.003474 -0.004968 -0.002486 -0.01083
1341846111.925817 0.00879 0.001444 0.00414 0.002341 0.002712 -0.01473
1341846111.957857 -0.007821 0.0089 -0.006026 -0.001529 0.01062 -0.01544
1341846111.993917 -0.0008124 -0.004148 0.001706 -0.005782 0.001933 -0.01259
1341846112.025975 0.0002972 0.00155 -0.00017 -5.528e-05 0.001998 -0.01816
1341846112.061964 -0.003181 0.004695 -0.001715 -0.002786 0.002691 -0.02265
1341846112.094004 -0.001969 -9.06e-05 -0.0002075 -0.004937 0.0007296 -0.02536
1341846112.125857 5.971e-05 0.00496 0.0003877 -0.004428 0.0009403 -0.02843
1341846112.161882 -0.002139 0.00435 -0.001366 -0.007131 0.003491 -0.0293
1341846112.193903 0.0004456 0.002823 0.0009678 -0.009498 0.003708 -0.02796
1341846112.230507 -0.00127 0.001435 -0.002189 -0.007378 0.003923 -0.01983
1341846112.261848 -0.0007217 -0.002874 0.0005275 -0.005297 -0.002072 -0.01269
1341846112.293912 0.0007138 0.008097 -0.0003352 -0.001952 -0.0008823 -0.02234
1341846112.329892 -0.003423 0.005424 -0.004714 -0.0116 0.004114 -0.02456
1341846112.361751 0.003049 -0.002254 0.002443 -0.01119 -0.0005543 -0.01598
1341846112.393853 -6.934e-05 -0.001144 -0.001319 -0.005109 -0.001496 -0.008988
1341846112.429940 0.001498 0.003167 0.0008103 -0.004476 -0.002411 -0.01119
1341846112.461839 0.0009932 0.003467 0.000827 -0.005396 0.0007833 -0.01618
1341846112.498139 0.001354 -0.001826 0.0007026 -0.004844 -9.481e-05 -0.009668
1341846112.530069 0.004524 -0.001803 0.006411 -0.0007173 -0.0004086 -0.005806
1341846112.562160 0.001254 0.001997 0.00137 0.003684 0.002541 -0.0149
1341846112.597968 -0.001493 0.005641 -0.002541 -0.0003345 0.004085 -0.02385
1341846112.630702 0.002105 -0.004721 0.002931 -0.002487 0.00203 -0.01488
1341846112.661861 -0.0003857 -0.003719 0.0004464 0.003077 -0.002038 -0.01479
1341846112.698170 -0.0002042 0.004445 -0.0008628 0.004675 -0.003795 -0.02016
1341846112.729995 -0.0001866 0.003991 -0.001023 -0.0007016 -0.000906 -0.02476
1341846112.765875 -0.006979 -0.001587 -0.005442 -0.003878 -0.004362 -0.01979
1341846112.798043 -0.004574 0.003698 -0.004249 -0.008035 -0.01402 -0.02224
1341846112.829969 0.006037 -0.0002305 0.01157 -0.008734 -0.01197 -0.01937
1341846112.865900 0.003506 -0.002066 0.01013 -0.000772 -0.004921 -0.01765
1341846112.897929 -0.006288 0.003952 -0.008137 0.00148 -0.002552 -0.01913
1341846112.935783 0.0003165 0.002172 -0.000164 -0.00521 -0.005813 -0.01515
1341846112.998277 0.001763 0.003181 0.004549 0.0007769 -0.003259 -0.03684
1341846113.033814 -0.002319 -0.001648 -0.003291 -0.004843 -0.003848 -0.01256
1341846113.072059 0.0007201 0.0002455 0.003216 -0.003873 -0.009028 -0.01546
1341846113.139948 -0.003584 0.006717 -0.002345 -0.005997 -0.007695 -0.0409
1341846113.198174 0.002033 -0.0005266 0.009095 -0.01047 -0.0179 -0.04235
1341846113.233852 -0.00205 0.001669 -0.003722 -0.002612 -0.003315 -0.01931
1341846113.265850 -0.005509 0.001634 -0.005372 -0.005282 -0.005353 -0.01754
1341846113.301938 0.0003878 0.001848 0.003007 -0.007267 -0.00881 -0.02541
1341846113.333866 0.004792 -0.002566 0.01071 -0.005133 -0.00743 -0.02337
1341846113.366028 -0.002844 0.001739 -0.005556 -0.0007208 -0.003305 -0.02632
1341846113.401917 -0.003536 0.0007166 -0.006503 -0.005789 -0.003977 -0.02328
1341846113.433895 0.003685 0.0006954 0.01005 -0.002913 -0.004467 -0.02262
1341846113.469984 -0.002097 0.001834 -0.005381 0.0003319 -0.0003058 -0.02192
1341846113.501829 -0.002798 0.001859 -0.006752 -0.004809 -0.001744 -0.01663
1341846113.533888 0.004235 0.002146 0.01434 -0.00058 -0.00199 -0.01751
1341846113.569800 -0.002517 0.005546 -0.005341 0.002986 0.002298 -0.02367
1341846113.601892 -0.0004475 -0.00187 -0.004462 -0.002387 0.0009552 -0.01123
1341846113.634488 0.004079 -0.001827 0.009464 -0.001302 -0.005896 -0.01519
1341846113.669776 -0.001468 0.005849 -0.002735 0.002613 -0.003276 -0.02786
1341846113.701823 -0.004033 0.005122 -0.01087 -0.002495 0.0008955 -0.02849
1341846113.737952 0.003926 -0.001913 0.01234 -0.003857 -5.321e-06 -0.01541
1341846113.769790 0.00333 -0.00146 0.01053 0.005656 -0.002142 -0.0154
1341846113.801808 -0.006388 0.002744 -0.01604 0.003113 0.0003131 -0.01675
1341846113.837973 0.002099 -0.001094 0.006916 -0.002261 -0.003212 -0.01128
1341846113.869842 -0.001146 0.005554 -0.0003534 0.002909 -0.0006684 -0.02085
1341846113.901753 -0.001922 -0.001471 -0.005456 -0.002645 0.0003642 -0.01647
1341846113.937955 0.001952 -0.003467 0.007333 -0.005002 -0.005647 -0.01701
1341846113.969840 0.001849 0.003638 0.009659 0.004726 -0.004677 -0.01927
1341846114.005912 -0.004305 -0.0007662 -0.01092 0.00217 -0.00174 -0.01596
1341846114.043864 -0.002097 -0.002221 -0.0008934 -0.00383 -0.006766 -0.02044
1341846114.106082 -0.001294 0.01068 0.002085 0.004229 -0.0005894 -0.04169
1341846114.137798 -0.001295 -0.008528 -0.004466 -0.002273 0.0002166 -0.004425
1341846114.170101 -0.0002411 0.0009585 0.002483 -0.001071 -0.005192 -0.009528
1341846114.205882 -0.0001686 0.005097 0.002687 0.004957 -0.000155 -0.006866
1341846114.237814 -0.001441 0.0007953 -0.006052 0.003098 0.002367 -0.003098
1341846114.273904 0.001196 -0.0006095 0.002438 -0.0006465 0.00174 -0.005908
1341846114.305813 0.0004661 0.000349 0.00269 0.002181 0.001768 -0.01128
1341846114.337919 -0.002285 -0.002515 -0.006954 -0.0001443 0.001618 -0.00262
1341846114.374059 0.001401 -0.0001209 0.003981 -0.0006002 -0.0003335 -0.004272
1341846114.406296 0.0005348 0.004088 0.00309 0.003327 0.002122 -0.0129
1341846114.441861 -0.001789 -0.0007317 -0.006249 0.002108 0.005046 -0.003816
1341846114.473886 0.002646 -0.005395 0.00539 -0.0008962 0.0009625 4.447e-05
1341846114.506009 0.0005281 0.003695 0.00162 0.003966 -0.0002846 -0.01323
1341846114.541924 -0.004275 0.0006297 -0.01078 0.001791 0.005802 -0.003848
1341846114.573824 0.001823 -0.008925 0.004623 -0.002156 -0.0002139 0.01301
1341846114.605897 0.002958 0.0004921 0.01088 0.004743 -0.005937 0.003521
1341846114.641888 -0.005635 0.0061 -0.0146 0.006256 0.002094 -0.005296
1341846114.673974 -0.002075 -0.005355 -0.002392 -0.005663 0.002366 0.003259
1341846114.709730 0.003753 -0.006039 0.01536 0.001297 -0.003844 0.01068
1341846114.741795 -0.003153 0.001626 -0.007577 0.007369 -0.001177 0.009907
1341846114.773917 -0.00395 -0.0001287 -0.009851 0.001128 0.001355 0.01455
1341846114.810044 0.000277 -0.002678 0.00207 0.0001956 0.0003898 0.02828
1341846114.841856 0.001059 -0.001058 0.004757 0.00515 -0.000103 0.03397
1341846114.873982 -0.003865 0.003286 -0.01448 0.003359 0.002993 0.03013
1341846114.909807 -0.002901 0.00311 -0.009367 -0.005898 0.005029 0.02593
1341846114.941865 0.0002823 0.004132 0.0004707 -0.01048 0.006988 0.01512
1341846114.977980 0.003207 -0.00899 0.01422 -0.01036 0.005594 0.01676
1341846115.009784 0.0009342 -0.01051 0.007017 -0.005366 -0.0008453 0.02528
1341846115.041927 0.0008812 -0.001194 0.007025 0.001865 -0.003969 0.02281
1341846115.077974 -0.000681 0.00519 0.0005673 0.005365 0.002576 0.01314
1341846115.109710 -0.00135 -0.005193 -0.004426 0.00203 0.004346 0.02299
1341846115.177979 0.006993 -0.0105 0.0183 0.01321 -0.006016 0.06034
1341846115.209893 0.002036 -0.004575 0.003584 0.01469 -0.000832 0.02545
1341846115.245960 -0.001102 -0.006364 -0.007959 0.01054 -0.007918 0.02219
1341846115.277850 -0.001321 -0.001541 0.001115 0.00967 -0.01034 0.01792
1341846115.309821 2.987e-05 -0.001662 0.005176 0.01362 -0.006032 0.02302
1341846115.345985 -0.006217 -0.0005171 -0.01424 0.0123 -0.003962 0.02775
1341846115.377811 -0.001202 -0.001572 -0.002045 0.007243 -0.004832 0.03585
1341846115.409843 0.004139 -0.009085 0.01151 0.009725 -0.006667 0.04439
1341846115.445793 -0.003711 -0.001603 -0.007371 0.01443 -0.005591 0.04041
1341846115.478059 -0.007848 0.01065 -0.01523 0.005058 -0.0009287 0.02258
1341846115.513951 0.003806 -0.00506 0.01127 -0.004959 6.329e-05 0.02399
1341846115.545891 0.004605 -0.008024 0.01062 0.004101 3.156e-05 0.02626
1341846115.577954 -0.002307 -0.006007 -0.007742 0.005801 -0.00105 0.02714
1341846115.613954 -0.002347 1.773e-05 -0.001265 0.003572 -0.001551 0.02638
1341846115.645824 0.003694 -0.002664 0.009479 0.005351 0.002247 0.03129
1341846115.681882 0.002439 -0.008759 -0.002545 0.007753 -0.0006048 0.03484
1341846115.714384 -0.000949 -0.002667 -0.00796 0.005057 -0.006293 0.03433
1341846115.746144 0.00217 0.001604 0.006274 0.003976 -0.006075 0.02649
1341846115.781725 0.002048 -0.001377 0.003752 0.005621 -0.001206 0.02018
1341846115.813812 -0.002361 -0.003508 -0.008651 0.003623 -0.005098 0.02359
1341846115.848050 -0.001067 0.001384 -0.0001508 -9.359e-05 -0.009097 0.02544
1341846115.881857 0.007909 -0.001908 0.0121 0.00348 -0.008227 0.01833
1341846115.913919 -0.001266 -0.002135 -0.0009169 0.007878 -0.00223 0.01405
1341846115.950006 -0.007889 0.001877 -0.01084 0.002517 -0.0037 0.01919
1341846115.982063 0.00212 0.0005497 0.004263 -0.001233 -0.009106 0.01639
1341846116.014067 0.003984 0.001174 0.006286 0.002186 -0.00251 0.006465
1341846116.050272 -0.005051 0.000895 -0.007309 -0.0003153 0.003838 0.009798
1341846116.081984 6.158e-05 -0.003571 -0.001147 -0.005097 -0.003656 0.02065
1341846116.113928 0.006044 -0.001813 0.007406 0.001771 -0.00659 0.01579
1341846116.149901 -0.002851 0.006098 -0.004323 0.003752 0.005342 0.008902
1341846116.181797 -0.005575 -0.00152 -0.006096 -0.006266 0.003372 0.01981
1341846116.219755 0.004982 -0.004644 0.006556 -0.001475 -0.00689 0.01986
1341846116.252587 -0.003566 0.005987 -0.003731 0.004261 0.0008092 0.009554
1341846116.282014 -0.004284 0.002415 -0.003983 -0.004862 0.00101 0.01015
1341846116.319031 0.005002 -0.006301 0.007036 -0.004588 -0.004357 0.0106
1341846116.381987 -0.00423 8.649e-05 -0.003487 0.001921 -0.002811 0.01405
1341846116.417962 0.002379 -0.001154 0.003606 -0.0001899 -0.003776 0.01036
1341846116.449943 -0.0002278 -0.001785 -0.000115 0.002077 -0.0005671 0.01518
1341846116.486079 -0.002557 -4.546e-05 -0.001931 0.0007163 -0.00254 0.02086
1341846116.517901 0.004815 -0.0002581 0.005379 0.002989 -0.00362 0.01904
1341846116.549851 -0.0002328 0.0003432 -0.00058 0.00403 0.002491 0.01959
1341846116.585719 -0.00244 -0.003057 -0.002552 0.002454 1.314e-05 0.02251
1341846116.617985 -0.001399 -8.431e-05 1.722e-05 0.003823 -0.004505 0.01385
1341846116.653901 0.002553 0.00177 0.0022 0.003039 -0.0002923 0.002067
1341846116.686079 -0.006282 -0.0003803 -0.005849 -0.0004446 0.003485 0.001435
1341846116.717942 0.0003989 -0.003475 0.001841 -0.003816 -0.005636 0.006395
1341846116.753865 0.007152 -0.001256 0.004982 0.002212 -0.004954 0.004823
1341846116.785839 -0.0009475 0.004227 -0.004748 0.0008893 0.005969 0.005411
1341846116.818815 -0.002666 -0.006223 -0.0001435 -0.006159 0.001957 0.0183
1341846116.853902 0.006402 -0.002644 0.004543 0.002704 -0.003797 0.01589
1341846116.886435 -0.002494 0.00562 -0.005434 0.002586 0.00624 0.01191
1341846116.921838 -0.001865 -0.001571 -0.001191 -0.003648 0.002748 0.01592
1341846116.953941 0.003245 -0.001647 0.001786 -0.001191 -0.0001169 0.01546
1341846116.985759 0.003293 0.0009862 0.0007311 3.466e-05 0.002618 0.01328
1341846117.021816 -0.001218 0.0006359 -0.002258 -0.0009711 0.00493 0.01376
1341846117.054055 0.003092 -0.001381 0.00191 -0.001493 0.002497 0.01503
1341846117.085953 0.001251 -0.0003373 -0.0008068 0.001047 0.003608 0.01419
1341846117.121840 0.0003271 0.00231 -0.001885 -0.0002889 0.004614 0.0115
1341846117.154178 -0.000262 -3.561e-05 -0.001144 -0.002004 0.003973 0.008952
1341846117.190028 0.00124 0.0006912 3.66e-05 -0.002353 0.002707 0.007319
1341846117.221812 -0.003056 -0.002889 -0.0005074 -0.001813 0.002465 0.01043
1341846117.253848 -0.0002326 0.0008007 0.0001618 0.0004463 -0.002356 0.009116
1341846117.289976 0.008133 0.0007937 0.002666 0.0005264 0.0008158 0.002813
1341846117.321956 -0.007142 0.001507 -0.003419 -0.0006335 0.007937 0.002786
1341846117.354004 -0.008049 0.0007129 0.002052 -0.002836 -0.002279 0.008564
1341846117.389874 0.01214 -0.003374 0.005117 6.476e-05 -0.006905 0.006225
1341846117.421707 -0.0001835 0.004147 -0.003365 0.002285 0.006739 0.001766
1341846117.457914 -0.00651 -0.001335 0.0002683 -0.004499 0.002676 0.005927
1341846117.490067 0.005338 -0.004228 0.002987 -0.0002261 -0.003918 0.007168
1341846117.521746 0.004168 0.002992 -0.002574 0.004102 0.004005 0.002326
1341846117.557896 -0.005215 0.001452 -0.003086 -0.00334 0.006608 0.003393
1341846117.590027 0.0001514 -0.003674 0.0005654 -0.002081 0.0009004 0.002826
1341846117.621818 0.001717 0.004118 -0.002866 8.759e-05 0.003169 -0.001332
1341846117.658054 -0.003162 0.001903 -0.001958 -0.005566 0.006076 -0.001463
1341846117.689984 -0.00302 -0.000256 0.0003091 -0.005158 0.001229 0.002012
1341846117.725898 0.002534 0.004812 -0.0006684 -0.00327 0.000541 0.001472
1341846117.757737 0.001199 0.003658 0.002337 -0.007345 0.003648 0.002018
1341846117.790023 -0.0001886 -0.001394 0.00227 -0.003973 0.0041 0.003876
1341846117.825949 -0.005576 0.004246 -0.0007855 -0.00237 0.00341 0.003415
1341846117.857847 -0.001464 -0.0004088 0.002462 -0.004071 -0.001343 0.0005024
1341846117.893987 0.00571 -0.0007314 0.003299 -0.0009912 -0.0007063 -0.005474
1341846117.925908 -0.005603 0.001457 -0.001095 1.519e-05 0.004786 -0.005849
1341846117.958141 -0.006749 -0.001024 0.001024 -0.001963 -0.001958 -0.002913
1341846117.993978 0.0068 -0.002798 0.002713 0.001177 -0.005873 -0.004571
1341846118.025852 0.001017 0.0007574 -0.001217 0.002815 0.001969 -0.006521
1341846118.058362 -0.006937 0.0009545 -0.002993 0.0002091 0.001755 -0.003911
1341846118.093970 0.001051 -0.0005307 0.001055 -0.0007601 -0.003641 -0.0009813
1341846118.125943 0.004367 -4.967e-05 0.0007518 0.002026 -0.0006215 -0.00212
1341846118.161827 -0.005748 0.004039 -0.00354 0.0008913 0.004042 -0.00146
1341846118.194750 -0.004243 0.0006842 0.0009472 -0.003275 -0.002214 0.001576
1341846118.226048 0.004845 8.486e-05 0.001571 -7.723e-05 -0.003825 -0.0003837
1341846118.261772 -0.003396 0.004066 -0.001732 -0.00109 0.001515 -0.001813
1341846118.294053 -0.002788 0.0006716 0.0002989 -0.003551 -0.001423 -0.0007083
1341846118.336123 0.003013 -0.002277 0.003216 -0.002506 -0.003284 0.0001509
1341846118.362053 0.0007147 -0.0008931 0.0004712 0.001456 -0.0001187 0.0004344
1341846118.393906 -0.006758 0.002347 -0.002089 0.0003225 -8.801e-05 0.001465
1341846118.429882 0.005153 -0.001916 0.002949 -0.001634 -0.005407 0.0007878
1341846118.461821 0.004901 -0.001795 0.002037 0.001915 0.0006123 -0.0008028
1341846118.509152 -0.005899 2.688e-05 -0.003259 0.001205 0.00302 -0.0004831
1341846118.535838 -7.701e-05 0.0001141 0.0007434 -0.00128 -0.002217 -0.0001681
1341846118.567808 0.007081 -0.002857 0.003125 0.001283 -0.001101 -0.002164
1341846118.603991 -0.007394 0.004481 -0.003652 0.001989 0.005323 -0.00172
1341846118.635802 -0.004053 0.0005047 0.001774 -0.00452 -0.003189 0.001059
1341846118.667919 0.008219 -0.002935 0.004325 -0.0002465 -0.004399 -0.0007824
1341846118.703956 -0.003349 0.004117 -0.001721 0.001497 0.003548 -0.002965
1341846118.735837 -0.006098 -0.0003434 0.001042 -0.003746 -0.0009563 -6.271e-05
1341846118.772013 0.006618 -0.003637 0.004206 -0.0005077 -0.005572 -0.0004258
1341846118.804343 -0.001082 0.003161 -0.002037 0.001866 0.001505 -0.002498
1341846118.835817 -0.002846 -0.0006419 0.0005606 -0.003374 3.764e-07 -0.0001357
1341846118.872045 0.00365 -0.002916 0.002564 -0.0004946 -0.002659 0.0001338
1341846118.903860 0.0001509 0.001044 -0.0007278 0.001251 0.001478 0.001179
1341846118.935809 -0.005327 0.000395 -0.00148 -0.0005194 0.0007206 0.002483
1341846118.971870 0.001992 2.781e-05 0.001168 -0.001442 -0.003008 0.000243
1341846119.003949 0.0002654 0.001124 -0.0006468 -0.0003167 0.001052 -0.003531
1341846119.035768 -0.01105 0.005341 -0.002143 -0.005081 0.001123 -0.004395
1341846119.071829 0.002859 -0.00267 0.003284 -0.00793 -0.007694 -0.002999
1341846119.103837 0.006236 -0.001357 0.004098 -0.002411 -0.002773 -0.001308
1341846119.136478 -0.004774 0.002765 -0.0009396 -0.0003987 0.00208 0.0003558
1341846119.171928 -0.004412 0.002656 0.0001718 -0.004034 -0.001899 -0.0008288
1341846119.203919 0.005312 -0.001213 0.003272 -0.003955 -0.004211 -0.002383
1341846119.266059 0.001103 0.002646 0.0003605 -0.002501 0.009055 -0.01288
1341846119.297817 -0.001242 -0.003976 0.001145 -0.002355 0.001214 -0.001711
1341846119.334095 0.003875 0.001391 -0.0005179 0.002839 0.00189 -0.002458
1341846119.365757 -0.004532 0.003184 -0.00349 -0.001964 0.006236 -0.004343
1341846119.401815 -0.002468 -0.001852 -0.0001978 -0.004071 0.002059 -0.001494
1341846119.434863 -0.002783 -0.001804 -0.0002234 -0.0007562 -0.0007059 0.002739
1341846119.465868 -0.0009891 0.002495 -0.001453 0.0006098 -0.001567 0.002068
1341846119.501761 -0.001069 0.001967 -0.0006966 -0.002527 -0.0008863 -0.0005901
1341846119.533772 0.002148 -0.001686 0.001571 -0.002895 -0.001144 0.0001853
1341846119.565854 -0.001809 -0.0008715 -0.0003685 -0.0003653 0.0005826 0.00223
