1305031229.564425 0.01181 -0.0004227 -0.01287 0.004722 0.06177 -0.002934
1305031229.596600 -0.006692 0.01335 0.01307 0.01096 0.0508 -0.01068
1305031229.628753 0.004491 -0.007946 -0.008375 0.001387 0.03525 -0.006521
1305031229.664657 -0.004692 0.01074 0.002605 0.008 0.0438 -0.0001324
1305031229.696827 -0.001119 -0.002797 -0.003953 -0.001866 0.02406 -0.005439
1305031229.729064 0.009787 -0.005819 -0.004782 -0.004756 0.03505 -0.004644
1305031229.764848 -0.00366 0.0034 0.003711 0.002553 0.04288 -0.009336
1305031229.796909 0.003639 -0.002558 -0.003543 -0.002428 0.03144 -0.009001
1305031229.825613 0.008161 -0.0004558 -0.001387 -0.0002997 0.04057 -0.009854
1305031229.863055 -0.0003663 0.0007676 -0.001477 0.0009865 0.0453 -0.01056
1305031229.896929 0.005428 -0.00149 -0.0007171 -0.002692 0.0417 -0.007599
1305031229.926248 0.004901 0.0008584 -0.0001163 0.0007512 0.0496 -0.008379
1305031229.966160 0.002486 0.0003345 0.0005972 0.0007818 0.04615 -0.01017
1305031229.997917 0.0002551 0.0001415 0.0003917 0.001022 0.03988 -0.00568
1305031230.029991 0.002363 0.0003604 -0.001233 0.001179 0.03354 -0.002925
1305031230.065687 0.002016 0.002445 -0.001552 0.0009599 0.03192 -0.003638
1305031230.098242 0.0004135 -0.003131 0.0002138 -0.003087 0.03174 -0.003461
1305031230.129919 0.002608 -0.0002562 -0.000584 0.001845 0.02848 -0.002671
1305031230.165771 0.002703 0.0006549 -0.001344 0.002809 0.02854 -0.003214
1305031230.197772 0.002606 -3.513e-05 -0.0005823 0.0005887 0.02919 -0.0004064
1305031230.229830 0.004324 0.001167 -0.0004422 0.002428 0.02845 -0.003131
1305031230.265580 0.002943 -0.001011 0.0003841 0.0001506 0.03159 -0.003091
1305031230.297982 0.0006792 0.0009694 -0.002876 0.003697 0.03388 -0.004665
1305031230.325685 0.002599 0.001996 -0.0003277 -0.0002841 0.03197 -0.00395
1305031230.365650 0.003274 -0.002533 0.0009512 -0.0008673 0.03353 -0.002937
1305031230.397265 0.00142 0.0008334 -0.002297 0.003543 0.03706 -0.006837
1305031230.425670 0.005688 0.0004831 0.0004329 0.003031 0.03663 -0.008456
1305031230.465220 0.007589 0.001656 0.0001486 0.00458 0.04429 -0.008824
1305031230.497228 0.004954 -0.001568 -0.001631 0.005285 0.05482 -0.007018
1305031230.526720 0.002309 0.001832 -0.004089 0.006584 0.05898 -0.009542
1305031230.566084 0.00337 -0.003554 -0.002093 0.002727 0.0566 -0.004553
1305031230.598825 0.001133 -0.001013 -0.004533 0.006623 0.05791 -0.003694
1305031230.626028 0.002055 -0.002241 -0.001746 0.0044 0.05404 -0.002746
1305031230.665795 0.0001101 -0.005144 -0.003914 0.005186 0.04623 -0.0005575
1305031230.697932 -0.001011 -0.0005577 -0.00587 0.005349 0.04058 -0.002885
1305031230.725671 0.004256 -0.0002147 -0.0009284 0.004793 0.03798 -0.004489
1305031230.765854 0.002521 3.921e-06 -0.004102 0.004429 0.04122 -0.003814
1305031230.797303 0.0004085 0.0005097 -0.004774 0.0003505 0.04415 -0.003166
1305031230.825729 0.005034 0.002404 0.004188 0.0007096 0.04401 -0.006102
1305031230.865523 0.001188 0.0006454 -0.002649 0.001338 0.04838 -0.00431
1305031230.897379 0.001153 -0.001993 -0.001935 -0.002463 0.04706 -0.000229
1305031230.925860 0.0002457 -0.006354 -0.006697 -0.003133 0.03824 0.002443
1305031230.964976 -0.000486 -0.008533 -0.008337 -0.00445 0.02475 0.004191
1305031230.997080 -0.004352 -0.008959 -0.008206 -0.002725 0.01473 0.002375
1305031231.025653 -0.007691 -0.008713 -0.009528 -0.003622 0.007474 0.002879
1305031231.064422 -0.002946 -0.005509 -0.002135 -0.00424 -0.001277 0.003256
1305031231.096775 0.004664 -0.001265 0.007469 0.0004724 -0.005704 0.0008799
1305031231.125728 -0.005473 0.003491 -0.008807 0.002019 -0.001222 -0.001756
1305031231.165241 -0.0006766 -0.006854 0.002486 -0.004145 -0.00606 0.001055
1305031231.197747 -0.002947 -0.01041 -0.006747 -0.002305 -0.01545 0.004013
1305031231.225711 -0.006604 -0.002001 0.001044 -0.005164 -0.03055 0.004909
1305031231.265594 0.001887 -0.003021 0.01313 -0.003535 -0.04864 0.004801
1305031231.297846 -0.003436 0.0003159 0.001347 -0.002386 -0.06078 0.003556
1305031231.325741 -0.003577 0.0009981 0.006477 -0.0007806 -0.06527 0.004883
1305031231.365066 -0.005272 0.002185 4.286e-05 0.001324 -0.06147 0.006499
1305031231.397128 -0.001383 0.0007563 0.00389 -0.001247 -0.05913 0.004753
1305031231.425688 -0.001412 5.245e-05 0.004438 0.001835 -0.05142 0.0006847
1305031231.464918 -0.003643 0.000679 0.0005219 0.00372 -0.04315 0.0001185
1305031231.493669 -0.004154 0.001134 0.0008054 0.001906 -0.04006 -0.0001587
1305031231.525755 -0.002573 -6.706e-05 0.00175 0.001144 -0.03951 -0.0005443
1305031231.565052 -0.002085 2.321e-05 0.00398 0.00139 -0.03643 0.0005775
1305031231.593737 -0.003591 0.0003034 -0.001497 0.002775 -0.03653 0.001696
1305031231.625704 -0.00329 0.0004427 0.0005321 -1.903e-05 -0.03737 0.003232
1305031231.665045 -0.001986 0.0004117 0.003049 -0.0008865 -0.03684 0.003814
1305031231.693702 -0.0007686 -0.001516 0.000551 -0.0004042 -0.03946 0.005927
1305031231.725886 -0.001892 -0.00242 0.0001671 -0.001011 -0.0424 0.009512
1305031231.765478 -0.001244 -0.002461 -0.0008538 0.0006071 -0.05093 0.01188
1305031231.793723 -0.00212 0.0007068 0.001539 0.002991 -0.05301 0.01095
1305031231.825686 -0.003604 -0.000369 -0.001491 0.00101 -0.05327 0.01243
1305031231.864940 -0.003091 -0.0003898 0.0009802 -0.001691 -0.05978 0.01467
1305031231.893727 -0.0008981 -0.0001618 0.002365 -0.0002167 -0.05861 0.01288
1305031231.925706 -0.002843 0.000598 -0.001017 0.0003524 -0.05122 0.008852
1305031231.965010 -0.003123 0.0007703 0.003357 -0.001685 -0.04851 0.009028
1305031231.993726 0.002088 -0.0008982 0.0001818 -0.0008562 -0.04463 0.005618
1305031232.025790 -0.006593 0.0006138 0.001261 -0.001323 -0.03749 0.003269
1305031232.065122 -0.003773 -0.001224 0.00152 -0.0027 -0.04407 0.00618
1305031232.093725 -0.001236 -0.001253 -0.001347 -0.00146 -0.04167 0.003793
1305031232.125662 -4.937e-05 0.0002823 0.0002448 -0.002354 -0.03896 0.004529
1305031232.165032 -0.002101 -0.001582 0.002142 -0.004107 -0.03422 0.00415
1305031232.193716 -0.004013 -0.00133 0.003744 -0.001773 -0.03476 0.004593
1305031232.225683 -0.002523 -0.0008633 -0.001264 -0.0007517 -0.03772 0.006797
1305031232.262691 -0.002368 -0.0007252 0.002574 -0.002695 -0.03703 0.006742
1305031232.293855 -0.002393 -0.003292 0.001396 -0.00102 -0.03932 0.006333
1305031232.325619 0.001958 -0.001616 -0.001653 -0.002445 -0.03817 0.007198
1305031232.364738 0.001565 -0.005888 0.002098 -0.005352 -0.03271 0.004426
1305031232.393714 0.0006386 -0.002465 0.0008385 -0.0002204 -0.02716 0.004098
1305031232.425721 0.0002235 -0.002618 -0.0005825 -0.001329 -0.02128 0.00312
1305031232.464703 0.0006229 4.01e-05 0.0005654 -0.0004473 -0.01784 0.004602
1305031232.493650 -0.001989 0.003035 0.002574 0.002948 -0.01913 0.005008
1305031232.525781 -0.001515 0.0005742 0.001989 0.00148 -0.02489 0.006304
1305031232.564714 0.001725 0.0003971 -0.0002305 3.511e-05 -0.0267 0.00618
1305031232.593722 -0.00317 0.002148 0.004572 0.002087 -0.02523 0.00653
1305031232.625783 -0.001809 0.001355 0.002886 0.003509 -0.03231 0.008292
1305031232.664695 0.00272 -0.001222 -0.004075 -0.0008805 -0.03311 0.007375
1305031232.693701 -0.002632 0.0004264 0.00425 -0.002959 -0.02579 0.006891
1305031232.725876 -0.003537 0.002579 0.005548 0.003471 -0.03119 0.009224
1305031232.761719 0.001871 -0.0005707 -0.001949 0.001408 -0.03882 0.01128
1305031232.793672 0.002361 -0.0004049 -0.0002245 -0.004412 -0.03674 0.01133
1305031232.825767 -0.003769 -0.002515 0.005809 -0.002403 -0.02884 0.003753
1305031232.861666 0.001649 -0.001733 0.000164 -0.0003297 -0.02855 0.003277
1305031232.893683 0.00134 -0.0049 0.0002172 -0.005197 -0.01786 -0.004229
1305031232.925756 -0.0003315 -0.004596 0.0006425 -0.003577 -0.00537 -0.009033
1305031232.961662 -0.001814 -0.0005315 0.001773 -0.00222 -0.0003179 -0.004555
1305031232.993641 -0.001141 -0.007522 0.004571 -0.001372 0.00218 -0.0133
1305031233.025746 0.01614 -0.01103 -0.005229 -0.009579 0.0203 -0.01622
1305031233.061697 0.0009427 -0.0003067 0.004939 -0.005783 0.04633 -0.02039
1305031233.093701 0.01362 -0.005169 0.005902 -0.005421 0.05083 -0.02174
1305031233.125846 -0.01302 0.01111 0.00696 0.01113 0.06274 -0.01408
1305031233.161744 -0.006002 0.007244 0.008174 0.0137 0.02441 -0.006414
1305031233.193761 0.0008065 -0.0001929 -0.0003792 0.0134 0.01323 -0.001923
1305031233.225763 0.009384 -0.01055 -0.01302 0.001622 0.01384 -0.01031
1305031233.261687 0.01071 -0.01067 -0.005393 -0.01009 0.04181 -0.01178
1305031233.293802 0.01729 -0.01739 4.423e-05 -0.008697 0.06046 -0.02332
1305031233.325798 0.01298 -0.004126 -0.01117 0.002709 0.09728 -0.02062
1305031233.361800 -0.00245 0.007001 0.009113 0.008741 0.09522 -0.02115
1305031233.393685 0.005968 -0.003712 -0.004941 0.004209 0.07785 -0.01236
1305031233.425708 0.01052 0.0007814 -0.005067 0.003565 0.0742 -0.0101
1305031233.461836 -0.004143 0.002635 0.003846 0.002675 0.05481 -0.008373
1305031233.493692 -0.0009551 -0.001491 -0.002735 -0.0006529 0.02963 0.00301
1305031233.525708 0.007494 0.0011 -0.001799 2.141e-05 0.02349 0.002902
1305031233.561785 0.007213 -0.001162 -0.001072 0.0001287 0.03328 -0.002972
1305031233.593760 0.009524 0.0006832 -0.004774 -0.0003332 0.04644 -0.005671
1305031233.625707 0.001466 -0.000357 0.001292 -0.001306 0.05621 -0.007344
1305031233.661700 -0.002276 -0.002033 0.001943 -0.0007969 0.04788 -0.006267
1305031233.693779 -0.008112 -0.001643 -0.004376 -0.0007349 0.0401 -0.002228
1305031233.725575 -0.01259 -0.008391 -0.002318 -0.007424 0.02107 0.006284
1305031233.761643 -0.007362 -0.004447 -0.001037 -0.0004851 -0.003629 0.007649
1305031233.793747 -0.0006444 -8.481e-05 0.0001202 0.005278 -0.01592 0.006179
1305031233.825687 0.001869 0.007076 -0.001336 0.007363 -0.01131 0.00169
1305031233.861613 0.003352 0.000275 0.003093 -0.003204 -0.003636 0.0003571
1305031233.893718 -0.0008089 0.0006524 -0.0006874 -0.001074 0.005222 -0.001896
1305031233.925841 -0.006116 0.002799 -0.002399 -0.003841 0.006906 -0.00404
1305031233.961748 -0.003609 -0.001762 -0.0006672 -0.0119 -0.0004431 0.0006313
1305031233.993722 -0.005388 0.006012 -0.002128 -0.01035 -0.002354 0.0009937
1305031234.025786 -0.001008 -0.005356 0.001936 -0.02348 -0.009101 0.003075
1305031234.061675 -0.002672 0.001585 -0.0007485 -0.01555 -0.01024 0.0007797
1305031234.093790 0.0008581 0.001615 0.0009853 -0.01909 -0.01208 0.00173
1305031234.129606 -5.827e-05 0.00074 0.0002408 -0.02313 -0.007876 0.004302
1305031234.161729 0.001459 -0.006217 0.00193 -0.02484 -0.009198 0.002413
1305031234.193710 -0.001216 0.009427 -0.002612 -0.01265 -0.004019 -0.001468
1305031234.229746 -0.0005223 -0.005199 0.001584 -0.02996 -0.003859 0.001916
1305031234.261752 0.0001131 -0.004115 0.000349 -0.02044 -0.004647 0.001165
1305031234.293697 -0.001304 0.005876 -0.002337 -0.01345 -0.002971 -0.002582
1305031234.329654 0.0002442 3.492e-05 0.0001439 -0.02464 -0.001669 0.001615
1305031234.361612 2.845e-05 -0.003818 0.000824 -0.02341 -0.00105 0.001435
1305031234.393723 -0.001108 0.00298 -0.001145 -0.01791 -0.000741 -0.001173
1305031234.429703 -0.002947 0.00715 -0.002454 -0.02164 0.0004699 0.002124
1305031234.461690 0.0001078 -0.00331 0.002529 -0.03515 -0.004428 0.003645
1305031234.493831 -0.00154 0.003095 -0.0008949 -0.02492 -0.00293 -0.0004372
1305031234.529645 0.001109 0.01019 0.001065 -0.03016 -0.00369 -0.00162
1305031234.561675 0.0009144 -0.005628 0.00355 -0.04237 0.002434 0.001283
1305031234.593780 -0.0009989 0.00418 -0.000386 -0.03083 0.003026 0.0005766
1305031234.630013 -0.001 0.002289 0.001171 -0.03774 8.602e-06 0.001731
1305031234.661618 2.715e-05 -0.0006454 0.001802 -0.03538 -0.0002138 0.003778
1305031234.693750 -0.0001223 0.00163 0.001465 -0.0359 -0.001909 0.005954
1305031234.729764 0.0007069 0.0009456 0.001404 -0.03441 -0.001205 0.003604
1305031234.761815 0.0007176 0.004639 0.001597 -0.03691 -0.002124 0.005638
1305031234.793716 0.0007198 -0.009091 0.003631 -0.0377 -0.0001517 0.0004308
1305031234.829772 -0.0009934 0.003616 -0.0004975 -0.02176 7.693e-05 0.005427
1305031234.861873 0.00175 -0.005391 0.003137 -0.02537 -0.002996 0.002851
1305031234.893760 -0.0008584 -0.004363 0.002864 -0.01506 0.000567 0.004154
1305031234.929666 -0.001729 -0.009981 0.008349 -0.002069 -0.0001333 0.0009022
1305031234.961659 0.002469 7.273e-05 -0.002559 0.01165 -0.0003178 -0.002914
1305031234.993749 -0.0008782 -0.005507 0.0008996 0.01917 0.005349 -0.002975
1305031235.029701 -0.0004553 0.002511 -0.005133 0.02095 0.002879 -0.004065
1305031235.061591 0.0002083 -0.006484 0.0004263 0.02278 0.005375 -0.003818
1305031235.093621 -0.00253 -0.001039 -0.003464 0.02783 0.003897 -0.001492
1305031235.129679 1.887e-05 0.004394 -0.00369 0.02551 0.0005345 -0.005569
1305031235.161491 0.0002133 -0.008094 0.0009576 0.01964 0.004833 -0.0009176
1305031235.193605 -0.004319 7.636e-05 -0.004944 0.03571 0.002749 -0.002227
1305031235.229635 0.002184 -0.00152 -0.001627 0.02606 -0.00269 -0.003409
1305031235.261629 -0.001929 -0.001817 -0.002359 0.0287 0.002727 0.001087
1305031235.293677 -0.001778 -0.006315 -0.0007307 0.02785 -0.0009504 0.001181
1305031235.329649 -0.00101 -0.003661 -0.002122 0.03658 -0.003436 -0.0003193
1305031235.361653 -2.417e-05 0.003634 -0.003659 0.03773 -0.00386 -0.002417
1305031235.393686 0.003362 -0.007346 0.0009348 0.02837 -0.00107 -0.001696
1305031235.429666 -0.001912 -0.001769 -0.003298 0.04508 0.003548 -0.003382
1305031235.461669 -0.001459 0.001222 -0.003901 0.03802 0.001742 -0.009492
1305031235.493665 0.0001763 -0.001288 -0.002177 0.03734 0.002765 -0.004732
1305031235.529738 -0.001279 -0.001907 -0.002945 0.0386 0.003672 -0.004475
1305031235.561675 -0.001021 -0.0009221 -0.003084 0.03612 0.001224 -0.005971
1305031235.593726 -0.0007263 -0.00457 -0.002848 0.03848 0.001625 -0.004615
1305031235.629798 -0.001033 0.000248 -0.003196 0.04013 0.001301 -0.005192
1305031235.661669 -0.0001867 -0.002634 -0.002642 0.03991 0.001894 -0.00659
1305031235.693698 -0.002004 0.0003328 -0.004678 0.04297 0.004306 -0.007643
1305031235.729661 -0.002028 -0.00209 -0.004642 0.03963 0.005979 -0.006757
1305031235.761818 -0.002752 -0.006498 -0.00454 0.03807 0.005194 -0.005536
1305031235.793628 -8.655e-05 -0.003396 -0.002515 0.0396 -7.807e-05 -0.007305
1305031235.829663 -0.0004931 -0.002896 -0.004218 0.03678 7.868e-05 -0.004827
1305031235.861603 -0.001173 -0.001667 -0.004034 0.03628 -0.0007201 -0.003768
1305031235.893698 -0.001355 -0.002263 -0.002934 0.03397 0.0001689 -0.003851
1305031235.929664 -0.0008354 -0.0008622 -0.003292 0.02964 -0.0001354 -0.004583
1305031235.961704 -0.0011 -0.002363 -0.003454 0.03066 0.001606 -0.002067
1305031235.993673 0.0005827 -0.002946 -0.003445 0.02418 -0.001238 -0.003142
1305031236.029652 -0.0003249 -0.002434 -0.001316 0.02398 -0.0005737 -0.00262
1305031236.061630 -0.0003593 -0.00597 -0.004362 0.02103 -0.0007093 -0.00412
1305031236.093688 -0.0008455 -0.0001515 -0.003611 0.01666 -0.0004158 -0.000927
1305031236.129660 -0.0002087 -0.005112 -0.003419 0.009449 -0.002867 0.0009423
1305031236.161670 0.001052 -0.001231 -0.0003244 0.009885 -0.003385 -0.002074
1305031236.193597 -0.0004345 -0.003895 -0.002155 0.01065 -0.002956 -0.003671
1305031236.229721 -0.001353 -0.003566 -0.006439 -0.0005887 -0.002456 0.002062
1305031236.261669 -9.908e-05 -0.0002895 -0.002365 -0.007676 -0.003534 0.004569
1305031236.293648 -0.0004107 -0.0001986 -0.00343 -0.01281 -0.002234 0.001901
1305031236.329663 -0.0008475 0.0002837 -0.0003926 -0.02224 0.0001462 -0.0004031
1305031236.361588 -0.000174 0.0004109 0.001493 -0.02341 0.002887 -0.001156
1305031236.393685 -0.0001312 0.0009106 0.002337 -0.0256 0.003111 0.00107
1305031236.429662 0.001719 -0.0006712 0.003576 -0.03016 -0.001046 -0.0005163
1305031236.461654 -0.000664 0.001727 0.004155 -0.03215 -0.0004786 0.00184
1305031236.493658 0.0001076 8.351e-06 0.003516 -0.02982 -0.0003613 0.00312
1305031236.529695 0.0009076 0.001803 0.004206 -0.03466 -0.0003537 0.00424
1305031236.561678 0.00105 0.000531 0.005954 -0.03171 -0.001903 0.007053
1305031236.593682 0.003423 -1.501e-05 0.00353 -0.03656 -0.004013 0.004577
1305031236.629642 -0.0001728 0.003594 0.006377 -0.03405 0.0005921 0.005474
1305031236.661655 0.002668 0.001397 0.004962 -0.03255 0.000157 0.00417
1305031236.693667 -0.0001244 0.001791 0.001733 -0.03487 0.005299 0.002494
1305031236.729693 0.003039 -0.0002731 0.007781 -0.03684 0.0002283 0.005433
1305031236.761749 0.0002841 0.000772 0.0009223 -0.03411 0.003295 0.002645
1305031236.793675 0.004119 0.003313 0.006529 -0.03633 -0.0009068 0.007234
1305031236.829705 0.002216 0.0005276 0.005572 -0.03786 -0.0008408 0.008835
1305031236.861617 0.002605 0.004001 0.005503 -0.03246 -0.002534 0.004889
1305031236.893505 0.004785 0.004096 0.006744 -0.03587 -0.002266 0.008147
1305031236.929669 0.001897 0.003297 0.005958 -0.03389 0.001317 0.002935
1305031236.961639 0.003444 0.003907 0.006197 -0.03347 0.001119 0.003008
1305031236.993680 0.001158 0.006538 0.004683 -0.03413 0.004008 0.004139
1305031237.029714 0.002409 -0.001165 0.007393 -0.04226 0.001846 0.008097
1305031237.061729 0.0002433 0.005648 0.004746 -0.03216 -0.0002059 0.004096
1305031237.093695 0.001626 0.006362 0.004983 -0.03506 -0.00162 0.00612
1305031237.129774 -0.0004145 0.003462 0.005242 -0.04246 -0.001981 0.008155
1305031237.161661 0.002225 -0.002019 0.006418 -0.03833 -0.004832 0.001902
1305031237.193642 0.0005086 0.009461 0.003753 -0.0293 -0.001475 0.001157
1305031237.229691 0.0004269 -0.003291 0.006448 -0.03879 -0.001765 0.0003435
1305031237.261663 -0.001574 0.00459 0.002747 -0.02761 -0.0009381 0.002853
1305031237.293709 -0.001615 0.0002045 0.00467 -0.03166 -0.004784 0.005469
1305031237.329672 0.0003575 0.004991 0.003154 -0.02526 -0.0074 0.003063
1305031237.361618 0.002081 0.002475 0.004574 -0.02983 -0.006254 0.003321
1305031237.393671 -2.177e-06 -0.002658 0.004402 -0.02569 -0.002582 0.001766
1305031237.429793 -0.0008662 0.003527 0.002754 -0.02025 -0.0033 0.001314
1305031237.461646 0.001594 0.00595 0.002327 -0.02121 -0.005469 -0.003028
1305031237.493702 0.0006357 -0.006288 0.004906 -0.02426 0.0007449 -0.001735
1305031237.529735 -0.002325 0.005347 0.00108 -0.01367 -0.0003517 0.0009662
1305031237.561669 0.002866 -0.0001021 0.003412 -0.02046 -0.003372 -0.003398
1305031237.593680 -0.002641 -0.004715 0.003576 -0.01476 0.002984 0.0005217
1305031237.629705 0.0001082 -0.0004715 0.002166 -0.0106 -0.00182 -0.001258
1305031237.661656 -0.001999 -0.0005853 0.0007304 -0.005601 0.0002219 -0.0009153
1305031237.693693 -0.0004872 -0.00095 0.002379 -0.007017 -0.002715 0.001419
1305031237.729752 0.001055 -0.003702 0.00614 0.001164 -0.0004292 -0.002603
1305031237.761654 -0.002179 0.01081 -0.00705 0.005614 0.001545 -0.0004104
1305031237.793725 0.002062 8.794e-05 0.0008352 -0.01016 -0.003744 0.001523
1305031237.829769 -0.001619 -0.008854 0.01076 0.00105 0.002319 -0.002034
1305031237.861836 -0.001504 0.02628 -0.007602 0.01844 0.0006603 -0.002797
1305031237.893771 0.005884 -0.0004889 0.001393 -0.01309 -0.00285 -0.003286
1305031237.929849 -0.005561 -0.00743 0.01406 0.003062 0.00922 -0.0008377
1305031237.961658 -9.103e-05 0.0007242 -0.0006946 0.0181 0.004039 -0.005324
1305031237.993683 0.004096 -0.003252 0.0005449 0.01863 0.006283 -0.006479
1305031238.029709 -0.001945 -0.004333 0.002307 0.02418 0.01301 0.0006201
1305031238.061670 -0.001006 -0.006896 0.00118 0.03394 0.008667 0.002134
1305031238.093685 -0.001859 -0.004397 -0.003088 0.04389 0.005213 0.008165
1305031238.129747 1.181e-05 0.0009641 -0.004231 0.0439 -0.0006935 0.006049
1305031238.161682 0.006008 -0.01122 -0.000736 0.04571 -0.0001252 0.006158
1305031238.193792 0.0004573 0.007211 -0.006487 0.05545 0.004877 -0.001384
1305031238.230012 0.001079 -0.001298 -0.004002 0.04174 0.006698 -0.0003132
1305031238.261604 -0.002363 -0.0003458 -0.004724 0.04394 0.006207 0.001727
1305031238.293671 0.001441 -0.007076 -0.002368 0.04348 6.757e-05 0.001335
1305031238.329662 -0.001244 0.003305 -0.006322 0.05132 0.001077 -0.002611
1305031238.361640 0.001029 -0.001761 -0.003869 0.04098 0.001371 -9.675e-05
1305031238.393667 -0.0002596 -0.001409 -0.004276 0.04381 0.002111 0.001857
1305031238.429673 -0.001044 0.002156 -0.005035 0.04319 0.0004905 -0.0007217
1305031238.461685 0.0003309 -0.0009284 -0.003845 0.03631 0.0007159 -0.0007886
1305031238.493679 -0.0004562 0.00293 -0.003967 0.0353 0.003279 0.000854
1305031238.529670 -0.0004761 0.002048 -0.00266 0.02514 0.004673 -0.0001524
1305031238.561624 -0.0001613 -0.004541 -0.002822 0.02296 0.00511 0.0003454
1305031238.593741 -0.001006 -0.003 -0.002791 0.0247 0.005807 -0.0001883
1305031238.629751 -0.001663 -0.003729 -0.00276 0.02565 0.003563 -0.001303
1305031238.661628 -0.0007889 -0.003004 -0.001965 0.02456 0.0001194 0.0001437
1305031238.693855 -0.0002455 -0.004753 -0.002351 0.02615 -0.0005219 -0.0007215
1305031238.729729 -0.0007201 0.002397 -0.003068 0.03252 0.002397 -0.001771
1305031238.761658 -0.0006193 0.001118 -0.002245 0.02539 0.004285 -0.002654
1305031238.793691 0.0001652 -0.005788 -0.001487 0.01823 0.003234 -0.00125
1305031238.829730 -0.0005687 -0.004023 -0.00301 0.02405 0.002638 -0.002399
1305031238.861826 -0.000665 0.003599 -0.003108 0.0234 0.001842 -0.003735
1305031238.893734 6.884e-05 -0.001154 -0.001731 0.01292 0.001446 -0.002329
1305031238.929837 0.0006109 -0.003007 0.0004213 0.01056 0.001341 -0.002421
1305031238.961656 -0.0007012 -0.0008951 -0.00356 0.01416 0.001189 0.0005552
1305031238.993704 -2.392e-05 -0.001507 0.0003281 0.009925 -0.002242 0.002833
1305031239.029670 0.0007583 -0.002413 -0.001417 0.01387 -0.002388 -0.0002637
1305031239.061677 0.001059 -0.001957 -0.003838 0.008018 -0.001348 -0.000499
1305031239.093689 6.166e-05 0.001362 -0.0009619 0.00215 -0.0003813 0.002679
1305031239.129738 0.001465 -0.001735 -0.002123 -0.002086 -0.002828 0.000146
1305031239.161756 -0.0001731 -0.0003416 -0.001556 -0.01052 -0.002892 -0.0003932
1305031239.193706 0.0005645 0.0004686 0.003436 -0.008717 -0.002807 0.0005721
1305031239.229882 -0.0001038 7.26e-05 -0.0009926 -0.009639 0.001965 -0.000973
1305031239.261721 -0.00029 0.0001096 0.0007582 -0.01542 0.00318 -0.001817
1305031239.293674 -0.0005114 0.00091 5.612e-05 -0.01757 0.001276 -0.0005851
1305031239.329705 -0.0003516 0.000998 0.00174 -0.01912 -0.0001603 5.275e-05
1305031239.361715 0.0005958 0.000819 0.001037 -0.02117 -0.000976 -0.000663
1305031239.393718 0.0002871 0.002166 0.001263 -0.02058 0.0003575 -0.001099
1305031239.429744 0.0008837 0.002331 0.000472 -0.0253 0.001791 -0.002488
1305031239.461708 0.001089 -0.002892 0.002551 -0.03051 0.001545 0.0001722
1305031239.493720 -0.0006204 0.002491 -4.526e-07 -0.02388 0.00155 -0.0007664
1305031239.529662 -0.0003599 0.0001068 0.0005628 -0.0291 -0.001196 0.001857
1305031239.561733 -0.0001906 -0.001386 0.001827 -0.02979 -0.005382 0.003903
1305031239.593921 0.001352 0.002333 0.001718 -0.02515 -0.007792 0.003853
1305031239.629723 0.0008685 0.003182 0.0004539 -0.02714 -0.005424 0.001636
1305031239.661659 0.002197 -0.000353 0.003097 -0.02972 -0.005791 0.002112
1305031239.693733 0.0007797 0.005931 0.001515 -0.02324 -0.003305 -0.001381
1305031239.729894 0.001636 0.00339 0.002457 -0.03225 -0.001931 -0.0001957
1305031239.761913 -1.788e-05 0.006032 0.001654 -0.03273 -0.0002692 -0.002171
1305031239.793585 -0.001198 0.008667 0.001725 -0.03676 -0.0007375 -0.01096
1305031239.829666 0.00658 -0.002728 0.006223 -0.04678 -0.0041 -0.009808
1305031239.861692 0.0003708 0.001414 0.002591 -0.03654 0.008935 0.002703
1305031239.893740 -0.003362 0.002119 0.002266 -0.03752 0.005522 0.003457
1305031239.929706 0.0002726 0.0009302 0.003362 -0.03655 -0.001538 0.00612
1305031239.961710 -0.0001141 -0.0008341 0.00341 -0.03403 -0.0034 0.008332
1305031239.993691 0.0005138 0.009709 0.001254 -0.0265 -0.00459 0.002498
1305031240.029620 0.001955 -0.0009119 0.004306 -0.03669 -0.002228 0.0005638
1305031240.061929 0.001256 0.005436 0.002312 -0.02849 0.0004614 0.0002526
1305031240.093651 -0.001006 0.008058 0.00155 -0.03223 0.002428 0.0009539
1305031240.129665 0.0007456 0.005558 0.003227 -0.04295 0.0007082 0.003521
1305031240.161723 0.0002128 -0.008085 0.006301 -0.041 0.0009758 -0.0006055
1305031240.193676 -0.002374 0.01547 0.0003042 -0.02893 0.0002792 -0.002343
1305031240.229661 0.00114 0.001073 0.004861 -0.05106 -0.0006764 -0.001277
1305031240.261700 -0.001438 -0.00811 0.004255 -0.03621 0.001566 -0.00111
1305031240.293646 0.001539 0.01186 0.002037 -0.03189 -0.003558 -0.005451
1305031240.329670 -0.003065 -0.004296 0.004422 -0.03985 0.002219 -0.002084
1305031240.361685 -0.001012 -0.00144 0.004663 -0.02995 -0.003206 0.004293
1305031240.393695 0.0004317 0.001534 0.003367 -0.02865 -0.006808 -0.0008882
1305031240.429707 6.413e-05 -0.001141 0.005519 -0.02343 -0.000387 -0.003344
1305031240.461673 -0.002173 -0.003829 0.006171 -0.01626 0.00175 0.000468
1305031240.493713 -0.00102 0.004543 -0.00207 -0.01196 -0.002894 0.002375
1305031240.529672 0.001745 -0.0009226 0.009228 -0.01429 -0.001928 -0.001373
1305031240.561748 -0.003938 -0.0006746 0.01513 0.001736 0.00499 -0.001319
1305031240.593679 -0.00151 -0.0006786 0.000418 0.007818 -0.0001315 -0.001532
1305031240.631058 -0.0004964 -0.002171 0.006638 0.01307 0.002488 -0.002401
1305031240.661629 -0.00137 0.001838 -0.006436 0.01885 0.002982 0.003469
1305031240.693800 -7.552e-05 -0.0003886 0.001656 0.01192 -0.00151 -0.001451
1305031240.729633 -0.001629 -0.006532 0.001501 0.02336 0.00277 0.003843
1305031240.761607 0.001278 0.0054 -0.007246 0.02096 -0.004448 0.001691
1305031240.793590 0.001132 -0.002126 0.002551 0.01838 0.0006115 0.002434
1305031240.829620 -0.0007319 -0.006822 0.0005515 0.02829 3.961e-05 0.008714
1305031240.893685 0.0008219 -0.00176 -0.005792 0.0607 -0.00526 0.00459
1305031240.929673 0.0001362 -0.0139 -0.001249 0.03413 -0.0002118 0.00897
1305031240.961709 -0.0001734 0.006363 -0.00399 0.04766 -0.00529 0.001842
1305031240.993643 0.006084 -0.007737 0.0004424 0.03343 -0.003338 0.004092
1305031241.029623 -0.004315 -0.002135 -0.004175 0.05275 0.001759 0.002596
1305031241.061990 0.003435 -0.0001411 -0.003355 0.0422 -0.005293 -0.01018
1305031241.093615 0.001329 -0.004489 -0.002061 0.04144 0.005412 -0.004527
1305031241.129761 -0.001799 0.00056 -0.00426 0.04803 0.00589 -0.005565
1305031241.193714 -0.001196 -0.004779 -0.005975 0.08639 0.008188 -0.007207
1305031241.229602 -0.00255 0.002118 -0.005201 0.04387 0.002909 -0.0002717
1305031241.261662 -0.001964 -0.0005128 -0.003012 0.03437 -0.00124 0.0005831
1305031241.293804 0.0004465 -0.004779 -0.0009544 0.03535 -0.004309 -0.002971
1305031241.329910 -0.0005789 -0.001727 -0.001854 0.04525 -0.0032 -0.01243
1305031241.393718 0.001749 0.002682 -0.002344 0.07941 0.009055 -0.03436
1305031241.429669 -0.001002 -0.003326 -0.003256 0.03555 0.01282 -0.01164
1305031241.461678 -0.007781 0.003325 -0.00969 0.02983 0.01338 -0.008822
1305031241.493736 -0.005125 0.003615 -0.00586 0.0117 0.0002878 0.002925
1305031241.561686 0.0004603 0.00264 0.0001869 -0.004379 -0.01401 0.01753
1305031241.593680 0.0008203 0.003978 -0.002194 0.0001675 -0.001869 0.0006838
1305031241.661658 0.0001565 -0.00191 0.004932 -0.02943 0.002793 0.01157
1305031241.693629 -0.0004885 0.001032 -0.0002249 -0.00595 -0.0009809 0.006296
1305031241.729700 0.0007847 -0.001351 0.002132 -0.008887 -0.001111 0.009554
1305031241.761678 0.0001283 0.002698 0.0006088 -0.005091 -0.0005433 0.006967
1305031241.793694 0.003407 -0.005539 0.004341 -0.008276 -0.0017 0.007798
1305031241.829759 0.002743 0.006631 -0.004285 0.001171 0.005032 0.01279
1305031241.861672 0.003168 -0.0008412 0.005974 -0.01047 0.00753 0.01435
1305031241.893622 0.000255 -0.006342 0.001719 -0.002878 0.009599 0.01373
1305031241.929686 -0.002036 0.004788 -0.002362 0.005318 0.01078 0.02181
1305031241.961685 0.0001941 -0.002353 0.00116 -0.002669 0.004778 0.02771
1305031241.993687 0.001535 -0.004921 0.001018 0.001537 0.0004569 0.03076
1305031242.029756 -0.002901 4.641e-05 -0.001006 0.009583 -0.0009868 0.03313
1305031242.061654 0.001313 0.001052 0.0007688 0.01007 -0.01111 0.03662
1305031242.093725 0.0008519 0.002189 -0.000655 0.01176 -0.008892 0.03912
1305031242.129682 2.282e-05 -0.0003449 0.000442 0.009368 -0.01076 0.03648
1305031242.161668 0.002185 0.003547 3.745e-05 0.0126 -0.01167 0.03485
1305031242.193683 0.00267 0.002368 -0.0001995 0.0078 -0.00311 0.0323
1305031242.261884 -0.001685 0.005911 0.0001446 0.008319 0.00328 0.06548
1305031242.293820 -0.004193 0.001776 -1.534e-05 0.002172 0.0007795 0.03802
1305031242.361729 0.0003918 0.003241 0.002244 -2.607e-05 -0.01856 0.07573
1305031242.393679 -0.00114 0.001425 0.0001461 0.002769 -0.004424 0.03382
1305031242.429711 0.001156 0.003859 0.001315 -0.001924 -0.004217 0.0408
1305031242.461695 -0.00245 -0.001087 0.003168 -0.00173 -0.00248 0.04175
1305031242.493742 0.001038 0.006704 0.0002611 0.001914 -0.01057 0.05623
1305031242.561569 0.006248 -0.003658 0.005668 -0.01367 -0.00641 0.1078
1305031242.593693 -0.003312 0.002448 0.001665 0.006826 -9.293e-05 0.05
1305031242.629711 0.00056 0.002135 0.001133 0.008048 -0.009416 0.04301
1305031242.661782 0.007704 0.003884 -0.003001 0.003604 -0.00857 0.05234
1305031242.729791 0.002556 -0.000297 0.006073 -0.006508 0.01542 0.1101
1305031242.761930 0.002079 0.003448 -0.001872 0.01116 -0.0006599 0.04734
1305031242.829812 0.00668 -0.004529 -0.0009511 0.00311 0.01768 0.07196
1305031242.861682 0.002819 0.005474 -0.0007894 0.01226 0.01037 0.04281
1305031242.929677 0.006712 0.005096 -0.001533 0.02805 0.004292 0.09263
1305031242.961731 0.003432 -0.003306 0.001309 0.006787 0.006602 0.03822
1305031243.029664 0.00938 -0.0005523 -0.0063 0.02357 0.01076 0.05659
1305031243.061704 0.002743 0.00351 0.0006322 0.01454 0.007022 0.02941
1305031243.093739 0.004634 0.002771 -0.003217 0.01175 -0.001691 0.02981
1305031243.129686 0.002358 0.001696 0.0008745 0.007942 -0.003598 0.02336
1305031243.161643 0.002675 -0.001737 -0.002994 0.004311 -0.009815 -0.0001911
1305031243.193652 -0.0001563 -0.007421 -0.0007407 -0.02056 0.001927 -0.02973
1305031243.229716 -0.002742 0.005408 0.002303 -0.005619 0.006738 -0.02986
1305031243.293654 -0.005931 -0.003927 -0.0008275 -0.03946 -0.0162 -0.1034
1305031243.329803 -0.001606 0.00604 -0.000591 -0.00874 0.003858 -0.03815
1305031243.361686 -0.0007451 0.002166 -0.002931 -0.01065 -0.01556 -0.05365
1305031243.393708 -0.000373 -0.008321 -0.002197 -0.02579 -0.001347 -0.0582
1305031243.429782 -0.0003222 0.009996 -0.001725 -0.005619 -0.001075 -0.03652
1305031243.461622 -0.0004948 0.0003309 0.0007917 -0.01442 -0.01392 -0.04843
1305031243.497629 0.001185 -0.002338 0.0001948 -0.009004 -0.009582 -0.04258
1305031243.529705 3.483e-06 0.003304 -0.002749 -0.001361 -0.01307 -0.03475
1305031243.561795 0.005233 -0.003532 -0.005809 -0.01476 -0.01529 -0.04686
1305031243.597678 0.001217 -0.0008146 0.0007311 -0.01458 -0.003251 -0.04211
1305031243.629640 -0.003036 0.006347 -0.00267 -0.000587 -0.0131 -0.04625
1305031243.661719 0.001969 0.005475 -0.005975 -0.02091 -0.02216 -0.05731
1305031243.697682 -0.004866 -0.007386 0.006797 -0.02862 -0.004487 -0.05465
1305031243.729676 -0.008067 -0.001407 -0.002321 -0.008036 -0.0177 -0.06233
1305031243.761667 0.008603 0.013 -0.005009 -0.0111 -0.02876 -0.07874
1305031243.797650 -0.001229 -0.002995 0.001677 -0.03546 0.009775 -0.07954
1305031243.829666 -0.01967 0.002831 0.003943 -0.02243 0.006464 -0.0811
1305031243.861657 0.002161 0.0005071 -0.001145 -0.02689 -0.01215 -0.07972
1305031243.897689 -0.001539 -0.0008801 0.001883 -0.02828 0.002211 -0.07307
1305031243.929656 -0.008884 -0.005243 0.003703 -0.02594 0.007691 -0.06675
1305031243.961674 -0.006374 -0.0008617 0.001087 -0.0177 -0.0001093 -0.0564
1305031243.997635 -0.006791 0.0008053 0.001113 -0.01853 -0.002475 -0.04593
1305031244.029557 6.851e-05 -0.00967 0.004288 -0.02148 -0.009827 -0.0412
1305031244.097621 -0.0009253 -0.001859 -0.001753 -0.009287 -0.008399 -0.07815
1305031244.161701 -0.003322 -0.01178 0.002514 -0.01316 0.009154 -0.08373
1305031244.197672 -0.005577 -0.0009448 -0.001543 -0.0009206 -0.001471 -0.04813
1305031244.261676 -0.007469 -0.006076 0.0009482 -0.006563 -0.01012 -0.09672
1305031244.297680 -0.008123 -0.003885 0.0005357 -0.004893 -0.006818 -0.05553
1305031244.329685 -0.009538 -0.00295 -0.001359 -0.005321 -0.01574 -0.05231
1305031244.361665 -0.001825 -0.001101 0.002351 -0.005379 -0.02128 -0.05236
1305031244.397615 -0.004806 4.75e-05 0.0001456 -0.008397 -0.01217 -0.05502
1305031244.429740 -0.005015 -0.006178 0.001082 -0.01305 -0.01522 -0.04822
1305031244.497679 3.848e-05 -0.003928 0.003769 -0.01153 -0.02467 -0.08899
1305031244.529690 -0.001324 -0.00818 -0.0004241 -0.009478 -0.006609 -0.03229
1305031244.561672 -0.001773 -0.002373 -0.002171 -0.0006222 -0.0114 -0.03363
1305031244.597700 0.0002285 0.00192 -0.0004982 0.001365 -0.009972 -0.0386
1305031244.629753 -0.0006574 -0.003785 -1.083e-05 -0.002621 -0.006026 -0.03501
1305031244.697667 -0.002819 -0.007574 -0.0008309 0.004079 -0.0209 -0.07436
1305031244.729757 -0.0003963 0.003561 0.0002472 0.01356 -0.01178 -0.04773
1305031244.761738 0.0009173 0.004092 0.002668 0.008078 -0.001124 -0.04368
1305031244.797629 -0.003517 0.001857 -0.002388 0.002861 0.00821 -0.04265
1305031244.829660 -0.00511 0.002817 -0.003348 -0.006465 0.008911 -0.03375
1305031244.897635 -0.003142 -0.004476 0.005414 -0.01417 0.01086 -0.04644
1305031244.929681 -0.002251 0.0001895 0.0009793 -0.002875 0.007449 -0.02181
1305031244.961694 -0.002983 -0.004094 -0.0001402 -0.002597 0.005622 -0.01436
1305031244.997688 -0.004699 0.006411 -0.005655 0.0001124 0.005148 -0.01212
1305031245.029670 0.005182 -0.008537 0.01008 -0.007137 0.003949 0.006525
1305031245.061797 -0.00453 0.00347 -0.00887 0.008368 0.007487 -0.004724
1305031245.097906 0.001798 0.001278 0.00105 -0.004507 0.007585 0.01347
1305031245.129925 0.00535 -0.005397 0.003432 -7.571e-05 0.009051 0.02239
1305031245.161721 0.001444 0.002128 -0.006393 0.005273 0.01123 0.02308
1305031245.197655 0.004362 0.002235 -0.002369 -0.003165 0.01617 0.04443
1305031245.229684 0.007687 -0.006346 0.004125 -0.006075 0.01374 0.05665
1305031245.261749 0.007907 -0.001847 0.003817 0.01016 0.008214 0.04637
1305031245.297648 -0.0002633 0.002536 -0.01074 0.006811 0.01475 0.05487
1305031245.329736 0.003881 -0.00193 0.0005361 -0.005638 -0.0003784 0.0724
1305031245.361797 0.004243 0.002327 0.00219 -0.0004797 -0.004649 0.07078
1305031245.397664 0.007279 -1.796e-05 0.00883 0.007264 -0.01212 0.05702
1305031245.461734 0.008085 0.0155 0.002685 0.01479 0.01057 0.1034
1305031245.497697 0.003998 0.001049 0.005515 0.004793 -0.002085 0.05366
1305031245.529685 0.006278 0.0007956 0.005375 0.01123 0.004183 0.04799
1305031245.561641 -0.001786 0.001946 5.716e-05 0.01487 0.002397 0.04785
1305031245.597588 0.00418 0.007919 0.001118 0.01167 -0.000596 0.0457
1305031245.661665 0.003696 -0.004054 0.00561 0.02192 0.011 0.08943
1305031245.697808 0.000397 0.004009 -0.000321 0.01722 -0.0003466 0.03921
1305031245.761842 -0.003734 0.0004418 0.0008708 0.03278 -0.01222 0.08905
1305031245.797508 -0.001734 -0.0007408 0.000165 0.0153 -0.01547 0.04589
1305031245.829779 0.00208 0.002283 -0.0004918 0.02003 -0.01939 0.04805
1305031245.861702 0.003814 0.0004963 0.002037 0.01576 -0.01539 0.04445
1305031245.897684 0.002682 0.002462 -0.0004085 0.01878 -0.011 0.03919
1305031245.961688 0.005279 0.003267 0.00153 0.02399 -0.005438 0.08368
1305031245.997613 0.0007524 0.004021 -0.0002481 0.01443 -0.001916 0.04317
1305031246.061658 0.0113 0.008706 -0.001295 0.01196 0.001787 0.08821
1305031246.097656 0.005293 0.004409 0.0009329 -0.003083 0.01258 0.05517
1305031246.161681 -0.009755 0.001433 0.00679 0.002655 0.01564 0.1017
1305031246.197653 0.007209 0.007816 -0.002523 0.009575 -0.005243 0.05077
1305031246.261893 0.001232 0.009924 0.001666 -0.002226 0.01206 0.1174
1305031246.297613 -0.0009296 0.0009121 0.002599 -0.003329 -0.0003383 0.06185
1305031246.361529 0.001185 0.006995 9.646e-06 -0.001744 -0.01226 0.1354
1305031246.397738 0.00482 -0.0006407 -0.001902 -0.001222 -0.003768 0.05613
1305031246.429654 0.001287 0.004317 -0.0002966 -0.001779 0.002053 0.06493
1305031246.461755 6.695e-05 -1.377e-06 -5.302e-05 -0.0005609 -0.001723 0.06217
1305031246.529729 0.00646 -0.0003272 -0.003355 -0.005683 -0.007474 0.1143
1305031246.561679 0.008408 0.001877 -0.003459 -0.005299 0.003396 0.05344
1305031246.597580 0.001367 0.004859 -0.000114 -0.007535 0.008947 0.05763
1305031246.630105 -0.0001502 -0.004338 0.002546 -0.007815 0.005894 0.04257
1305031246.661684 0.008404 0.006864 -0.004461 -0.001142 0.003496 0.0503
1305031246.697671 0.0002773 -0.001443 0.002739 -0.01593 0.01223 0.05407
1305031246.729825 0.002828 -0.0002819 -0.0001048 -0.005315 0.01046 0.05233
1305031246.761744 0.006556 0.003669 -0.002785 -0.01048 0.009311 0.05277
1305031246.797618 -0.004047 -0.006603 0.007678 -0.01382 0.01904 0.04298
1305031246.829699 0.0006966 -0.0008939 0.002081 0.009322 0.01512 0.04032
1305031246.861682 0.006018 0.004808 -0.005432 0.00497 0.0104 0.04453
1305031246.897619 0.003078 0.001311 0.0006741 -0.007943 0.01249 0.04452
1305031246.929719 -0.001025 -0.006389 0.009584 -0.01012 0.02032 0.03431
1305031246.961581 -0.001368 -0.0007687 0.006259 0.01045 0.0258 0.0356
1305031247.029564 0.005981 -0.001546 -0.0002432 0.009789 0.04563 0.07579
1305031247.061761 0.001743 0.005279 0.0005293 0.01158 0.02313 0.03768
1305031247.097571 0.0005793 0.007378 0.004916 0.01116 0.009326 0.03816
1305031247.129694 -0.0007664 0.00198 0.004919 0.01308 0.005702 0.0166
1305031247.161688 0.001303 -0.002907 -0.003089 0.003614 0.007477 0.005733
1305031247.197676 0.0003981 0.002613 0.001783 0.008431 0.01027 0.003683
1305031247.229684 0.004522 0.004564 -0.004225 0.004688 -0.004958 0.003145
1305031247.261671 -0.002601 0.001557 0.003543 -0.004252 -0.006944 -0.01808
1305031247.297554 0.0004081 -0.005432 -0.004871 -0.01429 0.0007397 -0.03497
1305031247.329729 -0.000212 0.005264 0.0007159 -0.01045 0.002581 -0.03332
1305031247.361626 0.0007919 0.0007306 -0.001198 -0.0135 -0.003711 -0.0461
1305031247.397540 0.004118 -0.00465 -0.006895 -0.02886 -0.001545 -0.05697
1305031247.429703 8.547e-05 0.005218 0.002892 -0.01536 0.007852 -0.04769
1305031247.461694 0.003413 0.004519 -0.003703 -0.009419 -0.008653 -0.05104
1305031247.497627 0.001776 -0.006171 -0.002364 -0.02984 -0.004735 -0.06623
1305031247.529619 0.0004183 0.004464 -0.0002279 -0.01134 -0.0008329 -0.0518
1305031247.561743 0.001385 -0.0008049 -0.001145 -0.02286 -0.008025 -0.05772
1305031247.597701 -0.001534 -0.0002127 0.00297 -0.01568 -0.003295 -0.05507
1305031247.629718 -0.003606 0.0003271 0.002555 -0.005865 -0.00812 -0.05627
1305031247.661681 0.001721 0.001322 -0.005398 -0.006395 -0.01809 -0.06321
1305031247.697569 -0.001603 -0.003411 0.001501 -0.0188 -0.01146 -0.07016
1305031247.729684 -0.005296 -0.005115 0.002634 -0.00262 -0.007523 -0.08502
1305031247.761723 0.002747 0.009657 -0.007348 -0.001774 -0.01601 -0.08066
1305031247.797650 -0.001684 0.008987 0.0006958 -0.02379 -0.005885 -0.06343
1305031247.829657 -0.0115 -0.001721 0.01121 -0.02105 -0.01364 -0.05597
1305031247.861688 0.0007255 0.00974 -0.007389 -0.006596 -0.04049 -0.04587
1305031247.897638 0.004919 -0.003875 0.002503 -0.03453 -0.02653 -0.0472
1305031247.929807 -0.004587 -0.009818 0.007798 -0.02553 -0.004909 -0.04652
1305031247.961700 -0.009973 0.009772 0.0008304 -0.007669 -0.01569 -0.04171
1305031247.997557 0.003798 -0.001403 0.002049 -0.02349 -0.03091 -0.05062
1305031248.029684 0.003668 -0.0021 0.002118 -0.0234 -0.012 -0.04667
1305031248.061746 -0.01364 0.001061 0.005152 -0.02028 -0.002934 -0.05076
1305031248.098179 -0.00507 0.003369 0.00195 -0.01953 -0.02271 -0.05334
1305031248.129858 0.002537 -0.003524 0.002595 -0.0267 -0.01774 -0.05149
1305031248.161732 -0.0111 -0.002346 0.005596 -0.02029 -0.006858 -0.05217
1305031248.197746 -0.006072 0.0001307 0.003028 -0.0154 -0.02077 -0.055
1305031248.229670 0.007515 0.001768 0.00106 -0.01462 -0.01963 -0.04959
1305031248.261691 -0.008205 -0.005583 0.006753 -0.01706 -0.003616 -0.05543
1305031248.297645 -0.008287 -0.005373 0.003331 -0.003491 -0.01373 -0.05269
1305031248.329688 0.003441 0.008256 -0.002429 0.002208 -0.02014 -0.04291
1305031248.361705 0.005711 -0.002955 0.004784 -0.01212 -0.01079 -0.04414
1305031248.398306 -0.003647 -0.00247 0.001841 -0.005211 -0.001878 -0.04414
1305031248.429690 -0.001127 0.001879 0.0006925 -0.004512 -0.006657 -0.04288
1305031248.461674 -0.0017 0.004441 -0.001151 -0.00851 -0.005292 -0.03814
1305031248.497597 -0.0006054 -0.006583 0.005581 -0.01718 -0.006228 -0.02801
1305031248.529678 -0.00794 -0.005521 0.001792 -0.00414 -0.008712 -0.02697
1305031248.561680 -0.003963 0.00516 -0.00452 -0.002454 -0.0248 -0.03605
1305031248.597577 0.006994 -0.0003029 0.00386 -0.0131 -0.02265 -0.03452
1305031248.629727 0.003407 -0.0009046 0.003031 -0.01225 -0.008211 -0.03393
1305031248.661660 -0.001596 -0.004501 0.003163 -0.01212 -0.00384 -0.04271
1305031248.701134 -0.003847 -0.001316 0.0008421 -0.01001 -0.006313 -0.04647
1305031248.729769 -0.002457 -0.002463 0.00146 -0.009206 -0.006956 -0.043
1305031248.761715 -0.007973 0.005267 -0.003096 -0.01336 -0.005373 -0.04165
1305031248.797823 -0.00612 -0.01201 0.005272 -0.02013 -0.01217 -0.03116
1305031248.829728 -0.007843 -8.323e-05 -0.003141 -0.00624 -0.01936 -0.03307
1305031248.861712 -0.007887 0.00102 -0.003963 -0.01038 -0.02142 -0.02523
1305031248.897740 -0.002479 -0.004975 0.004976 -0.01163 -0.02294 -0.01673
1305031248.929766 -0.008727 0.0007357 -0.005305 -0.003547 -0.02236 -0.02254
1305031248.961755 -0.004267 0.000618 0.0006705 -0.01005 -0.02755 -0.02252
1305031248.997614 0.002457 -0.00204 0.004139 -0.004532 -0.02163 -0.02344
1305031249.029697 -0.0004887 0.0001147 0.0004978 -0.001998 -0.01133 -0.02476
1305031249.062337 -0.0005179 -0.002674 -0.0002539 0.001449 -0.006718 -0.02348
1305031249.097689 -0.00358 0.001231 -0.005062 0.002271 -0.002514 -0.01543
1305031249.129781 0.002009 -0.007422 0.001996 0.0006547 -0.007515 -0.006163
1305031249.161749 0.005345 -0.003434 0.002733 0.01321 -0.00844 -0.007552
1305031249.197673 -0.001792 0.01101 -0.006403 0.01578 0.005336 -0.01717
1305031249.229768 0.006579 -0.006098 0.005209 0.003669 0.008961 -0.01306
1305031249.261609 -0.001885 0.004561 -0.007856 0.01486 0.01655 -0.02189
1305031249.297950 -0.0009655 -0.001331 -0.002183 3.009e-05 0.01862 -0.00875
1305031249.329679 -0.0004795 -0.008165 0.001586 0.005047 0.007363 -0.003327
1305031249.361754 -0.004131 0.009651 -0.01002 0.01133 0.005533 -0.005578
1305031249.397737 -0.001257 0.0007654 -0.00518 -0.009601 0.01074 0.02519
1305031249.429851 0.002778 -0.00377 0.000445 -0.01069 0.002954 0.04271
1305031249.461794 0.005628 -0.00286 0.003966 -0.002098 -0.001938 0.05103
1305031249.497685 0.001051 0.003594 -0.002149 0.001995 -0.001457 0.05299
1305031249.529692 0.003261 0.007671 0.0008248 -0.003933 0.002281 0.06089
1305031249.561863 0.006666 -0.007551 0.008633 -0.005663 -0.0008192 0.06555
1305031249.597805 0.009375 0.004104 -0.0002728 0.01429 -0.0004606 0.05571
1305031249.629760 -0.003387 0.004004 -0.001282 0.006989 0.01618 0.0633
1305031249.662284 -0.0009088 -0.003069 0.003205 0.01259 -0.002707 0.06378
1305031249.697653 0.00753 0.003631 0.0009274 0.02372 -0.005668 0.06544
1305031249.729969 -0.01359 0.00174 -0.004462 0.02018 0.001294 0.06098
1305031249.761822 0.001042 0.005157 0.002105 0.02341 -0.02245 0.05583
1305031249.797667 0.007623 0.006913 0.0001622 0.01757 -0.01456 0.06534
1305031249.829797 -0.01178 0.0007909 -0.0009706 0.0104 -0.009438 0.06674
1305031249.861729 -0.004081 0.002594 0.001056 0.01712 -0.02903 0.06116
1305031249.897548 0.005967 0.007707 -0.001908 0.01494 -0.03085 0.0536
1305031249.929754 0.002661 0.005148 -0.001397 0.006734 -0.02261 0.04619
1305031249.962232 0.00204 0.00257 0.000125 0.001171 -0.017 0.04392
1305031249.997687 -0.002237 0.001214 0.001 0.008152 -0.01235 0.03762
1305031250.030025 0.007336 0.008237 -0.003802 0.006177 -0.01951 0.05108
1305031250.061924 0.00716 0.004324 -0.001376 -0.006023 -0.0099 0.06287
1305031250.097604 0.002349 -0.0015 -0.0005621 -0.005958 -0.0001716 0.05452
1305031250.129780 0.01531 0.005076 -0.006617 9.571e-05 0.006714 0.05143
1305031250.161809 0.008611 0.004032 -0.004456 -0.007907 0.0332 0.06178
1305031250.197617 -0.007006 -0.002797 0.006429 -0.00769 0.03459 0.04865
1305031250.229670 0.005168 0.004165 -0.00649 0.009144 0.01587 0.03894
1305031250.261917 0.0068 0.01044 -0.008905 -0.007154 0.02663 0.05473
1305031250.298182 -0.005611 -0.001373 0.003944 -0.01314 0.02754 0.04808
1305031250.329709 -0.0005855 0.003384 0.0009076 -0.007252 0.02027 0.05635
1305031250.361596 -0.00376 0.004188 0.004816 -0.0009585 0.01168 0.05678
1305031250.397784 -0.002653 0.004008 0.004141 0.0037 -0.0002047 0.05509
1305031250.429731 0.0002209 -0.005097 -6.716e-05 0.003863 -0.004256 0.04244
1305031250.461779 0.005137 0.000458 -0.007826 0.007149 0.003631 0.04561
1305031250.498138 0.001194 0.003199 0.001558 0.006375 0.005265 0.04533
1305031250.529700 -0.0004038 -0.0004803 0.002935 0.01134 0.001937 0.03189
1305031250.561819 0.005626 0.0004024 -0.008682 0.01094 -0.0004922 0.02729
1305031250.597650 0.004781 0.003281 -0.00606 0.004001 0.004309 0.03331
1305031250.629661 0.001519 0.003179 0.0006072 0.001162 0.001664 0.03448
1305031250.661952 0.003108 -0.00622 -0.002794 -0.002706 0.004408 0.02633
1305031250.697768 0.005898 0.001345 -0.006471 -0.00137 0.01277 0.03849
1305031250.729747 0.002244 0.008675 0.000362 0.002088 0.007362 0.04301
1305031250.761789 0.001552 -0.002893 0.001402 -0.0002893 0.002525 0.01688
1305031250.797838 0.003756 -0.004283 -0.004926 -0.001073 0.008653 0.004745
1305031250.829785 0.003736 0.004771 -0.005469 -0.001406 0.007075 0.007546
1305031250.861873 0.0012 0.001318 -0.0007693 -0.009916 0.004221 0.00288
1305031250.897604 -0.0001521 -0.001576 0.001814 -0.01493 0.007633 0.001665
1305031250.930120 -0.0006499 0.00899 0.002737 0.002991 0.003742 0.007822
1305031250.961817 0.0007461 -0.001373 -0.002909 -0.006361 -0.00553 -0.009402
1305031250.997612 -0.002226 -0.007283 0.003071 -0.01891 0.006514 -0.02138
1305031251.029789 -0.001413 0.00234 0.002212 -0.003702 0.009459 -0.01938
1305031251.061854 -0.0008069 0.004922 -0.001458 -0.003577 0.003055 -0.02439
1305031251.097685 -0.003062 0.001441 0.002002 -0.01605 0.0005778 -0.03458
1305031251.129731 -0.005244 -0.0007201 0.00655 -0.01097 0.001037 -0.04283
1305031251.161699 -0.00469 0.003141 8.715e-05 -0.001695 -0.006169 -0.0549
1305031251.197672 -0.002726 8.308e-05 -0.001329 -0.01362 -0.005461 -0.06199
1305031251.229882 -0.004325 -0.004514 0.00439 -0.02147 0.002111 -0.06443
1305031251.261872 -0.005092 0.001809 0.003441 -0.01255 0.0006474 -0.06962
1305031251.297722 -0.006115 -0.0007146 0.004825 -0.01202 -0.004633 -0.08051
1305031251.329608 -0.00145 0.003797 -0.0002228 -0.009256 -0.007386 -0.07299
1305031251.361831 -0.005148 -0.007602 0.006075 -0.01531 -0.002257 -0.07117
1305031251.397736 -0.001295 0.004474 -0.001165 -0.004221 -0.0019 -0.06399
1305031251.429957 -0.005712 -0.001015 0.003842 -0.01354 -0.002909 -0.0708
1305031251.462288 -0.002289 -0.003074 0.001788 -0.009886 -0.00246 -0.07034
1305031251.497761 -0.006068 -0.0002726 0.003201 -0.007051 0.0003938 -0.06499
1305031251.529827 -0.007334 0.001457 0.002563 -0.004655 -0.005683 -0.06905
1305031251.561707 -0.0002245 -0.00139 0.001125 -0.008214 -0.01023 -0.06637
1305031251.597657 0.0005596 -0.001805 0.001158 -0.006431 -0.002349 -0.06125
1305031251.629778 0.002585 0.002373 0.0004371 -0.00675 0.001581 -0.06602
1305031251.661814 0.004792 -0.001481 0.003209 -0.0104 0.008653 -0.07061
1305031251.698330 -0.001434 -0.002507 0.001901 -0.008513 0.02094 -0.06764
1305031251.730175 -0.004589 0.004359 -0.002194 -0.004067 0.01942 -0.06879
1305031251.761755 0.002257 -0.0001085 0.003235 -0.01563 0.01585 -0.0694
1305031251.797678 0.001785 -0.004564 0.005783 -0.01162 0.02304 -0.06621
1305031251.829869 -0.0058 0.003184 -0.003875 -0.005595 0.02751 -0.06778
1305031251.862143 -0.0008467 0.006824 -0.0001073 -0.01629 0.02406 -0.06009
1305031251.897873 -0.004276 -0.006647 0.005697 -0.02343 0.02649 -0.04661
1305031251.929898 -0.007965 -0.008632 -0.0009888 -0.01544 0.013 -0.04666
1305031251.961904 -0.001294 -0.0002768 -0.0006926 -0.009616 0.003484 -0.04381
1305031251.998343 -0.00335 -0.001863 -0.003008 -0.01182 0.007161 -0.04041
1305031252.029784 -0.004232 -0.00541 0.001467 -0.01782 0.003682 -0.04899
1305031252.062017 -0.006723 -0.008402 0.003105 -0.01348 -0.002848 -0.05942
1305031252.098735 -0.005946 0.0005329 -0.0001965 -0.008301 -0.009353 -0.06407
1305031252.129719 -0.008077 0.001037 -0.001831 -0.0108 -0.00498 -0.06137
1305031252.161778 -0.0123 -0.002615 -0.001464 -0.02179 -0.009245 -0.05599
1305031252.197852 0.004421 -0.01537 0.01923 -0.01648 -0.02498 -0.04059
1305031252.229882 -0.003286 -0.001205 0.001482 0.01285 -0.02069 -0.05024
1305031252.261747 -0.01148 0.007092 -0.01547 0.004493 -0.01457 -0.04959
1305031252.297671 -0.001312 -0.002739 0.004538 -0.009999 -0.01492 -0.02499
1305031252.329954 -0.001693 -0.002297 0.002813 0.002693 -0.01514 -0.02733
1305031252.361687 -0.001343 0.002434 0.001018 0.001081 -0.01387 -0.03056
1305031252.397494 0.004862 0.001654 0.01227 0.01087 -0.006944 -0.02905
1305031252.429672 -0.005653 0.0009554 -0.009014 0.00893 0.00259 -0.03046
1305031252.461722 0.000267 -0.004741 0.002101 -0.0003203 -0.001476 -0.01452
1305031252.497655 -0.001028 -6.081e-05 -0.002725 0.006238 -0.001242 -0.01238
1305031252.529692 0.001084 0.003294 0.000506 0.003639 0.003066 -0.01113
1305031252.561862 0.005261 -0.004025 0.008165 0.006394 0.005865 -0.01181
1305031252.597647 -0.006844 0.003544 -0.01387 0.007796 0.01335 -0.01359
1305031252.629839 -0.0001924 -0.002304 -0.001693 -0.004565 0.009775 0.01099
1305031252.661594 -0.001943 -0.004098 -0.006923 -0.01016 0.00679 0.03307
1305031252.698012 0.003773 -0.00292 0.002399 -0.01289 -0.007 0.05664
1305031252.729811 0.004782 -0.004594 0.0005511 -0.01047 -0.02037 0.08184
1305031252.761680 -0.004182 0.003698 -0.007631 -0.01878 -0.02646 0.0882
1305031252.797683 0.01503 -0.003835 0.01974 -0.01443 -0.03551 0.07724
1305031252.831021 0.002095 0.005544 0.002712 0.01023 -0.017 0.05317
1305031252.865804 0.002082 0.002371 0.001876 0.0001164 -0.01068 0.04521
1305031252.897597 0.005172 0.0009787 0.002517 0.005518 -0.006828 0.0434
1305031252.929687 0.001395 0.003362 -0.003218 0.007574 -0.002678 0.05619
1305031252.965771 0.00477 -0.001215 0.001677 0.002472 -0.003848 0.06223
1305031252.997652 0.003693 -0.00254 6.878e-05 0.007638 -0.004152 0.06443
1305031253.029884 0.005135 0.001927 2.349e-05 0.01382 -0.005745 0.06274
1305031253.065901 0.003639 0.006814 -0.002042 0.01173 0.0003953 0.05386
1305031253.097947 0.001885 0.003667 -0.002183 0.003023 0.002603 0.05554
1305031253.129728 0.009707 0.005864 0.0009777 -0.00304 0.00494 0.05666
1305031253.165977 0.006151 -0.002079 0.00209 -0.005827 0.01938 0.05281
1305031253.197610 0.001372 -0.002498 0.001678 0.003782 0.01385 0.02919
1305031253.229906 0.006182 0.0009311 -0.0009206 0.01205 0.01132 0.006734
1305031253.265536 0.002003 0.0019 -0.001484 0.01118 0.02199 -0.002319
1305031253.297600 -0.007314 0.004583 -0.004742 0.007496 0.02198 -0.009011
1305031253.329972 -0.005426 0.008936 -0.004184 -0.002218 0.01109 -0.0117
1305031253.366257 -0.001184 -0.004095 0.001479 -0.01544 0.005518 -0.008723
1305031253.397735 -0.0008736 0.002369 -0.002015 -0.00697 0.004183 -0.007572
1305031253.429753 -0.002112 -0.001563 -0.0002143 -0.01325 0.002605 -0.003026
1305031253.465716 -0.0008664 -0.004731 0.0004788 -0.01059 -0.003429 0.004377
1305031253.497697 0.001697 0.001146 -0.001697 -0.002667 -0.005398 0.003285
1305031253.529706 0.003022 0.001642 -0.0001446 -0.007642 -0.004051 -0.001281
1305031253.565670 0.006504 -0.007485 0.004402 -0.006412 0.0004976 0.001695
1305031253.598121 -0.003394 -0.000893 -0.002644 0.006063 0.007148 -0.001408
