1305031790.681208 -0.005262 -0.00566 -0.001232 0.02237 4.122e-05 -0.00613
1305031790.713097 -0.004353 -0.004001 -0.003375 0.02333 0.0001697 -0.005805
1305031790.745223 -0.005217 -0.003887 -0.003143 0.01939 -0.001222 -0.009306
1305031790.781258 -0.006016 -0.004891 0.0002372 0.02006 -0.002905 -0.01344
1305031790.813207 -0.005604 -0.004753 -0.0004667 0.027 -0.002663 -0.01499
1305031790.845151 -0.005638 -0.003679 -0.004837 0.02661 -0.002216 -0.01435
1305031790.882094 -0.004415 0.0004685 -0.005098 0.02498 -0.008417 -0.01259
1305031790.913129 -0.004274 -0.000728 -0.001468 0.01631 -0.01121 -0.01459
1305031790.945171 -0.003421 -0.000622 -0.001337 0.01313 -0.01218 -0.01489
1305031790.981159 0.0005159 0.001013 -0.002098 0.006593 -0.01283 -0.01953
1305031791.013075 -0.000571 0.001774 -0.004125 -0.008039 -0.009004 -0.02557
1305031791.045137 -0.009758 0.005649 0.00542 -0.0205 -0.008026 -0.01725
1305031791.081293 -0.003352 0.002269 0.001738 -0.02439 -0.01783 -0.02289
1305031791.113136 -0.006156 0.01375 -0.001141 -0.03568 -0.01915 -0.01389
1305031791.145096 -0.0087 0.003747 0.01826 -0.05868 -0.03184 -0.005643
1305031791.181287 0.003711 -0.002202 0.00209 -0.05388 -0.03857 -0.01745
1305031791.213098 -0.0008899 0.01278 0.007206 -0.05942 -0.03435 -0.003309
1305031791.245087 -0.0007905 -0.008248 0.007698 -0.07256 -0.03789 -0.009775
1305031791.281340 0.009042 0.002009 0.00164 -0.05279 -0.04229 -0.01603
1305031791.313088 0.006913 0.004747 0.004254 -0.06516 -0.04034 -0.01408
1305031791.345123 -0.005889 0.004171 0.01581 -0.05936 -0.03322 -0.01364
1305031791.382161 0.01566 0.004432 0.003452 -0.04699 -0.03915 -0.01789
1305031791.413087 0.009646 0.006465 0.001928 -0.05695 -0.02716 -0.02382
1305031791.445165 -0.002596 0.006875 0.008921 -0.05137 -0.01772 -0.02499
1305031791.481375 0.001733 0.008681 0.002546 -0.03866 -0.01652 -0.02126
1305031791.513084 0.007353 0.009893 0.003458 -0.04091 -0.01135 -0.0136
1305031791.545065 0.00318 0.00402 0.007973 -0.04396 -0.009868 -0.01093
1305031791.581127 0.004929 0.005136 0.006305 -0.03399 -0.01368 -0.009777
1305031791.613194 0.003112 0.01007 -0.0001888 -0.03084 -0.009128 -0.004165
1305031791.645074 0.005391 0.01182 0.004507 -0.04084 -0.007289 0.001206
1305031791.681062 0.003964 -0.007035 0.004536 -0.05157 -0.01152 -0.006024
1305031791.713242 0.001724 0.0002997 0.00648 -0.04667 -0.01425 -0.006885
1305031791.745148 0.005377 -0.0005278 0.009568 -0.046 -0.01711 -0.00296
1305031791.781286 0.006539 -0.003409 0.01287 -0.04761 -0.01834 0.0002893
1305031791.813247 0.005698 -0.000366 0.009723 -0.0483 -0.01977 0.002943
1305031791.845123 0.01325 0.01242 0.02716 -0.04206 -0.0267 -0.002635
1305031791.881072 0.01013 0.01599 0.01722 -0.03226 -0.02239 -0.002766
1305031791.913193 0.002439 0.03103 0.01151 -0.02184 -0.0126 -0.004491
1305031791.948998 0.006033 0.01478 0.01213 -0.03392 -0.01138 -0.003298
1305031791.981259 -0.001117 0.0005436 0.006991 -0.0369 -0.008911 0.001078
1305031792.013213 -0.006739 0.01522 0.002633 -0.03031 -0.004839 -0.001338
1305031792.050221 0.01716 0.0252 0.01719 -0.02355 -0.01277 0.0077
1305031792.081058 -0.003301 0.01031 0.001753 -0.01665 -0.00261 0.004431
1305031792.113127 0.001481 0.01886 0.004771 -0.01398 -0.006255 -0.001711
1305031792.149109 0.0001916 0.004109 0.004518 -0.01596 -0.002359 0.0005464
1305031792.181099 -0.007147 0.01221 0.0006706 -0.01018 0.001659 0.007206
1305031792.213166 0.0007176 0.01225 0.003745 -0.01226 -0.003551 0.005706
1305031792.249088 -0.002892 0.009463 0.005259 -0.007127 3.749e-05 0.002124
1305031792.281069 -0.001335 0.006436 0.004477 -8.281e-05 0.0006135 0.002361
1305031792.313073 -0.004345 0.001012 0.004716 1.25e-05 0.003939 -0.0005823
1305031792.349198 -0.009985 -0.01358 0.009939 0.007151 0.006331 0.001442
1305031792.381062 0.004729 -0.01198 -0.001179 0.01542 -0.005242 0.0001764
1305031792.413074 -0.002502 0.01552 0.0003708 0.03244 -0.003099 -0.004696
1305031792.449168 -0.002794 -0.008853 -4.861e-05 0.02473 -0.0004343 -0.004953
1305031792.481098 0.009048 -0.06279 -0.005955 -0.0005569 -0.005272 -0.00566
1305031792.513052 0.01023 -0.01738 -0.002119 0.02992 -0.007336 -0.006807
1305031792.549157 -0.009223 -0.005874 -0.005234 0.03891 6.162e-05 -0.003244
1305031792.581136 -0.005177 -0.01583 -0.005295 0.03415 -0.004057 -0.0002384
1305031792.613102 -0.009701 -0.00272 -0.004441 0.04073 -0.004447 0.0005111
1305031792.649254 -0.01619 -0.03469 -0.01589 0.02245 -0.001062 -6.651e-05
1305031792.681063 -0.00307 -0.0009388 0.000485 0.03895 -0.008714 0.003111
1305031792.713116 -0.006882 -0.004645 -0.00256 0.0383 -0.004815 -8.588e-05
1305031792.749097 -0.01297 0.002709 -0.006767 0.04113 0.001665 0.003076
1305031792.781106 -0.002688 -0.01023 -0.005667 0.03504 -0.004001 0.002176
1305031792.813144 0.00166 -0.003328 -0.00747 0.03813 -0.008698 -0.002753
1305031792.849022 0.004491 -0.005101 -0.006165 0.03369 -0.01023 0.002495
1305031792.881064 1.886e-05 -0.001374 -0.00438 0.03543 -0.01055 -0.0002718
1305031792.913316 0.004735 0.01004 -0.002523 0.04002 -0.01015 -0.00586
1305031792.949047 0.001616 -0.001583 -0.005039 0.03667 -0.005683 -0.01024
1305031792.981139 -0.001436 -0.00349 -0.006047 0.03874 -0.003688 -0.01392
1305031793.013059 0.000819 -0.009268 -0.00735 0.03411 -0.00522 -0.01209
1305031793.049115 0.0009816 -0.009713 -0.00736 0.02603 -0.007692 -0.01074
1305031793.081172 0.01043 0.001671 -0.007555 0.02925 -0.01637 -0.008483
1305031793.113126 0.001596 -0.004033 -0.007862 0.02344 -0.0185 -0.008148
1305031793.149098 -0.006004 -0.004615 -0.006832 0.01986 -0.01553 -0.006309
1305031793.181113 0.001482 0.006725 -0.004647 0.02433 -0.01939 -0.003413
1305031793.213203 0.0002328 0.001776 -0.005751 0.02347 -0.02047 -0.004067
1305031793.249128 -0.005482 -0.004956 -0.006474 0.02077 -0.01744 -0.003599
1305031793.281300 -0.004009 -0.002539 -0.005571 0.02096 -0.01697 -0.002459
1305031793.313159 0.0003593 0.001052 -0.005216 0.02373 -0.01785 -0.006984
1305031793.349110 -0.003278 -0.003732 -0.006271 0.02211 -0.01398 -0.008703
1305031793.381139 -0.003095 -0.007134 -0.007169 0.02038 -0.01122 -0.007637
1305031793.413790 -0.003287 -0.006614 -0.008063 0.02042 -0.01154 -0.008792
1305031793.449092 -0.002925 -0.005413 -0.006429 0.02038 -0.01387 -0.008295
1305031793.481359 0.002101 -0.008857 -0.008549 0.02079 -0.01656 -0.01202
1305031793.513246 0.00196 -0.005498 -0.009793 0.02079 -0.01441 -0.01262
1305031793.549071 0.0004476 -0.005041 -0.007863 0.02231 -0.01264 -0.01085
1305031793.581157 0.006557 -0.00615 -0.01017 0.02378 -0.01649 -0.01793
1305031793.613153 0.002181 -0.005191 -0.0094 0.02459 -0.01259 -0.02071
1305031793.649429 -0.0007251 -0.004002 -0.009466 0.02527 -0.009554 -0.01485
1305031793.681107 0.003753 -0.004059 -0.009576 0.02589 -0.01255 -0.01524
1305031793.713169 0.007303 -0.002203 -0.009532 0.02664 -0.01276 -0.01763
1305031793.749040 -0.001385 -0.004042 -0.008594 0.02558 -0.006992 -0.01717
1305031793.781106 0.0008985 -0.0003344 -0.009737 0.02773 -0.009179 -0.01259
1305031793.813185 0.004903 0.003328 -0.009294 0.02653 -0.01128 -0.01229
1305031793.849143 0.0005139 0.002615 -0.008452 0.02155 -0.008667 -0.01361
1305031793.881130 0.001868 0.00239 -0.007483 0.01896 -0.01086 -0.01452
1305031793.913043 0.005737 -0.003882 -0.005043 0.01421 -0.01128 -0.01424
1305031793.949037 0.0004559 0.003308 -0.005652 0.01833 -0.004978 -0.01041
1305031793.981122 -0.00133 0.003077 -0.005334 0.015 -0.004513 -0.01145
1305031794.013091 -0.002956 0.005024 -0.005145 0.01203 -0.005886 -0.01272
1305031794.049085 0.0005143 0.005886 -0.003326 0.008468 -0.007276 -0.01012
1305031794.081104 0.002014 0.003101 -0.001414 0.004759 -0.005019 -0.01038
1305031794.113117 -0.002147 0.005912 -0.002142 0.004061 -0.001013 -0.009771
1305031794.149250 -0.00536 0.01046 -0.0005375 0.0008292 0.0006165 -0.007134
1305031794.181114 -0.004321 0.008764 0.0007398 -0.006094 -0.001679 -0.005069
1305031794.213850 -0.004939 0.01111 0.001481 -0.0102 -0.002157 -0.002602
1305031794.249049 -0.00218 0.01272 0.002822 -0.01746 -0.004106 -0.002222
1305031794.281224 -0.002861 0.006943 0.005212 -0.02515 -0.002891 -0.0001361
1305031794.313689 -0.001609 0.01016 0.00542 -0.02489 -0.003501 0.001835
1305031794.349120 0.001719 0.01334 0.005943 -0.02887 -0.003513 0.002122
1305031794.381128 -0.003397 -0.002048 0.005802 -0.04076 0.001113 0.003649
1305031794.414141 -0.006099 -0.005316 0.006689 -0.03464 0.001383 0.006908
1305031794.448978 0.007236 0.008825 0.007812 -0.02623 -0.003643 0.007662
1305031794.481048 0.001606 0.01228 0.00903 -0.02924 0.001428 -0.002878
1305031794.513623 -0.004776 0.0006363 0.009173 -0.03486 0.004116 -0.004068
1305031794.549055 -0.004412 0.009564 0.008333 -0.02707 0.0009963 -0.00202
1305031794.581098 -0.005924 0.01225 0.008095 -0.02993 -0.004597 -0.003052
1305031794.613605 -0.001537 0.006876 0.009447 -0.03633 -0.01098 -0.001961
1305031794.649050 -0.0066 0.01015 0.007998 -0.03612 -0.0138 -0.0004027
1305031794.681066 -0.002289 0.006422 0.009956 -0.03955 -0.02066 0.002348
1305031794.713569 -0.0049 0.01241 0.008246 -0.03728 -0.02456 -0.0002109
1305031794.749055 -0.004305 0.009545 0.009192 -0.04921 -0.03192 -0.002775
1305031794.781053 -0.001434 0.01025 0.01021 -0.05191 -0.03588 -0.0008262
1305031794.813436 -0.003105 0.01239 0.01231 -0.05288 -0.03506 0.002869
1305031794.849048 -0.0007172 0.01408 0.01081 -0.04932 -0.03343 0.0008797
1305031794.881088 -0.004708 0.01461 0.008515 -0.05077 -0.02943 -0.001918
1305031794.913315 -0.004236 0.01809 0.008041 -0.04684 -0.02578 -0.000623
1305031794.948993 -0.00578 0.01403 0.007705 -0.04315 -0.02242 0.002643
1305031794.981050 -0.005384 0.01162 0.007525 -0.03612 -0.02049 0.001575
1305031795.013529 -0.006423 0.01221 0.006802 -0.02973 -0.01663 -0.003424
1305031795.049021 -0.00688 0.003461 0.008832 -0.02308 -0.01359 -0.003951
1305031795.081170 -0.004308 0.01581 0.003157 -0.01335 -0.01546 -0.0009966
1305031795.113213 -0.002272 0.03224 -0.0007031 -0.02528 -0.01783 -0.004025
1305031795.149077 -0.006001 0.01537 0.007291 -0.03991 -0.01651 -0.006414
1305031795.181142 -0.008683 0.003592 0.01204 -0.03788 -0.01684 -0.007141
1305031795.213481 -0.006541 0.006296 0.005736 -0.03309 -0.01566 -0.0106
1305031795.249044 -0.00741 0.01058 0.004911 -0.02828 -0.01026 -0.009868
1305031795.281099 -0.006326 0.01063 0.005241 -0.02504 -0.01106 -0.005522
1305031795.312920 -0.006978 0.01279 0.003735 -0.02472 -0.01378 -0.004188
1305031795.349100 -0.007676 0.009069 0.006438 -0.02681 -0.01625 0.001541
1305031795.381002 -0.007716 0.01094 0.006225 -0.02454 -0.02263 0.004198
1305031795.413224 -0.008185 -0.001981 0.008666 -0.02673 -0.02829 -0.000391
1305031795.449070 -0.008084 0.007641 0.0009608 -0.01655 -0.02586 -0.002284
1305031795.481096 -0.009052 0.006492 -0.000387 -0.0154 -0.02297 -0.0003849
1305031795.513242 -0.003174 0.001816 0.0006684 -0.01798 -0.02393 -0.0002296
1305031795.549114 -0.008143 0.00549 -0.0006631 -0.01346 -0.01872 0.00149
1305031795.581136 -0.006136 0.004166 -0.0004671 -0.01282 -0.01694 0.005948
1305031795.613267 0.001069 0.0009231 -0.001695 -0.01485 -0.01981 0.007356
1305031795.649064 0.0001681 0.0003907 -0.005022 -0.01837 -0.02038 0.00444
1305031795.681015 0.01122 -0.0002599 0.004113 -0.01684 -0.02227 0.0006582
1305031795.713123 0.01166 -0.002773 0.007305 -0.002071 -0.01886 0.001375
1305031795.749082 0.00255 -0.004025 0.002289 0.008287 -0.01698 0.006504
1305031795.781166 0.004239 -0.008064 -0.005577 0.01165 -0.02224 0.005367
1305031795.813074 0.01272 -0.004131 -0.001061 0.01518 -0.02534 -0.002355
1305031795.849070 0.00873 -0.006128 -0.003007 0.02662 -0.01816 -0.003016
1305031795.881078 0.002855 -0.008274 -0.009165 0.02992 -0.01273 -0.003847
1305031795.913138 0.003252 -0.006177 -0.008691 0.02922 -0.01078 -0.00627
1305031795.949065 0.007426 -0.002319 -0.00623 0.03574 -0.01212 -0.001879
1305031795.981148 0.00276 -0.0104 -0.01022 0.0366 -0.01394 0.00109
1305031796.013148 0.004265 -0.006806 -0.01321 0.03424 -0.01612 -0.003676
1305031796.049088 0.006241 -0.001763 -0.006571 0.03681 -0.01482 -0.006049
1305031796.081227 0.005242 -0.003752 -0.00769 0.04138 -0.01207 -0.003943
1305031796.113719 0.003611 -0.0007606 -0.01081 0.0425 -0.01056 -0.003848
1305031796.149087 0.00155 -0.000886 -0.01064 0.03849 -0.01146 -0.006006
1305031796.181009 0.001206 -0.004583 -0.008536 0.03479 -0.01312 -0.008327
1305031796.213056 -0.002888 -0.006366 -0.009117 0.03498 -0.01381 -0.005798
1305031796.249114 -0.003025 -0.005848 -0.009801 0.02819 -0.01724 -0.004577
1305031796.281099 0.004135 -0.007328 -0.002468 0.025 -0.02021 -0.01152
1305031796.313206 0.001966 -0.007024 -0.002952 0.03068 -0.01591 -0.009718
1305031796.349054 0.000847 -0.003259 -0.005513 0.03379 -0.01365 -0.007647
1305031796.381169 -0.0002699 -0.005333 -0.004556 0.02799 -0.01205 -0.009197
1305031796.413114 0.001197 -0.01026 -0.002303 0.0307 -0.0128 -0.007471
1305031796.449049 0.0001926 -0.0009947 -0.003911 0.03667 -0.01031 -0.007406
1305031796.481178 -0.002682 -0.001727 -0.003803 0.02829 -0.008561 -0.004279
1305031796.513165 -0.001681 -0.01221 -0.00236 0.02416 -0.01046 -0.001021
1305031796.549414 -0.0005267 -0.005123 -0.003129 0.03254 -0.01215 -0.003669
1305031796.581120 0.002487 -0.005351 -0.001192 0.02967 -0.01113 -0.007305
1305031796.613166 0.001373 -0.008045 -0.001523 0.03204 -0.005682 -0.008563
1305031796.649028 -0.001623 -0.006181 -0.003215 0.0375 -0.00078 -0.00471
1305031796.681030 -0.003409 -0.005261 -0.003814 0.0352 0.0002373 -0.003448
1305031796.713147 -0.003471 -0.007554 -0.004008 0.03015 -0.001949 -0.006991
1305031796.749469 -0.002467 -0.009023 -0.003518 0.02735 -0.003506 -0.00661
1305031796.781363 -0.002883 -0.009659 -0.003607 0.02939 -0.002564 -0.005463
1305031796.813481 -0.00253 -0.005597 -0.00196 0.03132 -0.001792 -0.009511
1305031796.849581 -0.002853 -0.007912 -0.001955 0.0248 7.074e-05 -0.00936
1305031796.881184 -0.003895 -0.01268 -0.003716 0.02521 0.002286 -0.00667
1305031796.913356 -0.004611 -0.007006 -0.004442 0.03257 0.00234 -0.007936
1305031796.949588 -0.00413 -0.008146 -0.003457 0.02549 0.002344 -0.007611
1305031796.981203 -0.004545 -0.01101 -0.004268 0.02358 0.001179 -0.00503
1305031797.013522 -0.004673 -0.007954 -0.004798 0.02331 -0.002643 -0.002785
1305031797.049323 -0.004469 -0.007394 -0.002361 0.02165 -0.004271 -0.003646
1305031797.081390 -0.004557 -0.008588 -0.002167 0.01967 -0.004565 -0.002034
1305031797.113039 -0.004713 -0.006127 -0.001213 0.02199 -0.004694 -0.003933
1305031797.149544 -0.005216 -0.004325 -0.001122 0.02318 -0.00288 -0.01211
1305031797.181422 -0.006042 -0.004967 -0.001117 0.02193 0.0002881 -0.01418
1305031797.213700 -0.006052 -0.00452 -0.0008005 0.02331 0.004256 -0.01104
1305031797.249703 -0.00557 -0.005676 -0.001436 0.02383 0.005769 -0.01099
1305031797.281270 -0.005373 -0.005918 -0.003096 0.01905 0.006592 -0.007909
1305031797.313580 -0.004515 -0.0043 -0.0006092 0.01601 0.002715 -0.002413
1305031797.349646 -0.0051 -0.005154 -0.001435 0.0134 -0.001308 -0.006161
1305031797.381715 -0.004914 -0.002633 -0.0009472 0.01399 -0.001313 -0.009606
1305031797.413427 -0.00556 -0.003592 -0.0009016 0.008821 0.0002811 -0.007978
1305031797.449441 -0.004912 -0.00325 0.0001706 0.005132 0.0005611 -0.007384
1305031797.481228 -0.0052 -0.002522 0.0001876 0.002646 0.001983 -0.008719
1305031797.513094 -0.005523 -0.001984 -0.0001401 0.0006763 0.002439 -0.006836
1305031797.549579 -0.004533 -0.003438 0.0006458 -0.01447 0.002317 -0.003691
1305031797.581134 -0.003628 -0.002687 0.003932 -0.02637 -0.0006415 -0.004233
1305031797.613380 -0.002483 -0.001592 0.004934 -0.03237 -0.00582 -0.007591
1305031797.649456 -0.002716 -0.000813 0.006145 -0.04112 -0.006594 -0.006569
1305031797.681479 -0.002347 0.001832 0.01033 -0.0432 -0.007212 0.0008109
1305031797.713069 -0.0009887 -0.001886 0.01044 -0.04414 -0.01223 0.004407
1305031797.749314 -0.001597 0.001932 0.01134 -0.04567 -0.01543 0.008858
1305031797.781335 0.001808 0.0004084 0.01778 -0.04006 -0.02125 0.009388
1305031797.815809 -0.00364 0.003373 0.005591 -0.03927 -0.01421 0.006264
1305031797.849286 -0.001253 0.000903 0.006487 -0.0453 -0.01518 0.001751
1305031797.881089 -0.002115 0.004708 0.003495 -0.04578 -0.01712 -0.004815
1305031797.917110 -0.002278 0.002073 -0.0001744 -0.04968 -0.0179 -0.008616
1305031797.949860 -0.003268 0.006902 0.001145 -0.0516 -0.01592 -0.007139
1305031797.981341 -0.0006838 0.001609 0.001966 -0.05551 -0.0187 -0.007833
1305031798.015014 -0.001877 0.006003 0.001698 -0.05017 -0.02013 -0.01073
1305031798.049486 -0.001626 0.007501 0.001243 -0.04386 -0.01718 -0.009796
1305031798.081407 -0.0006923 0.01093 0.00325 -0.04353 -0.01757 -0.004652
1305031798.114761 3.155e-05 0.004524 0.002672 -0.04441 -0.01834 -0.007611
1305031798.150524 0.001083 0.006653 0.003866 -0.03863 -0.01847 -0.009883
1305031798.181474 0.002635 0.006436 0.003563 -0.03192 -0.0158 -0.009759
1305031798.216929 0.002054 0.01018 0.00319 -0.02872 -0.0162 -0.002862
1305031798.249819 0.00253 0.009403 0.00342 -0.03352 -0.02209 -0.004992
1305031798.281361 0.003415 0.007132 0.003378 -0.03387 -0.02317 -0.00622
1305031798.316991 0.004308 0.008999 0.001282 -0.03166 -0.02098 -0.006773
1305031798.349307 0.003555 0.006734 0.002501 -0.03327 -0.01663 -0.006261
1305031798.381404 0.002973 0.007826 0.003784 -0.03136 -0.01777 -0.001728
1305031798.417222 0.003225 0.007984 0.00212 -0.03033 -0.02015 -0.00292
1305031798.449035 0.003678 0.008272 0.0008196 -0.03166 -0.02031 -0.005559
1305031798.481500 0.003458 0.006688 0.001778 -0.03519 -0.01814 -0.006807
1305031798.517143 0.002274 0.00791 0.003925 -0.03227 -0.01809 -0.002916
1305031798.548961 0.003104 0.008415 0.002694 -0.02921 -0.02142 -0.003955
1305031798.581180 0.00247 0.008788 0.001443 -0.03221 -0.01945 -0.009915
1305031798.616885 0.001518 0.005689 0.003687 -0.03147 -0.01802 -0.00911
1305031798.649358 0.002164 0.007925 0.002246 -0.0252 -0.01952 -0.01132
1305031798.681151 0.002201 0.01023 0.0009168 -0.02525 -0.01966 -0.01622
1305031798.717510 0.001448 0.0102 0.001724 -0.02851 -0.02021 -0.01585
1305031798.749406 0.0002708 0.009694 0.003059 -0.02934 -0.01612 -0.01157
1305031798.781065 0.0009504 0.008807 0.003297 -0.02963 -0.0139 -0.00122
1305031798.816637 0.001792 0.008365 0.002826 -0.03334 -0.01475 0.001049
1305031798.849096 0.001351 0.007544 0.006056 -0.03164 -0.01424 -0.000736
1305031798.881162 0.0001238 0.009348 0.002937 -0.02726 -0.01021 0.0004338
1305031798.916729 0.000826 0.009962 0.00425 -0.02269 -0.005277 0.004309
1305031798.949081 0.001856 0.009249 0.004955 -0.01935 -0.005995 0.005309
1305031798.981161 -0.001507 0.002134 0.00204 -0.02223 -0.006196 0.001948
1305031799.016404 0.001367 0.01127 0.004779 -0.02165 -0.006395 0.004409
1305031799.049074 0.0007306 0.004912 0.007041 -0.01821 -0.0101 0.00953
1305031799.084199 -0.00156 0.004442 0.005362 -0.01401 -0.0124 0.00918
1305031799.116265 -0.002522 0.006612 0.004597 -0.01019 -0.01213 0.00649
1305031799.149115 -0.003052 0.002701 0.00513 -0.009862 -0.01108 0.00547
1305031799.184118 -0.002837 0.001845 0.006732 -0.006039 -0.009154 -0.002481
1305031799.216310 -0.003787 0.005286 0.006619 0.001056 -0.006844 -0.004404
1305031799.249363 -0.006243 0.00246 0.002333 0.003055 -0.006601 0.001389
1305031799.282103 -0.004581 0.0006515 0.0051 0.002019 -0.01026 0.002373
1305031799.317034 -0.00594 0.002832 0.004337 0.005572 -0.01134 0.003119
1305031799.349113 -0.006043 -0.001847 0.002228 0.003334 -0.01191 0.004653
1305031799.385805 -0.003578 -7.089e-05 0.01014 0.006321 -0.01233 -0.001004
1305031799.417024 -0.005362 0.001047 0.008585 0.01335 -0.008434 -0.002675
1305031799.449387 -0.005495 -0.003387 0.005744 0.01945 -0.005619 0.00297
1305031799.485240 -0.006115 -0.004541 0.001853 0.0241 -0.005956 0.003879
1305031799.517013 -0.00664 -0.004731 0.001279 0.02485 -0.005814 0.002252
1305031799.549017 -0.005685 -0.007206 0.002681 0.02654 -0.005765 0.003317
1305031799.581367 -0.005236 -0.006912 0.001553 0.02977 -0.005872 0.002344
1305031799.617168 -0.00526 -0.005883 0.0007012 0.02857 -0.004749 -3.247e-05
1305031799.649389 -0.004819 -0.008208 0.0006019 0.02691 -0.003907 -0.002445
1305031799.685205 -0.004023 -0.01119 0.0009818 0.02996 -0.00285 -0.001903
1305031799.717255 -0.004093 -0.008843 -0.0009668 0.03285 -0.001739 -0.0002011
1305031799.749314 -0.004087 -0.008791 -0.0006479 0.02877 -0.001536 -0.004377
1305031799.785009 -0.003966 -0.009564 -0.0004223 0.03043 -0.0008134 -0.005685
1305031799.814635 -0.003505 -0.01125 -0.001846 0.0324 -0.0003198 -0.002949
1305031799.849541 -0.00396 -0.01046 -0.002331 0.03119 -0.00102 -0.005708
1305031799.885152 -0.004171 -0.008009 -0.002629 0.032 -0.0009518 -0.003976
1305031799.916936 -0.003592 -0.01075 -0.003258 0.03363 -0.002733 0.00267
1305031799.949274 -0.00311 -0.009888 -0.003853 0.03445 -0.005668 -0.002894
1305031799.985247 -0.003005 -0.009116 -0.003377 0.03299 -0.003001 -0.007604
1305031800.017563 -0.003687 -0.009449 -0.004249 0.03431 -0.0006083 -0.004054
1305031800.049417 -0.003202 -0.008562 -0.005153 0.03403 -0.001621 -0.00345
1305031800.085021 -0.00355 -0.01021 -0.005247 0.0317 -0.002182 -0.003503
1305031800.117100 -0.003961 -0.009662 -0.005933 0.03226 -0.004537 0.0005095
1305031800.149417 -0.003826 -0.004184 -0.005856 0.03206 -0.009728 0.002175
1305031800.185371 -0.002705 -0.008051 -0.003992 0.02811 -0.01309 -0.004135
1305031800.217463 -0.001955 -0.01124 -0.004692 0.03153 -0.009665 -0.007604
1305031800.249365 -0.002163 -0.009376 -0.006051 0.03692 -0.005179 -0.006763
1305031800.285564 -0.003295 -0.007032 -0.006253 0.03566 -0.004196 -0.002603
1305031800.317620 -0.003899 -0.005223 -0.006089 0.0353 -0.006767 -0.003081
1305031800.353543 -0.002741 -0.006196 -0.006614 0.0346 -0.009615 -0.006886
1305031800.386097 -0.001892 -0.005463 -0.007045 0.03444 -0.01024 -0.005348
1305031800.417248 -0.002472 -0.004662 -0.00655 0.03304 -0.008864 -0.006915
1305031800.453733 -0.002153 -0.004054 -0.006485 0.03329 -0.008911 -0.009395
1305031800.485544 -0.001375 -0.003546 -0.006601 0.02999 -0.00804 -0.00981
1305031800.517718 -0.0006406 -0.003258 -0.007032 0.02906 -0.007198 -0.01181
1305031800.553322 -0.001615 -0.001276 -0.005673 0.02883 -0.006955 -0.01056
1305031800.585471 -0.001085 -0.0009733 -0.005738 0.02516 -0.008812 -0.007738
1305031800.617797 -0.001337 -0.001044 -0.00391 0.0239 -0.009187 -0.005885
1305031800.653606 0.001905 -0.000257 -0.007614 0.02447 -0.00841 -0.004756
1305031800.685391 0.001364 -1.323e-05 -0.006238 0.02214 -0.005804 -0.00741
1305031800.713928 0.00119 0.0003603 -0.005747 0.02008 -0.004891 -0.009602
1305031800.753142 0.004324 0.001987 -0.00984 0.01647 -0.005296 -0.008886
1305031800.784048 0.005201 0.004581 -0.01027 0.01113 -0.007548 -0.01282
1305031800.816073 0.009593 0.01131 -0.01561 0.004883 -0.01073 -0.01205
1305031800.853902 0.01012 0.009674 -0.01027 -0.007852 -0.0122 -0.0115
1305031800.885387 0.006455 0.006165 -0.002462 -0.02018 -0.01243 -0.01406
1305031800.917407 0.007933 0.00744 -0.003903 -0.02188 -0.0117 -0.01399
1305031800.953310 0.01047 0.008372 -0.004659 -0.03544 -0.01235 -0.01418
1305031800.985456 -0.0001109 0.004084 0.008263 -0.05267 -0.009766 -0.01403
1305031801.017245 -0.001882 0.01133 0.006479 -0.04432 -0.01288 -0.01375
1305031801.053185 0.006479 0.007431 0.003724 -0.05203 -0.01876 -0.01037
1305031801.085451 -0.003039 0.009244 0.007303 -0.05315 -0.01215 -0.01025
1305031801.118492 -0.0007567 0.008404 0.007004 -0.04544 -0.01538 -0.004565
1305031801.149531 0.002023 0.01249 0.005254 -0.04853 -0.01957 -0.00175
1305031801.183861 0.002494 0.0108 0.005993 -0.05287 -0.02005 -0.00439
1305031801.213116 0.0006171 0.01053 0.005407 -0.05145 -0.0182 -0.007339
1305031801.253716 0.002258 0.009023 0.004359 -0.04653 -0.01477 -0.007575
1305031801.285330 -0.0003787 0.01666 0.004538 -0.04007 -0.009953 -0.00399
1305031801.317991 0.004276 0.01227 0.006024 -0.03964 -0.01126 -0.002713
1305031801.353056 0.003208 0.02255 0.008939 -0.03165 -0.01134 -0.00461
1305031801.385161 -0.0002636 0.01574 0.006297 -0.03176 -0.00886 -0.003637
1305031801.417254 0.001437 0.01492 0.005486 -0.02989 -0.006577 -0.002801
1305031801.453669 0.0003712 0.01301 0.005473 -0.02935 -0.005634 -0.001784
1305031801.485339 -6.48e-05 0.006559 0.003085 -0.03264 -0.0042 -0.005154
1305031801.521102 0.0006406 0.01809 0.00642 -0.02864 -0.001219 -0.004966
1305031801.550360 -0.000776 0.005682 0.003448 -0.03217 0.0006995 -0.001503
1305031801.585121 2.645e-05 0.01268 0.004342 -0.0301 0.0003653 -0.001652
1305031801.621195 -0.0008824 0.008861 0.003122 -0.03439 -0.0003887 -0.003513
1305031801.653120 -0.0008398 0.01269 0.004418 -0.03698 -0.0005928 -0.00396
1305031801.685203 -0.001112 0.00998 0.003984 -0.04007 -0.000158 -0.0009052
1305031801.721817 -0.001454 0.01055 0.004205 -0.03927 -0.001449 0.0006405
1305031801.752480 -0.001858 0.009293 0.004247 -0.03956 -0.0003809 -0.001519
1305031801.785174 -0.003514 0.00146 0.003019 -0.03887 -0.0005196 0.004278
1305031801.821418 -0.00337 0.007648 0.002787 -0.0332 -0.005641 0.006297
1305031801.851002 -0.002779 0.007509 0.003406 -0.03545 -0.005742 -0.00321
1305031801.885576 -0.002154 0.008883 0.003668 -0.03309 -0.004021 -0.0007902
1305031801.921443 -0.002465 0.003166 0.003906 -0.02861 -0.001885 -0.003667
1305031801.953529 -0.003043 0.007202 0.002623 -0.02243 0.002255 -0.004124
1305031801.985177 -0.004749 0.005148 0.0005285 -0.01982 0.003621 -0.005247
1305031802.019635 -0.007048 0.005608 -0.0007524 -0.02058 0.002845 -0.00951
1305031802.053378 -0.007237 0.001159 -0.0002816 -0.02232 -0.0006358 -0.004488
1305031802.085024 -0.00949 0.005037 -0.002547 -0.02329 -0.004158 -0.002696
1305031802.121330 -0.004699 0.003347 0.0009844 -0.02873 -0.01006 0.003864
1305031802.153489 -0.003345 -0.0028 0.003905 -0.02892 -0.01574 0.004018
1305031802.184636 -0.0008878 0.0005794 0.003491 -0.0173 -0.01781 0.002287
1305031802.219761 -0.0019 -0.001689 0.002821 -0.01027 -0.01737 0.003511
1305031802.253164 -0.0005039 -0.0007409 0.004393 -0.004626 -0.0203 6.281e-05
1305031802.285391 -0.001163 -0.0003079 0.003794 0.002238 -0.01785 -0.00175
1305031802.321380 -0.0009759 0.001129 0.001246 0.009372 -0.01333 0.0002666
1305031802.355076 -0.002001 0.0009455 -0.004905 0.01092 -0.01246 0.005588
1305031802.385226 -0.002037 -0.0001673 -0.003862 0.003895 -0.01501 0.00281
1305031802.421369 -0.001422 -0.004249 0.004039 0.004715 -0.01383 0.001839
1305031802.449744 -0.001499 -0.002663 -0.001308 0.01055 -0.01265 0.004758
1305031802.485287 -0.001112 -0.005085 -0.0009044 0.008067 -0.01035 0.002252
1305031802.521528 -0.00271 -0.01037 0.002424 0.01228 -0.008453 0.001094
1305031802.553670 -0.001737 -0.006749 -0.0007061 0.02579 -0.00922 0.007848
1305031802.585495 -0.00129 -0.008646 -0.00145 0.0279 -0.01114 0.009088
1305031802.621110 -0.00224 -0.02275 0.00154 0.03143 -0.01289 0.00869
1305031802.651419 0.0009751 -0.01152 -0.003874 0.05053 -0.01831 0.01077
1305031802.685525 0.001975 -0.006867 -0.003444 0.0506 -0.01529 0.00342
1305031802.721569 0.0004307 -0.01284 -0.004448 0.04525 -0.008629 0.005809
1305031802.751107 -0.001138 -0.01187 -0.006614 0.04955 -0.009214 0.006742
1305031802.781462 0.002529 -0.006256 -0.01016 0.04895 -0.01358 0.003575
1305031802.821775 0.001754 -0.009959 -0.009495 0.04 -0.0181 0.0006062
1305031802.853834 -0.0003623 -0.01121 -0.007203 0.03768 -0.019 -0.007265
1305031802.881495 -0.002964 -0.01487 -0.006973 0.03373 -0.0156 -0.007804
1305031802.921541 -0.0008799 -0.01112 -0.00928 0.03199 -0.01596 -0.002226
1305031802.954816 0.001322 -0.007559 -0.009588 0.02941 -0.02036 -0.001792
1305031802.981472 0.001229 -0.006181 -0.00901 0.02785 -0.02438 -0.002798
1305031803.021892 -8.912e-05 -0.009213 -0.006113 0.02584 -0.02601 -0.004185
1305031803.053848 0.001166 -0.008933 -0.006114 0.02609 -0.02495 -0.007312
1305031803.081564 0.002461 -0.006395 -0.005638 0.02434 -0.02386 -0.01218
1305031803.122150 0.002362 -0.002893 -0.001636 0.02683 -0.02315 -0.01054
1305031803.153726 0.003394 -0.005669 -0.005328 0.02862 -0.02292 -0.009444
1305031803.181556 0.001696 -0.00518 -0.007548 0.02561 -0.02074 -0.01336
1305031803.222085 0.0005752 -0.002831 0.003543 0.02668 -0.01955 -0.01111
1305031803.253820 -5.424e-05 -0.006481 -0.00346 0.02689 -0.01946 -0.009532
1305031803.281525 0.001067 -0.006816 -0.005453 0.02354 -0.01969 -0.01107
1305031803.317577 0.0009126 -0.006441 -0.003163 0.02372 -0.01846 -0.009094
1305031803.353814 0.001093 -0.006625 -0.003364 0.02522 -0.01746 -0.009791
1305031803.381500 0.001511 -0.005189 -0.00274 0.0254 -0.01523 -0.01272
1305031803.421407 -0.0002731 -0.004334 -0.00276 0.02134 -0.01244 -0.01126
1305031803.449877 -0.0002877 -0.004436 -0.001858 0.01945 -0.0131 -0.00782
1305031803.481465 0.0001665 -0.00383 -0.001117 0.0198 -0.01381 -0.01095
1305031803.517799 -0.001332 -0.002949 -0.002071 0.02004 -0.01116 -0.01205
1305031803.553155 -0.0002628 -0.00388 0.0005253 0.01691 -0.009663 -0.01034
1305031803.581589 -0.000653 -0.00329 -0.001279 0.01737 -0.006552 -0.01125
1305031803.617751 -0.00197 -0.002677 -0.001926 0.01898 -0.00248 -0.006034
1305031803.655171 -0.003263 -0.002137 -0.002184 0.02138 -0.003413 -0.002302
1305031803.681398 -0.002754 -0.002535 -0.001491 0.01985 -0.007492 -0.0037
1305031803.721616 0.0005496 -0.001753 0.0002224 0.02304 -0.007241 -0.007744
1305031803.753975 0.0001645 -0.001615 8.921e-05 0.0308 -0.001006 -0.006137
1305031803.781407 -0.004277 -0.002512 -0.003488 0.03 0.002213 -0.003321
1305031803.822206 -0.001827 -0.003205 -0.001377 0.02789 0.0007943 -0.004706
1305031803.854255 -0.004093 0.0004059 -0.005173 0.03456 0.002994 -0.003492
1305031803.881449 -0.002564 -0.004501 -0.0005141 0.0307 -0.0005402 0.001589
1305031803.922274 -0.001714 -0.004353 -7.321e-05 0.02933 -0.001824 -0.0008475
1305031803.953868 -0.002132 0.0008096 -0.005497 0.03433 0.0002167 -0.005898
1305031803.981401 -0.001787 -0.002402 -0.004003 0.03168 0.002292 -0.005063
1305031804.021970 -0.003713 -0.006711 -0.003792 0.02635 0.003446 -0.002983
1305031804.049573 -0.003757 -0.005693 -0.004654 0.02706 0.002858 -0.004706
1305031804.081462 -0.002061 -0.008077 -0.005602 0.02267 0.0005378 -6.051e-05
1305031804.121789 -0.001312 -0.007376 -0.002957 0.0172 -0.001494 -0.001502
1305031804.149358 -0.003068 -0.00511 -0.003362 0.01808 -0.00107 -0.005048
1305031804.181425 -0.001883 -0.001629 -0.00694 0.01549 0.0001085 -0.005218
1305031804.221921 0.0005537 -0.0007355 -0.006942 0.006003 -0.001787 -0.00727
1305031804.249373 -0.001909 0.0002587 -0.002918 -0.0009994 -0.002374 -0.009632
1305031804.281501 0.002018 0.006825 -0.004055 -0.005552 -0.004338 -0.009694
1305031804.321896 -0.0001413 0.008141 -0.001085 -0.01533 -0.001188 -0.006127
1305031804.349404 -0.001467 0.006302 0.00275 -0.02591 -0.001016 -0.006783
1305031804.381556 -0.002017 0.009265 0.004754 -0.03139 -0.003495 -0.005007
1305031804.420328 -0.001408 0.009492 0.006594 -0.0371 -0.006921 -0.005396
1305031804.449409 0.002895 0.006721 0.01427 -0.0453 -0.012 -0.0002017
1305031804.481461 0.003504 0.007296 0.01379 -0.04389 -0.01301 -0.003438
1305031804.520303 -0.0002974 0.008069 0.007967 -0.0453 -0.009659 -0.001416
1305031804.549408 0.002429 0.00703 0.01331 -0.04628 -0.011 0.0007162
1305031804.581465 0.001548 0.006972 0.01148 -0.04535 -0.01175 0.001049
1305031804.620866 0.003524 0.00918 0.01431 -0.04188 -0.01256 0.0008669
1305031804.649383 0.001769 0.008601 0.01093 -0.04185 -0.01181 0.004095
1305031804.681565 4.46e-05 0.01266 0.011 -0.04047 -0.01361 0.0009427
1305031804.721729 0.002126 0.01095 0.008819 -0.04664 -0.01791 0.00225
1305031804.749416 -0.00123 0.01202 0.004726 -0.0489 -0.01581 0.002319
1305031804.781659 -6.79e-05 0.01121 0.003783 -0.05317 -0.01731 0.004587
1305031804.821911 0.001335 0.008977 0.00579 -0.05702 -0.02027 0.004142
1305031804.849385 -0.003301 0.009203 -0.002407 -0.05838 -0.01994 0.0007592
1305031804.881471 0.007663 0.009825 0.007277 -0.05542 -0.02378 0.001671
1305031804.921921 0.007343 0.01084 0.003646 -0.04719 -0.01907 -0.002509
1305031804.949441 0.003382 0.007793 0.002166 -0.04192 -0.01221 -0.003284
1305031804.981491 0.005182 0.01296 0.001903 -0.03608 -0.0115 -0.002937
1305031805.021242 0.006656 0.01165 0.001238 -0.03756 -0.01279 -0.009417
1305031805.049231 0.004613 0.01316 0.0007326 -0.03263 -0.01143 -0.01286
1305031805.081417 0.007717 0.01139 0.0004675 -0.03053 -0.01045 -0.00943
1305031805.120785 0.006507 0.01103 0.0003899 -0.02924 -0.006301 -0.0114
1305031805.149367 0.005621 0.01121 0.001055 -0.02552 -0.005288 -0.009188
1305031805.181532 0.006035 0.01192 -8.447e-05 -0.02051 -0.005661 -0.004434
1305031805.217403 0.006325 0.008359 0.0006216 -0.02214 -0.007696 -0.003546
1305031805.249372 0.007662 0.009942 0.001185 -0.02065 -0.008651 -0.007001
1305031805.281451 0.0004968 0.009001 0.001242 -0.01889 -0.005546 -0.004473
1305031805.317464 0.003623 0.01162 0.002957 -0.02213 -0.01169 0.004647
1305031805.349450 0.005417 0.009095 0.001017 -0.02849 -0.01816 0.002385
1305031805.381600 0.006774 0.00109 0.0005966 -0.03642 -0.01797 -0.001659
1305031805.417337 -0.001042 0.01011 0.003092 -0.03288 -0.01262 -0.0006003
1305031805.449399 -0.005314 0.004008 0.001563 -0.03756 -0.01012 0.007279
1305031805.481531 -0.008848 0.001756 0.003517 -0.03918 -0.01164 0.01151
1305031805.517400 -0.001222 0.003978 0.003582 -0.0428 -0.01369 0.008407
1305031805.549419 -0.0005872 0.0122 0.007853 -0.03166 -0.01287 0.006639
1305031805.581456 0.003404 -0.006329 -0.002219 -0.03653 -0.01176 0.007361
1305031805.617604 0.01025 0.03122 0.01229 -0.01451 -0.01035 0.0005781
1305031805.649369 0.01374 -0.003 0.01334 -0.01346 -0.01436 0.0007371
1305031805.681431 0.01664 0.008541 0.01329 -0.00398 -0.01482 -0.005073
1305031805.717375 0.01264 0.03769 0.008985 0.01952 -0.01268 -0.006314
1305031805.749402 0.00114 0.008571 0.001137 0.02313 -0.008822 -0.005829
1305031805.781456 0.0006207 0.03451 -0.001106 0.04574 -0.006726 -0.01105
1305031805.817409 -0.0008372 0.01815 -0.002197 0.06307 -0.006046 -0.008428
1305031805.849383 -0.004245 -0.03331 -0.00554 0.05167 -0.005407 -0.008422
1305031805.881469 -0.003058 -0.007299 -0.005956 0.04643 -0.001511 -0.006972
1305031805.917405 -0.007039 -0.0001612 -0.01028 0.04632 -0.003185 -0.006085
1305031805.949380 -0.001974 0.008462 -0.004073 0.04237 -0.004559 -0.01009
1305031805.981495 -0.009472 0.002678 -0.006818 0.04161 -0.003557 -0.005963
1305031806.017424 -0.01077 -0.004781 -0.008936 0.03562 -0.00777 -0.002879
1305031806.049372 -0.01022 -0.001772 -0.007348 0.03353 -0.01125 -0.004222
1305031806.081522 -0.00844 -0.003146 -0.004519 0.02823 -0.01359 -0.0006723
1305031806.117332 -0.00528 -0.01007 -0.002388 0.0281 -0.01601 0.002824
1305031806.149389 -0.004459 -0.01052 -0.003214 0.02933 -0.01582 -0.002703
1305031806.181476 -0.002905 -0.01117 -0.002077 0.03235 -0.01409 -0.002469
1305031806.217460 -0.004486 -0.01044 -0.003204 0.03774 -0.0113 -0.0005583
1305031806.249441 -0.01018 -0.00332 -0.006427 0.03842 -0.008846 -0.0001475
1305031806.281505 -0.004346 -0.01333 -0.003312 0.03222 -0.01292 0.004003
1305031806.317554 -0.002449 -0.00896 -0.004317 0.0352 -0.01337 -0.003976
1305031806.349431 -0.002928 -0.009861 -0.004824 0.03482 -0.009798 -0.004739
1305031806.381481 -0.004125 -0.009833 -0.005332 0.03718 -0.006968 -0.004131
1305031806.417443 -0.00627 -0.003936 -0.006061 0.03914 -0.005159 -0.009645
1305031806.449379 -0.007481 -0.004276 -0.006085 0.02922 -0.004609 -0.005896
1305031806.481355 -0.008824 -0.01294 -0.00567 0.02106 -0.009859 0.003386
1305031806.517514 -0.003152 -0.008589 -0.005095 0.02565 -0.0182 -0.002846
1305031806.549401 -0.002406 -0.01215 -0.004784 0.02518 -0.0132 -0.008234
1305031806.581728 -0.006308 -0.01077 -0.00594 0.03158 -0.007716 -0.002969
1305031806.617478 -0.006286 -0.005061 -0.005888 0.03539 -0.008691 -0.003541
1305031806.649416 -0.005048 -0.00509 -0.004674 0.03215 -0.01058 -0.01045
1305031806.681381 -0.002133 -0.005558 -0.00489 0.0315 -0.009466 -0.01412
1305031806.717432 -0.002937 -0.004647 -0.004621 0.03125 -0.003239 -0.01394
1305031806.749457 -0.002457 -0.004548 -0.004318 0.03018 -0.0001801 -0.01408
1305031806.781564 -0.004823 -0.004419 -0.00482 0.02664 0.00302 -0.01148
1305031806.817410 -0.005754 -0.003965 -0.00492 0.02429 -0.001384 -0.008938
1305031806.849447 -0.002258 -0.006161 -0.004864 0.02359 -0.009341 -0.007363
1305031806.881395 -0.001438 -0.002209 -0.004942 0.02654 -0.007569 -0.007452
1305031806.917809 -0.00136 -0.002571 -0.003813 0.02504 -0.005698 -0.01163
1305031806.949486 -6.163e-05 -0.001681 -0.004016 0.02762 -0.004119 -0.01306
1305031806.981465 -0.0005827 -0.003841 -0.005144 0.02141 -0.004281 -0.01021
1305031807.017431 8.996e-05 -0.003379 -0.004614 0.01857 -0.007166 -0.01049
1305031807.049424 0.0005004 -0.001506 -0.003117 0.01781 -0.007949 -0.01187
1305031807.081512 0.001196 -0.0027 -0.003597 0.01423 -0.007532 -0.01151
1305031807.117436 0.001932 -0.002827 -0.004267 0.008756 -0.008937 -0.01163
1305031807.149381 0.001209 -0.00246 -0.00381 0.003266 -0.008987 -0.01318
1305031807.181430 0.002172 -0.001109 -0.003062 8.07e-06 -0.00972 -0.01357
1305031807.217449 0.002793 0.0002629 -0.002605 -0.00116 -0.01125 -0.01471
1305031807.249425 0.004432 0.001532 -0.003917 -0.006919 -0.01417 -0.01575
1305031807.281519 0.003717 0.003243 -0.0018 -0.01135 -0.01613 -0.01731
1305031807.317449 0.003284 0.005476 -0.002628 -0.01729 -0.01511 -0.02146
1305031807.349398 0.003974 0.004938 0.001629 -0.02516 -0.01416 -0.01839
1305031807.381439 0.003718 0.005211 0.002344 -0.02718 -0.0142 -0.01595
1305031807.417438 0.005086 0.002836 0.0009495 -0.03868 -0.01846 -0.0177
1305031807.449510 0.002866 0.007262 0.0008882 -0.05076 -0.01861 -0.01908
1305031807.481516 0.002032 0.002775 0.004863 -0.06553 -0.02186 -0.01347
1305031807.517475 0.005915 -0.001338 0.006751 -0.06804 -0.02652 -0.006945
1305031807.549397 0.0007378 0.004103 0.003096 -0.0515 -0.02029 -0.009517
1305031807.581447 0.0009722 0.01164 0.003463 -0.04679 -0.02255 -0.01123
1305031807.617576 0.006209 -0.0006047 0.0065 -0.05374 -0.02667 -0.009114
1305031807.649399 0.00505 0.008182 0.004163 -0.03798 -0.02027 -0.006696
1305031807.681493 0.002983 0.01592 0.004363 -0.0354 -0.01506 -0.006263
1305031807.717426 0.001646 0.004739 0.006357 -0.05011 -0.01517 -0.00967
1305031807.749401 0.004329 0.009174 0.005023 -0.04057 -0.01823 -0.007091
1305031807.781497 0.006052 0.009467 0.006275 -0.04263 -0.01481 -0.01016
1305031807.817444 0.003443 0.006549 0.006775 -0.04307 -0.007307 -0.009072
1305031807.849449 -0.0006004 0.007039 0.00604 -0.03716 -0.005553 -0.003994
1305031807.881470 0.001976 0.01079 0.005397 -0.03234 -0.009115 -0.003207
1305031807.917395 0.001234 0.01049 0.00524 -0.03337 -0.007637 -0.004223
1305031807.949413 0.001991 0.01013 0.005523 -0.03441 -0.006105 -0.003553
1305031807.981324 0.001138 0.009237 0.0059 -0.03376 -0.003183 -0.005653
1305031808.017397 -0.0001601 0.009814 0.004928 -0.03314 -0.001676 -0.007849
1305031808.049392 0.000428 0.01299 0.00579 -0.03281 -0.001041 -0.008972
1305031808.081430 -0.001357 0.01067 0.006145 -0.03578 0.001652 -0.004983
1305031808.117668 -0.001541 0.01252 0.005706 -0.03468 0.001208 -0.002795
1305031808.149433 -0.001927 0.01499 0.005632 -0.03569 0.0006528 -0.002914
1305031808.181601 -0.001176 0.01256 0.006823 -0.04116 0.001017 -0.001005
1305031808.217427 0.001075 0.01097 0.006535 -0.03556 0.001994 -0.0007304
1305031808.249410 0.0006749 0.01054 0.005158 -0.0276 0.005556 -0.002704
1305031808.281466 -0.005054 0.01543 0.004914 -0.02574 0.007382 0.0004798
1305031808.317395 -0.002371 0.01949 0.006508 -0.02912 0.001645 0.001124
1305031808.349431 -0.001328 0.008893 0.005455 -0.03153 0.0001666 -0.002072
1305031808.381824 -0.002737 0.002029 0.00524 -0.03073 0.002735 -5.918e-05
1305031808.417419 -0.003438 0.01571 0.005873 -0.02335 0.00278 0.003058
1305031808.449356 -0.003581 0.01334 0.005107 -0.02531 -0.002359 -0.0002316
1305031808.481442 0.0003401 0.004929 0.003759 -0.03016 -0.005651 -0.002177
1305031808.517409 -2.006e-05 0.007489 0.005565 -0.02466 -0.002321 -0.003011
1305031808.549430 -0.00652 0.006518 0.005426 -0.02227 0.001376 -0.003509
1305031808.581470 -0.004966 0.01199 0.007662 -0.02246 -0.004492 -0.0008812
1305031808.617470 -0.004019 -7.464e-05 0.007885 -0.02745 -0.01448 -0.0006941
1305031808.649371 -0.0118 0.0118 0.01049 -0.01992 -0.01607 0.002817
1305031808.681415 0.006607 0.0004247 0.005639 -0.02063 -0.01786 0.00312
1305031808.717501 -0.01032 0.007462 0.005783 -0.01557 -0.009852 0.007108
1305031808.749404 -0.002934 -0.000987 -0.0003264 -0.01752 -0.01822 0.009431
1305031808.781467 0.0066 -0.002134 0.003917 -0.01914 -0.0265 0.009785
1305031808.817546 0.01858 0.003127 0.003349 -0.012 -0.03216 0.006579
1305031808.849389 0.003111 0.009021 0.01113 0.003912 -0.02513 0.006591
1305031808.881454 0.02469 -0.004229 0.01155 0.007878 -0.03031 0.007557
1305031808.917405 0.003061 0.01206 0.003364 0.02362 -0.02073 0.005528
1305031808.949458 0.009705 -9.949e-05 0.00463 0.03186 -0.01983 0.01031
1305031808.981550 0.00735 -0.01226 0.003733 0.03278 -0.01834 0.004374
1305031809.017420 -0.004665 -0.004671 -0.0003011 0.03661 -0.01296 0.001071
1305031809.049495 -0.01762 -0.00359 -0.008935 0.03653 -0.00974 0.002936
1305031809.081521 -0.00278 -0.01396 -0.006044 0.02989 -0.01559 0.005902
1305031809.117517 -0.01259 0.01575 -0.01549 0.03395 -0.01679 0.005624
1305031809.149422 -0.001326 0.002777 -0.002084 0.03166 -0.02318 0.004514
1305031809.181454 0.003552 -0.005419 0.001509 0.03153 -0.02192 -0.002194
1305031809.217451 -0.0001523 -0.006222 0.002325 0.03134 -0.0177 -0.004892
1305031809.249425 0.002431 -0.006053 0.003025 0.03417 -0.01563 -0.004901
1305031809.281664 0.002914 -0.004564 -0.002346 0.03836 -0.01697 -0.004594
1305031809.317409 0.0006134 -0.007385 -0.006526 0.03347 -0.0143 -0.005571
1305031809.349286 0.002664 -0.0004176 0.0005804 0.03339 -0.01238 -0.003787
1305031809.381405 0.003608 -0.004533 0.0005239 0.03276 -0.01158 -0.002052
1305031809.417304 0.00397 -0.003795 -0.001407 0.03293 -0.007741 -0.001773
1305031809.449429 0.004196 -0.001921 -0.002252 0.02947 -0.006987 -0.0002856
1305031809.481493 0.004981 -0.003037 -0.0005615 0.02657 -0.006823 -0.006201
1305031809.517383 0.003148 -0.006755 -0.0007144 0.02333 -0.003434 -0.006324
1305031809.549381 0.002239 -0.005914 -0.0008649 0.02334 -0.003305 -0.0006034
1305031809.581443 0.002405 -0.004187 -0.001329 0.02384 -0.004679 0.003224
1305031809.617447 0.003529 -0.003836 -0.001722 0.02051 -0.00803 0.0027
1305031809.649447 0.003668 -0.005582 0.0007671 0.01816 -0.00769 0.00144
1305031809.681564 0.003398 -0.006801 5.266e-05 0.01995 -0.006321 -0.0008564
1305031809.717482 0.003364 -0.00544 -0.0001721 0.02184 -0.005264 -0.002364
1305031809.749405 0.0015 -0.006757 -0.001263 0.02145 -0.003519 -0.002398
1305031809.781560 0.0007272 -0.005418 -0.001822 0.02266 -0.00484 -0.005088
1305031809.817472 0.0009181 -0.006311 -0.000713 0.02266 -0.006295 -0.006651
1305031809.849358 2.495e-05 -0.006524 -0.001467 0.02307 -0.005597 -0.003059
1305031809.881617 -0.0009298 -0.005296 -0.002734 0.0239 -0.00757 -0.001942
1305031809.917383 -0.0005217 -0.005481 -0.001649 0.02253 -0.0104 -0.002884
1305031809.949442 6.407e-05 -0.005408 -0.0008105 0.02272 -0.01031 -0.003483
1305031809.981453 -0.0007197 -0.005912 -0.0007239 0.0238 -0.009026 -0.004164
1305031810.017406 -0.0008908 -0.004875 -0.001651 0.02629 -0.007968 -0.003745
1305031810.049474 -0.001712 -0.003181 -0.002875 0.02242 -0.007962 -0.003824
1305031810.081517 -0.002468 -0.005052 -0.000118 0.0198 -0.008878 -0.00626
1305031810.117406 -0.002224 -0.005025 -5.141e-05 0.02071 -0.007268 -0.004452
1305031810.149419 -0.004294 -0.004403 -0.001097 0.02133 -0.007022 0.0009742
1305031810.181557 -0.002394 -0.002953 -0.001368 0.01928 -0.01113 2.1e-05
1305031810.217391 -0.003975 -0.004646 0.002353 0.01821 -0.009547 -0.001497
1305031810.249478 -0.004157 -0.005034 0.001838 0.02143 -0.007708 0.0008484
1305031810.281498 -0.003687 -0.003153 0.001154 0.02744 -0.006236 0.004005
1305031810.317488 -0.002385 -0.001727 -0.002277 0.02424 -0.006389 0.003075
1305031810.349482 -0.004206 -0.00362 -0.001692 0.0192 -0.006279 -0.003812
1305031810.381463 -0.005913 -0.004242 0.0001761 0.0198 -0.003699 -0.008595
1305031810.417445 -0.006736 -0.002938 0.001094 0.02304 -0.001191 -0.006138
1305031810.449427 -0.007962 -0.002963 0.001385 0.02531 -2.159e-05 -0.00227
1305031810.481449 -0.006843 -0.003016 -0.001124 0.02899 -0.002419 -0.003008
1305031810.517384 -0.003963 -0.001496 -0.003054 0.02499 -0.008003 -0.004776
1305031810.549512 -0.007714 -0.003784 0.001298 0.02044 -0.007801 -0.005381
1305031810.585416 -0.004111 -0.0037 -0.003829 0.02027 -0.01039 -0.005883
1305031810.617391 -0.003464 -0.003825 -0.004524 0.01403 -0.009304 -0.0107
1305031810.649392 -0.002603 -8.267e-05 -0.007557 0.01073 -0.008459 -0.01142
1305031810.685423 -0.002718 0.002444 -0.007168 0.00296 -0.009395 -0.01322
1305031810.717449 -0.003938 0.004863 -0.006495 -0.003302 -0.01039 -0.01341
1305031810.749419 -0.005193 0.001525 -0.0004899 -0.01419 -0.01239 -0.01449
1305031810.785316 -0.00301 0.004391 -0.00347 -0.01565 -0.01261 -0.01229
1305031810.817385 -0.004242 0.005762 1.459e-05 -0.0222 -0.01327 -0.009247
1305031810.849415 -0.004188 0.006207 0.001597 -0.02949 -0.01746 -0.008521
1305031810.885396 -0.007142 0.00289 0.004998 -0.03338 -0.0174 -0.009885
1305031810.917724 -0.001604 0.003662 0.0007484 -0.02957 -0.01646 -0.008737
1305031810.949471 0.006373 0.005384 -0.002267 -0.03846 -0.01952 -0.009201
1305031810.985423 -0.01453 0.004932 0.01101 -0.04421 -0.0122 -0.01311
1305031811.017436 -0.004934 0.002063 0.006837 -0.03251 -0.0144 -0.01397
1305031811.049445 -2.428e-06 0.005856 0.002756 -0.02911 -0.01109 -0.01083
1305031811.085404 0.0001917 0.002895 0.005276 -0.03934 -0.01096 -0.01089
1305031811.117449 -0.02061 0.007669 0.01126 -0.03175 -0.00486 -0.01183
1305031811.149652 -0.002241 0.004708 0.00442 -0.02237 -0.01185 -0.007055
1305031811.185423 0.0004279 0.005056 0.004491 -0.02466 -0.0116 -0.003002
1305031811.217448 -0.00431 0.006177 0.005457 -0.02675 -0.01107 -0.004239
1305031811.249459 -0.002864 0.0053 0.005148 -0.02567 -0.01582 -0.004837
1305031811.285401 0.002294 0.006216 0.002695 -0.02849 -0.01862 -0.005674
1305031811.317471 0.00254 0.004555 0.004519 -0.03553 -0.01867 -0.006816
1305031811.349438 9.73e-05 0.009281 0.00435 -0.03681 -0.01883 -0.009875
1305031811.385421 0.003533 0.001427 0.004269 -0.04079 -0.01524 -0.01005
1305031811.417400 0.001478 0.009922 0.00549 -0.03983 -0.01244 -0.006252
1305031811.449532 0.003623 0.008242 0.009906 -0.04019 -0.01484 -0.003166
1305031811.485413 -0.0001419 0.01263 0.00569 -0.03289 -0.01463 -0.004244
1305031811.517423 0.002269 0.001494 0.009816 -0.03223 -0.01626 -0.0003907
1305031811.549533 -0.002267 0.005503 0.003952 -0.02932 -0.0138 -0.00193
1305031811.585347 0.0004482 0.003126 0.006451 -0.03326 -0.01428 -0.002332
1305031811.617439 -0.0009736 -0.002289 0.005583 -0.03745 -0.0129 -0.01
1305031811.649459 -0.005996 -0.0001824 0.007382 -0.03919 -0.006892 -0.0111
1305031811.685432 -0.005402 0.004178 0.007428 -0.03217 -0.003792 -0.009023
1305031811.717529 -0.005078 0.004442 0.005961 -0.03224 -0.001965 -0.008176
1305031811.749420 -0.0009559 0.01332 0.006979 -0.02608 -0.003367 -0.005344
1305031811.785416 0.003261 0.007716 0.005677 -0.02559 -0.005475 -0.00545
1305031811.817440 0.001405 0.01073 0.005593 -0.02592 -0.006182 -0.007193
1305031811.849504 6.991e-05 0.01455 0.006215 -0.02109 -0.003171 -0.008028
1305031811.885446 0.0004519 0.01147 0.006077 -0.02188 -0.001015 -0.004996
1305031811.917451 0.0005749 0.01143 0.005139 -0.02264 -0.001563 -0.002015
1305031811.949446 -0.0003973 0.01043 0.004664 -0.02389 -0.002902 -0.0009083
1305031811.985433 -0.004495 0.01793 0.005256 -0.02326 -0.003667 -0.004094
1305031812.017466 0.006759 0.012 0.005388 -0.02411 -0.007165 -0.00547
1305031812.049451 0.002145 0.01178 0.004598 -0.0217 -0.003104 -0.003408
1305031812.085454 -0.003151 0.01659 0.004054 -0.01984 -0.001622 -0.0008229
1305031812.117430 -0.009075 0.01159 0.004301 -0.02256 -0.002877 -0.0002111
1305031812.149444 -0.005284 0.0176 0.004121 -0.02135 -0.008425 0.0001102
1305031812.185398 -0.00293 0.007135 0.004542 -0.02142 -0.007049 0.002866
1305031812.217575 0.006386 0.003795 0.004253 -0.0226 -0.01018 0.001028
1305031812.249442 0.006246 -0.0006954 0.0049 -0.02265 -0.01126 -0.005385
1305031812.285269 -0.001841 0.00259 0.002906 -0.01224 -0.005873 -0.006232
1305031812.317439 -0.001602 0.003498 0.002327 -0.01239 -0.005 -0.002782
1305031812.349628 0.007495 0.0003064 0.00474 -0.01511 -0.01324 0.003792
1305031812.385430 0.006804 0.007363 0.002898 -0.01711 -0.02015 0.003884
1305031812.417396 -0.007778 -0.0009803 0.005955 -0.02009 -0.01445 0.003047
1305031812.449401 -0.01387 0.004066 0.01007 -0.002804 -0.007771 0.008164
1305031812.485444 -0.01038 0.01152 0.005785 0.01287 -0.00825 0.009674
1305031812.517424 -0.006724 -0.0003798 0.002666 0.01389 -0.009517 0.01106
1305031812.549479 0.002108 -0.0001687 0.003955 0.01603 -0.01466 0.0104
1305031812.585434 -0.01231 -0.001198 0.004784 0.02427 -0.01096 0.008474
1305031812.617435 0.005399 -0.01991 0.009499 0.01782 -0.01343 0.01148
1305031812.649447 0.0008391 -0.005794 0.002721 0.02299 -0.01411 0.009329
1305031812.685438 -0.008145 -0.009749 0.01139 0.02841 -0.01195 0.003359
1305031812.749493 -0.01304 -0.007922 0.011 0.06409 -0.02106 0.005469
1305031812.785436 -0.006036 -0.003463 -0.001707 0.03732 -0.008916 0.005066
1305031812.849411 -0.001857 -0.007357 -0.007336 0.07302 -0.01976 -0.003163
1305031812.885427 -0.005561 0.0007322 -0.00215 0.03704 -0.007764 0.0004415
1305031812.949555 -0.006839 -0.01351 -0.006872 0.06773 -0.02054 -0.0005953
1305031812.985457 -0.00354 -0.01305 -0.00402 0.03526 -0.008836 -0.004473
1305031813.049489 -0.004464 -0.01954 -0.00862 0.07156 -0.01229 -0.005112
1305031813.085316 0.0003292 -0.007084 -0.004877 0.04008 -0.00543 -0.0075
1305031813.149429 -0.002542 -0.01677 -0.008158 0.07356 -0.00137 -0.01667
1305031813.185427 -0.0006485 -0.009423 -0.006092 0.0383 0.001043 -0.005563
1305031813.249435 0.001828 -0.01605 -0.009347 0.0701 0.004641 -0.01065
1305031813.285403 -0.0008166 -0.00754 -0.005418 0.03353 0.002297 -0.003661
1305031813.349429 0.004276 -0.0165 -0.01082 0.06257 -0.008044 -0.002766
1305031813.385390 -0.0007659 -0.004516 -0.00498 0.03214 -0.006511 -0.00545
1305031813.417434 0.001311 -0.009707 -0.002241 0.02954 -0.008485 -0.004613
1305031813.449445 0.001868 -0.006964 0.0002335 0.03654 -0.007212 -0.005719
1305031813.485393 -0.002328 -0.004878 -0.005659 0.03835 -0.002942 -0.006784
1305031813.549456 -0.006582 -0.01485 -0.006097 0.06768 -0.009171 -0.004043
1305031813.585413 -0.0009936 -0.00461 -0.003691 0.03184 -0.007807 -0.001461
1305031813.617514 0.0005836 -0.006385 -0.003059 0.02668 -0.007978 -0.0001785
1305031813.649317 0.001984 -0.006742 -0.0009628 0.026 -0.009526 -0.001296
1305031813.685390 0.003184 -0.005236 -0.001105 0.02736 -0.008178 -0.0009659
1305031813.717434 0.004336 -0.005745 4.323e-05 0.02479 -0.00508 -0.0004783
1305031813.749460 0.005764 -0.007835 0.001576 0.02545 -0.004555 -0.0001909
1305031813.785473 0.005273 -0.006294 0.0001163 0.02793 -0.003579 0.000563
1305031813.849442 0.01565 -0.01847 0.006546 0.06302 -0.007744 -6.235e-05
1305031813.885478 0.005457 -0.01084 0.0001685 0.03775 -0.0007649 -0.008181
1305031813.949430 0.008591 -0.01502 -0.02033 0.06201 -0.01022 -0.02062
1305031813.985350 -0.001115 -0.007386 -0.004414 0.02321 -0.004598 -0.01491
1305031814.017410 -0.0006185 0.001884 -0.01057 0.02713 -0.002384 -0.01713
1305031814.049397 0.0005875 0.0001237 -0.007868 0.01821 0.0009474 -0.01454
1305031814.085369 0.0007612 -0.003622 -0.004305 0.01082 0.0002909 -0.01565
1305031814.117410 -0.0002108 -0.001554 -0.005413 0.006916 -0.001193 -0.01682
1305031814.149406 0.0005882 -0.001228 -0.006307 -0.004826 -0.004288 -0.01667
1305031814.185515 0.0003689 -0.003011 -0.0002021 -0.0157 -0.006989 -0.01729
1305031814.217368 -0.002439 -0.0002877 0.001216 -0.01739 -0.008598 -0.01762
1305031814.249436 0.001038 0.01094 -0.002157 -0.02185 -0.01329 -0.01991
1305031814.285406 0.007847 -0.01357 0.0127 -0.04589 -0.01731 -0.01689
1305031814.317389 0.003492 -0.001462 0.006259 -0.02771 -0.01677 -0.01904
1305031814.349391 -0.0007637 -0.002103 0.002495 -0.03684 -0.01548 -0.0209
1305031814.385364 0.009753 -0.00817 0.01534 -0.04343 -0.02239 -0.01798
1305031814.417465 0.004797 -0.005426 0.01151 -0.03759 -0.02405 -0.02074
1305031814.449403 -0.0004462 -0.000572 0.006756 -0.03425 -0.0211 -0.02204
1305031814.485389 -0.003442 0.000765 0.01148 -0.03784 -0.0227 -0.01734
1305031814.517461 -0.001848 0.0004389 0.01152 -0.03572 -0.02908 -0.01662
1305031814.549456 -0.00564 0.004031 0.006898 -0.03468 -0.02579 -0.01611
1305031814.585485 -0.01159 0.008425 -0.0009226 -0.03482 -0.02144 -0.01497
1305031814.617521 -0.01179 0.008769 0.001146 -0.04405 -0.02145 -0.01621
1305031814.649442 0.001409 -0.00031 0.01571 -0.04153 -0.0263 -0.01353
1305031814.685443 -0.009004 0.008927 0.001286 -0.03184 -0.01709 -0.01209
1305031814.717506 -0.008383 0.002681 -0.003401 -0.04032 -0.0123 -0.009006
1305031814.749513 0.001007 0.001348 0.01091 -0.03474 -0.01571 -0.004634
1305031814.785428 -0.007245 0.003776 -0.002648 -0.03045 -0.01308 -0.008443
1305031814.817655 -0.002659 0.003538 0.002247 -0.02732 -0.01177 -0.002662
1305031814.849469 -0.005653 0.00394 0.0002672 -0.02651 -0.01254 0.001025
1305031814.885483 -0.003685 0.004312 0.0009525 -0.03118 -0.01666 -0.003877
1305031814.917497 0.001161 0.001813 0.004273 -0.02793 -0.01359 -0.001902
1305031814.949453 -0.002278 0.004462 0.001298 -0.023 -0.006656 -0.001111
1305031814.985407 -0.0008402 0.003266 0.003428 -0.02479 -0.007588 -0.003463
1305031815.017453 0.0009973 0.001415 0.004195 -0.02301 -0.00994 -0.004536
1305031815.049420 0.0009173 0.003491 0.002132 -0.01675 -0.005994 -0.00643
1305031815.085286 0.001056 0.003724 0.002655 -0.01654 -0.0002385 -0.006322
1305031815.149413 0.001249 0.005574 0.005975 -0.03148 0.004743 -0.01207
1305031815.185441 0.00115 0.004324 0.001678 -0.01327 0.001795 -0.003459
1305031815.249490 0.0003807 0.005535 0.003297 -0.0335 0.005146 0.0005053
1305031815.285447 6.996e-05 0.003541 0.001651 -0.02038 4.961e-05 0.0005369
1305031815.317708 0.001924 0.001431 0.003549 -0.02109 -0.003421 0.004999
1305031815.349477 -0.0001815 0.003343 0.0009385 -0.01902 -0.004302 0.004474
1305031815.385427 0.002541 0.002926 0.004311 -0.02365 -0.005664 0.001638
1305031815.417561 0.004276 0.001298 0.005547 -0.0177 -0.003778 0.0002296
1305031815.449601 0.002652 0.002615 0.003435 -0.01268 0.001165 -0.0003126
1305031815.485593 0.000182 0.0002622 0.001695 -0.0131 0.002301 0.002021
1305031815.517598 0.001382 0.0003291 0.002539 -0.01023 -0.0002019 0.001268
1305031815.549484 0.001306 0.0001609 0.002274 -0.007968 -0.0002826 0.001114
1305031815.585442 0.001348 -0.0003206 0.001929 -0.005591 -0.0007411 0.001308
1305031815.617445 0.001149 0.0001382 0.001303 -0.004293 -0.0007388 -0.001135
1305031815.649511 0.0009398 -0.001842 0.001677 -0.002524 -0.001193 -0.0003287
1305031815.685482 0.002188 -0.001234 0.001589 0.0004628 -0.002268 -0.001301
1305031815.717591 -0.0002987 0.0007243 -0.00164 0.00236 -0.0004357 -0.001696
1305031815.749417 -0.0004691 -0.0002431 -0.001421 0.002127 -0.001086 0.00161
1305031815.785408 0.00184 -7.334e-05 9.076e-05 0.001947 -0.002087 -0.0009742
1305031815.817442 0.0005166 -0.0006362 -0.0006948 0.002675 -0.0003971 -0.00206
