1341846226.850323 -0.007098 0.0008221 -0.002061 -0.001372 0.002301 0.002022
1341846226.881894 0.001122 -0.001891 0.0004556 -0.001441 -0.003533 0.003834
1341846226.917980 0.004508 0.001609 -0.0009048 0.002017 0.000991 0.0002553
1341846226.950000 -0.002768 0.00407 -0.003954 -0.000706 0.005422 -0.001833
1341846226.985981 -0.003282 -0.002593 0.0005895 -0.00451 0.002412 0.0001481
1341846227.017919 0.0003168 -0.002793 -0.0001771 0.0001641 0.001068 0.001318
1341846227.050040 -0.003108 0.002175 -0.002215 0.0006212 0.001884 0.001254
1341846227.085982 -0.001874 -3.046e-05 -0.0006572 -0.00136 7.921e-05 0.0008581
1341846227.118052 -0.0005156 -0.0004202 -0.0009145 -0.0009378 -8.97e-05 0.0002276
1341846227.149935 7.731e-05 0.0002703 -0.0005447 -0.001024 0.0003904 0.0003868
1341846227.186053 0.0007177 -0.003459 0.001115 -0.0004692 0.002039 0.001
1341846227.218443 -0.004559 0.001886 -0.00273 0.002642 0.002159 0.002792
1341846227.253944 -0.001541 0.003504 -0.001296 -0.001535 -0.000431 0.004024
1341846227.285981 0.002268 -0.001614 0.001428 -0.00308 0.0002986 0.002284
1341846227.320064 0.0004954 -0.0008137 8.146e-05 -0.000613 0.003485 0.002034
1341846227.353969 -0.0008126 0.0004148 -0.0001283 -0.0005013 0.003673 0.003948
1341846227.385846 0.00237 -0.00258 0.001528 0.0005963 0.003837 0.003313
1341846227.418015 0.001066 -0.0003354 -0.0002526 0.002801 0.006705 0.003624
1341846227.453997 -0.003135 0.0003261 -0.001154 0.002692 0.006171 0.006247
1341846227.485981 -0.0009694 0.0006689 -0.0009817 0.001735 0.002246 0.005639
1341846227.521976 0.002278 0.002395 -0.001358 0.0005843 0.00252 0.001861
1341846227.553980 -0.001343 0.003144 -0.001607 -0.002882 0.005161 0.0007385
1341846227.586047 -0.00357 -0.003768 0.002347 -0.003998 0.001687 0.005523
1341846227.622081 -0.0003962 -0.002408 0.001015 0.0005913 -0.001376 0.007321
1341846227.653945 0.002896 0.005274 -0.00258 0.001744 -1.981e-05 0.0003629
1341846227.686038 -0.0044 0.004325 5.308e-05 -0.005621 0.002965 -0.000846
1341846227.721966 -0.005297 -0.003794 0.00421 -0.005325 -0.003293 0.002304
1341846227.754130 0.0009342 0.00202 -0.0007827 -0.001292 -0.0061 0.0008001
1341846227.789951 -0.0004712 0.0008402 0.001153 -0.00266 -0.00393 -0.002167
1341846227.821920 -0.001156 -0.001432 0.001969 -0.001288 -0.003606 -0.001606
1341846227.854275 -0.000826 0.001831 0.000121 0.000168 -0.003922 0.0002697
1341846227.889935 0.0005121 0.0001538 0.001295 -0.0006359 -0.003587 -0.0006574
1341846227.921967 0.001598 0.0007487 0.0002953 0.0002152 -0.002257 -0.00208
1341846227.958123 -0.003381 -0.0007305 0.001358 -0.0004959 -0.00171 0.0008424
1341846227.989985 0.0008219 -0.00164 0.001267 0.001823 -0.004917 0.003219
1341846228.021937 0.002011 0.006615 -0.002639 0.001659 -0.002036 -5.831e-05
1341846228.058222 -0.0009082 -2.6e-05 0.0008101 -0.005319 -0.000181 -0.002523
1341846228.090097 -0.001993 -0.01019 0.004676 -0.001846 -0.002214 0.0002549
1341846228.121845 0.0008611 -0.0008813 -0.0007977 0.006543 -0.004092 -0.001494
1341846228.157875 0.004001 0.002105 -0.00104 0.005016 -0.000925 -0.006526
1341846228.189872 -0.002183 -0.003471 -0.0005458 0.003771 0.002058 -0.004115
1341846228.225994 -0.0002523 0.004564 -0.003006 0.00483 -0.0001482 0.002732
1341846228.258336 0.0002453 0.003177 -0.001226 -0.0007438 0.0014 0.001176
1341846228.289941 -0.001776 -0.001348 0.0004428 -0.001659 0.001297 -0.002047
1341846228.326018 -0.003316 0.0004767 0.0005261 -0.0007895 -0.0005144 -0.0002388
1341846228.358243 0.0009877 -0.0008395 0.002567 -0.0008909 -0.003952 0.0002068
1341846228.389779 0.003633 -4.245e-05 0.001632 0.0008209 -0.001621 -0.001285
1341846228.426073 -0.004222 0.001638 0.0007529 -0.0002636 -0.000177 -0.0002141
1341846228.493915 0.009347 -0.002722 0.007905 -0.001433 -0.007361 -0.0006576
1341846228.525907 0.001236 0.002672 0.001082 0.002265 0.001684 -0.001475
1341846228.558208 -0.003028 0.0006218 0.00185 -0.0001515 0.0001709 -0.001786
1341846228.593899 0.006705 0.001519 0.003776 -0.0002627 -0.002925 -0.0004766
1341846228.626021 0.004473 -0.001047 0.005122 7.383e-05 0.001904 -0.001492
1341846228.658069 -0.0009929 -0.0003494 0.002744 0.001653 0.002896 -0.002353
1341846228.693942 -0.001539 0.001063 0.002844 0.001893 -0.0009278 0.001321
1341846228.726069 0.001754 0.0008004 0.00453 0.001483 -0.002879 -6.146e-05
1341846228.762090 0.005914 0.003485 0.005394 0.001042 -0.001596 -0.003496
1341846228.794000 -0.002269 0.002015 0.004782 -0.001576 0.002157 -0.00384
1341846228.825934 0.0003008 -0.001391 0.007239 -0.002066 -0.001454 -0.001098
1341846228.862015 0.004322 0.00168 0.005114 0.0003616 -0.001162 -0.001881
1341846228.893856 0.0013 4.678e-05 0.003422 -0.0006351 0.00201 -0.001395
1341846228.926548 -0.00327 -0.001846 0.001471 -0.0008132 0.0008402 0.001145
1341846228.961940 0.001147 -0.002057 0.002287 0.0003019 -0.001886 0.0004607
1341846228.994040 0.0008085 -0.001334 0.000472 0.001666 -0.0004139 -0.0002304
1341846229.029897 -0.001152 0.002251 -0.001873 0.0006247 0.0005265 0.0004367
1341846229.061870 -0.001659 -0.001097 0.000393 -0.002888 -0.0003219 -0.0001995
1341846229.094829 0.001933 -0.003367 0.001128 -0.0006847 -0.001982 -0.00137
1341846229.129930 0.001139 -4.971e-05 0.0001042 0.001249 -0.001465 -0.0006773
1341846229.161882 0.001119 0.001108 -2.165e-05 0.001233 -0.001418 0.001905
1341846229.197882 0.002807 0.001093 0.0001026 -0.0001378 -0.001134 0.0009957
1341846229.229812 0.001903 0.0007549 -1.609e-06 -0.002162 0.0005823 -0.0002852
1341846229.261994 0.001677 -0.001537 0.0009894 -0.002675 0.0003101 0.001788
1341846229.297920 0.001451 -0.001577 0.0002878 -0.0004726 -8.149e-05 0.002279
1341846229.329933 0.001233 0.0002441 -0.0005889 0.0003692 0.0008641 0.0009475
1341846229.361996 -0.001109 0.001481 -0.002501 0.0004595 0.001406 -0.001434
1341846229.398029 -0.001594 0.005788 -0.002297 -0.003042 -0.000302 -0.0002766
1341846229.430182 0.001949 -0.002153 0.001095 -0.005857 -3.401e-05 -0.00122
1341846229.471963 -0.001812 -0.002175 -0.0006701 -0.001914 0.0007978 -0.000976
1341846229.530149 -0.0007711 -0.0002022 0.0005114 -0.003761 -0.001744 -0.003614
1341846229.566064 -0.00206 0.00186 -0.002564 0.0002786 0.000636 -0.003713
1341846229.630063 -0.004004 -0.0008418 -0.0009422 -0.006884 -0.00342 -0.00614
1341846229.665946 -0.0002951 -0.001049 -0.00155 0.0008628 -0.0007881 -0.001603
1341846229.698150 -0.004555 0.004654 -0.003906 -0.0006025 0.0006335 -0.002479
1341846229.733828 -0.002362 -0.0001047 -0.001363 -0.006152 -0.002614 -0.000752
1341846229.765937 -0.000601 -0.004999 0.001257 -0.0024 -0.002767 0.0001735
1341846229.798002 0.0001275 0.0001176 -0.002563 0.004011 -0.000264 0.0006441
1341846229.833857 -1.24e-05 0.003039 -0.003065 0.0007844 -0.000404 0.001217
1341846229.865928 0.00123 -0.001652 -0.0009408 -0.003747 -0.002027 0.001572
1341846229.897926 0.003235 -0.004804 0.00183 -0.0007045 -0.001635 0.001262
1341846229.939857 0.003072 -0.0007771 -0.000844 0.003777 -0.0009843 0.0008913
1341846230.002061 0.008299 -0.002885 0.001805 0.005129 -0.004636 0.00388
1341846230.033858 0.003913 0.001115 -0.000338 0.005582 -0.0002661 0.00191
1341846230.065938 0.002484 0.0007702 -2.064e-05 0.0002371 -0.002086 -0.001407
1341846230.103878 0.001273 -0.001305 0.0003439 -0.0002979 -0.00213 -0.001182
1341846230.144719 -0.001884 -0.001096 -0.001857 0.001623 0.0001556 -0.0004491
1341846230.172747 -0.004003 0.00247 -0.004489 0.001199 0.0003739 -0.003189
1341846230.208544 -0.00326 -7.652e-05 -0.001776 -0.001717 -0.0004834 -0.003421
1341846230.271971 -0.007521 0.002598 -0.005958 0.003024 0.002175 -0.002572
1341846230.334051 -0.009397 0.002038 -0.003554 -0.007916 0.001562 -0.00525
1341846230.370031 -0.003207 0.00258 -0.002605 -0.003152 -0.001106 0.001708
1341846230.401932 -0.003303 6.929e-05 -0.0006421 -0.003906 -0.001016 0.00133
1341846230.437965 -0.002572 0.001263 -0.002741 -0.002908 -0.0005544 0.001337
1341846230.469920 -0.003143 -0.001318 -0.0007456 -0.003344 5.998e-05 0.0009196
1341846230.501933 -0.003929 -0.003057 -0.0006785 -0.0004948 0.0007112 0.0003987
1341846230.537834 -0.004289 -0.0005207 -0.003856 0.001172 0.001738 -0.001534
1341846230.569803 -0.006611 -0.001295 -0.0029 -0.003956 0.002663 -0.001735
1341846230.601945 -0.009349 -0.005774 4.196e-05 -0.005305 0.003639 -0.003617
1341846230.637789 -0.01004 -0.003641 0.0003352 -0.003505 0.003223 -0.0033
1341846230.670057 -0.01211 -0.005804 0.002363 -0.0004404 0.003896 -0.002679
1341846230.705937 -0.01042 0.0004698 -0.004248 0.002275 0.003737 -0.0004722
1341846230.737932 -0.01101 -0.0006333 -0.004232 -0.002256 0.002872 -0.003083
1341846230.769960 -0.01213 -0.004057 -0.0006513 -0.003551 0.003256 -0.004978
1341846230.805852 -0.01335 -0.00266 -0.001242 -0.001349 0.003707 -0.002488
1341846230.837804 -0.01624 -0.001674 -0.002002 -0.0008854 0.004434 -0.0005696
1341846230.869829 -0.01584 -0.001104 -0.003464 -0.002403 0.00304 -0.001937
1341846230.905851 -0.01649 -0.003256 0.0001216 -0.002066 0.004168 -0.001948
1341846230.937917 -0.01654 -0.0007924 -0.003373 0.0001017 0.006146 0.0005103
1341846230.973933 -0.01534 0.0005607 -0.004119 -0.001384 0.004584 -0.001946
1341846231.006047 -0.01361 -0.001993 -0.001016 -0.003091 0.003118 -0.00267
1341846231.037936 -0.0116 -0.002215 -0.0005006 -0.0008789 0.00405 -0.000279
1341846231.074310 -0.007408 0.001225 -0.003348 0.0005878 0.002616 0.0004979
1341846231.106085 -0.004511 0.0009281 -0.003358 -0.002407 0.001615 -0.001016
1341846231.138083 -0.008453 -0.00205 0.005102 -0.002856 0.002932 -0.001923
1341846231.174011 -0.005484 -0.0007462 0.001314 -0.0001079 0.002045 0.001267
1341846231.205909 -0.006446 0.002538 0.002456 -0.001061 0.001681 0.0004365
1341846231.241869 -0.009275 -0.004419 0.006345 -0.003753 0.001369 -0.001036
1341846231.273832 -0.006785 -0.002032 7.16e-05 -0.0005099 0.002121 0.0003215
1341846231.305846 -0.008146 -0.004815 -0.0003967 -0.003944 0.002298 -0.001895
1341846231.341923 -0.007161 -0.009453 0.0002668 -0.002246 0.00255 -0.002665
1341846231.410022 -0.008655 -0.002008 -0.01137 0.004233 0.003239 0.0006178
1341846231.442103 -0.003526 -0.005726 -0.007231 -0.001419 0.0015 -0.003384
1341846231.484245 -0.005077 -0.004756 -0.005913 -0.001454 0.003697 -0.004236
1341846231.516816 -0.007226 -0.003883 -0.002549 0.001215 0.002627 -0.001157
1341846231.547853 -0.003045 -0.004112 -0.005793 0.003069 -0.001578 0.001363
1341846231.583898 0.0004172 -0.002025 -0.008709 0.005969 -0.002961 0.002551
1341846231.615993 -0.0001607 0.002135 -0.01138 0.0035 -0.003197 0.006031
1341846231.648015 0.001821 -0.001115 -0.01262 -0.00367 -0.0003496 0.003826
1341846231.683822 -0.00554 -0.001313 -0.004424 -0.01057 0.004917 0.0003056
1341846231.716153 -0.005696 -0.005731 -0.001983 -0.01413 0.003109 -0.00261
1341846231.747846 -0.007804 -0.01128 0.001358 -0.01079 0.005066 -0.00169
1341846231.783993 -0.006531 -0.00496 0.0002645 -0.00256 0.003643 -0.00117
1341846231.817027 -0.004501 -0.0007454 -0.003449 0.0004238 0.001208 -0.001346
1341846231.852317 -0.002902 -0.003525 -0.003654 0.000727 0.001549 -0.00109
1341846231.909867 -0.00881 0.001291 -0.008352 0.008032 0.006671 -0.004373
1341846231.945837 -0.00444 -0.001512 -0.005916 -0.0003618 0.002881 -0.003512
1341846231.978027 -0.004109 -0.002355 -0.004813 -0.00035 0.001566 7.247e-05
1341846232.009966 -0.002225 -0.002146 -0.005172 0.00239 0.001487 -0.0001467
1341846232.045845 -0.002028 -0.0008583 -0.008518 0.000644 0.003202 -0.003394
1341846232.077961 -0.004541 -0.001692 -0.00437 -0.001598 0.003648 -0.002434
1341846232.109864 -0.004096 -0.00177 -0.003313 -0.0001051 0.001804 0.0008316
1341846232.145999 -0.003731 -0.001671 -0.002951 0.0006435 0.0007272 0.001486
1341846232.178314 -0.003358 -0.001426 -0.003321 0.0006864 0.0004109 -0.0004595
1341846232.215951 -0.004107 0.0001099 -0.003441 -0.001167 0.0004933 -0.00094
1341846232.252037 -0.005176 0.0008461 -0.001358 -0.001611 0.0008811 -0.002396
1341846232.283944 -0.004807 0.0001481 -0.0023 -0.0009116 0.001402 -0.003719
1341846232.319867 -0.005076 -0.001908 -0.0008238 0.0003403 0.0008807 -0.002624
1341846232.351854 -0.00383 -0.002147 -0.002367 0.003442 0.0001054 0.001543
1341846232.383877 -0.00354 -0.0006118 -0.004257 0.00463 0.0009855 0.003905
1341846232.419782 -0.002325 0.0007429 -0.005691 0.001318 0.002482 0.002366
1341846232.451780 -0.003108 0.001482 -0.003027 -0.001941 0.00156 -0.0002681
1341846232.484170 -0.001246 0.002816 -0.003273 -0.001027 -0.0005256 0.0001465
1341846232.519889 -0.00112 0.002637 -0.003548 -0.0005666 0.0004353 -0.0006946
1341846232.551877 -0.0003583 0.003012 -0.004781 0.0001393 0.0006551 0.0001638
1341846232.583846 0.002012 0.003567 -0.006528 -0.001696 -0.001301 0.0004207
1341846232.619798 0.00331 0.005465 -0.005885 -0.001809 -0.002243 -0.001187
1341846232.651799 0.004363 0.005427 -0.006697 -0.0002723 -0.001998 0.0007401
1341846232.688092 0.005764 0.005211 -0.00916 -0.001372 -0.002159 0.001414
1341846232.719804 0.007122 0.005734 -0.008985 -0.002349 -0.003646 0.002014
1341846232.751767 0.009015 0.005933 -0.009136 -0.001384 -0.004369 0.002784
1341846232.787894 0.01315 0.006888 -0.01434 -0.001286 -0.005003 0.002604
1341846232.819886 0.01824 0.006513 -0.01744 -0.001681 -0.006952 0.002082
1341846232.855850 0.0203 0.005868 -0.01905 -0.002058 -0.00622 0.002649
1341846232.887989 0.02462 0.00519 -0.01816 -0.0009483 -0.008504 0.001511
1341846232.919822 0.02649 0.00298 -0.02043 3.353e-05 -0.008523 0.002572
1341846232.955993 0.02472 -0.0007443 -0.02051 -0.001985 -0.006652 0.0002258
1341846232.987965 0.02649 -0.002462 -0.01847 -2.853e-05 -0.008123 0.000488
1341846233.023868 0.02845 0.0008865 -0.02081 0.003729 -0.01095 0.001352
1341846233.055880 0.02721 0.003585 -0.01941 0.003588 -0.009849 0.002962
1341846233.087872 0.02464 0.004066 -0.01804 0.002882 -0.006623 0.003342
1341846233.124060 0.02271 0.003741 -0.01843 -0.0001321 -0.004077 0.002296
1341846233.155902 0.02381 0.003014 -0.01772 -0.003307 -0.003764 0.0009978
1341846233.218177 0.05976 0.01525 -0.03858 -0.0012 -0.01547 -0.00243
1341846233.249926 0.01994 0.001829 -0.01765 0.003412 -0.004914 0.002807
1341846233.286015 0.02177 0.002657 -0.02336 0.003079 -0.005312 0.003659
1341846233.317870 0.02134 0.002382 -0.0226 -0.0003948 -0.006977 0.001301
1341846233.349815 0.01913 0.001451 -0.02132 -0.0009551 -0.004776 -0.0004782
1341846233.385857 0.01413 -3.478e-05 -0.01921 -0.0002211 -0.001452 -0.0004962
1341846233.417990 0.01097 0.000428 -0.01698 0.0005026 -0.0009327 -0.0004858
1341846233.453822 0.01405 0.001773 -0.01892 -0.0009537 -0.001357 -0.000117
1341846233.485912 0.00818 0.0002829 -0.009851 -0.002289 -0.0002889 0.002352
1341846233.517954 0.002528 0.001499 -0.003238 0.001142 0.001292 0.002614
1341846233.553882 0.006786 0.003655 -0.01298 0.001385 0.0006573 0.001242
1341846233.585968 -0.002107 0.001442 -0.005903 -0.002244 0.002089 -0.001948
1341846233.621898 -0.003077 -0.0005483 -0.004066 -0.00214 0.0003834 -0.00166
1341846233.654396 -0.002009 -0.001936 -0.004792 -2.144e-05 -0.001595 -6.778e-06
1341846233.685848 0.002694 -0.0008319 -0.01101 0.001851 -0.002413 0.00147
1341846233.721879 0.001379 -0.000901 -0.007414 0.00104 -0.001157 -0.0001187
1341846233.753961 -0.0002882 -0.0008795 -0.006773 0.00065 -0.0004372 -0.001395
1341846233.822009 0.006382 1.452e-05 -0.01095 0.003143 -0.004086 -0.002099
1341846233.853971 0.004944 -0.0005305 -0.007472 0.002126 -0.001486 0.0002781
1341846233.889920 0.0006133 0.000376 -0.00414 0.00162 0.0003519 0.0009226
1341846233.922045 0.001507 -0.0003651 -0.002592 0.001663 0.0008519 0.001335
1341846233.953967 0.003012 0.0007135 -0.002945 0.0009534 0.001052 -0.0003331
1341846233.989945 0.001437 -0.00125 -0.001559 0.0001865 0.002087 -4.814e-05
1341846234.021936 0.0002785 -0.001406 -0.001619 0.001763 0.001288 0.0002456
1341846234.053904 -0.0016 0.001285 -0.002853 0.001206 0.0001721 0.000366
1341846234.089899 0.0004555 -0.00058 -0.00109 0.000103 -0.001028 0.001262
1341846234.158063 0.0002899 0.001097 -0.002818 0.001136 -0.0003779 -0.0004787
1341846234.189961 -0.001419 -0.0009095 -0.001303 -0.00232 -0.0001711 -0.002009
1341846234.222130 0.001457 -0.00484 0.0005228 -0.0007386 -0.001468 -0.0001553
1341846234.257875 -0.0001293 -0.0007413 -0.0009363 0.002609 -0.0006102 -0.0007763
1341846234.289820 -0.003144 0.003571 -0.002822 0.001677 -0.0006281 -0.0003901
1341846234.321998 0.000695 0.001256 -0.0006222 -0.00155 -0.00179 0.003219
1341846234.357904 0.00106 -0.00211 2.32e-05 -0.001582 -0.0001337 0.00237
1341846234.389919 0.001358 -1.192e-05 -0.001048 -0.0009513 0.001059 -0.001669
1341846234.425915 -0.002544 0.0009338 -0.0008643 -0.002143 0.001961 -0.003393
1341846234.457800 -0.0001802 -0.006999 0.003278 -0.001425 0.0004655 -0.0006139
1341846234.490016 -0.000354 -0.002099 -0.001101 0.005251 0.001237 0.0002307
1341846234.525867 -0.003202 0.005225 -0.0028 0.003201 0.0007866 -0.002158
1341846234.557961 0.001481 -0.002033 0.00092 0.0001384 -0.0003751 -0.001321
1341846234.593900 -1.308e-05 -0.0001672 0.0003045 0.003198 0.001378 -0.002402
1341846234.658173 -0.0007636 0.001813 -0.001575 0.002322 0.004277 -0.005113
1341846234.694104 0.0002034 0.0004579 -0.0004918 0.0007025 0.002507 -0.0001747
1341846234.725911 -0.0008776 0.001943 -0.001349 9.119e-05 0.003105 -0.002744
1341846234.758643 -0.002467 -0.0003436 0.001069 -0.002313 0.001965 -0.001645
1341846234.793907 -0.0004424 -0.003647 0.001142 0.0004389 9.759e-05 0.001155
1341846234.826106 0.0006984 0.001674 -0.00112 0.002344 -0.0003901 0.0004674
1341846234.862270 0.0006099 0.003454 -0.001611 0.000652 0.0003719 -0.0005184
1341846234.893971 0.0005553 0.0005248 0.0003381 -0.002279 0.0008955 -0.0006896
1341846234.926031 -0.001063 -0.001741 0.0008186 -0.001778 0.0005391 0.001724
1341846234.961979 0.001114 0.000794 -0.0002975 -0.0006741 -0.0003059 0.001983
1341846234.994016 0.002427 -0.001814 0.001526 -0.001726 0.0003697 0.001118
1341846235.026311 0.0002441 -0.004745 0.002484 0.001257 0.001505 0.001112
1341846235.061915 -0.00177 0.001232 -0.001384 0.003644 0.0002648 0.0009769
1341846235.094075 0.0009128 0.002175 -0.001395 0.002065 -0.0005631 0.0002914
1341846235.130068 0.001927 0.002574 -0.001122 -0.0002971 0.000353 -0.0006686
1341846235.162449 0.0006229 -0.0002161 0.0008969 -0.002289 0.002382 -0.001784
1341846235.193917 -0.003558 2.418e-06 -0.000319 -0.001506 0.002074 -0.001561
1341846235.229939 -0.0009179 1.574e-05 0.0009412 -0.002038 -0.0008605 0.001549
1341846235.261811 0.0005008 0.0002944 -0.0002403 -0.0003551 0.0004055 0.00114
1341846235.294134 -0.001288 0.0008914 -0.0002368 -0.001542 0.0009305 0.00104
1341846235.329890 -0.0001289 -0.00366 0.001581 -0.001174 0.0001134 0.002235
1341846235.361974 -9.625e-06 -0.004259 0.001676 0.002179 -0.001161 0.004423
1341846235.398097 0.001583 0.0005977 -0.002088 0.005092 -0.0006417 0.003385
1341846235.462163 -0.0001922 0.002778 -0.001191 0.000134 0.0006359 0.000293
1341846235.498142 0.000418 -0.003485 0.0014 0.0008415 -0.0003107 0.003738
1341846235.529989 0.001459 0.002791 -0.001954 0.002859 0.00032 0.002476
1341846235.561921 -0.001151 0.003834 -0.0007947 -0.001471 0.001087 -0.000424
1341846235.597951 0.0009805 -0.005533 0.002994 -0.002567 2.118e-05 0.0006579
1341846235.630160 0.001331 -0.0003464 -0.000878 0.0024 0.0005274 0.001276
1341846235.667679 -0.0005233 0.005892 -0.002154 8.49e-05 0.00121 -0.001151
1341846235.705783 -0.0009997 -0.001546 0.001636 -0.003412 0.0007844 0.0005185
1341846235.730392 0.0005421 -0.0005375 0.0001509 -0.0004936 -0.000306 0.002609
1341846235.766032 0.0004646 0.003473 -0.0005118 -0.001674 -4.635e-06 0.0009844
1341846235.797942 0.001181 -0.002112 0.001817 -0.003028 0.0004942 -1.037e-05
1341846235.833964 -0.001334 4.709e-05 0.0003257 -0.0007608 -1.485e-05 -0.000439
1341846235.866037 0.0007989 -0.0009792 0.001007 -0.0005017 -0.0003693 -0.001487
1341846235.898007 -0.001905 0.003075 -0.001575 0.0003144 3.384e-05 -0.002905
1341846235.934106 -0.00213 0.003593 6.804e-05 -0.002943 -0.0009961 -0.002691
1341846235.965921 0.001354 -0.004518 0.002863 -0.003797 -0.002322 3.262e-05
1341846235.997897 -0.0002447 -0.001812 0.001272 0.0005903 -0.001623 -9.015e-05
1341846236.034072 -0.0006708 0.004498 -0.002126 0.0004821 -0.00187 -0.0005129
1341846236.065823 0.00249 -0.001311 0.002017 -0.003367 -0.001726 3.537e-05
1341846236.101989 0.0009111 -0.00609 0.002458 1.501e-05 0.0001768 0.00128
1341846236.134258 3.955e-05 0.003806 -0.00196 0.002531 9.415e-05 -0.001119
1341846236.166269 -0.001505 0.001371 0.0006805 -0.001073 0.000444 -0.001523
1341846236.202022 0.0009428 -0.005973 0.003715 -0.0003279 -0.00113 0.001789
1341846236.233893 0.0003188 0.001187 -0.001121 0.004392 -0.0003309 6.166e-05
1341846236.265924 -0.00118 0.003621 -0.001517 0.001116 -0.0002638 -0.002331
1341846236.302018 0.000116 -0.0001073 0.0003932 -0.0009873 -0.0003178 -0.000621
1341846236.333756 -0.0003669 -0.001634 0.001021 -0.0004156 -0.0002962 0.0009726
1341846236.369949 -0.001077 4.443e-05 0.0001905 0.0007975 -0.0007318 0.0007127
1341846236.401964 0.0006694 0.000725 -0.0003893 0.0006006 -0.00149 0.0003386
1341846236.433828 -9.608e-05 0.001192 -0.0001812 -0.000226 -0.0004153 0.001256
1341846236.469948 -0.001425 0.0008215 -0.0003081 -0.001173 -0.0003506 -0.0002365
1341846236.501946 -0.0002213 -0.002231 0.002351 -0.001838 -0.001511 -0.0009277
1341846236.534764 0.0007509 -0.003438 0.0017 0.001226 -0.001298 -0.00216
1341846236.569956 -0.0008693 0.004964 -0.003006 0.002093 -0.001274 -0.004354
1341846236.601901 0.0002082 -0.0001608 0.001453 -0.002003 -0.0008286 -0.002033
1341846236.637896 -0.0008067 -0.005303 0.003053 0.0006369 -0.001251 0.001247
1341846236.669818 -0.001111 0.001488 -0.0005801 0.004768 -0.001563 0.002381
1341846236.702100 -0.0002805 0.008172 -0.002473 0.002286 -0.002596 0.001632
1341846236.738521 0.001271 0.02311 -0.0009083 -0.005016 -0.001483 -0.004983
1341846236.769905 0.002106 -0.001298 0.004412 -0.0168 0.001149 -0.005535
1341846236.805999 0.001112 -0.009597 0.006267 -0.00673 0.001412 0.0003008
1341846236.844067 -0.003132 0.0007168 -0.0004297 0.0008273 0.0006042 0.001956
1341846236.876573 0.001996 -0.004527 0.002819 0.0008218 -0.000991 0.003696
1341846236.911899 0.001283 0.000335 -0.001601 0.006321 0.0002225 0.003918
1341846236.944484 -0.001753 0.01019 -0.004486 0.002358 0.0008268 -0.002313
1341846236.975811 -2.335e-05 -0.003082 0.0005983 -0.00466 4.33e-05 -0.002716
1341846237.011848 -0.002183 -0.004586 0.001014 0.0001832 -0.0005099 0.001064
1341846237.043850 -1.041e-05 0.003357 -0.001501 0.002452 -0.002306 0.002272
1341846237.075882 0.00348 0.004076 -0.0007708 -0.0005348 -0.000888 -0.003276
1341846237.111887 -0.001263 0.004799 6.239e-05 -0.004275 0.00225 -0.003922
1341846237.143863 -0.0006378 -0.004613 0.002727 -0.005591 0.0007536 -0.0004789
1341846237.175838 0.001304 -0.006375 0.003636 -0.0007014 0.0002046 -0.0007905
1341846237.211847 -0.002705 0.001265 -0.0007724 0.00446 0.0002158 -0.0005112
1341846237.243895 -0.0009607 0.00853 -0.002646 0.0004579 -0.002072 -0.00107
1341846237.280228 0.004298 -0.006738 0.00252 -0.004247 -0.001462 -0.001235
1341846237.312079 0.0004399 -0.0004825 -0.001267 0.001078 0.001423 -0.001738
1341846237.343828 -0.001768 0.0007267 -0.001048 -0.0005052 0.0005884 -0.00218
1341846237.379983 -1.293e-05 -0.002951 0.0007399 -0.000244 -0.0008112 -0.0008414
1341846237.411962 0.003168 -0.002677 -0.0003898 0.002471 -0.0005688 0.000963
1341846237.443790 -0.001851 0.001175 -0.001894 0.003918 0.000922 0.00283
1341846237.479911 -9.914e-05 -0.001025 -0.0002835 0.002228 -0.001653 0.004596
1341846237.511862 0.005598 -0.0009532 -0.001026 0.002714 -0.0008721 0.002027
1341846237.547914 0.002054 -0.001193 -0.0005013 0.002499 0.002933 -0.001405
1341846237.579956 -0.00352 0.002354 -0.001793 0.001973 0.002685 -0.002362
1341846237.611852 0.0004756 -0.001347 0.0007446 0.0006714 0.0006083 -0.0005032
1341846237.647976 0.000729 0.0005721 -0.0007027 0.001135 0.0007758 9.205e-05
1341846237.680417 0.001411 -0.0001022 0.0001747 0.0004088 0.0008194 -0.001736
1341846237.711902 0.000233 0.003268 -0.00115 -4.144e-05 0.001262 -0.00252
1341846237.747860 -0.001043 8.116e-05 0.0004535 -0.00299 0.001125 0.0004525
1341846237.779848 0.001567 -0.00376 0.001775 -0.00195 8.662e-05 0.0004511
1341846237.815934 0.003135 -0.00271 0.001908 0.001552 0.001222 -0.001967
1341846237.847966 -0.001461 0.00145 -0.001312 0.003006 0.002527 -0.002047
1341846237.879781 -0.001222 0.0002906 0.0004135 0.001268 0.0009484 0.0007054
1341846237.916026 0.002142 -0.00116 0.0005826 0.002013 0.0003685 0.0007664
1341846237.978064 -0.002224 0.001 -0.001119 0.001901 0.0005969 -0.0002516
1341846238.010069 0.001555 -0.00214 0.0008021 0.001166 -0.0003427 0.00152
1341846238.045995 0.0002167 -0.0003374 -0.0007607 0.002667 7.97e-05 -0.0005467
1341846238.077963 0.0003078 0.0008845 -0.001505 0.002485 0.0003468 0.0002781
1341846238.109791 -0.0009258 0.002656 -0.001988 0.0007691 9.327e-05 0.000144
1341846238.145837 -0.001511 0.003045 -0.001377 -0.001905 -0.0002721 0.0002419
1341846238.177943 0.001751 -0.006357 0.002965 -0.002991 -0.001675 0.002544
1341846238.209943 0.0007075 -0.001501 -0.00118 0.003489 -0.0001363 0.002292
1341846238.246227 -0.0003799 0.003349 -0.002268 0.001518 -0.0002707 -0.0004158
1341846238.278227 -0.000338 0.001074 -0.001151 -0.000886 -0.0001145 -0.0004895
1341846238.345918 -0.0004355 -0.001308 0.0002436 0.0003387 -0.001589 0.005483
1341846238.377978 0.001481 0.003605 -0.001323 -0.001202 0.000119 -0.0007047
1341846238.413879 -9.962e-05 -0.001706 0.0007493 -0.002993 0.001487 -0.00105
1341846238.445979 -0.001148 -0.001876 0.001293 -0.0008382 0.0004263 0.001851
1341846238.478188 0.0001861 0.0006711 -0.0004165 0.001247 -0.0005973 0.002121
1341846238.515328 0.001718 0.002901 -0.001115 -0.0001588 -0.0001244 0.0003173
1341846238.545906 -0.0003141 0.0001528 0.0002286 -0.002253 0.001198 3.982e-05
1341846238.587827 -0.002685 -0.001018 0.0008708 -0.001589 0.0004146 0.0004419
1341846238.645944 0.003788 -0.00403 0.001976 0.00223 -0.002942 0.001027
1341846238.681933 -0.001183 0.004679 -0.00207 0.002332 0.0007451 -0.0009877
1341846238.713917 -0.001216 0.001244 -0.0003144 -0.001213 0.0002508 -0.002587
1341846238.745925 0.0006031 -0.00227 0.002195 -0.001941 -6.043e-07 -0.001138
1341846238.781932 -0.000604 -0.002824 0.001107 0.001233 0.001074 0.0002974
1341846238.813869 -0.003105 -6.921e-06 0.0007498 0.002078 -0.0002326 0.001286
1341846238.849931 0.002227 0.0006329 -0.0007274 0.00243 -0.001305 0.001595
1341846238.881927 0.001029 0.005397 -0.001621 0.0002968 0.001666 -0.001549
1341846238.914000 -0.0003239 0.003059 0.001118 -0.004116 0.003427 -0.005237
1341846238.949903 -0.002648 0.003097 0.0003032 -0.006326 0.00339 -0.003367
1341846239.017941 -0.001102 -0.007523 0.002169 -0.007065 9.673e-05 0.007511
1341846239.050041 0.002532 0.000499 -0.001353 8.973e-05 -0.001486 0.00322
1341846239.081902 0.001395 0.001169 -0.00166 -0.0005256 -4.64e-05 0.00247
1341846239.117866 -0.0001538 -0.0003689 -0.00127 -0.001375 -0.000208 0.002264
1341846239.149976 -0.0001786 -0.001446 -0.0006651 -0.001162 -0.001296 0.0009869
1341846239.181897 0.003566 -0.003668 0.00156 0.0004036 -0.001329 0.0002295
1341846239.217929 0.0007372 -0.0003166 -0.000452 0.003723 0.0005201 0.0005544
1341846239.250009 -0.00118 0.001535 -0.0005643 0.002936 -0.0008032 6.963e-05
1341846239.285917 0.001951 0.001122 0.001175 0.002231 -0.001931 0.0005896
1341846239.318442 0.0005582 -0.001791 0.002961 0.002035 -0.001429 0.0002166
1341846239.349930 -0.001279 0.002097 -0.000535 0.003674 -0.0005165 -0.001083
1341846239.386011 0.0005842 0.00209 0.001291 0.000441 -0.001393 -0.001319
1341846239.417983 -0.0001887 -0.000747 0.002137 -0.0005516 0.0002029 -0.0003967
1341846239.450112 -0.0006822 -0.002731 0.002416 0.0006896 0.0001307 -0.0002298
1341846239.485973 -0.0012 -0.0003516 0.0009581 0.002154 -0.0001634 -0.001407
1341846239.517913 -0.001283 0.0004232 0.0001491 0.00239 -0.0004728 -0.00123
1341846239.553979 0.0004734 -0.0009728 0.001204 0.001666 -0.0004192 -0.0006528
1341846239.585911 -0.001566 0.001489 -9.276e-05 0.002455 0.0003841 -0.001687
1341846239.617967 -0.0009365 0.003147 -0.0002829 0.0003919 -0.0002729 -0.001704
1341846239.653941 -0.0002412 0.0001293 0.001595 -0.001807 0.0002372 -0.001698
1341846239.685852 -0.0006768 -0.001338 0.001862 -0.0008549 0.0005337 -0.0007205
1341846239.717923 0.0004646 -0.0005298 0.001684 0.0007265 0.0007784 -0.00101
1341846239.753857 -0.003477 0.002558 0.0001023 0.0005966 0.0009328 -0.000608
1341846239.785918 0.00136 -0.00201 0.004378 0.0007157 -0.0003231 1.901e-05
1341846239.821950 -0.002639 0.004894 -0.001447 0.001854 0.001791 -0.0008198
1341846239.854023 -0.003079 0.0007518 0.003734 -0.002746 0.001246 -0.001325
1341846239.891801 -0.00263 -0.002961 0.006749 -0.0003068 0.0007599 0.0008949
1341846239.953963 -0.002196 0.00272 -0.002407 0.00208 0.0002402 0.0007279
1341846239.985997 -0.001162 -0.002035 0.007592 -0.001779 0.001062 0.0003859
1341846240.022055 -0.007305 -0.0002705 0.005108 0.0002031 0.002837 0.001723
1341846240.053998 -0.008723 0.001009 0.005679 -0.001316 0.001651 4.09e-05
1341846240.089841 -0.009198 -0.0003706 0.01074 -0.002663 0.002222 -0.0005427
1341846240.121795 -0.01298 -0.0005911 0.009725 -0.001486 0.004055 0.0002894
1341846240.159862 -0.01243 0.0008737 0.01011 -0.003136 0.002364 0.0004885
1341846240.195884 -0.00596 -0.001245 0.01948 -0.002318 6.344e-05 0.0003478
1341846240.227927 -0.005432 -0.001458 0.01936 -0.0009615 0.001241 -0.0003822
1341846240.290031 -0.01111 -0.001949 0.04021 -0.004775 0.002264 -0.003242
1341846240.322206 -0.01102 -0.001851 0.01711 -0.0002618 0.003052 -0.0006399
1341846240.357948 -0.01254 2.999e-06 0.01539 0.001622 0.003744 -0.002582
1341846240.422212 -0.04569 0.001959 0.0203 -0.004537 0.01225 -0.002392
1341846240.458143 -0.01387 -0.00137 0.01591 -0.001019 0.003579 0.001393
1341846240.490243 -0.01572 -0.0007733 0.0128 1.42e-05 0.005276 -0.001273
1341846240.525976 -0.01908 0.001071 0.01009 -0.001139 0.005835 -0.001545
1341846240.557894 -0.0163 6.491e-05 0.01783 -0.002582 0.003395 0.00095
1341846240.590418 -0.01083 0.0002753 0.0107 -0.0004975 0.002739 0.0005015
1341846240.626172 -0.005656 -0.0004104 0.007049 -0.0007959 0.002116 0.0003648
1341846240.657964 -0.007855 -0.0024 0.0143 -0.001853 0.002738 0.001305
1341846240.689825 -0.007716 -0.005186 0.0207 -0.00421 0.001541 0.001101
1341846240.725903 -0.006684 -0.005396 0.02178 -0.00152 0.001585 0.0006658
1341846240.757973 -0.008429 -0.006645 0.01962 -0.002958 0.002193 0.0009718
1341846240.794024 -0.009938 -0.005706 0.02131 -0.00525 0.002358 0.0005489
1341846240.826068 -0.01039 -0.004638 0.02296 -0.003186 0.002128 0.001078
1341846240.858147 -0.01062 -0.003425 0.02222 0.0003601 0.001886 0.0009686
1341846240.894038 -0.01034 -0.003508 0.01943 0.0005915 0.002466 0.000181
1341846240.925975 -0.005365 -0.006406 0.02286 -0.001711 0.0009373 -0.0002835
1341846240.958080 -0.002446 -0.006954 0.02376 -0.001646 0.0004397 -0.0006056
1341846240.994099 -0.003369 -0.006735 0.02191 -0.001763 0.0009368 -0.0005504
1341846241.026041 -0.002296 -0.006059 0.02332 -0.004096 0.0007718 0.0002939
1341846241.062449 0.0005617 -0.005018 0.0282 -0.003612 -0.0006804 0.001842
1341846241.094372 -0.0002495 -0.003838 0.02915 0.001029 0.0002183 0.001632
1341846241.126068 0.002971 -0.008495 0.03429 -0.002596 -9.367e-06 0.001906
1341846241.167863 0.002644 -0.008702 0.03715 -0.006493 -0.0002897 0.002418
1341846241.230127 -0.003151 -0.02048 0.09011 -0.006967 0.006325 0.006477
1341846241.261868 0.00241 -0.007237 0.04052 -0.004234 0.0004452 0.002244
1341846241.295211 0.003047 -0.004389 0.03771 -0.001695 8.067e-06 0.003252
1341846241.329804 0.003639 -0.003369 0.03505 0.000518 -0.0009159 0.003693
1341846241.362000 0.005759 -0.002739 0.033 -9.201e-05 -0.002333 0.002573
1341846241.394012 0.004156 -0.002617 0.02866 -0.0007505 -0.001221 0.00023
1341846241.430126 0.002187 -0.005633 0.02726 -0.002185 -0.0003898 0.0004957
1341846241.462018 0.005566 -0.0068 0.03165 -0.001717 -0.001821 0.0001151
1341846241.497907 0.01018 -0.004351 0.0286 -0.00107 -0.003452 0.0004274
1341846241.529930 0.01325 -0.002264 0.02133 -1.782e-05 -0.003643 0.0007289
1341846241.562493 0.01701 -0.002235 0.0106 0.0002019 -0.004189 0.0004496
1341846241.598412 0.0243 -0.001733 0.007585 -0.001237 -0.007424 0.001128
1341846241.629998 0.02959 0.0006313 0.006641 8.228e-05 -0.009365 0.0007481
1341846241.662234 0.02967 0.001524 0.002705 0.0004534 -0.008668 0.0005061
1341846241.698098 0.03408 0.002497 0.00133 0.0005289 -0.0104 0.001181
1341846241.729805 0.04 0.00314 -0.0009508 0.001702 -0.01143 0.001517
1341846241.765805 0.04601 0.00382 -0.0025 0.001088 -0.01319 0.001689
1341846241.797970 0.05057 0.003403 -0.002931 0.0001632 -0.01493 0.001028
1341846241.830240 0.05466 4.772e-05 -0.003149 -0.00022 -0.0163 0.001725
1341846241.865867 0.05389 -0.004101 -0.008373 -0.0006717 -0.01531 0.002303
1341846241.898156 0.05477 -0.004092 -0.007475 -0.001667 -0.0161 0.001542
1341846241.929917 0.0535 -0.004195 -0.004286 -0.002598 -0.01617 0.002657
1341846241.965882 0.05087 -0.001449 -0.001615 0.0005671 -0.01572 0.002532
1341846241.998017 0.04575 -0.0002099 -0.005726 0.0004946 -0.01385 0.0009355
1341846242.034019 0.02654 -0.002125 -0.01035 -0.001769 -0.007179 0.001775
1341846242.066365 0.02097 -0.001492 -0.008523 -0.00179 -0.006054 0.003495
1341846242.097916 0.02122 -0.001039 -0.003558 -0.002641 -0.007462 0.001345
1341846242.133980 0.01904 0.0008431 0.0006953 -0.0006302 -0.008688 -0.003134
1341846242.165895 0.007844 -0.0008455 -0.002706 -0.001441 -0.003224 0.002453
1341846242.197924 0.006625 7.906e-05 -0.00385 -0.0005532 -0.002584 0.002209
1341846242.234487 0.00917 4.114e-05 -0.008844 -0.002619 -0.002739 0.0004839
1341846242.269588 0.01188 -0.001389 -0.00613 -0.002082 -0.003501 0.002704
1341846242.301972 0.01435 -0.001414 -0.01539 0.0009246 -0.003691 0.003571
1341846242.333996 0.005352 0.001331 -0.01577 -6.399e-06 -0.001477 0.0001799
1341846242.366000 0.0007249 -0.0006568 -0.003156 -0.00182 -0.0006802 -0.0005132
1341846242.401903 -0.001198 -0.0006054 -0.005087 0.0002534 0.0004297 0.0005461
1341846242.433933 -0.005473 0.001033 -0.0108 0.0002488 0.000899 0.0006454
1341846242.469883 -0.003329 0.001112 -0.01149 -0.00174 -0.0002749 -0.0001726
1341846242.501972 0.00281 -0.001321 -0.00894 -0.0006905 -0.0003905 0.0006827
1341846242.534063 -0.0008839 -0.0005656 -0.009669 0.00143 0.0005614 0.001277
1341846242.569931 0.003311 0.001546 -0.01553 0.0009348 -0.001457 0.0006354
1341846242.602000 0.001619 6.974e-05 -0.005536 0.0002362 -0.0007163 -0.0006608
1341846242.634077 0.001378 -0.00013 -0.007064 0.0019 -3.032e-05 -3.804e-05
1341846242.670215 -0.00193 0.001309 -0.006729 0.001582 5.479e-05 -0.0001209
1341846242.701929 -0.0009085 -0.000472 -0.002877 0.0003449 -5.362e-05 -0.0001408
1341846242.737996 -0.001603 0.0006437 -0.003634 0.0008543 0.00124 -0.0002668
1341846242.769937 -0.00346 0.001639 -0.002323 -0.0009892 0.001224 -0.0004124
1341846242.808080 -0.0002255 -0.002261 0.0007458 -0.001193 -0.0003014 0.00103
1341846242.869936 -0.001621 0.0009565 -0.0002715 0.003204 0.0009401 0.001193
1341846242.902131 -0.003453 0.001393 -0.0008857 6.541e-05 0.0004247 0.0001982
1341846242.938061 -0.001852 -0.0001708 -0.001548 -0.0008946 0.0009712 0.0001507
1341846242.969969 -0.003846 -0.0002423 -0.002987 -0.001531 0.001798 0.0002129
1341846243.005810 -0.002326 -0.00359 -0.001176 -0.002279 0.0008854 -0.0002368
1341846243.038095 -0.003602 -0.003396 -0.002529 -0.0003452 0.001703 -0.0006964
1341846243.070041 -0.004627 -0.002993 -0.002614 0.001235 0.001583 0.000631
1341846243.106059 -0.007506 0.002223 -0.005765 0.00264 0.001655 0.0003387
1341846243.137899 -0.005761 -0.001905 -0.005829 -0.001301 0.0002867 -0.001209
1341846243.169985 -0.005916 -0.004376 -0.005842 -0.001207 0.001453 -0.0001633
1341846243.206007 -0.006648 -0.005296 -0.00442 -0.0009168 0.001052 0.001212
1341846243.237999 -0.006464 -0.004258 -0.006493 0.0007964 7.813e-05 0.001771
1341846243.274026 -0.004212 -0.001734 -0.006748 0.0001243 2.966e-05 0.001474
1341846243.305879 -0.00475 -0.001855 -0.006065 -0.00186 0.0008551 0.0007505
1341846243.338022 -0.005471 -0.002848 -0.006177 -0.00269 0.0008366 0.0006259
1341846243.374348 -0.004429 -0.00504 -0.005257 -0.003141 0.0006761 -0.0007544
1341846243.405837 -0.005526 -0.003124 -0.007526 -0.001322 0.001953 -0.0005283
1341846243.442193 -0.005573 -0.003853 -0.005566 -0.001323 0.001269 -0.0001969
1341846243.473902 -0.004842 -0.001392 -0.006301 -0.0008007 0.0005254 8.654e-05
1341846243.505839 -0.002158 -0.004792 -0.004604 -0.001005 0.0008471 6.781e-05
1341846243.542001 -0.006672 -0.001126 -0.006384 0.0003445 0.001604 -0.0002991
1341846243.574058 -0.004075 -0.002765 -0.005278 -0.0005103 -0.0004492 -0.001035
1341846243.605841 -0.004524 0.0005633 -0.006752 -0.0004697 -5.604e-05 -0.0003661
1341846243.642015 -0.00314 -0.004873 -0.003863 -0.002664 0.0001992 -0.0001131
1341846243.673926 -0.005485 -0.002635 -0.005065 5.824e-05 0.001039 2.223e-05
1341846243.710095 -0.003755 -0.0006518 -0.005744 -0.000654 -4.534e-06 0.0001318
1341846243.741951 -0.003005 -0.004931 -0.003953 -0.001109 0.001262 0.0006857
1341846243.774067 -0.005598 -0.002278 -0.005407 0.000933 0.001462 0.0008681
1341846243.809881 -0.004336 -0.0005846 -0.004867 0.0005476 0.0001528 -0.0006799
1341846243.841971 -0.003057 -0.0001278 -0.005016 -0.000729 0.0006891 -0.001946
1341846243.874062 -0.004928 -0.001419 -0.003827 -0.001839 0.001895 -0.001426
1341846243.910022 -0.005759 -1.644e-05 -0.004081 -0.001338 0.001226 0.0002202
1341846243.978045 -0.005453 -0.006653 -0.00509 -0.0008903 -0.001849 0.001191
1341846244.009892 -0.00154 0.004254 -0.004718 0.002616 1.282e-05 -0.001007
1341846244.042105 -0.001571 0.001853 -0.002472 -0.0017 -0.0005306 -0.002264
1341846244.077884 -0.0008972 -0.001886 -0.0004913 -0.001807 9.274e-06 -0.0009133
1341846244.115904 -0.001209 -0.001122 0.0004361 0.001046 0.0003167 -0.0005484
1341846244.151850 2.196e-05 0.004559 -0.001545 0.002164 -0.0002261 -0.001084
1341846244.184334 -1.133e-05 0.002629 0.000535 -0.001421 -0.0004004 -0.001479
1341846244.215953 0.000736 -0.002747 0.002748 -0.0005062 -0.0003716 0.0003228
1341846244.251877 0.001734 0.003932 -0.0005228 0.002573 -0.000131 0.0005778
1341846244.283880 0.0004831 0.003666 0.0007847 -0.001122 9.586e-05 -0.000119
1341846244.316068 0.001133 -0.002039 0.002304 -0.001603 8.379e-05 0.0004955
1341846244.351999 0.001832 0.0004625 0.0008306 0.0005211 0.0001745 -0.0002216
1341846244.384040 0.001493 0.002192 0.0003868 -0.0001251 0.000676 -0.001568
1341846244.419869 -0.001919 -0.0009695 0.0023 -0.0009421 0.0006185 -0.0008315
1341846244.451888 -0.0007145 -0.001801 0.001098 0.00111 -0.0009556 0.001432
1341846244.483871 0.0003668 -0.0001568 -0.0004453 0.002124 -0.001203 0.0003889
1341846244.519923 8.118e-06 0.001997 -0.0003969 0.0002321 -0.001288 -0.0001718
1341846244.551942 -0.0003342 -0.00237 0.001414 -0.002327 -0.001452 -0.0007171
1341846244.583892 0.0008659 -0.002532 0.00127 -0.001362 -0.001604 -0.00265
1341846244.619870 0.0001177 -0.0004198 0.001154 0.0001635 -0.0005114 -0.002892
1341846244.651850 -0.001401 0.002745 0.0007878 -0.0004128 -4.716e-05 -0.002548
1341846244.683815 -0.001873 0.0003554 0.001333 -0.001522 -1.811e-05 -0.002341
1341846244.719873 -0.002554 -0.0007874 0.0002719 0.0002143 -0.0005621 -0.000574
1341846244.751827 -0.0003617 0.003784 -0.003119 0.00154 -0.001265 0.0005351
1341846244.788300 -0.001268 0.002715 -0.001298 -0.001124 -0.0003858 0.0001109
1341846244.820099 -0.00264 0.001947 -0.001331 -0.0009032 -0.0008617 0.0002941
1341846244.851973 -0.002523 0.005364 -0.001466 -0.002372 -0.001325 -0.0008984
1341846244.887873 -0.002682 -0.002519 0.0008989 -0.003942 -0.002196 -0.0004797
1341846244.920072 -0.000734 4.725e-06 -0.00094 -0.0003709 -0.002325 0.0001305
1341846244.952621 -0.001781 0.0016 -0.001966 -0.001032 -0.00149 -0.001632
1341846244.987985 -0.001267 -0.002567 -0.0009878 -0.001923 -0.001036 -0.003402
1341846245.020060 -0.002905 -0.003029 -0.00106 0.001338 9.313e-05 -0.001507
1341846245.051869 -0.003824 0.0009536 -0.002397 0.003456 -0.0005676 0.0008513
1341846245.088236 -0.0009636 0.001246 -0.002824 0.002543 -0.00117 5.449e-05
1341846245.119935 -0.001818 0.001354 -0.002034 0.001059 -0.0003151 0.0001097
1341846245.151835 -0.001474 0.001527 -0.0008405 -9.451e-05 -0.0001061 0.0007516
1341846245.187889 -0.002111 0.0003902 0.0004222 -0.001629 1.213e-05 -0.0007072
1341846245.219842 -0.0007593 -0.003074 0.001158 -0.0005969 6.185e-05 -0.0007236
1341846245.256030 -0.001218 0.001917 0.0005991 0.001963 -0.0001688 0.001125
1341846245.287962 9.576e-05 0.0009331 0.0005412 0.0008036 -0.0005198 0.002116
1341846245.319885 0.0002249 0.0007602 0.0002406 0.0001782 -0.0001222 0.001748
1341846245.355859 -6.669e-05 -5.067e-05 0.002939 0.0002577 0.0006899 0.000348
1341846245.387919 -0.002219 0.002922 0.001468 0.0008177 0.00118 0.0006601
1341846245.423977 -0.001528 0.0008849 0.00209 -0.0005602 -0.0001114 0.0007449
1341846245.455822 -0.0009631 0.001444 0.001871 -0.0005325 -0.0002305 0.001032
1341846245.487804 -0.000747 0.0005993 0.002592 -0.000713 0.0002206 -0.00117
1341846245.523916 -0.003185 0.0003756 0.00292 -1.432e-05 0.0007573 -0.0005
1341846245.555797 -0.00205 0.001776 0.002133 0.0007565 -7.873e-05 0.0003194
1341846245.591988 -0.001525 0.003459 0.0009947 -0.0007344 0.0003277 -0.0009757
1341846245.623837 -0.002312 0.0001993 0.002821 -0.002478 0.0007318 -0.002244
1341846245.655890 -0.002868 -0.0016 0.002605 -0.0006228 0.0001483 2.615e-05
1341846245.692060 -0.001624 0.0007071 -6.667e-05 0.001404 -0.0008929 0.002318
1341846245.724517 -0.001091 0.003672 -5.683e-05 0.0003749 -0.0004269 -0.0009372
1341846245.760068 -0.002011 0.0003342 0.001278 -0.002297 0.0001166 -0.002327
1341846245.791914 -0.00217 -0.00184 0.001201 -0.0007783 -0.0001587 -0.0001307
1341846245.824142 -0.001203 0.00077 4.601e-05 0.0009099 -0.001217 -0.0004807
1341846245.860005 -1.32e-05 -0.0008699 0.001867 0.0005557 -0.0008571 -0.0006478
1341846245.891878 -0.0009611 0.001117 -0.0007051 0.002276 8.608e-05 0.0008662
1341846245.927903 -0.0005403 0.003018 -0.0005355 -0.0002962 -0.001434 0.0005352
1341846245.986182 0.001996 -0.0006198 0.004363 -0.001762 -0.0003948 -0.0005505
1341846246.022057 -0.0004732 0.002358 -6.773e-05 -0.0006157 0.0005902 -3.305e-05
1341846246.053871 0.001197 0.001409 0.0007005 -0.002242 -7.147e-05 -0.0003992
1341846246.085916 0.001894 0.0002324 0.002957 -0.00298 0.001303 -0.001294
1341846246.121806 -0.001623 -0.0003737 0.003334 -0.001476 0.002728 0.0004397
1341846246.153949 -0.002674 0.002925 0.001498 -0.0009274 0.001368 0.003004
1341846246.222002 -0.0002282 -0.003033 0.008006 -0.001314 -0.0002357 0.005592
1341846246.253984 -0.001949 0.003812 0.0008337 0.0008705 0.0009217 0.002651
1341846246.289808 -0.002299 -0.0002778 0.003037 -0.002377 -0.0006818 0.0006857
1341846246.322001 -0.0003526 -0.003449 0.004289 0.0004401 -0.001844 0.002844
1341846246.353946 -0.000296 -0.0006522 0.002238 0.003175 -0.001717 0.003022
1341846246.389885 -0.0004467 0.002038 0.001569 0.002618 -0.00159 -0.0007379
1341846246.421855 -0.0008288 0.0004124 0.003176 -0.0006542 -0.001255 -0.003555
1341846246.457915 -0.001698 -0.003422 0.004492 0.0004349 -0.0003311 -0.004446
1341846246.489829 -0.004592 0.0002877 0.002299 0.002422 -0.0008452 -0.00354
1341846246.521912 -0.003414 -0.0004562 0.003005 0.002309 -0.002922 -0.0008778
1341846246.558038 -0.002204 0.002708 0.002584 0.001863 -0.002572 0.001377
1341846246.589826 -0.002837 0.001688 0.005159 -0.0009621 -0.001181 -0.002673
1341846246.622033 -0.004308 -0.0006061 0.006786 -0.0005595 0.0007581 -0.005442
1341846246.658046 -0.005309 0.0001089 0.007063 0.001146 0.001648 -0.002045
1341846246.689939 -0.007607 0.002325 0.006509 0.001328 0.002908 0.0006009
1341846246.725903 -0.007893 0.00106 0.00821 0.0003921 0.001964 0.0002846
1341846246.757894 -0.007621 0.001114 0.009228 0.001842 0.001329 0.001111
1341846246.789989 -0.005802 0.003233 0.007501 0.002013 0.000946 0.001444
1341846246.826059 -0.005922 0.004046 0.006372 0.0005352 0.001699 -0.0003976
1341846246.857869 -0.005117 0.00165 0.005683 -0.001746 0.001449 -0.00118
1341846246.893944 -0.007198 0.000557 0.01308 0.0001971 0.001874 -0.001122
1341846246.925896 -0.01159 0.005612 0.01395 0.002447 0.002949 -0.001027
1341846246.958090 -0.01047 0.005134 0.01306 0.001147 0.001682 -0.0004161
1341846246.993936 -0.009869 0.004402 0.0166 0.00124 0.001828 0.001605
1341846247.026204 -0.01241 0.008442 0.01728 0.00184 0.002485 0.003546
1341846247.057936 -0.008568 0.005612 0.01384 -0.0006031 0.001488 0.0004048
1341846247.093899 -0.006829 0.002763 0.01165 -0.00099 0.001603 -0.001098
1341846247.126028 -0.005274 0.001733 0.009122 0.0006472 0.001791 -0.0005384
1341846247.162093 -0.00776 0.009546 0.004692 0.0003135 0.001658 -0.002345
1341846247.194072 -0.007025 0.00049 0.007294 -0.005936 -0.001315 -0.004785
1341846247.225977 -0.001207 -0.000299 0.004983 -0.002388 -0.0006332 -0.002384
1341846247.261953 -0.007395 0.01089 0.003429 -0.003624 0.0002791 0.000833
1341846247.293957 -0.001316 -0.001328 0.004266 -0.008956 -0.002344 -0.0001563
1341846247.325987 0.001343 -0.005633 0.006606 -0.003084 0.0003371 -0.0004067
1341846247.361940 -0.003667 0.0005884 0.003905 0.004322 0.00313 -0.0009054
1341846247.430187 0.0003993 0.003362 0.0004844 0.009147 0.001653 0.00332
1341846247.462223 -0.002421 0.008963 -0.001597 0.003334 0.002455 0.003089
1341846247.493952 -0.002433 0.0008745 0.0007036 -0.0003878 0.001097 0.001544
1341846247.530027 -0.00111 0.004702 -0.001594 -0.000629 -0.0003657 -0.0002439
1341846247.562209 -0.001121 0.004323 -0.001467 -0.003747 -0.0005174 -0.002309
1341846247.594166 0.001319 -0.005694 0.001028 -0.00436 4.339e-05 -0.001413
1341846247.630035 0.0002244 -0.003552 0.0004563 0.002213 0.001896 -0.0003902
1341846247.662701 -0.005185 0.009752 -0.001614 0.003809 0.001381 -0.001008
1341846247.697913 0.0005308 -0.002163 0.001636 -0.00176 -0.001764 -0.002615
1341846247.730051 -0.0001985 0.0009116 0.001164 0.003126 0.001917 -0.001104
1341846247.762180 -0.00706 0.007862 -0.0004623 -0.0002329 0.002216 -0.003333
1341846247.798768 -0.002138 -0.005171 0.002278 -0.004987 -0.0009364 -0.003518
1341846247.830259 -0.001383 -0.007157 0.002819 0.001034 0.0006667 -0.001097
1341846247.865875 -0.005811 0.008753 -0.00128 0.005172 0.001101 0.0008984
1341846247.898157 -0.0007478 0.002784 -0.0003505 -0.004357 -0.002582 -0.001535
1341846247.930002 0.004204 -0.009314 0.004945 -0.004 0.002075 -0.002333
1341846247.966006 -0.00639 0.00506 -0.0002898 0.002973 0.005433 -0.00226
1341846247.998062 -0.006876 0.004497 0.0009111 -0.003474 0.0005907 -0.001649
1341846248.030615 -0.0005793 -0.006258 0.002499 -0.004295 -0.0009906 0.001233
1341846248.065891 -0.0003085 -0.006125 0.002439 0.001573 -0.0001803 0.0001388
1341846248.098211 -0.01034 0.01031 -0.0002937 0.003782 -1.588e-05 0.001379
1341846248.133929 -0.002275 -0.003111 0.002125 -0.003877 -0.006678 0.005445
1341846248.166050 0.00295 -0.005465 0.001449 0.0006767 -0.004214 0.004484
1341846248.198024 0.002226 0.006111 -0.002276 0.003281 0.0001112 0.0008491
1341846248.233930 -0.00584 0.002678 0.0007226 -0.003528 0.0007574 -0.0003885
1341846248.265968 0.0006821 -0.009003 0.002285 -0.002506 -0.001529 0.003385
1341846248.297927 0.00316 0.001704 -0.001713 0.004829 0.0006367 0.005209
1341846248.333956 -0.001932 0.007842 -0.002201 0.0006504 0.001735 0.003559
1341846248.366013 0.0001317 -0.003093 0.0007188 -0.004174 -5.659e-05 -2.2e-05
1341846248.402093 0.003625 -0.002786 -0.0006702 0.0002843 0.0009115 -0.001542
1341846248.433862 -0.002858 0.006841 -0.002854 0.001341 0.001171 0.001525
1341846248.466804 0.002516 -0.005051 -0.0008386 -0.002981 -0.003101 0.002935
1341846248.502139 0.008774 -0.007249 -0.001501 0.002805 -0.001111 0.001751
1341846248.534215 0.003732 0.008024 -0.006353 0.005787 0.003445 -0.002822
1341846248.565971 -0.004785 -0.001098 -0.003107 -0.004347 0.001499 -0.00114
1341846248.602003 0.005655 -0.01125 -0.003304 0.0001448 -0.003329 0.00217
1341846248.640295 0.003039 0.01055 -0.005918 0.004379 -0.0005555 -0.0005655
1341846248.675831 -0.0009577 0.001384 -0.002526 -0.005592 -0.001161 -0.001062
1341846248.708095 0.003412 -0.006739 -0.0005438 -0.004059 -0.002774 0.0004034
1341846248.740085 0.006503 0.001753 -0.003536 0.001509 -0.0008518 0.001404
1341846248.802167 -0.002378 0.0005138 0.0005021 -0.005446 0.001424 0.0001773
1341846248.833950 0.002326 0.001539 -0.002018 0.001112 2.624e-05 0.0007242
1341846248.869901 0.0008525 0.003208 -0.001581 -0.002302 0.0004602 -0.001405
1341846248.901932 -0.001212 -0.002634 0.0003081 -0.003898 -0.000563 -0.0001176
1341846248.938035 0.005696 -0.00443 -1.108e-05 4.496e-05 -0.00124 0.00103
1341846248.969908 -0.0002388 0.0005245 -0.001355 0.001799 0.001458 0.0001887
1341846249.001964 -3.24e-05 0.001901 -0.001876 0.001121 5.621e-05 0.0006867
1341846249.037998 0.002723 -0.004052 0.0003501 -0.001123 -0.0008849 -0.001593
1341846249.069961 -0.001083 -0.0001424 -0.0002041 0.003028 0.002431 -0.002423
1341846249.105888 -0.005195 0.002441 -0.0005665 0.0006513 -0.0002597 0.0004144
1341846249.138041 0.001531 -0.002362 0.0005936 -0.0009621 -0.002645 -0.0007042
1341846249.169904 0.0002623 0.002359 -0.0004963 0.0009165 -0.0002072 -0.002601
1341846249.206013 -0.005057 0.001963 0.00128 -0.002832 -9.073e-05 -0.001352
1341846249.237872 8.434e-05 -0.006761 0.002776 -0.001351 -0.002856 0.001248
1341846249.306095 -0.002627 0.008805 -0.002123 0.003178 -0.0003354 -4.445e-05
1341846249.337853 -0.0003174 -0.005665 0.002422 -0.003112 -0.002705 -0.0003286
1341846249.373854 -0.0004585 -0.001135 0.001016 0.00324 -0.0002676 0.00114
1341846249.405928 -0.005495 0.005534 -0.0003237 0.002564 -0.0007325 0.001642
1341846249.437945 0.001628 -0.0002433 -4.104e-05 -0.002117 -0.00374 0.001855
1341846249.474182 0.0006031 -0.004472 0.002254 0.0004254 -0.0002339 -4.844e-05
1341846249.505956 -0.002154 0.003192 -0.0003476 0.00341 0.0005991 -0.0004637
1341846249.538288 -0.002018 0.001137 0.000532 0.0003275 -0.0001767 0.0004737
1341846249.574263 0.0004891 -0.00283 0.001292 0.000637 -0.0001633 -0.000875
1341846249.606015 0.001252 0.001909 -0.001 0.003127 0.001268 -0.003936
1341846249.641995 -0.002213 0.0005714 0.0004387 -0.0007146 0.00288 -0.004988
1341846249.674108 -0.002425 -0.006568 0.003315 0.001245 0.002237 -0.00274
1341846249.706034 0.0008672 0.003123 -0.002096 0.006168 0.001774 -0.0005047
1341846249.742012 0.0002608 0.004128 -0.001357 0.0008715 0.00262 -0.003525
1341846249.773906 0.0005764 -0.003541 0.002417 -0.001982 0.003703 -0.006801
1341846249.806093 -0.001162 -0.001545 0.001331 0.001766 0.005565 -0.005701
1341846249.842148 -0.002877 0.0007243 -2.899e-05 0.00142 0.00401 -0.002631
1341846249.873923 0.003164 0.0008035 0.0004536 0.0001554 0.003073 -0.00308
1341846249.909991 0.0008397 -0.003643 0.002744 -0.0004052 0.006387 -0.005879
1341846249.942024 -0.003435 0.001509 -0.0006281 0.001036 0.006081 -0.00439
1341846249.974199 -0.001944 -0.001748 0.00207 -0.001213 0.003046 0.001647
1341846250.010384 0.002788 -0.001768 0.001422 0.0003336 0.002198 -0.0006278
1341846250.042022 -0.002507 0.002753 -0.0002776 6.52e-05 0.004836 -0.003885
1341846250.078047 -0.007412 -0.0004084 0.002441 -0.00351 0.0009416 -0.0007794
1341846250.109945 -0.0009752 -0.008252 0.003539 -0.0009142 -0.003055 0.002367
1341846250.141849 -0.0005112 0.001436 -0.0007271 0.004225 -0.002582 0.0009685
1341846250.177803 -0.008067 0.003406 0.001687 -0.0001343 -0.003344 -0.0005559
1341846250.210137 0.0006299 -0.004723 0.002321 -0.001375 -0.007596 0.003787
1341846250.241903 0.002053 -0.0008951 8.247e-05 0.001835 -0.004605 0.006841
1341846250.277878 0.002067 -0.0008707 -0.000228 0.001086 -0.002864 0.003816
1341846250.309873 0.001988 -0.00021 -0.0005862 0.001014 -0.0007689 0.0004935
1341846250.346142 -0.0004724 0.001685 -0.0008056 0.0001061 0.0008953 0.0003964
1341846250.377944 -2.022e-05 -0.0006051 -0.000358 -0.00128 -0.0001863 -0.0006058
1341846250.410038 0.0003429 0.002112 -0.0009237 -0.0007567 0.0003166 -0.0003302
1341846250.445984 -0.0008249 -0.00153 0.0002136 -0.002357 0.0001409 0.002408
1341846250.477872 0.003581 -0.003828 -0.0003145 0.0002593 -0.0002683 0.0003374
1341846250.509930 0.003111 0.004697 -0.00245 0.001261 0.003154 -0.003484
1341846250.546119 -0.006845 -0.002366 0.0011 -0.001723 0.003629 -0.001297
1341846250.577998 -0.0003321 -0.003702 -0.0001913 0.002041 -0.001656 0.001835
1341846250.613828 0.001926 0.003113 -0.002421 0.003314 -0.0007781 -0.002031
1341846250.646114 -0.001492 0.0007067 -0.0002715 -0.001016 0.000433 -0.005427
1341846250.677812 -0.002158 -0.004207 0.001701 -8.398e-05 -0.0004846 -0.003459
1341846250.713958 -0.0006941 -7.629e-05 -0.0007946 0.003133 -0.001871 -0.0009563
1341846250.745904 0.00445 0.000835 -0.001409 0.001594 -0.001706 -0.00355
1341846250.777886 0.001253 -0.00173 0.0005846 0.000754 0.003127 -0.005064
1341846250.814024 -0.004561 0.0008925 0.0005491 0.001733 0.002246 -0.0001215
1341846250.846025 0.0008924 -0.000732 -0.0005768 0.00286 -0.0007556 0.00246
1341846250.881824 0.0009081 0.007577 -0.001634 0.0005155 0.0003364 -0.001563
1341846250.913808 -0.002574 -0.001845 0.001603 -0.00444 0.0003103 -0.0005251
1341846250.946118 0.0002892 0.0009311 -0.00029 -0.0009211 -0.001141 0.00162
1341846250.981803 0.002739 -0.001387 0.0004444 -0.00221 -0.0005274 0.002058
1341846251.014047 0.002207 0.0003159 -0.0002163 0.000138 0.002363 0.00231
1341846251.046033 -0.004071 0.003323 -0.0009839 -0.0008581 0.00236 0.0003185
1341846251.081959 -0.001321 0.001283 -8.534e-05 -0.00308 -0.0005894 0.001199
1341846251.114058 -0.0005809 0.0004354 0.0003256 -0.003437 -0.0009487 0.001143
1341846251.149920 -0.0002606 -0.001679 0.001297 -0.002919 -0.0006039 0.001076
1341846251.181983 -7.956e-05 0.00103 -0.0006349 -0.001218 -0.00207 0.00285
1341846251.214205 0.007068 -0.001379 -0.00042 -0.002516 -0.001051 0.001204
1341846251.249978 0.002426 -0.001062 -0.0004128 -0.0005966 0.003467 -0.001882
1341846251.281923 -0.001796 0.0004235 -0.0009769 -0.001405 0.00327 -0.0005955
1341846251.318026 0.002901 -0.005501 0.001555 -2.194e-05 0.001925 0.001523
1341846251.350003 0.003537 0.0003997 -0.001566 0.004312 0.003873 -0.0002103
1341846251.382003 -0.001759 0.003432 -0.002515 -0.0002099 0.004532 -0.001036
1341846251.417971 -0.0001189 -0.007449 0.001638 -0.001418 0.001706 0.001937
1341846251.449878 0.003192 -0.002866 -0.0009546 0.005351 0.0009492 0.002577
1341846251.481872 0.001724 0.001492 -0.002581 0.004742 0.003277 -0.0006619
1341846251.517870 -0.00109 -0.002047 -0.0006447 0.002359 0.003464 -0.00245
1341846251.549884 -0.002138 -0.0003901 -0.001433 0.003584 0.0009892 0.0003512
1341846251.586071 0.00164 0.002698 -0.002623 0.001457 -0.0008845 -0.001619
1341846251.618241 0.0009014 0.0001998 -0.0002423 -0.00165 0.001069 -0.003612
1341846251.649917 -0.00564 0.0005933 0.0003505 -0.001189 -0.0001868 -0.0004924
1341846251.686034 0.0006449 -0.0008899 -0.000587 -0.0009907 -0.004545 0.004206
1341846251.718103 0.004753 -0.0007403 -0.001923 -0.0002415 -0.00303 0.002318
1341846251.749907 0.002082 5.057e-05 -0.001274 -0.0009748 0.0004437 -0.001876
