1341845948.779817 -0.003301 0.003639 -0.0006743 -0.004134 -0.008313 -0.002268
1341845948.811832 0.0005408 0.003309 -0.001016 -0.004034 -0.008492 -0.002316
1341845948.847804 0.0002517 0.0007617 0.001977 -0.002909 -0.005691 -0.002752
1341845948.879918 -0.001428 -0.0002567 0.002855 0.003054 -0.007446 0.001943
1341845948.911866 0.001554 0.00357 -0.0003244 0.009244 -0.007213 0.001228
1341845948.947808 0.002119 0.004525 -0.0008779 0.01011 -0.001525 -0.001809
1341845948.979787 -0.001754 0.003421 -0.003184 0.01167 -0.0008834 0.00131
1341845949.011787 -0.002586 0.00631 -0.005421 0.01277 -0.005244 0.002069
1341845949.047774 0.000153 0.01076 -0.007861 0.008907 -0.003224 -0.006312
1341845949.079745 -0.0007677 0.007847 -0.005061 0.001096 0.0006436 -0.008836
1341845949.115941 -0.001239 0.004074 -0.00081 0.001384 -0.003682 -0.003534
1341845949.147691 -0.001163 0.005687 -0.004053 0.004747 -0.00668 -0.003087
1341845949.179815 0.0004059 0.007884 -0.005233 0.004822 -0.005687 -0.005602
1341845949.215795 -0.001389 0.006294 -0.002443 0.002763 -0.004349 -0.002015
1341845949.247763 -0.002068 0.003775 -0.001641 0.00563 -0.007355 -0.0007592
1341845949.283892 -0.003421 0.00839 -0.01011 0.007061 -0.008134 -0.0006608
1341845949.315792 -0.002117 0.01046 -0.00897 0.001758 -0.007149 -0.002211
1341845949.347811 -0.0007633 0.005714 -0.001938 -0.002471 -0.00593 0.0009618
1341845949.383752 0.0008014 0.003713 -0.001028 0.0001349 -0.007918 0.004544
1341845949.415733 0.002362 0.003751 -0.002047 0.002872 -0.003962 0.002024
1341845949.451907 0.0003588 0.003715 -0.003842 0.004617 -0.0002402 0.001
1341845949.483823 -0.001281 0.001576 -0.002691 0.006714 -0.002149 0.004752
1341845949.515817 0.0008242 0.005035 -0.003269 0.01372 -0.001447 0.001167
1341845949.551896 8.291e-05 0.005427 -0.004984 0.0132 0.004584 0.003722
1341845949.583736 -0.00332 0.001983 -0.00485 0.007948 0.003441 0.004265
1341845949.619753 -0.001194 0.003212 -0.004216 0.009363 -0.0005135 0.004128
1341845949.651764 0.0007032 0.007366 -0.007655 0.00424 0.004073 0.0009631
1341845949.683707 -0.00074 -0.0008971 0.001123 -0.001804 0.007323 0.002138
1341845949.719890 0.001016 -0.002878 0.000402 0.008124 -0.002034 0.006505
1341845949.751778 0.001242 0.005144 -0.004069 0.01648 -0.001823 0.0009395
1341845949.787857 0.003118 0.005308 -0.003684 0.01102 0.004371 -0.004426
1341845949.819784 0.001823 -0.0004078 0.0006325 0.01119 0.004819 0.001586
1341845949.851908 0.001504 -0.0001001 -0.001528 0.02055 -0.000929 0.006344
1341845949.887758 0.002292 0.01056 -0.004824 0.02308 0.003256 -0.001076
1341845949.920013 0.0006061 0.004408 -0.005343 0.009029 0.009006 0.001546
1341845949.955673 0.0008511 0.001993 -0.0014 0.006136 0.002817 0.002737
1341845949.987737 0.002497 0.007066 -0.003415 0.00992 -0.0003163 0.003201
1341845950.019789 0.003235 0.007204 -0.003332 0.006524 0.003264 0.003511
1341845950.055847 0.001397 0.00403 -0.001169 0.004633 0.003011 0.004289
1341845950.087728 0.001775 0.002863 -0.0003724 0.009094 -0.002305 0.004435
1341845950.124078 0.002152 0.007207 -0.003285 0.01144 -0.001036 0.002578
1341845950.155757 0.0005377 0.004848 -0.003347 0.004986 0.001213 0.002943
1341845950.187677 -0.0009726 0.002306 -0.002665 0.005345 -0.002818 0.004838
1341845950.223782 0.0019 0.006962 0.0001801 0.01217 -0.006992 0.004826
1341845950.255885 0.0004284 0.008389 -0.006118 0.00737 0.001652 0.001495
1341845950.287784 1.488e-05 0.00121 -0.0005284 0.001359 0.0003632 0.001042
1341845950.323864 0.003598 0.002943 0.003724 0.01653 -0.008088 0.002833
1341845950.355780 0.0008339 0.005868 -0.002098 0.02639 -0.00351 0.005027
1341845950.387911 -0.001013 0.007925 -0.00572 0.0149 0.00267 0.005199
1341845950.424265 -0.004419 0.007983 -0.00795 0.001983 0.0003218 0.00316
1341845950.455762 0.001696 0.009964 0.000772 -0.002382 -0.003255 0.002683
1341845950.487870 0.002164 0.006594 0.003084 -0.002291 0.0007623 0.002533
1341845950.523880 0.001211 0.0008038 0.005322 0.001321 -0.0005284 0.001722
1341845950.555793 0.001732 0.00327 0.005434 0.01904 -0.005455 0.003538
1341845950.587742 -0.0008043 0.008278 0.0006799 0.02869 0.001107 0.001064
1341845950.623823 -0.00016 0.007359 0.0003778 0.02136 0.001556 0.001238
1341845950.655770 0.001187 0.009176 0.001014 0.01799 0.001241 0.00185
1341845950.691815 -0.0001007 0.009791 -0.002561 0.01178 0.002558 0.002211
1341845950.756034 0.0003357 0.01356 3.05e-05 0.006837 -0.002972 -0.00341
1341845950.817895 -0.002765 0.01738 -0.0008855 0.009677 -0.00199 -0.001457
1341845950.853851 -0.0001047 0.00643 0.002457 0.002539 -0.00375 0.001996
1341845950.885881 -0.002095 0.01048 -0.003253 0.004991 -0.003553 0.00414
1341845950.917771 -0.002188 0.01158 -0.004912 0.0004816 -0.002206 -0.000679
1341845950.953822 6.325e-05 0.006739 -0.0006497 -0.003781 -0.004877 -0.002023
1341845950.985908 0.001347 0.006623 0.002538 -0.0004964 -0.005424 0.001658
1341845951.017817 0.000309 0.00686 0.002227 0.005374 -0.00341 0.004326
1341845951.053777 -0.002399 0.007881 -0.004324 0.007349 -0.0009241 -0.002997
1341845951.085819 -0.0009133 0.009846 -0.0006555 0.00653 -0.001864 -0.008861
1341845951.121819 -0.0009136 0.007251 -0.001474 0.007805 0.001275 -0.005752
1341845951.153788 -0.002285 0.009568 -0.006343 0.004854 0.001308 -0.005278
1341845951.185690 -0.0001327 0.01015 -0.0006 0.001602 0.002815 -0.004444
1341845951.221846 -0.001265 0.008445 -0.002575 -0.001108 0.006966 -0.004047
1341845951.253677 -0.001609 0.007601 -0.001672 -0.002623 0.01041 -0.004162
1341845951.289833 -0.002372 0.001114 -0.009287 -0.01605 0.01159 -0.004853
1341845951.321746 -0.002442 0.002064 0.004547 -0.007639 0.00124 -0.002153
1341845951.353781 -1.588e-05 0.00635 0.000139 0.004358 0.001653 -0.003703
1341845951.389710 -0.001448 0.01269 -0.007335 -0.0007353 0.006705 -0.002051
1341845951.421759 -0.00201 0.00606 -0.000142 -0.0122 0.006057 -0.001439
1341845951.453714 -0.001682 0.004098 0.000371 -0.007226 0.003591 -0.004081
1341845951.489750 0.0007454 0.005563 0.0002251 -0.001984 0.00246 -0.002015
1341845951.521791 -0.004775 0.003217 -0.004295 -0.00307 0.001702 0.004594
1341845951.557734 0.002687 0.006175 0.003214 0.003953 -0.005031 0.002172
1341845951.621927 0.0006061 0.01619 -0.005592 0.002935 0.0113 0.003151
1341845951.657740 0.0008519 0.003298 0.0006131 0.00441 0.003657 0.004191
1341845951.689997 -0.002574 0.009441 -0.008216 0.006186 0.007005 -0.0001813
1341845951.721802 -0.0001551 0.01101 -0.003883 -0.003406 0.008393 -0.0002189
1341845951.757837 -0.004693 -0.004738 0.005237 -0.004621 0.00656 0.003307
1341845951.789992 -0.002967 0.003595 -0.002511 0.01311 -0.002237 0.004942
1341845951.825880 -0.002337 0.009299 -0.005017 0.008799 0.002029 -0.001365
1341845951.857655 -0.004758 0.00267 -0.003486 0.001058 0.004219 0.001881
1341845951.889934 -0.0001475 0.0006365 0.001715 0.004596 -0.0003842 0.0007676
1341845951.925973 -0.0006479 0.005378 -0.004066 0.01118 0.004556 -0.0003279
1341845951.957775 -0.002236 0.002903 -0.002635 0.00478 0.005036 -0.001263
1341845951.989866 0.00115 0.0007271 6.586e-05 0.01126 0.001736 0.004806
1341845952.026044 -0.0008261 0.007287 -0.007558 0.01305 0.005959 0.001489
1341845952.057894 -0.001166 0.003451 -0.004365 0.002194 0.0054 0.0005446
1341845952.125827 0.0003239 0.009162 -0.004117 0.004296 0.001493 0.008956
1341845952.157796 -0.001356 0.003451 -0.002 -0.001866 0.002268 0.001287
1341845952.193712 0.0009241 0.001683 0.002052 -0.0005305 -0.0006858 0.001406
1341845952.225758 -0.003684 0.003783 -0.003463 0.0004219 0.0009209 0.001838
1341845952.261888 -0.001791 0.005 -0.001466 -0.003688 -0.001441 -0.003694
1341845952.293773 0.0004249 -0.001749 0.004704 -0.007185 -0.004713 0.0006885
1341845952.325830 0.001132 -0.0004606 0.004715 0.003023 -0.00787 0.001043
1341845952.361889 -0.001342 0.002447 -0.002412 0.003318 -0.005103 0.005186
1341845952.393746 -0.0004416 -0.000429 0.002424 0.0001287 -0.008542 0.002327
1341845952.425943 0.0005893 0.002264 0.001283 0.00514 -0.008048 0.001898
1341845952.461990 0.0003554 0.003767 -0.0006086 0.002349 -0.002515 0.00231
1341845952.493879 -0.0007383 -0.003083 0.0006775 0.0004667 -0.002376 0.001515
1341845952.529859 -0.001017 0.0008447 -0.00316 0.003611 -0.005849 0.0003426
1341845952.561728 0.001655 9.211e-05 0.001853 0.001541 -0.00614 -0.0008167
1341845952.593773 0.001744 -0.001623 0.002271 0.00456 -0.002845 -0.00245
1341845952.629782 -0.00118 -0.00177 -0.002158 0.00387 -0.003524 -0.001329
1341845952.661822 0.0008929 0.003078 -0.001757 0.002727 -0.001037 -0.002056
1341845952.694133 0.001662 -0.003891 0.00367 -0.00309 0.003797 -0.003413
1341845952.729992 -0.001049 -0.002871 -0.001845 0.002974 0.003671 0.0005994
1341845952.761932 -0.002641 0.002833 -0.005029 -0.003317 0.0009759 0.001715
1341845952.835955 0.005384 -0.01261 0.008978 -0.01401 -0.00957 -0.0002783
1341845952.897807 0.006469 -0.002814 0.0009677 -0.001145 -0.01062 0.009294
1341845952.929858 0.002599 -0.005694 8.644e-05 -0.00671 7.285e-05 -0.0006886
1341845952.962152 0.002847 -0.006688 0.001928 -0.005252 -0.002059 0.004663
1341845952.997732 0.005114 -0.007719 0.002792 -0.0006357 -0.001091 0.002416
1341845953.029881 0.002186 -0.003214 -0.004733 0.001753 0.00495 -0.00383
1341845953.065883 -0.0005179 -0.00435 -0.004399 -0.006612 0.005064 -0.00238
1341845953.097744 0.00457 -0.00899 0.005719 -0.005071 0.001679 -0.0008328
1341845953.130426 0.002524 -0.005154 -0.00246 0.00407 0.007626 -0.004201
1341845953.165700 -0.001546 -0.001979 -0.006957 -0.007017 0.004064 0.0005888
1341845953.197916 0.004836 -0.009908 0.006369 -0.01202 -4.789e-05 0.00221
1341845953.230076 0.001622 -0.01326 0.002085 -0.0008558 -0.003696 0.003928
1341845953.265747 0.002564 -0.0008727 -0.003032 0.006443 -0.006527 0.002244
1341845953.297823 0.003698 -0.00105 -0.00216 -0.002833 -0.0008332 -0.0001856
1341845953.333820 -0.0004977 -0.006315 -0.001812 -0.01175 -0.001453 0.006549
1341845953.398118 0.005053 -0.0126 0.0009566 -0.01522 -0.01463 0.01038
1341845953.433817 -0.001114 0.0005333 -0.003527 -0.01345 -0.004667 0.0002328
1341845953.465793 0.00354 -0.003229 0.004051 -0.01878 -0.002847 -0.001175
1341845953.501850 0.000419 -0.008743 0.003249 -0.01649 -0.002035 0.0006154
1341845953.533841 -0.001355 -0.004274 -0.002426 -0.01649 -0.007308 0.0006624
1341845953.565884 0.002343 -0.003145 0.00337 -0.02188 -0.007315 -0.003511
1341845953.601851 0.002661 -0.008926 0.00778 -0.01741 -0.005882 -0.0002232
1341845953.633727 -0.0008179 -0.005319 0.0003616 -0.01432 -0.007682 -0.001724
1341845953.665877 0.003523 -0.003561 0.005746 -0.01466 -0.008037 -0.007233
1341845953.701988 0.005054 -0.004224 0.01123 -0.007005 -0.002645 -0.005247
1341845953.733959 0.00233 -0.008729 0.005412 -0.0006885 -0.001062 0.001514
1341845953.769755 -0.0008906 -0.00618 -0.002626 0.001444 -0.001928 0.004751
1341845953.801776 0.00317 -0.002279 0.002502 -0.001666 -0.004216 -0.001669
1341845953.833838 0.004061 -0.005508 0.001903 -0.00273 0.0004357 0.002319
1341845953.869932 0.001003 -0.006918 0.0004701 -0.005265 0.0001881 0.008072
1341845953.901831 0.004948 -0.005173 0.002933 -0.001302 -0.002242 0.004334
1341845953.933922 0.00459 -0.001319 -0.004974 -0.00277 0.002451 0.001493
1341845953.969955 0.002864 -0.002934 -0.003681 -0.01313 0.004181 0.005995
1341845954.001752 0.003975 -0.009109 0.009207 -0.008871 0.001961 0.003382
1341845954.037754 0.004748 -0.00578 0.001112 0.004238 0.0006817 0.003213
1341845954.069971 0.006047 -0.001941 -0.003659 0.002438 0.003641 0.0003275
1341845954.101821 0.006489 -0.0055 0.003413 -0.00182 0.006486 -0.006541
1341845954.137723 0.003965 -0.005816 0.00172 0.003213 0.008726 -0.004694
1341845954.169776 0.001467 -0.004577 -0.003479 0.003722 0.006551 -0.001665
1341845954.201769 0.003438 -0.002118 9.759e-05 0.0006556 0.003651 -0.004463
1341845954.237931 0.002964 -0.002853 -0.0003204 0.0001 0.004337 -0.003846
1341845954.269821 -0.0001595 -0.004156 -0.002153 -0.002219 0.00364 -0.0006477
1341845954.305896 0.002652 -0.003122 0.002084 -0.0005847 -0.001589 0.000788
1341845954.337899 0.005483 -0.001687 0.002885 0.003579 -0.0008825 -0.0009962
1341845954.370323 0.0008393 -0.002566 -0.004026 0.0009774 0.0047 -0.001779
1341845954.405781 0.000458 -0.003823 2.333e-05 -0.003065 0.002487 -1.607e-05
1341845954.437770 0.009609 -0.003391 0.006896 0.002146 0.001216 -0.003874
1341845954.473700 -0.002356 -0.001512 -0.009294 -1.419e-05 0.01239 -0.004129
1341845954.505685 -0.001836 -0.005379 -0.003176 -0.01363 0.005737 -0.001573
1341845954.537884 0.006642 -0.006301 0.01054 -0.00402 -0.00115 -0.001814
1341845954.574129 0.003635 -0.00301 3.681e-05 0.007148 0.005268 -0.002906
1341845954.605772 -0.006632 -0.00152 -0.009913 -0.008771 0.007999 -0.0009725
1341845954.637774 0.004288 -0.00305 0.008068 -0.01394 0.0003758 -0.004923
1341845954.673990 0.005495 -0.003671 0.008794 -0.002571 -0.0002702 -0.003891
1341845954.705864 -0.00604 -0.002167 -0.005928 -0.003182 0.004325 0.001319
1341845954.741959 -0.002256 0.0003526 -0.0005941 -0.008031 -0.001976 0.002923
1341845954.779824 0.005989 0.0003437 0.00687 -0.005063 -0.004029 -0.00096
1341845954.815761 -0.0005237 -0.0008692 -0.003667 -0.003947 0.001562 0.0002551
1341845954.847702 -0.0004664 0.0004829 -0.002079 -0.009886 -0.001748 0.001134
1341845954.879857 0.01065 0.0003654 0.008528 -0.006658 -0.005019 -0.005484
1341845954.915883 0.006875 -0.003197 0.006211 5.291e-05 0.0001833 -0.001907
1341845954.947742 -0.003185 -0.002231 -0.005599 0.00115 0.002659 -0.000178
1341845954.979793 -0.000218 0.00243 -0.002984 -0.003843 -0.001531 -0.005286
1341845955.015775 0.006969 0.0007383 0.005229 -0.006663 -0.0009209 -0.009703
1341845955.047748 -0.001665 -0.00302 -0.003163 -0.009172 0.005848 -0.005413
1341845955.079963 -0.002029 -0.006477 0.001539 -0.009603 -0.0006799 0.0009444
1341845955.115765 0.004176 -0.002711 0.005067 -0.001051 -0.007567 -0.0008164
1341845955.147819 0.0006647 4.119e-06 -0.002702 0.0003037 -0.002244 0.0004551
1341845955.179771 0.0002735 -0.002138 -0.0002063 -0.004522 -0.0002607 0.000112
1341845955.215834 0.0001902 -0.00335 0.001224 -0.004305 -0.002202 -0.002493
1341845955.247700 0.001594 -0.001352 -0.0002753 -0.002103 -0.001329 -0.001601
1341845955.283796 -0.001507 -0.002142 -0.001799 -0.005059 0.0004276 0.002141
1341845955.315766 0.002223 -0.003431 0.002787 -0.005062 -0.002451 0.00108
1341845955.347689 -0.001039 -0.003725 -0.0004825 -0.001792 -0.002453 0.002667
1341845955.383825 0.0001106 0.001029 -0.001542 -0.002439 -0.002727 0.000766
1341845955.415689 0.002653 -0.001382 0.001752 -0.005391 -0.0006684 -0.0002655
1341845955.447780 -0.00463 -0.003149 -0.002756 -0.007453 0.002217 0.005868
1341845955.483775 -0.0006514 -0.001894 0.0008225 -0.008185 -0.005781 0.0031
1341845955.515995 0.006151 0.0003577 0.003877 -0.005794 -0.004598 -0.0006908
1341845955.547652 -0.002087 -0.001248 -0.003007 -0.008132 0.00305 0.002899
1341845955.583803 0.003173 -0.006569 0.00519 -0.009843 -0.001846 0.003845
1341845955.645874 0.001248 -0.004477 -0.002358 -0.004641 0.000262 0.003239
1341845955.677690 -0.001069 -0.002749 -0.00187 -0.008734 -0.0002768 0.0009696
1341845955.713997 0.006159 -0.002373 0.004484 -0.007103 -0.003584 -0.0004309
1341845955.745913 0.004772 -0.003262 0.00135 -0.004076 0.002121 -0.001464
1341845955.777825 -0.006743 -0.006113 -0.004978 -0.006949 0.005778 -0.002618
1341845955.814143 0.001286 -0.0038 0.0009825 -0.006051 -0.004175 -0.002833
1341845955.845690 0.006296 -0.003079 0.002836 -0.003786 -0.0008514 -0.006242
1341845955.877977 -0.007679 -0.001718 -0.007077 -0.006638 0.00673 -0.005682
1341845955.913787 -0.002811 -0.003741 -0.0003224 -0.01638 -0.002863 -0.003867
1341845955.945707 0.004346 -0.002929 0.004405 -0.01139 -0.005504 -0.003979
1341845955.981865 0.00103 -0.004854 0.002752 -0.009038 -0.0005769 -0.0006986
1341845956.013788 -0.002229 -0.009809 0.003507 -0.006497 -0.003492 0.001968
1341845956.045763 0.003527 -0.007638 0.00371 0.0005587 -0.005934 -0.0006287
1341845956.081817 -0.00203 -0.001645 -0.0036 0.002247 -0.000822 -0.005272
1341845956.113872 -0.003173 -0.001819 -0.002227 -0.006225 -0.000766 -0.009632
1341845956.145853 0.003289 -0.01195 0.00637 -0.008101 -0.003968 -0.007237
1341845956.181712 -0.001995 -0.008135 -0.0001118 0.001796 -0.003209 -0.005103
1341845956.213966 -0.001921 -0.0004521 -0.004511 0.0003427 -0.003833 -0.004943
1341845956.249720 0.003816 -0.007479 0.004469 -0.005385 -0.004552 -0.003562
1341845956.281792 0.004284 -0.01022 0.003731 0.002837 -0.001547 -0.002608
1341845956.313799 -0.0005807 -0.004178 -0.002131 0.00829 -5.586e-06 0.001714
1341845956.349790 0.001958 -0.003603 -0.001805 0.00684 0.0002006 0.0001368
1341845956.381671 0.003963 -0.00544 -0.000132 0.00544 0.002988 -0.004047
1341845956.414041 -0.0004773 -0.004503 -0.003898 0.006626 0.006526 -0.001683
1341845956.449886 -0.003192 -0.002158 -0.007069 0.002872 0.002501 0.001075
1341845956.481751 0.004654 -0.002151 -0.001506 -0.001793 0.0008737 -0.002279
1341845956.517751 0.004687 -0.007335 0.002233 -0.002133 0.004071 -0.002987
1341845956.550178 -0.003861 -0.003656 -0.008142 0.0009754 0.004981 0.0003953
1341845956.581882 -0.0005885 -0.0004168 -0.00608 -0.005583 0.002112 -0.001883
1341845956.617921 0.00163 -0.004184 -0.002735 -0.01263 0.001894 -0.004891
1341845956.649823 0.0009063 -0.006205 -0.001344 -0.01303 -0.0007508 -0.001982
1341845956.686207 0.007366 -0.005095 0.00311 -0.007637 -0.005872 0.006151
1341845956.717815 0.007452 -0.005981 0.00199 -0.002633 -0.001808 0.009276
1341845956.749871 0.0002916 -0.001214 -0.006471 -0.002594 0.005072 0.003537
1341845956.785882 -0.00316 -0.003602 -0.00529 -0.01054 0.002338 0.004155
1341845956.817915 0.005483 -0.008053 0.002148 -0.009253 -0.00316 0.002537
1341845956.849925 0.00303 -0.004363 -0.002571 -0.00483 0.002348 -0.003614
1341845956.885848 -0.004249 -0.001257 -0.0065 -0.009749 0.00256 -0.005073
1341845956.953936 0.009696 -0.02081 0.003412 -0.01507 -0.005311 -0.009475
1341845956.985677 -0.002322 -0.007656 -0.002824 0.001704 -0.0006665 0.003097
1341845957.017739 0.002496 -0.006165 -0.0005252 0.007265 -0.004454 -0.0008128
1341845957.053817 -0.001644 0.002244 -0.007566 0.002646 0.002307 -0.01193
1341845957.085894 -0.003254 -0.007828 -0.002715 -0.007486 -0.001474 -0.003705
1341845957.118069 0.001974 -0.006544 -0.0007209 -0.00166 -0.0069 -0.002713
1341845957.153924 -0.001998 0.0003138 -0.006267 -0.002325 -0.001981 -0.005493
1341845957.185730 -0.001612 -0.004854 -0.00237 -0.01166 -0.004812 -0.001719
1341845957.222219 0.005944 -0.01225 0.006808 -0.006374 -0.009292 0.003651
1341845957.253784 -0.0006578 -0.003647 -0.003583 0.003161 -0.003454 0.003227
1341845957.285979 -0.001194 -0.002366 -0.001743 -0.003858 -0.002947 0.004186
1341845957.321826 0.002295 -0.006985 0.003166 -0.002787 -0.0044 0.0004702
1341845957.353642 -0.002951 -0.003648 -0.003949 -0.00098 -0.0005731 0.000449
1341845957.385918 -0.003665 -0.003216 -0.003589 -0.003468 -0.004653 0.003919
1341845957.421801 0.002484 -0.0006144 0.0003542 -0.005748 -0.005069 -0.003081
1341845957.453856 0.001368 -0.00452 -0.000333 -0.009177 0.001962 -0.002977
1341845957.490017 -0.001817 -0.006755 -0.00125 -0.008678 0.0004389 0.00768
1341845957.521783 0.004033 -0.005117 0.002511 -0.004282 -0.003214 0.01054
1341845957.553863 0.004363 -0.00162 -0.0008244 -0.001699 0.003186 0.006132
1341845957.589817 -0.005033 -0.003679 -0.006922 -0.007211 0.007061 0.00717
1341845957.621927 0.001704 -0.006598 0.001113 -0.007642 -0.002989 0.009726
1341845957.690210 0.0001244 -0.005198 -0.005188 -0.0118 0.005749 0.0004183
1341845957.721718 -0.003224 -0.01015 -0.0005932 -0.01432 -0.0002065 0.00359
1341845957.757797 0.00166 -0.00704 0.002364 -0.004228 -0.004858 0.003007
1341845957.790095 -0.001491 -0.002762 -0.00348 -0.004437 0.0001653 -0.002945
1341845957.821762 -0.004979 -0.003932 -0.005229 -0.01644 0.00316 -0.009794
1341845957.858271 -0.001274 -0.008807 0.001096 -0.01766 -0.002384 -0.00498
1341845957.890302 -0.002108 -0.006272 -0.001609 -0.01463 -0.001957 -0.006394
1341845957.926548 -0.002973 -0.007106 -0.001849 -0.01782 -0.0006036 -0.008178
1341845957.963818 -0.002509 -0.007923 0.0001865 -0.01948 -0.002594 -0.003934
1341845957.996582 0.0004758 -0.01152 0.004598 -0.01197 -0.009036 0.005611
1341845958.028437 0.0009426 -0.005843 -0.0008784 -0.006047 -0.00608 -0.00262
1341845958.064063 -0.005581 -0.005748 -0.006364 -0.01377 0.003353 -0.01059
1341845958.096285 -0.002648 -0.01303 0.002149 -0.01643 -0.006412 0.003552
1341845958.163750 0.002232 -0.01236 -0.003685 -0.01369 -0.007586 -0.01095
1341845958.225916 -0.002639 -0.02017 -0.002875 -0.02091 0.000924 -7.395e-05
1341845958.257855 -0.0002909 -0.002986 -0.003801 -0.005855 0.002446 -0.004855
1341845958.293941 -0.001597 -0.007418 -0.001445 -0.01241 0.006304 -0.004673
1341845958.325982 -0.00468 -0.007418 -0.00276 -0.009333 4.166e-05 -0.0002704
1341845958.357886 0.001441 -0.004921 0.0002788 -0.008944 -0.00381 -0.003789
1341845958.393794 -0.0008934 -0.003818 -0.001871 -0.01423 0.004773 -0.01488
1341845958.425833 -0.0009537 -0.008896 0.001762 -0.01634 0.003744 -0.006452
1341845958.461910 0.002053 -0.009421 0.005119 -0.00735 -0.006296 0.001437
1341845958.493906 -0.0005092 -0.002794 -0.002191 -0.007205 0.0005557 -0.01369
1341845958.525948 0.0009497 -0.006929 0.001238 -0.01493 0.007678 -0.01264
1341845958.561735 0.004311 -0.01328 0.009557 -0.008368 -0.0022 0.007086
1341845958.593854 0.003179 -0.01132 0.006026 0.005948 -0.004775 0.01049
1341845958.625936 -0.002338 0.0007676 -0.008611 0.0001162 0.005838 -0.01241
1341845958.661751 0.001073 -0.01407 0.005878 -0.015 0.004072 -6.949e-05
1341845958.693866 0.003931 -0.01527 0.007679 0.001054 -0.004542 0.006647
1341845958.729747 -0.0007594 -0.00441 -0.002112 0.005514 0.002222 -0.003558
1341845958.761798 -0.004003 -0.005028 -0.004793 -0.004773 0.003395 -0.01554
1341845958.793976 -0.001022 -0.006957 0.0001526 -0.01086 0.0006724 -0.0127
1341845958.836099 0.004461 -0.01095 0.008451 -0.005966 -0.004951 0.00445
1341845958.872548 -0.001654 -0.003647 -0.001757 0.002166 -0.0005089 -0.00367
1341845958.905812 -0.001879 -0.004008 -0.0009704 -0.008361 0.004367 -0.008197
1341845958.936045 0.001332 -0.008494 0.005009 -0.007846 0.0008284 0.003086
1341845958.967857 0.002139 -0.009593 0.005945 0.0006318 -0.002058 0.01052
1341845959.003881 -0.002648 -0.003146 -0.003553 0.003009 0.001989 -2.394e-05
1341845959.035807 -2.397e-05 -0.007014 0.000821 -0.003787 0.002081 -0.002228
1341845959.067708 -0.0006883 -0.01299 0.002599 -3.45e-05 -0.003688 0.005936
1341845959.103767 0.0001151 -0.00326 -0.0005447 0.006507 -0.004372 -0.0002801
1341845959.135750 -0.00268 -0.00105 -0.005655 -0.004682 0.00366 -0.01436
1341845959.172042 0.00177 -0.009867 0.002493 -0.01279 0.001105 -0.001246
1341845959.203734 0.00361 -0.01077 0.005417 -0.003395 -0.006498 0.01052
1341845959.235702 0.004453 -0.001979 0.002606 0.002842 -0.00149 0.005134
1341845959.271710 0.0004035 -0.004646 -0.002689 -0.004123 0.009486 -0.003086
1341845959.303719 -0.002941 -0.008521 -0.003138 -0.005525 0.001584 0.006378
1341845959.339991 0.000374 -0.00278 -0.0007128 -0.002994 -0.00614 0.005308
1341845959.371830 0.003186 0.0004947 0.001931 -0.01296 0.005092 -0.01643
1341845959.403707 -0.001477 -0.008332 -0.002225 -0.01852 0.007749 -0.007258
1341845959.440061 0.001727 -0.008828 0.004027 -0.01211 -0.006532 0.00628
1341845959.471779 0.004216 -0.003407 0.004835 -0.005168 -0.005291 -0.002019
1341845959.507756 0.0005641 -0.001732 -0.001314 -0.007506 0.003709 -0.0114
1341845959.539837 0.0008648 -0.007054 0.002064 -0.01074 0.0002543 -0.0002459
1341845959.571785 0.005147 -0.006392 0.006732 -0.004608 -0.003401 0.002141
1341845959.607783 -0.001977 4.25e-05 -0.006079 -0.004217 0.004955 -0.00885
1341845959.639762 0.0007679 -0.006388 0.0007332 -0.01066 0.001967 -0.0006248
1341845959.671901 0.00229 -0.00635 0.002274 -0.006578 -0.002246 0.00389
1341845959.707824 0.0006942 -0.00318 -0.001176 -0.006149 0.0006649 -0.003775
1341845959.740041 0.001678 -0.006577 0.001415 -0.00878 0.002186 -0.004046
1341845959.776084 -0.001404 -0.004757 -0.00278 -0.008774 0.002012 -0.006922
1341845959.807848 -0.0002186 -0.007914 0.0005159 -0.01172 0.0003879 -0.007728
1341845959.839796 0.00286 -0.009266 0.005384 -0.009119 -0.002379 -0.003561
1341845959.875965 0.0003517 -0.008451 0.002107 -0.002425 -0.003088 -3.501e-05
1341845959.907911 -0.0004653 -0.005229 0.0008005 -0.004393 -0.0001015 -0.005147
1341845959.939861 0.001361 -0.0105 0.004676 -0.004581 -0.0006152 -0.005369
1341845959.975710 0.001384 -0.009915 0.004606 0.0001516 -0.002706 -0.001002
1341845960.007688 -0.0002375 -0.007918 0.001399 0.004759 -0.001827 0.003085
1341845960.039963 -0.002952 -0.00276 -0.005383 0.001532 0.001364 -0.0086
1341845960.075794 -0.002415 -0.007595 -0.001416 -0.006422 -0.001455 -0.004489
1341845960.107770 0.004396 -0.01013 0.009946 -0.003824 -0.006238 0.001888
1341845960.144033 7.1e-05 -0.006071 -0.0001946 0.002584 6.112e-05 -0.002013
1341845960.175727 -0.006348 -0.002652 -0.008722 -0.003605 0.003325 -0.004857
1341845960.207727 0.002767 -0.01302 0.008073 -0.00521 -0.00382 0.006681
1341845960.243768 -0.0006376 -0.004074 -0.003442 0.006565 -0.0006413 0.00118
1341845960.275774 -0.006147 -0.001654 -0.0108 -0.003394 0.001332 -0.006912
1341845960.307922 0.004954 -0.009089 0.009156 -0.00796 -0.005113 0.001812
1341845960.343783 0.002307 -0.006713 0.002946 0.003647 -0.001894 0.002236
1341845960.375748 -0.006706 2.791e-05 -0.0107 0.0007026 0.003284 -0.004153
1341845960.407669 -0.001814 -0.00521 0.0002157 -0.007131 -0.003375 -0.002822
1341845960.443816 0.002047 -0.003785 0.002631 -0.00367 -0.0026 -0.002417
1341845960.475859 -0.001544 -0.003896 -0.002436 -0.00342 0.0001019 0.0006433
1341845960.507864 -0.005722 -0.002172 -0.008216 -0.003618 -0.0009619 0.0008434
1341845960.543808 0.0007616 -0.002226 0.003592 -0.007242 -0.002228 -0.0005932
1341845960.575920 0.001886 -0.003926 0.005628 -0.003382 0.005241 -6.412e-05
1341845960.611822 -0.006399 -0.00241 -0.005313 -0.001823 0.008602 0.001186
1341845960.675868 -0.006932 -0.0007694 -0.002027 -0.007526 0.009207 -0.001768
1341845960.738006 -0.0004841 -0.005083 0.001349 0.007276 0.002385 0.01498
1341845960.773767 0.003884 0.001506 0.003532 0.001322 -0.0003025 -0.002352
1341845960.805854 0.00185 -0.0007634 0.0007583 0.002155 0.0006077 -0.00367
1341845960.837918 0.004189 0.0006067 0.002753 0.001851 -0.003805 0.003336
1341845960.873825 0.002176 0.001004 0.001079 0.004203 -0.00313 0.0006124
1341845960.905884 -0.004132 0.005152 -0.007637 -0.0001274 -0.0006105 -0.00603
1341845960.941780 0.005977 -0.0003829 0.008872 -0.005761 -0.006503 0.002941
1341845960.973838 0.00421 0.00196 0.006251 0.004204 -0.0008277 0.0007005
1341845961.006150 -0.008939 0.009979 -0.01506 0.003225 0.00549 -0.00533
1341845961.041828 -0.00198 0.004723 -0.001236 -0.007317 -0.002376 0.001218
1341845961.073796 0.000964 0.001604 0.0008286 -0.00437 -1.161e-05 -0.001381
1341845961.110987 -0.003343 0.004845 -0.006397 -0.003788 0.004299 -0.0002027
1341845961.141834 -0.003278 0.003118 -0.003716 -0.004478 0.00135 0.00766
1341845961.173863 -0.002202 0.005174 -0.003345 -0.001711 0.002533 0.002701
1341845961.209891 -0.009731 0.007461 -0.01343 -0.00552 0.006696 -0.00419
1341845961.242098 -0.004192 0.003429 -0.00212 -0.009692 0.001645 0.001757
1341845961.273933 -0.0003807 -0.0001445 0.001873 -0.001345 0.001176 0.006856
1341845961.310022 -0.005341 0.008513 -0.007707 0.00626 0.003699 0.00378
1341845961.341758 -0.002203 0.006172 -0.001199 0.004205 0.001431 0.003303
1341845961.378106 -0.001925 0.003637 0.0006126 0.01278 0.0007016 0.003533
1341845961.409796 -0.004346 0.01114 -0.00705 0.01814 0.004515 -0.0006693
1341845961.441821 -0.001225 0.00601 -0.000167 0.01531 0.00203 0.001469
1341845961.477824 -0.003742 0.009603 -0.007272 0.02019 0.001787 0.002969
1341845961.509791 -0.003579 0.01311 -0.009243 0.01404 0.003392 -0.006947
1341845961.541896 0.0001092 0.009885 -0.003519 0.01167 0.004221 -0.006769
1341845961.577897 -0.003343 0.01567 -0.01001 0.01134 0.002758 -0.006379
1341845961.609802 0.007491 0.009029 0.009394 0.009186 -0.0008775 0.0007662
1341845961.645986 0.0001305 0.01149 -0.004562 0.01794 0.004613 0.001571
1341845961.677834 -0.008343 0.02203 -0.02036 0.01442 0.004589 -0.006034
1341845961.709764 0.009462 0.01118 0.01242 0.00557 -0.003627 0.00124
1341845961.745888 0.003504 0.01006 0.001079 0.01336 0.0007384 0.001461
1341845961.778055 -0.001105 0.01723 -0.009108 0.01194 0.000664 -0.004619
1341845961.809850 0.005346 0.01275 0.004448 0.00768 -0.003806 0.001327
1341845961.845697 0.003817 0.0123 -0.00109 0.009374 -0.00211 -0.003713
1341845961.877872 0.005925 0.01441 0.001319 0.007767 -0.0009473 -0.005237
1341845961.913718 0.007807 0.009483 0.00619 0.0101 -0.004845 0.00678
1341845961.945896 0.005366 0.01476 -0.002494 0.01393 -0.0002826 0.0006939
1341845961.977939 0.003184 0.01736 -0.006635 0.009196 0.007053 -0.007023
1341845962.013984 -0.0011 0.01141 -0.0009407 0.005492 0.001895 0.002319
1341845962.046683 0.007089 0.0149 0.002933 0.008207 -0.003958 0.005418
1341845962.078169 0.00499 0.01653 -0.000566 0.008836 0.002047 0.001125
1341845962.114007 -0.0007663 0.02045 -0.007239 0.006272 -0.0006039 -0.0008356
1341845962.145797 0.008144 0.01556 0.004819 -0.0003456 -0.005195 -0.001051
1341845962.182026 0.0069 0.01229 0.003541 0.004785 -0.002119 0.003738
1341845962.214096 0.006331 0.01608 0.001521 0.007926 -0.003084 0.005701
1341845962.245784 0.008121 0.0129 0.004678 0.008165 -0.003279 0.004895
1341845962.281938 0.004962 0.01776 -0.00229 0.01021 -0.002739 0.001512
1341845962.313944 0.00795 0.01554 0.003972 0.007118 -0.005291 0.005895
1341845962.349929 0.009375 0.01144 0.004507 0.01029 -0.007387 0.0081
1341845962.381891 0.01369 0.02989 -0.007822 0.01315 -0.005185 -0.003714
1341845962.413742 0.00946 0.01514 0.004482 0.0004356 0.001035 -0.0008563
1341845962.449828 0.0123 0.01345 0.003107 0.006742 -0.0004295 0.004327
1341845962.487817 0.007754 0.0155 0.0008437 0.009006 0.002442 0.005353
1341845962.549874 0.01762 0.02962 -0.001233 0.01851 -0.007179 0.005874
1341845962.581942 0.008671 0.01815 -0.003568 0.004914 -0.005338 -0.003348
1341845962.617866 0.01091 0.01249 0.0009641 0.0008609 -0.007877 -0.0001657
1341845962.649869 0.009774 0.01153 0.000787 0.000888 -0.005842 0.0005691
1341845962.682115 0.01006 0.0089 0.003226 0.004566 -0.004214 0.004311
1341845962.717940 0.006156 0.01599 -0.002655 0.005882 -0.002895 0.005097
1341845962.749929 0.009255 0.007784 0.004687 0.003137 -0.003725 0.01047
1341845962.781986 0.006914 0.01188 0.0006351 0.005937 -0.001058 0.003466
1341845962.817763 0.002227 0.008508 0.001405 0.004617 -0.002354 0.00483
1341845962.849755 0.005308 0.01016 -0.001655 0.004203 -0.006704 0.003358
1341845962.885818 0.009777 0.006611 0.004676 0.001952 -0.0033 -0.001322
1341845962.918631 0.004795 0.005785 0.002798 0.004828 0.0006487 0.0004516
1341845962.964414 0.002275 0.001609 0.001026 0.01002 -0.005558 0.008258
1341845963.017793 0.01794 0.01041 0.000638 0.02828 -0.008951 -0.0001797
1341845963.085942 0.001244 0.004681 0.001421 0.0256 -0.003453 0.01012
1341845963.117888 0.004863 0.01181 -0.00111 0.01817 -0.005192 0.0003884
1341845963.154202 0.0005477 0.009437 -0.001957 0.007778 -0.0005404 -0.001825
1341845963.185770 0.001904 0.002888 0.00106 0.006199 -0.005427 0.004921
1341845963.217782 0.004399 0.005261 1.23e-05 0.008422 -0.006226 0.006472
1341845963.253885 0.003506 0.005819 -0.001788 0.008403 -0.003428 0.001876
1341845963.285844 -0.0003025 0.007705 -0.004313 0.005755 -0.001718 0.002537
1341845963.321913 3.783e-05 -0.0003717 0.002343 0.004674 -0.006117 0.008998
1341845963.353695 0.006273 -0.001637 0.003335 0.0143 -0.008214 0.005066
1341845963.385792 -0.0002854 0.01123 -0.006261 0.01834 -0.00189 -0.00314
1341845963.421875 -0.004848 0.002817 -0.005597 0.008168 -0.004526 0.0001736
1341845963.453923 -0.0003442 0.00229 -0.004063 0.01112 -0.01064 -0.001251
1341845963.485900 -0.004365 0.007644 -0.01498 0.007277 -0.009368 -0.009655
1341845963.521709 -0.003694 0.00436 -0.006111 -0.002655 -0.01541 -0.004844
1341845963.553742 0.003015 -0.0002623 -0.002494 -0.002563 -0.02221 -0.001642
1341845963.589977 0.003111 0.002886 -0.006843 -0.0008801 -0.0217 -0.001115
1341845963.621850 0.006861 4.568e-05 0.001557 -0.002679 -0.02372 0.002806
1341845963.654421 0.009116 -0.002112 -0.002119 0.001801 -0.02179 0.002508
1341845963.690029 0.008614 0.003488 -0.007783 0.002887 -0.01545 -0.004204
1341845963.721864 0.007643 -0.0001846 -0.001341 -7.483e-05 -0.0153 -0.001887
1341845963.753762 0.009561 -0.004506 0.003674 0.003432 -0.01647 -0.0004678
1341845963.790051 0.009092 -0.00015 -0.002629 0.01145 -0.01292 -0.002569
1341845963.821840 0.007441 0.002071 -0.00512 0.008027 -0.01022 -0.001131
1341845963.857878 0.008125 -0.000306 -0.002386 0.00553 -0.01136 -0.0001764
1341845963.891494 0.008711 0.001515 -0.003864 0.005612 -0.009142 -0.002202
1341845963.922038 0.006249 -0.001654 -0.00079 0.002445 -0.007844 0.003038
1341845963.957711 0.00702 -0.002266 -8.583e-05 0.008235 -0.01194 0.007043
1341845963.989918 0.00827 0.003663 -0.005412 0.00523 -0.009689 -0.001989
1341845964.021882 0.005528 0.002425 -0.004337 -0.006988 -0.008554 -0.008116
1341845964.057871 0.007689 -0.006582 0.009888 -0.006469 -0.01229 -0.001183
1341845964.089943 0.003563 -0.006337 0.001961 0.006721 -0.0136 0.001989
1341845964.125808 0.004397 0.01035 -0.01388 0.007424 -0.01509 -0.004213
1341845964.157672 0.008201 -0.0009553 -9.066e-05 -0.0143 -0.01447 -0.004238
1341845964.189845 0.006077 -0.006958 0.01098 -0.005627 -0.01343 0.0008393
1341845964.225746 0.007527 0.0003654 -0.005041 0.003902 -0.01806 0.000739
1341845964.257798 0.007115 -1.481e-07 -0.002722 -0.003667 -0.01142 -0.001572
1341845964.290067 0.008927 -0.004723 0.006324 -0.002197 -0.008815 -0.004562
1341845964.325751 0.005025 -0.0008323 -0.004427 0.003598 -0.003937 -0.004516
1341845964.357836 0.004018 0.001613 -0.002986 -0.002273 -0.01024 -0.002247
1341845964.399837 0.007299 -0.001765 0.003087 -0.00349 -0.01201 -0.005089
1341845964.458009 0.006183 -0.001439 0.003128 0.003266 -0.01759 -0.004437
1341845964.493690 0.007481 0.003327 -0.001609 0.001525 -0.01457 -0.00032
1341845964.525868 0.004515 0.003555 -0.001158 -0.005321 -0.008169 -0.01083
1341845964.561820 0.001358 -0.0009612 0.01363 -0.007234 -0.01188 -0.006953
1341845964.593698 0.005604 -0.002031 0.01387 0.002243 -0.01543 0.002165
1341845964.625703 0.01056 0.002041 0.001895 0.007447 -0.01103 0.0009186
1341845964.661788 0.005974 0.00534 -0.002127 0.0006219 -0.005882 -0.002978
1341845964.693836 0.004514 -0.0006942 0.007863 -0.005184 -0.01519 -0.0007255
1341845964.725966 0.01179 0.0003696 -0.002493 -0.001749 -0.01785 -0.0002888
1341845964.761841 0.00915 0.002293 -0.004648 -0.005199 -0.01085 -0.003815
1341845964.793975 0.006356 -0.002213 0.005498 -0.007436 -0.01272 -0.002608
1341845964.829971 0.009446 -0.0002759 0.0005092 0.0003467 -0.01463 0.0005801
1341845964.861928 0.01042 -0.000575 0.0003323 -0.0004648 -0.006861 0.002483
1341845964.893679 0.008576 -0.001101 0.001857 0.004463 -0.001219 3.133e-05
1341845964.929863 0.005892 0.003883 -0.006286 0.003537 -0.0006504 -0.001971
1341845964.961832 0.007303 -0.0004281 0.002325 -0.001614 -0.006826 -0.0004094
1341845965.029810 0.01465 0.006805 -0.004902 -0.002347 -0.006508 -0.006907
1341845965.061873 0.00562 -0.0009071 0.00681 -0.009069 -0.01055 -0.001648
1341845965.097818 0.007376 -0.0002044 0.002636 -0.001328 -0.009119 0.00173
1341845965.130110 0.006937 0.002315 -0.002076 -0.0007301 -0.007136 0.002501
1341845965.162645 0.005232 0.00116 0.004433 -0.001623 -0.01101 0.002098
1341845965.198514 0.00818 0.0003961 0.003059 0.001136 -0.01456 0.0007175
1341845965.230304 0.009602 0.0008625 -0.0005717 0.002657 -0.01122 -0.001448
1341845965.298444 0.01374 0.0006568 -0.0007428 0.00355 -0.02767 -0.002404
1341845965.331043 0.0109 -2.695e-05 0.0009399 0.0005809 -0.0151 -0.005809
1341845965.366018 0.00571 -0.0004883 0.0007323 0.002318 -0.01236 -0.004618
1341845965.398649 0.007852 0.001151 -0.004368 0.002578 -0.01705 -0.00205
1341845965.431881 0.01136 0.001019 -0.001046 -0.0006733 -0.01815 -0.003619
1341845965.466122 0.009635 -0.001556 0.005625 0.001102 -0.01271 -0.005055
1341845965.498735 0.006962 -0.0006003 -0.0001362 0.004734 -0.01222 -0.00402
1341845965.538924 0.01144 -0.0009506 0.0006262 0.004491 -0.01513 -0.005224
1341845965.574497 0.01075 2.06e-06 -0.002078 0.005934 -0.01005 -0.01055
1341845965.604085 0.006823 0.0006959 -0.001564 0.002275 -0.008998 -0.01099
1341845965.640215 0.006718 -0.0004639 0.002548 0.001202 -0.01455 -0.006651
1341845965.671775 0.01143 -3.362e-05 -0.004157 0.001132 -0.01401 -0.006696
1341845965.703769 0.007166 -0.0006884 0.001988 -0.002269 -0.0106 -0.008005
1341845965.739932 0.007608 -0.001541 0.003909 -8.118e-05 -0.0116 -0.004173
1341845965.771986 0.006922 -0.001265 0.002629 0.002146 -0.01094 -4.955e-05
1341845965.803746 0.01053 -0.001055 -0.001726 0.00218 -0.008966 0.001434
1341845965.840020 0.01041 0.000352 -0.00406 -0.0004253 -0.004103 -0.003263
1341845965.871716 0.003033 -0.002093 0.005351 -0.001522 -0.001308 -0.002127
1341845965.907848 0.005182 -0.002402 0.003116 0.002886 -0.005198 0.002737
1341845965.939897 0.01228 0.001044 -0.005444 0.001914 -0.002499 -0.001138
1341845965.971777 0.002833 -0.0006115 0.001312 -0.001701 0.004031 -0.004393
1341845966.007712 0.0004536 -0.00232 0.005316 -0.0006977 -0.001542 0.0001741
1341845966.039925 0.008121 -0.002885 0.00324 0.004724 -0.001783 0.002912
1341845966.071842 0.007341 0.0005216 -0.005708 0.004792 0.006345 -0.0003779
1341845966.107724 -0.002409 -0.0008824 0.002182 0.001886 0.006341 -0.0006943
1341845966.139710 0.003487 -0.0004864 -0.001468 0.001612 -0.0005621 0.001788
1341845966.171793 0.004385 -0.001916 0.004629 0.0009744 0.00502 0.001402
1341845966.207829 -0.002737 -0.0003996 0.0004175 0.003836 0.01014 0.002371
1341845966.239904 -0.0003657 0.0007353 -0.002186 0.001403 0.003297 0.002741
1341845966.275869 0.002147 -0.003299 0.008432 0.001607 0.006385 0.0001122
1341845966.307882 -0.004719 -0.0006757 0.0006931 0.007838 0.01367 -0.001557
1341845966.339897 -0.004826 -0.0005212 -0.002232 0.004375 0.008576 0.0001867
1341845966.375773 0.007229 -0.002258 0.0009598 0.003618 0.008466 -0.004676
1341845966.408401 -0.005673 0.0004816 0.004903 0.006393 0.0234 -0.004444
1341845966.470009 -0.01831 0.0002293 -0.004645 0.006309 0.01692 0.01277
1341845966.502100 -0.006345 0.001822 -0.001613 -0.003625 0.01289 -0.003311
1341845966.537769 -0.01448 -0.0001472 0.007695 -0.002963 0.009352 0.002227
1341845966.570051 -0.00775 0.0004551 0.001006 0.0008463 0.001112 0.007038
1341845966.605694 -0.003599 0.00225 -0.004563 -0.001585 0.01131 0.003262
1341845966.637893 -0.0149 3.287e-05 0.004556 -0.003361 0.01784 0.003215
1341845966.669930 -0.01284 0.0005113 0.0064 0.0009133 0.006799 0.01183
1341845966.705984 -0.006073 0.0002022 -0.002504 0.001573 0.007963 0.011
1341845966.737793 -0.0108 0.0008368 -0.000752 -0.0005233 0.01823 0.005782
1341845966.773893 -0.01429 -0.0007882 0.004949 -0.001145 0.01115 0.007843
1341845966.806068 -0.006531 -0.002384 0.005181 0.001365 0.00723 0.01094
1341845966.837941 -0.007646 -0.001307 0.0009405 0.002594 0.019 0.006315
1341845966.873813 -0.01364 -0.002605 0.005377 0.005151 0.01902 0.007856
1341845966.905683 -0.008316 0.001097 -0.002538 0.005476 0.01115 0.009417
1341845966.937810 -0.004968 0.0001412 0.0002714 0.000713 0.01569 0.005948
1341845966.973800 -0.01089 -0.0001995 -0.001272 -0.001127 0.01826 0.001705
1341845967.005805 -0.008193 -0.001088 0.001605 -0.001771 0.01021 0.003539
1341845967.042225 -0.00283 -0.002877 0.005927 -6.777e-05 0.012 0.002053
1341845967.073828 -0.007576 -0.001129 0.001175 0.004669 0.01931 -0.002293
1341845967.105887 -0.009114 0.0002315 -0.002494 0.003359 0.01348 0.0004714
1341845967.141740 -0.002491 -0.001003 0.0008279 0.001122 0.01172 0.002887
1341845967.173814 -0.005133 -0.002631 0.003847 0.002701 0.02061 0.001436
1341845967.205958 -0.009903 -0.0005234 3.158e-05 0.00618 0.0182 0.002649
1341845967.241684 -0.005278 -0.0003165 -0.001578 0.004215 0.01032 0.006457
1341845967.273869 -0.005044 0.0002912 -0.002986 0.002946 0.01648 0.0003982
1341845967.310009 -0.008764 0.0001742 -0.003415 -5.845e-05 0.01576 -0.001539
1341845967.341721 -0.006205 -0.002777 0.002811 -0.001741 0.009598 0.003077
1341845967.373873 -0.004464 -0.002594 0.0008326 0.003143 0.0115 0.002933
1341845967.409855 -0.007861 -0.0001677 -0.004149 0.003765 0.01424 0.0004459
1341845967.441891 -0.009104 -0.002612 -0.0004474 0.001908 0.008902 0.007175
1341845967.473782 -0.00753 -0.0011 -0.003164 0.003559 0.003834 0.005081
1341845967.509844 -0.006147 -0.0005755 -0.003398 0.0009522 0.007718 -0.002344
1341845967.541835 -0.01075 -0.002745 -0.001049 -0.001044 0.009013 0.0006615
1341845967.583843 -0.01091 -0.002422 -0.001657 0.002455 7.291e-05 0.006764
1341845967.641865 -0.0141 -0.006549 0.000224 0.003289 0.008832 0.01038
1341845967.677848 -0.01025 -0.002419 -0.002326 0.01477 0.00397 0.01511
1341845967.709875 -0.00809 0.00211 -0.006365 0.01077 0.0003618 0.008465
1341845967.745878 -0.007022 0.0009317 -0.005372 -0.0008876 0.005166 -0.004383
1341845967.778746 -0.009787 -0.002081 0.001136 -0.004422 0.007074 -0.002974
1341845967.809778 -0.008099 -0.003269 0.002937 0.0034 0.0006737 0.005412
1341845967.845933 -0.005231 -0.0002287 -0.003406 0.00509 0.006552 -0.0006431
1341845967.878439 -0.008219 -0.0004123 -0.0004935 0.002202 0.01195 -0.002414
1341845967.910100 -0.01 0.0006299 -0.001268 0.005298 0.005581 0.009455
1341845967.945831 -0.005952 -0.0004817 -0.001459 0.003354 0.004211 0.007008
1341845967.977896 -0.00745 0.001468 -0.004302 0.0002519 0.01287 -0.001397
1341845968.013873 -0.009955 0.0007378 -0.002502 -0.003647 0.01041 0.002396
1341845968.046014 -0.007445 -0.001199 0.002286 -0.003674 0.007785 0.006476
1341845968.077840 -0.006533 -0.001792 0.003244 0.0003418 0.009783 0.002019
1341845968.113779 -0.007277 -0.0002692 0.0004627 0.003052 0.01253 0.002781
1341845968.146343 -0.007765 -0.001768 0.002378 0.004265 0.01171 0.01112
1341845968.178020 -0.006898 -0.002689 0.0009806 0.00821 0.01262 0.007554
1341845968.213838 -0.00959 0.001322 -0.005582 0.006289 0.01684 0.002902
1341845968.245986 -0.01016 -0.001006 -0.0005267 0.0001823 0.01517 0.006925
1341845968.281755 -0.009972 -0.001934 0.001854 0.0009784 0.01286 0.007817
1341845968.313859 -0.01058 8.831e-05 -0.002527 0.001244 0.01229 0.005605
1341845968.381845 -0.01821 -0.001977 0.007792 -0.01604 0.03011 0.009879
1341845968.413829 -0.008887 -0.00413 0.007725 0.000695 0.01619 0.01113
1341845968.445783 -0.01372 -0.001283 -0.002959 0.002642 0.01594 0.01246
1341845968.481950 -0.01071 0.002319 -0.002136 -0.003842 0.01553 0.002094
1341845968.513880 -0.009172 -0.001974 0.004949 -0.009846 0.02042 0.001388
1341845968.549874 -0.008324 -0.00812 0.01027 -0.003978 0.01295 0.01628
1341845968.581797 -0.01152 -0.0006926 0.001286 0.009592 0.01027 0.01574
1341845968.613836 -0.01391 0.004793 -0.006659 0.001659 0.0161 -9.51e-05
1341845968.649866 -0.01311 -0.003011 0.003956 -0.0101 0.01444 0.002832
1341845968.681800 -0.01051 -0.006205 0.009465 -0.0004729 0.001602 0.01016
1341845968.713888 -0.01219 0.001375 -0.001912 0.005679 0.004162 0.00224
1341845968.749871 -0.01539 0.0003231 -0.001675 -0.002917 0.008132 -0.002699
1341845968.781921 -0.01027 -0.004507 0.00773 -0.003662 0.001129 0.002088
1341845968.817754 -0.01153 -0.002385 0.00286 0.00608 5.608e-05 0.007965
1341845968.850259 -0.01401 0.002848 -0.00503 0.00441 0.005046 -0.0002098
1341845968.881826 -0.01346 -0.002009 0.0009469 -0.005939 0.004892 0.0002248
1341845968.917722 -0.009447 -0.003904 0.007002 -0.000487 -0.0002048 0.005231
1341845968.949889 -0.01209 -0.001434 -0.001436 0.005379 0.003299 0.003507
1341845968.985958 -0.01401 0.0001528 -0.004622 0.000642 0.005344 0.0008538
1341845969.017732 -0.01105 -0.002599 0.002321 -0.001852 0.00232 0.004621
1341845969.049916 -0.009736 -0.001887 0.002272 0.003744 0.002295 0.005893
1341845969.085845 -0.01342 -0.001705 -0.004875 0.004817 0.00609 0.006465
1341845969.117802 -0.01489 -0.0005317 -0.006489 0.0001956 0.003505 0.004443
1341845969.149856 -0.01216 -0.001047 -0.001925 -0.004463 0.001116 0.002325
1341845969.185864 -0.01175 -0.003032 -0.0008387 -0.002217 0.002902 0.000958
1341845969.217819 -0.01443 -0.001697 -0.005389 -0.001094 0.00183 0.003931
1341845969.254025 -0.01357 -0.0008144 -0.005414 -0.003859 -0.0007142 0.003674
1341845969.317925 -0.0238 -0.00515 -0.004419 -0.007083 0.003229 0.008
1341845969.353755 -0.009924 -0.002782 -0.0004834 0.004216 0.00277 0.01166
1341845969.386150 -0.0101 0.0009223 -0.005609 0.007537 0.008237 0.008941
1341845969.417886 -0.01143 0.001033 -0.005949 0.0003586 0.008647 0.008757
1341845969.453876 -0.009943 0.0007492 -0.0007807 -0.002049 0.001649 0.009123
1341845969.485873 -0.006911 0.0009078 -0.001966 -0.001646 0.001465 0.00618
1341845969.521785 -0.004108 0.0008797 0.0004407 -0.002942 0.009232 -0.001073
1341845969.553864 -0.007264 -0.00192 0.005203 -0.0003764 0.01023 0.002943
1341845969.585920 -0.006486 -0.00115 0.001738 0.007084 0.003862 0.006701
1341845969.621808 -0.007416 0.002678 -0.006693 0.003258 0.006466 -0.005399
1341845969.653912 -0.008122 0.001332 -0.003314 -0.009795 0.009923 -0.01211
1341845969.685996 -0.007344 -0.001735 0.00622 -0.008991 0.001984 -0.002361
1341845969.721838 -0.00504 -0.002627 0.004164 0.001268 0.00216 -0.001438
1341845969.753718 -0.008428 0.0003145 -0.004338 0.003254 0.009842 -0.0001962
1341845969.789954 -0.009101 -0.001203 0.001731 -0.0004984 0.006497 0.004875
1341845969.821781 -0.007947 -0.00314 0.003294 0.003346 0.005003 0.005666
1341845969.853649 -0.008718 -0.0008611 -0.002825 0.005475 0.009024 0.001619
1341845969.889965 -0.0104 -0.0006696 -0.003788 -0.0003371 0.01308 0.001134
1341845969.922004 -0.009261 -0.001253 0.003698 -0.0009682 0.0104 0.001085
1341845969.957892 -0.007608 -0.0001479 0.00118 0.001495 0.01485 0.0008035
1341845969.989937 -0.009994 -0.0007632 -0.0003267 -3.041e-05 0.01827 2.687e-05
1341845970.021841 -0.009734 -0.001037 0.004823 0.001428 0.009799 0.006409
1341845970.057886 -0.01021 0.0003009 -0.002075 0.002166 0.00985 0.004076
1341845970.089962 -0.01235 0.0007039 -0.003614 -0.005276 0.01661 0.0001397
1341845970.121869 -0.01196 -0.001799 0.00666 -0.007598 0.01218 0.005125
1341845970.158120 -0.01152 -0.001971 0.008151 -0.001016 0.007615 0.008106
1341845970.189970 -0.0132 -0.002014 0.001121 0.003191 0.01083 0.006664
1341845970.225844 -0.0143 -0.001192 -0.001866 -5.696e-05 0.009906 0.008251
1341845970.258244 -0.01162 -0.0009061 0.001127 -0.002845 0.01221 0.007966
1341845970.289882 -0.0105 -0.002932 0.009868 -0.001135 0.01577 0.001493
1341845970.325836 -0.01037 -0.003196 0.007142 0.006824 0.008337 0.01042
1341845970.357771 -0.008837 -0.0009555 -0.002961 0.007059 0.006496 0.01322
1341845970.400198 -0.006548 -0.001156 0.0009576 0.003059 0.02174 0.001346
1341845970.432233 -0.009942 -0.003235 0.008585 0.004413 0.0241 -0.00128
1341845970.464489 -0.009496 -0.002463 -0.000457 0.005904 0.007002 0.01153
1341845970.500675 -0.006724 0.002377 -0.006567 -0.001275 0.01003 0.003674
1341845970.532407 -0.01029 -0.001138 -0.002839 -0.01876 0.02215 -0.01358
1341845970.567803 -0.009141 -0.004494 0.007731 -0.01384 0.004464 -0.002831
1341845970.600041 -0.007344 0.0009757 -0.002954 -0.005512 0.001677 -0.0005896
1341845970.631820 -0.00707 -0.0005688 0.002672 -0.01341 0.01355 -0.01232
1341845970.667826 -0.006618 -0.004404 0.01051 -0.003106 0.005571 -0.002316
1341845970.699966 -0.007731 -0.0004992 -0.00424 0.007547 0.002607 0.007471
1341845970.735804 -0.009421 0.001987 -0.008292 -0.003498 0.009829 -0.000869
1341845970.767731 -0.007727 -0.001324 0.002103 -0.0113 0.01055 -0.006128
1341845970.799873 -0.00704 -0.002102 0.003879 -0.0009381 0.003342 0.004379
1341845970.835874 -0.006378 0.0001176 -0.001389 0.004921 0.006159 0.004178
1341845970.867820 -0.007801 -0.001768 0.0001933 0.003612 0.007191 0.002388
1341845970.899906 -0.009928 -0.000851 -0.005472 0.004079 0.003349 0.006373
1341845970.935978 -0.00902 0.004042 -0.009265 -0.003579 0.009234 0.004703
1341845970.967783 -0.009902 -0.002563 0.001841 -0.0139 0.009264 -0.001158
1341845970.999794 -0.01004 -0.001792 -0.001237 -0.006097 -0.001572 0.005184
1341845971.035783 -0.006609 0.004867 -0.006297 -0.005413 0.00555 0.001269
1341845971.067826 -0.008699 -0.00291 0.006077 -0.008939 0.01145 -0.001698
1341845971.099725 -0.009373 -0.003412 0.0003657 0.003067 0.002245 0.006487
1341845971.135748 -0.009294 0.001636 -0.007243 0.004056 0.005681 0.006469
1341845971.167793 -0.008121 -0.002485 0.002492 0.0008722 0.008267 -0.003154
1341845971.203833 -0.009425 -0.004728 -0.001242 0.008747 0.005795 0.003854
1341845971.235879 -0.009567 0.002621 -0.00981 0.005394 0.007271 0.001115
1341845971.267817 -0.008591 -0.0007367 0.001097 -0.006475 0.01481 -0.009312
1341845971.303920 -0.009322 -0.005437 0.006416 0.0005746 0.004975 0.001651
1341845971.335818 -0.01016 0.001567 -0.005406 0.008655 -0.0001905 0.01373
1341845971.367721 -0.008148 0.003365 -0.003994 -0.003212 0.01152 -0.001976
1341845971.403863 -0.008229 -0.00449 0.01277 -0.002808 0.007975 0.001582
1341845971.436064 -0.008867 -0.001067 -0.0006944 0.01177 -0.001071 0.01394
1341845971.467656 -0.008687 0.003458 -0.006232 0.002036 0.01284 0.002192
1341845971.503829 -0.007906 -0.004134 0.01174 -0.002404 0.009915 -0.003202
1341845971.535782 -0.01173 -0.00217 -0.00393 0.008065 -0.001683 0.01545
1341845971.567956 -0.009821 0.005965 -0.01032 -0.005092 0.00219 -0.006256
1341845971.603941 -0.006061 -0.003347 0.01162 -0.009707 0.00791 -0.01145
1341845971.636365 -0.01115 -0.0062 0.001644 0.00924 -0.002654 0.01103
1341845971.671762 -0.008047 0.005629 -0.01439 0.00196 -0.001519 0.001278
1341845971.703863 -0.006696 -0.001923 0.006752 -0.0139 0.003924 -0.01346
1341845971.735710 -0.009071 -0.003585 0.007378 -0.0003297 -0.005726 0.001269
1341845971.771695 -0.008354 0.003314 -0.0144 -0.002841 -0.008915 -0.002011
1341845971.803762 -0.004914 0.001456 0.0009912 -0.01523 0.0003357 -0.01594
1341845971.835834 -0.005038 -0.003721 0.01293 -0.001955 -0.00115 -0.003005
1341845971.871793 -0.004916 0.002219 -0.007806 0.008611 -0.003151 0.005339
1341845971.903763 -0.003247 0.003347 -0.003629 -0.008922 0.003869 -0.009059
1341845971.939872 -0.003114 -0.003017 0.01022 -0.005934 0.0009374 -0.0002715
1341845971.971790 -0.00182 -7.936e-05 -0.00095 0.00798 -0.002007 0.006111
1341845972.003888 -0.0004212 0.004134 -0.00691 -0.0001684 0.002001 -0.001448
1341845972.039793 0.0001645 -0.0002456 0.0038 -0.008129 0.001817 -0.002274
1341845972.071849 0.0005144 -0.0006611 0.004141 -0.0001776 -0.003252 0.002659
1341845972.107796 0.002896 0.005137 -0.007272 0.0005145 -0.003658 0.0001082
1341845972.139775 0.004319 0.002482 0.00103 -0.009885 0.0007533 -0.002929
1341845972.171696 0.004213 -0.002293 0.007711 -0.001055 -0.001907 0.00131
1341845972.207893 0.005779 0.002398 -0.005901 0.007123 -0.004108 0.004406
1341845972.270076 0.01344 0.003596 -0.005407 -0.01622 -0.001953 -0.01646
1341845972.301845 0.007106 -0.0008179 -0.0001839 -0.002012 -0.005407 -0.004564
1341845972.334234 0.008907 0.002814 -0.008902 -0.002768 -0.005096 -0.007706
1341845972.369757 0.008662 0.001141 -0.003482 -0.01154 -0.003833 -0.008741
1341845972.401738 0.009765 -0.0002038 -0.0008542 -0.007799 -0.007103 -0.006319
1341845972.437788 0.01055 0.00129 -0.004292 -0.002425 -0.00587 -0.003502
1341845972.469777 0.009841 0.001879 -0.003529 -0.004049 -0.00408 -0.005498
1341845972.501817 0.008996 0.001104 -0.003978 -0.003172 -0.009159 -0.002565
1341845972.537909 0.01035 0.003812 -0.00722 -0.006216 -0.00893 -0.006875
1341845972.569894 0.009511 0.00048 -0.002345 -0.01087 -0.008529 -0.008893
1341845972.601946 0.008323 0.000612 -0.001751 -0.006843 -0.01498 -0.002204
1341845972.637827 0.01156 0.002854 -0.006128 -0.005045 -0.01639 -0.002504
1341845972.669939 0.01042 0.004456 -0.00626 -0.009841 -0.009994 -0.005975
1341845972.705766 0.01025 0.001323 -0.0003183 -0.01427 -0.01516 -0.003052
1341845972.737731 0.01332 0.001411 -0.001301 -0.005654 -0.01561 0.0004875
1341845972.770011 0.0123 0.002153 -0.003635 -0.004192 -0.01173 -0.004937
1341845972.805697 0.01181 0.001245 -0.003362 -0.003881 -0.01063 -0.005954
1341845972.837902 0.01152 0.00271 -0.005689 -0.003957 -0.008572 -0.003725
1341845972.869858 0.01312 -8.76e-07 -0.001101 -0.005468 -0.006155 -0.008219
1341845972.905813 0.01076 0.0007612 -0.003022 2.043e-05 -0.002836 -0.003597
1341845972.937837 0.008267 0.00139 -0.004534 -0.001542 -0.005154 0.0001677
1341845973.006643 0.0234 0.001029 -0.003136 -0.0005197 -0.003798 -0.001218
1341845973.037797 0.005962 -0.00065 -0.002976 0.002762 -0.002801 0.003178
1341845973.073733 0.008871 0.003173 -0.005139 0.0009326 -0.0062 0.001133
1341845973.106021 0.008904 0.001251 -0.001498 -0.00755 -0.005444 -0.0005726
1341845973.137862 0.01017 -0.002085 0.002781 -0.005899 -0.007649 -0.0003096
1341845973.173821 0.01038 -1.345e-05 -0.0009058 -0.0002546 -0.007246 0.003074
1341845973.205866 0.009143 0.002633 -0.002916 -0.00364 -0.003805 0.0002808
1341845973.241913 0.007826 -0.001255 0.002246 -0.008372 -0.007257 -0.002262
1341845973.273972 0.0116 -0.000451 0.001575 -0.001551 -0.008526 0.002573
1341845973.306456 0.009709 0.0005963 -0.0007401 -0.001649 -0.003164 0.0009957
1341845973.341851 0.008153 -8.518e-05 0.000186 -0.004144 -0.005453 -0.003638
1341845973.373892 0.009697 0.001747 -0.001683 -0.00515 -0.007709 -0.00309
1341845973.409787 0.01185 -0.0003769 0.00283 -0.009648 -0.006482 -0.004792
1341845973.441766 0.01017 -0.003249 0.006321 -0.003485 -0.007264 -0.003065
1341845973.474155 0.009467 0.001686 -0.001874 0.002521 -0.01152 -0.001125
1341845973.509824 0.01144 0.002084 0.00101 -0.007378 -0.01076 -0.004695
1341845973.541876 0.0113 -0.001431 0.005785 -0.008956 -0.01322 -0.006656
1341845973.573858 0.01218 7.734e-05 0.001458 -0.004821 -0.01381 -0.001934
1341845973.609706 0.01238 0.0006182 0.001566 -0.008505 -0.012 -0.003544
1341845973.641832 0.01429 -0.003954 0.007856 -0.008508 -0.01 -0.004034
1341845973.677783 0.012 -0.004429 0.007494 0.002536 -0.01275 0.001973
1341845973.709911 0.01385 0.004339 -0.001814 0.003066 -0.01063 -0.001696
1341845973.741811 0.01243 -0.001729 0.00678 -0.006168 -0.006738 -0.005691
1341845973.777893 0.01177 -0.001602 0.00723 -0.0009139 -0.01274 -0.001278
1341845973.810234 0.01344 -0.001512 0.00469 0.001683 -0.01454 0.002313
1341845973.841682 0.01138 0.003227 0.002178 -0.002186 -0.01188 -0.009081
1341845973.877808 0.01182 0.0004498 0.01093 -0.006599 -0.01429 -0.002692
1341845973.909935 0.01451 -0.004303 0.01257 -6.617e-05 -0.01766 0.001184
1341845973.946008 0.01154 0.0006176 0.003801 0.005172 -0.015 -0.007089
1341845973.977874 0.01035 0.003762 0.001913 0.0008925 -0.01304 -0.006873
1341845974.009966 0.01285 0.0002311 0.007399 -0.004909 -0.01016 -0.005887
1341845974.045762 0.01064 -0.002928 0.01178 -0.0001678 -0.01024 -0.0005513
1341845974.077904 0.009631 0.001438 0.008232 0.007474 -0.01398 0.008107
1341845974.109840 0.01089 0.001951 0.006034 0.007151 -0.01246 0.01002
1341845974.145742 0.007603 0.005278 0.002444 0.003804 -0.008688 -0.001288
1341845974.177833 0.007478 0.004981 0.005703 -0.002339 -0.0115 0.003217
1341845974.213769 0.008527 8.124e-05 0.00696 -0.003847 -0.01568 0.003589
1341845974.245781 0.007811 0.00409 -0.0008851 -0.002471 -0.01545 -0.005903
1341845974.278874 0.009118 0.00193 0.006372 -0.0109 -0.01195 0.0009077
1341845974.313829 0.01519 -0.002845 0.01019 -0.004081 -0.007699 0.0005851
1341845974.345963 0.01013 0.001027 0.001551 0.0003461 0.003473 -0.006223
1341845974.381701 0.003793 0.002134 0.0005797 -0.003644 0.001338 -0.002718
1341845974.413828 0.01165 -0.006974 0.007049 -0.002536 -0.001457 0.003156
1341845974.445772 0.009754 -0.0004785 -0.0006794 0.00505 0.004182 -0.0005305
1341845974.481775 0.002553 0.001507 -0.001581 0.004431 0.004019 0.005697
1341845974.513798 0.006787 0.00127 -0.001896 0.002203 -0.003542 0.01377
1341845974.545930 0.01285 -0.004163 0.002219 0.002674 0.0009154 0.01496
1341845974.581793 0.0003924 -0.001554 0.0001847 0.01022 0.004945 0.02128
1341845974.613863 -0.0002432 0.002376 -0.007349 0.01022 -0.008878 0.02649
1341845974.649867 0.0108 0.001109 0.0008191 0.003151 -0.004289 0.01687
1341845974.681899 0.00181 -0.0001835 -0.002348 0.003362 0.003139 0.01302
1341845974.713894 -0.002502 0.0008033 -0.0006779 0.00425 -0.0037 0.01772
1341845974.749846 0.004784 0.0007727 -0.004668 0.004819 -0.0107 0.01404
1341845974.783846 0.009624 0.00909 -0.003342 0.0002004 -0.001844 -0.002101
1341845974.815998 -0.001043 -0.002084 0.003767 -0.00703 0.004298 0.005969
1341845974.850024 0.002912 -0.005732 0.001534 0.007705 -0.007191 0.02093
1341845974.882164 0.008786 0.009085 -0.004646 0.0123 -0.001108 0.008867
1341845974.918337 0.002145 0.005038 -0.003803 5.882e-05 0.00795 0.01135
1341845974.982668 0.008863 -0.002437 -0.003528 0.01906 0.00146 0.04427
1341845975.017979 0.002073 0.007126 -0.004531 0.007191 0.003903 0.01713
1341845975.051071 0.002492 0.0009499 0.001287 0.00177 0.001421 0.02149
1341845975.081985 0.001536 0.003832 -0.001562 0.005757 -0.00157 0.01943
1341845975.124057 0.001684 0.01051 -0.003928 0.0012 -0.003949 0.01631
1341845975.149794 0.005858 0.004178 0.001595 -0.009417 -0.002297 0.01606
1341845975.186157 0.003595 -0.00441 0.006192 -0.004467 0.0002974 0.0157
1341845975.249885 0.01 0.01129 -0.001019 0.009772 0.0025 0.04578
1341845975.285858 0.004062 0.0002825 0.002982 -0.002068 0.006552 0.01796
1341845975.318226 -0.002138 0.004809 0.0008667 0.001262 0.006376 0.02017
1341845975.349820 0.006002 0.009265 -0.002216 -0.003049 0.001944 0.02596
1341845975.385748 0.006498 -0.002095 0.006784 -0.01223 0.009936 0.01459
1341845975.418586 -0.002849 -0.003293 0.01342 0.005158 0.007677 0.02394
1341845975.453683 0.003677 0.006066 -0.006582 0.01464 0.002098 0.039
1341845975.485815 0.009237 0.00568 -0.004475 -0.003481 0.01084 0.02193
1341845975.518370 -0.006131 -0.002501 0.01037 -0.005224 0.01479 0.01521
1341845975.553830 -0.0004111 -0.004453 0.009432 0.009721 0.004464 0.03622
1341845975.585815 0.007485 0.002481 -0.01064 0.01494 0.005429 0.03452
1341845975.621790 -7.202e-05 0.003211 -0.002575 0.001072 0.01148 0.02033
1341845975.653892 -0.001855 -0.00058 0.005954 -0.001037 0.006123 0.02594
1341845975.685822 0.005974 -0.00351 -2.117e-05 0.004347 0.003007 0.02491
1341845975.721839 0.001981 0.002595 -0.003234 0.004018 0.009805 0.01885
1341845975.753916 -0.002525 0.0002508 0.003664 0.001091 0.005095 0.02072
1341845975.785898 0.00486 -0.0002739 -0.001437 0.002329 0.001064 0.01897
1341845975.822033 6.906e-05 0.0005461 0.0006094 0.00188 0.006031 0.01684
1341845975.853847 -0.002501 0.002612 0.002012 0.001828 0.0001965 0.02369
1341845975.889898 0.003904 0.001585 -0.001399 -0.002261 -0.004933 0.01998
1341845975.921738 -0.0004958 -0.001067 0.004955 -0.001585 -0.001103 0.01529
1341845975.953818 -0.001817 0.0009055 0.002561 0.002787 -0.004643 0.02708
1341845975.990225 0.003738 -0.001579 -0.0004388 0.001624 -0.005952 0.02871
1341845976.021756 0.001939 -0.0005786 -0.0008149 0.003897 0.0009609 0.0244
1341845976.053955 -0.0009573 0.002345 -0.0007518 0.0008991 0.001381 0.03228
1341845976.089793 0.002849 -0.001962 0.005357 0.002234 -0.001074 0.03381
1341845976.121752 0.002638 0.001813 -0.002947 0.00642 0.006457 0.03172
1341845976.157709 -0.001496 0.003502 0.004445 0.004042 0.005473 0.03856
1341845976.189850 0.000675 0.00102 0.001495 0.003833 -0.003096 0.04171
1341845976.221929 0.007268 0.004732 -0.006885 0.001273 -0.0007322 0.02908
1341845976.257665 -0.0002165 0.0005902 0.00324 -0.004668 0.007078 0.02619
1341845976.289829 -0.0009758 0.001295 0.00739 0.001704 0.0009462 0.03167
1341845976.321779 0.004299 0.0006697 -0.004741 0.003557 -0.002235 0.02511
1341845976.357875 0.003649 0.003484 -0.004635 -0.003426 0.003875 0.01089
1341845976.389787 -0.003906 -0.002801 0.0117 -0.003443 0.004862 0.01532
1341845976.425771 0.0009064 0.0007974 0.0001111 0.007149 -0.00402 0.02359
1341845976.457783 0.005861 0.007312 -0.008728 0.002074 -0.005259 0.01254
1341845976.490566 -0.0001415 -0.001768 0.002672 -0.01054 -0.001507 0.005705
1341845976.525853 -0.0006836 -0.004082 0.007596 -0.001626 -0.002136 0.01181
1341845976.557683 0.002368 0.0005874 -0.001833 0.004592 -0.001771 0.01988
1341845976.593985 0.001696 -0.0002259 0.0003984 0.001396 0.001337 0.02174
1341845976.625785 -0.0004004 -6.012e-05 0.007049 0.004841 0.002128 0.0255
1341845976.657816 6.283e-05 -0.0001314 0.006569 0.0142 -0.002043 0.03755
1341845976.693834 0.004506 -0.001144 -0.008717 0.01197 -0.0005389 0.03067
1341845976.725744 0.001089 0.002049 -0.000455 0.006258 0.003667 0.02223
1341845976.757761 0.0009275 0.00133 -0.001194 0.004777 -0.0001119 0.01972
1341845976.793836 0.0006038 0.0007035 -9.771e-05 0.00167 -0.001085 0.0113
1341845976.826300 -0.0004989 0.000568 0.000626 0.0016 -0.002 0.008457
1341845976.861779 -0.001402 0.002415 -0.001209 -0.0007362 -0.005553 0.008481
1341845976.893752 0.0001156 -0.005381 0.004 -0.002161 -0.005322 -0.0002188
1341845976.925967 -0.0001297 -0.000482 -0.003481 0.002854 -0.0006792 0.003568
1341845976.961807 -0.0009948 0.0006424 0.0009074 -0.0005922 -0.002575 0.005892
1341845976.993832 -0.0003404 -0.003331 0.002157 0.001308 -0.002223 0.0005147
1341845977.025851 -0.0008132 -0.001506 0.001516 0.004775 0.001505 0.00126
1341845977.061870 -0.002649 0.004297 -0.001903 0.006477 -0.003588 0.008282
1341845977.093926 0.001563 0.0001856 -0.01216 -0.004743 -0.0106 -0.002733
1341845977.129845 -0.0001405 -0.004989 0.0008036 -0.01156 -0.005 -0.01519
1341845977.161883 -0.004496 -0.0004143 0.01144 0.0003988 -0.001064 -0.001259
1341845977.193791 0.0004695 0.0007067 -0.006584 0.003141 -0.004119 0.001228
1341845977.229795 -0.0009927 -0.0007004 -0.002276 -0.001593 -0.003514 -0.01317
1341845977.261832 -0.002482 0.001104 -0.0003706 -0.001273 -0.005095 -0.02032
1341845977.293884 -0.003049 0.0004745 -0.001253 -0.004926 -0.01045 -0.02892
1341845977.329839 -0.002764 -0.002662 0.001102 -0.005556 -0.01088 -0.03566
1341845977.361782 -0.0009907 -0.000993 -0.006778 -0.009333 -0.007878 -0.0408
1341845977.397810 -0.005751 -0.001186 0.01293 -0.00715 -0.006549 -0.03258
1341845977.429761 1.738e-05 -0.001395 -0.00466 -0.002152 -0.006534 -0.02803
1341845977.461824 -0.0008829 0.0009772 -0.003925 -0.004893 -0.003903 -0.02873
1341845977.498015 -0.001216 0.0002105 -3.492e-06 -0.008645 -0.00375 -0.02936
1341845977.529931 -0.004212 -0.002206 0.009808 -0.002948 -0.0009292 -0.022
1341845977.562577 -0.0003018 0.003862 -0.004749 0.002635 -0.003276 -0.01494
1341845977.597887 -0.0011 0.001405 -0.001592 -0.004614 -0.005312 -0.02559
1341845977.634076 -0.00172 -0.001617 0.002648 -0.004779 -0.005479 -0.03333
1341845977.666205 -0.002506 -0.0005132 0.002262 -0.001583 -0.005008 -0.03394
1341845977.704065 -0.001016 0.0009964 -0.003342 -0.002728 -0.008353 -0.0352
1341845977.737376 0.0002848 -0.0009166 -0.003412 -0.008101 -0.008751 -0.04426
1341845977.803839 -0.005686 -0.006107 0.01146 -0.004373 -0.01006 -0.07657
1341845977.865926 0.001178 -0.001202 -0.003514 -0.009111 -0.009365 -0.07755
1341845977.897857 -0.001485 -0.004054 0.005165 0.001891 -0.005709 -0.03462
1341845977.933745 0.00194 0.0003939 -0.008748 0.002765 -0.005014 -0.03312
1341845977.965785 -0.0009558 -0.0002951 -0.0005713 -0.004388 -0.005387 -0.03792
1341845977.997875 -0.001499 -0.003214 0.005178 -0.0005048 -0.00671 -0.03592
1341845978.033893 0.001976 -0.0004431 -0.00822 0.0009769 -0.006365 -0.03681
1341845978.065776 -0.001014 -0.000149 -0.0008334 -0.002809 -0.005249 -0.03869
1341845978.101685 -0.000596 0.0004619 -0.003031 -0.002554 -0.007403 -0.03932
1341845978.133916 0.0008984 0.0005573 -0.004541 -0.005697 -0.009046 -0.04152
1341845978.166013 0.001791 -0.003462 0.003092 -0.004726 -0.007758 -0.0401
1341845978.201775 0.001168 -0.001306 -0.00253 0.002275 -0.006934 -0.03991
1341845978.233774 -4.779e-06 0.0001884 -0.002885 0.002786 -0.008288 -0.0363
1341845978.266075 0.003384 -1.066e-05 -0.00557 0.001449 -0.008339 -0.03798
1341845978.301839 0.001562 0.001184 -0.006949 -0.0003713 -0.006681 -0.04902
1341845978.333873 0.00168 0.002503 -0.005977 -0.006595 -0.008299 -0.0543
1341845978.369922 0.002716 -0.00307 0.0007962 -0.007134 -0.01053 -0.04942
1341845978.401825 0.005302 -0.003023 -0.001475 -0.0004109 -0.008664 -0.04514
1341845978.433846 0.0006521 0.005456 -0.006764 0.0001054 -0.005532 -0.04177
1341845978.469873 0.001855 0.0003398 -0.002378 -0.006786 -0.008681 -0.03478
1341845978.501917 0.01 -0.007246 0.005841 -0.002918 -0.00768 -0.0307
1341845978.533810 0.001594 -0.000515 -0.004383 0.006493 -0.0002554 -0.02977
1341845978.569963 -0.001535 0.004523 -0.007481 0.000462 -0.005576 -0.02523
1341845978.602229 0.003085 0.0006685 -0.00301 -0.006106 -0.007271 -0.03307
1341845978.638563 0.002157 -0.0002157 -0.0006765 -0.007292 -0.003392 -0.03617
1341845978.677613 0.0004621 -0.004303 0.00183 -0.004425 -0.005761 -0.02591
1341845978.711940 0.003007 -8.051e-05 -0.0004452 0.001957 -0.006713 -0.02217
1341845978.744132 0.001135 0.002683 -0.003486 0.001247 -0.003946 -0.02551
1341845978.776002 -5.701e-05 0.002612 -0.003446 -0.004461 -0.002608 -0.02645
1341845978.813431 0.001966 -0.004644 0.003387 -0.004067 -0.005487 -0.01798
1341845978.871942 -0.001435 0.008739 -0.00943 -0.004934 -0.01382 -0.06898
1341845978.906198 -0.0002796 -0.005441 0.003205 -0.01439 -0.01095 -0.03838
1341845978.938406 0.0003197 0.001173 -0.003102 -0.005082 -0.01049 -0.04132
1341845978.970707 -0.0005819 -0.0007403 0.002341 -0.00784 -0.00878 -0.0326
1341845979.008922 -0.000548 -0.001781 -0.001384 -0.002556 -0.01177 -0.03364
1341845979.038481 -0.0008374 0.003287 -0.005786 -0.002712 -0.01206 -0.03766
1341845979.106609 -0.001085 0.001983 -0.005749 -0.0118 -0.01906 -0.07113
1341845979.138100 -0.002774 0.003979 -0.0008943 -0.01348 -0.008765 -0.0387
1341845979.174196 -0.002169 -0.004369 0.004302 -0.008928 -0.01123 -0.02595
1341845979.207845 -0.001152 -0.00114 -0.0008496 0.002803 -0.01213 -0.02689
1341845979.238051 -0.001605 0.009432 -0.007985 -0.000993 -0.009559 -0.03055
1341845979.275090 -0.003418 -0.001455 0.003411 -0.01423 -0.009136 -0.03192
1341845979.306155 -0.00237 -0.003737 0.001827 -0.003954 -0.01344 -0.03451
1341845979.341682 -0.0006124 0.0111 -0.009883 -0.002155 -0.01748 -0.04726
1341845979.373833 -0.0005596 -0.0005584 0.001953 -0.01877 -0.01129 -0.04297
1341845979.405940 0.0005107 -0.002981 0.003861 -0.004222 -0.008784 -0.03357
1341845979.441794 -0.004851 0.002095 -0.003703 0.003656 -0.01018 -0.03546
1341845979.506448 0.003001 0.004019 -0.0036 -0.02187 -0.01881 -0.07946
1341845979.541810 -0.003167 -0.001571 0.002925 0.003489 -0.002531 -0.03328
1341845979.573970 -0.003933 0.001224 -0.004446 0.003989 -0.01116 -0.0286
1341845979.610159 0.002574 0.0004693 -0.0003623 0.0008163 -0.01236 -0.03989
1341845979.641873 3.412e-05 0.001517 0.001575 0.0004171 -0.002878 -0.03683
1341845979.673902 -0.008155 -0.005706 -0.004807 0.00713 -0.008386 -0.01943
1341845979.709834 0.003529 0.002592 -0.001073 0.009845 -0.01632 -0.02964
1341845979.741768 0.001445 0.008827 -0.005759 0.001029 -0.002097 -0.04365
1341845979.773945 -0.005324 -0.0002425 0.0006178 -0.008975 -0.003266 -0.03879
1341845979.809735 0.001142 -0.005351 0.00581 -0.001199 -0.01164 -0.03026
1341845979.841996 -0.0007171 0.0005615 0.001766 0.00921 -0.007824 -0.0241
1341845979.877871 -0.003624 0.001303 -0.003005 0.009412 -0.008462 -0.02483
1341845979.909740 -0.001847 0.002014 -0.001557 0.003264 -0.009652 -0.02913
1341845979.942014 -0.0006964 -0.001934 0.002792 0.005167 -0.0103 -0.02179
1341845979.977959 -0.001426 0.002622 -0.001634 0.007126 -0.006959 -0.02618
1341845980.009881 -0.003834 0.002143 -0.00353 0.002351 -0.0052 -0.02165
1341845980.045974 0.002936 -0.005238 0.006311 0.001107 -0.008043 -0.01819
1341845980.077990 -0.003995 0.003532 -0.004877 0.01139 -0.003575 -0.01894
1341845980.109753 -0.0009436 0.0008132 0.000701 0.0009535 -0.00602 -0.01737
1341845980.145844 0.0009091 -0.001168 0.003186 0.006644 -0.002906 -0.01898
1341845980.177822 -0.004658 0.005661 -0.005406 0.004232 -0.0004437 -0.01608
1341845980.209884 0.002149 -0.003019 0.005065 -0.004701 -0.006745 -0.01735
1341845980.246566 0.002166 0.001 0.003518 0.01408 5.707e-05 -0.01416
1341845980.277813 -0.00495 0.009351 -0.009259 0.01057 0.006104 -0.01745
1341845980.313780 0.001222 0.0001695 0.000766 -0.01212 0.00175 -0.01461
1341845980.345768 0.003044 -0.004594 0.004682 0.006418 0.0008316 0.004708
1341845980.377905 -0.002134 0.01055 -0.006906 0.01629 0.004558 0.003897
1341845980.413651 0.0003491 0.0003622 -0.0003256 -0.01059 -0.0009227 0.004208
1341845980.445742 0.004424 -0.002603 0.006779 0.003206 -0.0004483 0.006038
1341845980.478245 -0.005055 0.006584 -0.00814 0.007823 0.005473 0.0003999
1341845980.513799 0.0007033 -0.001282 0.003608 -0.01105 -0.003926 -0.006121
1341845980.546985 0.003994 -0.002563 0.006525 0.004781 0.003083 -0.001309
1341845980.581857 -0.003838 0.001735 -0.004931 0.005844 0.00253 0.006215
1341845980.614011 0.003276 -0.001734 0.004668 -0.001895 -0.004078 0.01118
1341845980.646075 0.001318 -0.001891 -7.211e-05 0.004832 0.005419 0.02935
1341845980.681743 -0.0004598 0.006133 -0.004268 0.003029 0.007368 0.03532
1341845980.713878 0.0009517 0.00124 -0.0003757 -0.01798 0.005985 0.04945
1341845980.745857 0.002621 -0.008653 0.004712 -0.00617 0.004834 0.06183
1341845980.781789 -0.002315 0.001397 -0.004489 0.005964 0.002461 0.06249
1341845980.813856 -0.003877 0.001679 -0.002989 -0.01274 -0.003935 0.05896
1341845980.849947 0.006056 -0.002403 0.007213 -0.01038 -0.006651 0.04079
1341845980.881654 0.001394 0.001658 -0.001167 -0.01401 0.00743 0.02543
1341845980.913789 -0.0004467 -0.00574 0.002517 -0.01711 0.007934 0.02077
1341845980.949937 0.005023 -0.001728 0.006796 -0.008161 0.006282 0.01398
1341845980.981906 0.00299 -0.003422 0.003038 -0.002055 0.01353 0.0216
1341845981.017867 -7.909e-05 -0.0001444 -0.0006538 0.001401 0.01272 0.02623
1341845981.049727 0.001686 0.000145 -0.0008463 0.002174 0.009953 0.03247
1341845981.081877 0.004199 0.001838 0.0001173 0.00261 0.01328 0.04123
1341845981.117941 -2.786e-05 -0.002309 0.003829 0.00439 0.01685 0.05001
1341845981.150069 -0.002907 0.0007644 -0.001351 0.011 0.008326 0.05801
1341845981.181996 0.004423 0.001171 -0.002257 0.006141 0.007322 0.05839
1341845981.217830 0.00511 -0.001851 0.002535 0.003513 0.01623 0.05543
1341845981.249922 -0.01253 0.0009282 -0.0002893 0.004569 0.01591 0.05383
1341845981.285840 0.00697 -0.004443 0.00257 0.0009156 0.006078 0.06939
1341845981.317832 0.001646 -0.00666 0.008214 0.007166 0.01581 0.06437
1341845981.349932 -0.003659 -0.003061 0.002631 0.01778 0.01144 0.06632
1341845981.385812 0.001323 -0.000192 -0.006021 0.01512 0.0014 0.06415
1341845981.417735 0.005981 0.005407 -0.002618 0.002518 0.004465 0.03965
1341845981.449800 -0.002267 -0.002063 0.007163 -0.007618 0.01116 0.03588
1341845981.485916 -0.003706 -0.006646 0.01053 0.004659 -0.001205 0.04579
1341845981.517844 0.008294 0.004738 0.00121 0.008046 0.0005471 0.03154
1341845981.553971 -3.137e-05 -0.003509 0.004517 0.0001383 0.0131 0.0304
1341845981.585866 -0.002943 -0.006625 0.005117 0.01054 0.005499 0.03484
1341845981.617907 0.005125 0.003655 -0.004273 0.008949 0.002585 0.02493
1341845981.653938 0.002936 0.0001238 -0.0009577 -0.003591 0.008755 0.01314
1341845981.685889 -0.0008806 -0.009811 0.00664 -0.002676 0.005982 0.01746
1341845981.718038 0.001182 0.0008242 -0.006559 0.004493 -0.0006318 0.01758
1341845981.753884 0.004852 0.002467 -0.002286 -0.004159 0.0006037 0.008417
1341845981.785897 0.004717 -0.00428 0.005534 -0.006825 0.0063 0.00481
1341845981.822013 -0.001746 -0.0009585 0.004784 -0.00166 0.002958 0.01636
1341845981.853820 0.002266 0.0007713 -0.0009518 -1.918e-05 -0.003239 0.02301
1341845981.885838 0.002947 0.006354 -0.00327 -0.002155 0.002088 0.006514
1341845981.922032 -0.0004835 0.006443 -0.0005793 -0.01688 0.003222 0.007027
1341845981.953799 0.00116 -0.009109 0.005907 -0.01791 -0.001792 0.01196
1341845981.986027 0.00514 -0.003576 0.00782 -0.00425 0.0008323 0.007827
1341845982.022212 0.0001653 -0.004366 0.007042 0.002356 0.005712 0.007479
1341845982.053889 -0.0007033 -0.001663 0.002083 0.008237 0.002766 0.007145
1341845982.089857 -0.003615 0.0005615 -0.0002267 0.008662 0.003256 0.002834
1341845982.121719 -0.0007663 0.004149 -0.001227 0.005443 0.001902 -0.002464
1341845982.153770 -0.006939 0.002504 -0.001232 -0.001328 0.007455 -0.006213
1341845982.190068 -0.00659 -0.0001616 0.004391 -0.003106 -0.001411 -0.0005141
1341845982.222482 0.002289 0.002403 0.007576 -0.002916 -0.001523 0.001112
1341845982.259008 -0.00119 -0.006922 0.01466 -0.001116 0.005657 0.00395
1341845982.291023 -0.005395 9.89e-05 0.0061 0.01133 0.002129 0.006197
1341845982.327843 -0.001436 0.001462 0.005089 0.00728 -0.0003176 0.004126
1341845982.421902 -0.01076 -0.008132 0.01551 0.03287 0.012 -0.007984
1341845982.457800 -0.00209 4.869e-07 0.003413 0.00147 0.0001799 -0.009458
1341845982.490452 -0.000741 -0.007765 0.01106 -0.0008087 0.002124 -0.01028
1341845982.526007 -0.007336 -0.008453 0.007604 0.006382 -0.0001878 0.0003826
1341845982.592787 0.0006202 -0.002086 0.01464 0.01695 0.008212 -0.01158
1341845982.626246 -0.009139 -0.004171 0.004034 0.007361 0.003588 -0.00439
1341845982.689935 0.004519 -0.01387 0.02242 0.0324 0.00652 0.0001773
1341845982.731856 -0.004604 -0.004393 0.0005397 0.02052 0.009307 -0.002632
1341845982.763845 -0.004223 -0.004894 0.004584 0.02016 -0.0007081 0.004518
1341845982.796143 0.001237 0.004218 0.005622 0.01833 0.003145 -0.008201
1341845982.831723 -0.003144 -0.004465 0.004108 0.0057 0.009132 -0.006944
1341845982.863934 -0.003831 -0.008648 0.005774 0.007749 0.002521 0.007187
1341845982.899816 0.001092 -0.001481 0.007503 0.01323 0.001212 0.00555
1341845982.931713 0.0009188 -0.003574 0.00707 0.0114 0.007918 0.0005948
1341845982.963912 -0.005282 -0.005739 0.0005598 0.01018 0.00511 0.007799
1341845982.999924 0.001306 -0.002119 0.005503 0.01242 -0.001547 0.007496
1341845983.031814 0.002093 -0.0006898 0.004081 0.008494 0.006434 -0.0009598
1341845983.067798 -3.373e-05 -0.007653 0.004762 0.005081 0.006064 0.001335
1341845983.099710 0.00178 -0.007695 0.004578 0.01128 -0.001873 0.0116
1341845983.131896 0.00305 -0.0002812 0.003176 0.01389 0.001566 0.004603
1341845983.167777 -0.0009899 -0.000648 -0.001067 0.004893 0.008148 -0.002432
1341845983.199716 -0.0006054 -0.003078 0.003753 0.0003206 0.002862 0.004599
1341845983.235789 -9.81e-05 -0.004492 0.004879 0.002674 -0.001444 0.00844
1341845983.267839 -1.384e-05 0.001434 0.003352 0.001709 0.0004648 -0.0001851
1341845983.299732 -0.0004098 -0.005019 0.007798 -0.002819 0.001586 0.0006051
1341845983.335764 0.001263 -0.004237 0.01051 0.003056 -0.003929 0.006234
1341845983.367849 -0.001498 -0.001135 0.005779 0.006469 -0.0006189 0.001354
1341845983.403853 -0.004477 -8.015e-05 0.001628 0.0002156 0.003965 -0.003899
1341845983.436166 -0.004557 -0.005688 0.007808 -0.005026 2.389e-05 0.001307
1341845983.467855 -0.002508 -0.001905 0.01083 0.001354 -0.004648 0.003032
1341845983.503861 -0.004024 -0.0003988 0.007416 0.001651 0.0006845 0.0007736
1341845983.535831 -0.004016 -0.001635 0.008353 0.0003661 0.001111 0.002513
1341845983.572117 -0.004534 -0.003176 0.008073 0.0001843 -0.0005275 0.007048
1341845983.603785 -0.002221 -0.0004543 0.01101 0.003641 -0.002933 0.006762
1341845983.635679 -0.0003178 -0.002546 0.01295 0.006885 0.00258 0.007874
1341845983.671908 -0.001953 -0.008366 0.009946 0.01373 0.001796 0.01417
1341845983.703949 -0.003979 -0.002331 0.00652 0.01881 -0.0006243 0.01573
1341845983.735713 -0.003577 -0.0008991 0.006759 0.0139 0.003216 0.006555
1341845983.771983 -0.004517 -0.003129 0.003342 0.00718 0.007148 -0.001541
1341845983.803724 -0.005254 -0.003646 0.004224 -0.00302 0.0047 0.000891
1341845983.836050 -0.001222 -0.004414 0.01266 -0.00142 0.001582 0.007555
1341845983.871914 -0.004813 -0.004856 0.00655 0.0008391 0.003658 -0.0002866
1341845983.904546 -0.00662 -0.0005375 0.001508 -0.006566 0.003425 -0.009424
1341845983.939732 -9.768e-05 -0.002003 0.0127 -0.01516 0.001384 -0.007535
1341845983.971972 -0.002019 -0.007957 0.01264 -0.006703 0.005604 -0.009575
1341845984.003943 -0.003711 -0.004642 0.004645 -0.001156 0.0009364 -0.00787
1341845984.039814 -0.0003845 -0.003903 0.01034 -0.001724 -0.0002288 0.001692
1341845984.071924 -0.002669 -0.005454 0.005131 0.0006499 -0.002221 -0.002837
1341845984.103750 -0.005819 -0.001032 -0.002689 -0.0008748 -0.008245 -0.006861
1341845984.139977 -0.003468 0.002143 0.002723 -0.01322 -0.005136 -0.01146
1341845984.171953 -0.0001369 -0.006709 0.01353 -0.01645 -0.004662 -0.009532
1341845984.203755 0.0004235 -0.005895 0.01287 -0.006913 -0.009826 -0.004198
1341845984.239999 -0.002947 -0.0002669 0.002169 -0.00542 -0.009613 -0.0009677
1341845984.271868 -0.0004816 -0.004351 0.01198 -0.01068 -0.009896 -0.002269
1341845984.304166 -0.002008 -0.003066 0.006886 -0.004728 -0.007924 -0.003731
1341845984.366023 -0.002615 -0.004936 0.02088 -0.02202 -0.01743 0.001832
1341845984.403843 -0.0005088 -0.006856 0.01205 0.0002417 -0.007207 0.003465
1341845984.469893 -0.0009381 0.005075 0.005387 -0.001247 -0.01131 0.02085
1341845984.533876 -0.0008828 -0.007156 0.01431 0.001846 -0.001407 0.01152
1341845984.570371 -0.003914 -0.001525 -0.002709 0.00991 -0.003639 0.01236
1341845984.601869 -0.007976 0.01303 -0.01031 0.0001311 -0.004458 -0.007791
1341845984.633883 0.002012 -0.003487 0.01597 -0.00898 -0.01169 0.001824
1341845984.669661 -0.001401 -0.000766 -0.0003574 0.001776 -0.00881 0.003476
1341845984.701697 -0.00328 0.006916 -0.00701 -0.002694 -0.002951 -0.005746
1341845984.737816 -0.001321 0.001097 0.005949 -0.01014 -0.006968 0.001161
1341845984.769971 -0.001165 -0.004082 0.009154 -0.003302 -0.007336 0.003713
1341845984.801680 -0.0009413 0.001315 -0.003005 0.001919 -0.001147 -0.001569
1341845984.837943 -0.004507 0.00687 -0.003919 -0.00367 -0.004284 0.00311
1341845984.869774 -0.0009841 -0.003675 0.009729 -0.006792 -0.00742 -0.0003132
1341845984.901904 0.001023 -0.002216 0.0006774 0.002087 0.002137 -0.0002469
1341845984.937830 -0.005288 0.007298 -0.00473 -0.0008522 0.0006053 0.004994
1341845984.969931 -0.0001762 0.0001053 0.002658 -0.004024 -0.006872 0.001576
1341845985.005758 0.0002631 0.001906 -0.0004565 -0.004023 0.001824 0.0002878
1341845985.037996 -0.0009567 0.003162 -0.0004628 -0.004807 0.001412 0.002246
1341845985.069753 -0.001698 0.001079 0.002629 -0.005674 0.000534 0.003117
1341845985.105902 -0.0003199 0.003733 -0.0002888 -0.004805 -0.0002275 0.001821
1341845985.137721 -0.001856 -0.001658 0.004738 -0.005888 0.0004833 0.002795
1341845985.169874 -0.0006375 0.003965 -0.001539 -0.001763 -0.002427 0.001836
1341845985.205765 -0.0002304 0.002568 0.001149 -0.007977 -0.001096 -0.002846
1341845985.237899 -0.001854 -0.003204 0.006078 -0.00429 -0.001384 0.0005269
1341845985.274008 0.0006583 -5.213e-05 0.001277 0.000622 4.617e-05 -0.0001738
1341845985.305922 0.001129 0.005048 -0.004998 -0.0004971 0.002632 -0.001811
1341845985.337748 0.0001811 0.004424 -0.0009203 -0.007409 0.002034 -0.0002403
1341845985.374220 -0.002277 -0.004158 0.00732 -0.005616 0.001464 -0.002843
1341845985.406011 -0.0002608 -0.0002269 0.001043 -0.0001235 0.0003813 0.0005811
1341845985.442252 -0.0003367 0.001313 -0.0008964 -7.256e-05 0.001332 0.001544
1341845985.473860 0.0007583 0.003174 -0.001269 -0.003022 0.001622 -0.002378
1341845985.505802 -0.00101 -0.0004774 0.003632 -0.004888 0.003688 -0.004809
1341845985.541999 -0.002447 -0.004247 0.006446 4.955e-05 0.000299 -0.0009462
1341845985.573799 0.000565 0.004207 -0.003799 0.003355 -0.001769 0.003955
1341845985.605839 0.000935 0.0009107 0.001744 -0.002694 0.001949 -0.00697
1341845985.641753 -0.002636 -0.00234 0.003732 -0.0002834 0.0007855 -0.001713
1341845985.673719 -0.000379 0.001674 -0.0003948 0.001863 -0.00347 0.004782
1341845985.709785 0.002286 -0.0002226 0.001604 0.000247 0.0005353 -0.004399
1341845985.741805 -0.002436 0.000442 -0.001085 0.0005142 0.002371 -0.002531
1341845985.773867 -0.001965 0.0004182 0.001268 -0.0002402 -0.004941 0.003133
1341845985.809875 0.001592 -0.0003297 0.001325 -0.0005486 -0.00321 -0.002368
1341845985.841811 0.0004283 -0.00229 0.001725 -0.000439 0.002027 -0.004535
1341845985.873899 -0.001465 -0.0009809 -0.0003645 0.001635 -0.0009248 0.002234
1341845985.909743 0.002711 0.001513 -0.002974 0.0006688 -0.003493 0.000987
1341845985.941740 0.001842 -0.0006383 0.0007388 -0.004309 0.003532 -0.006449
1341845985.977718 -0.00183 -0.001939 0.001657 -0.002471 0.001789 -0.0009849
1341845986.009726 -4.263e-05 -0.0001191 0.002088 -0.0009861 -0.002356 0.003762
1341845986.042156 0.002049 0.001147 0.0008329 -0.0007223 0.0007117 -0.003425
