1341836537.687415 0.0009471 -0.00231 0.002139 0.001816 0.0001248 -0.0004951
1341836537.723576 0.001068 0.0003411 0.001033 0.001914 -0.001596 0.002529
1341836537.755501 0.002524 -0.001337 0.003612 0.001819 -0.003792 0.002135
1341836537.787367 0.0009173 0.001754 0.003099 0.00354 -0.002723 -0.001146
1341836537.823375 -0.002237 0.001246 0.002482 0.001996 0.0007376 -0.0005605
1341836537.855421 0.001805 -0.003404 -0.0006239 0.0003979 -0.001865 0.004912
1341836537.887593 0.00389 0.007228 0.001915 0.002762 -0.005933 0.006918
1341836537.923463 0.006753 6.663e-05 0.001932 -0.003858 -0.008047 -0.001832
1341836537.955620 -0.001399 -0.002217 0.003467 -0.002837 -0.002989 -0.007674
1341836537.987525 -0.0036 -0.004243 -0.002064 -0.0008303 -0.002022 -0.001093
1341836538.023300 0.0006164 0.00192 0.00173 0.0009539 -0.006609 0.00514
1341836538.055509 -0.004533 0.005031 0.004626 0.0009453 -0.0008189 0.001227
1341836538.087628 -0.002273 -0.004404 0.001083 -0.002621 0.005876 0.0007073
1341836538.123334 0.007093 -0.001996 -0.001951 0.0002128 -0.001257 0.005749
1341836538.155344 0.00441 0.00466 0.003647 0.0006108 -0.004324 0.004549
1341836538.191519 0.003638 -0.003424 0.001529 -0.002798 0.0001327 -0.003725
1341836538.223356 0.003882 -0.0006081 0.0007414 0.0002797 -0.0004196 -0.003305
1341836538.255568 0.001899 0.004117 2.372e-05 -0.00013 -0.002333 0.0005125
1341836538.291700 0.005613 -0.005984 0.002949 -0.004258 -0.001656 -0.002052
1341836538.323323 0.006172 0.001354 0.0005348 0.0007327 -0.001806 -0.004042
1341836538.355402 0.004091 0.001347 0.00177 -0.002113 -0.00178 -0.003462
1341836538.391298 0.006674 -0.006637 0.0005423 -0.003639 -0.002686 -0.003533
1341836538.423501 0.006382 -0.001389 0.003034 0.001363 -0.004161 -0.003265
1341836538.456232 0.001701 0.001625 0.001857 0.002196 -0.0002668 -0.005028
1341836538.491425 0.004617 -0.0007438 0.0003184 0.0009904 -0.000313 -0.002911
1341836538.523417 0.004564 0.0007381 0.0005913 0.0005611 -0.002709 -0.0003028
1341836538.556411 -0.0004141 0.0004005 0.002012 0.0005028 0.002352 -0.001446
1341836538.591453 0.008227 -0.0001782 -0.00247 -0.0007372 0.0005312 0.0008249
1341836538.623386 0.01073 -0.003049 4.35e-05 -0.002646 -0.006388 -0.0008951
1341836538.659232 0.00186 0.0004334 0.002851 0.001065 -0.001484 -0.005566
1341836538.691411 0.006393 -0.001424 -0.0008921 0.0005644 -0.002043 -0.005297
1341836538.723365 0.008067 -0.003296 -0.001063 -1.602e-05 -0.006764 -0.006405
1341836538.759383 0.002359 0.004329 0.002432 0.00379 -0.005227 -0.007633
1341836538.791663 -0.001024 -0.0004057 0.001105 -0.001072 0.001683 -0.005852
1341836538.824233 0.005727 -0.005841 -0.001783 -0.001592 0.0005658 -0.002156
1341836538.859625 0.008072 0.0003203 0.0001245 0.002676 -0.005433 -0.002607
1341836538.891338 -0.003314 0.006979 0.003113 0.003306 0.003925 -0.005629
1341836538.924362 0.001201 -0.002363 -0.004315 -0.00139 0.01051 -0.0004951
1341836538.959281 0.003048 -0.00847 -0.003985 -0.004852 -0.001246 0.003427
1341836538.992295 0.006589 0.005824 0.005959 0.001274 -0.01266 -0.003861
1341836539.028701 -0.002718 0.006169 0.0037 -0.0008339 0.0001412 -0.01186
1341836539.059493 0.004683 -0.004741 -0.005979 -0.00477 -0.002024 -0.002477
1341836539.092314 0.006052 0.000245 -0.002565 -0.003436 -0.006869 0.004267
1341836539.127236 0.002719 0.0007944 0.0004585 -0.003198 -0.0006382 0.000152
1341836539.159608 0.001973 -0.006057 -0.003302 -0.002827 0.007357 0.0004484
1341836539.195388 0.009062 -0.003751 -0.004282 0.0006259 0.0009169 0.008162
1341836539.227456 0.009849 -0.0002406 -0.00166 0.003095 -0.005309 0.007732
1341836539.260399 0.006748 0.005816 0.003252 0.005999 -0.00403 -0.002051
1341836539.295519 0.003615 0.0006822 -0.001125 0.003011 0.002364 -0.004542
1341836539.327434 0.006882 0.001777 -0.003249 0.001772 -0.0006078 0.004201
1341836539.363371 0.00863 0.0001559 0.0003928 -0.0001441 -0.00468 0.002836
1341836539.395523 0.006917 -0.0005555 0.0001012 0.001816 -0.0006819 -0.003102
1341836539.427397 0.006802 -0.001507 -0.003899 0.0003278 0.0006247 0.0005572
1341836539.463424 0.008959 -0.0006887 -0.002999 0.0009145 -0.006225 0.003583
1341836539.495503 0.004368 0.006393 0.003485 0.001758 -0.004268 0.0003339
1341836539.531399 0.004886 -0.004412 0.000128 -0.001581 0.001206 -0.002954
1341836539.563358 0.006543 0.004075 -0.002596 0.002977 -0.002715 -0.001573
1341836539.628437 0.01007 0.001943 0.001768 -0.004511 -0.00695 0.001412
1341836539.692462 0.007746 -0.001182 -0.003052 -0.001848 0.001003 -0.00183
1341836539.728498 0.0006724 -0.003145 -0.0002785 -0.001357 -0.00204 0.00484
1341836539.760370 0.003177 0.003014 0.002713 0.001657 -0.003177 0.001759
1341836539.796542 0.003582 -0.001301 -0.0001611 -9.41e-05 -0.0007196 -0.0005251
1341836539.828612 0.002503 0.001277 -0.0008007 0.00261 -0.001644 0.001237
1341836539.860428 0.004261 0.003181 -0.001371 0.0002805 -0.003959 0.005231
1341836539.896538 0.005965 -0.002665 0.001302 -0.002007 -0.00373 0.0003242
1341836539.928277 0.00377 0.003218 0.0004514 0.001326 -0.001138 -0.003931
1341836539.967421 0.004647 -0.004233 -0.002367 -0.002753 -0.0006901 -0.00321
1341836540.028550 0.006607 -0.001996 -0.0006836 -0.0007409 -0.0009846 -0.002286
1341836540.064319 0.00638 -0.00199 -0.002057 0.001754 -0.001249 -0.002615
1341836540.096659 0.003113 0.0006738 -0.001272 0.001271 -1.879e-05 -0.0009798
1341836540.128316 0.004823 -0.00481 -0.003232 0.001185 0.001617 -0.0009107
1341836540.164722 0.0007906 0.001555 -0.001439 0.003845 0.00185 -0.0001664
1341836540.196409 0.001868 0.003887 -0.0003507 0.002387 -0.001523 -0.002619
1341836540.232442 0.00446 -0.002161 0.0009425 0.0009403 -0.001366 -0.008445
1341836540.264342 0.003305 0.001512 -0.003733 0.004054 0.001475 -0.005463
1341836540.296462 0.003848 0.008701 -0.001189 0.0002459 -0.001838 0.0006677
1341836540.332431 0.004072 -0.002295 0.001884 -0.005799 -0.0001354 -0.006164
1341836540.364486 0.00242 -0.00741 -0.002015 -0.003739 0.006064 -0.007703
1341836540.396559 0.001492 0.002969 -0.004301 0.001684 0.003801 0.001594
1341836540.432557 0.001846 0.002596 0.0004506 -0.001924 0.002747 0.005129
1341836540.464302 0.00151 -0.005382 -0.0005067 -0.003261 0.00629 0.0008479
1341836540.500473 -0.0009635 -0.000787 -0.0004813 0.001421 0.006605 0.003059
1341836540.532753 -0.002305 -0.0008164 0.0005602 0.002359 0.002231 0.006192
1341836540.564528 0.001304 0.004948 0.001706 0.004254 -0.0009814 0.003049
1341836540.600372 0.001956 -0.001038 0.0007182 0.0004547 0.0004228 -0.002566
1341836540.632355 6.919e-05 0.001399 -0.001617 0.002916 -0.0003991 0.00112
1341836540.664373 0.0025 0.001129 0.0008105 0.001567 -0.004244 0.005547
1341836540.700377 0.002855 0.00185 0.003392 0.001403 -0.001817 0.0001569
1341836540.732431 0.0008755 -0.002668 -9.052e-05 -0.0004589 0.003324 -0.001865
1341836540.768334 0.002686 -0.002714 -0.001446 0.0009735 -0.001654 0.001327
1341836540.800341 0.004182 0.005423 0.004733 0.002698 -0.004265 -0.0008593
1341836540.832332 -0.0003845 -0.004389 0.001259 -0.002799 0.005087 -0.001467
1341836540.868402 0.003875 -0.003688 -0.002182 -0.00106 0.001334 0.00428
1341836540.900301 0.00267 -0.001903 0.002166 0.001006 -0.001417 0.003736
1341836540.932326 0.005449 -0.0006703 0.002341 0.002096 -0.001811 -0.0009536
1341836540.968285 0.005423 0.003067 0.00118 0.003281 -0.002856 -0.003721
1341836541.000321 0.004529 0.0002804 0.0005501 -0.002104 -0.002684 -0.001449
1341836541.036246 0.005435 -0.003315 0.001914 -0.003829 -0.001319 4.27e-05
1341836541.071359 0.008127 -0.001783 -0.00081 -0.002344 -0.003287 -0.0006751
1341836541.103403 0.00791 -0.002695 0.002245 -0.00245 -0.005512 -0.002814
1341836541.139243 0.003872 -0.006145 0.000914 -9.71e-05 -0.003345 -0.002896
1341836541.171340 0.005757 0.006511 0.00246 0.004567 -0.005377 0.002845
1341836541.204384 0.008178 -0.003735 0.004491 -0.003574 -0.004706 -0.003167
1341836541.239253 0.003566 -0.002968 0.002618 -0.0006348 0.0004791 -0.003871
1341836541.271362 0.004537 -0.0005951 0.002029 0.001879 -0.002639 0.0008814
1341836541.304263 0.004949 -0.0004966 0.002848 0.0009949 -0.003572 0.002243
1341836541.339433 0.005316 -0.002122 0.003579 0.001525 -0.00191 0.001783
1341836541.371310 0.00626 0.001819 0.00428 0.003444 -0.004501 -0.001046
1341836541.407187 0.003734 0.0008516 0.005868 0.003791 -0.003434 -0.0009428
1341836541.439348 0.004394 0.002934 0.004134 0.002305 -0.001449 0.003068
1341836541.472293 0.00725 -0.00247 0.003578 -0.0004193 -0.002741 0.001956
1341836541.536336 0.01456 0.00266 0.007576 0.004474 -0.008871 -0.002067
1341836541.572445 0.007126 -0.002463 0.004568 0.001124 -0.004701 -0.002672
1341836541.604378 0.006824 0.0004772 0.0035 0.002833 -0.003858 0.0003583
1341836541.636347 0.008695 -0.0003102 0.00369 0.001052 -0.005763 -0.001459
1341836541.707556 0.01518 -0.003676 0.006198 0.001155 -0.008483 -0.004284
1341836541.772337 0.01891 -0.0005665 0.01001 0.007142 -0.005464 -0.004361
1341836541.804378 0.006059 -0.004369 0.001592 -0.003197 0.0009732 0.0008327
1341836541.840291 0.005811 -0.003204 0.003876 0.001431 -0.000839 0.003744
1341836541.872463 0.005672 0.008993 0.005039 0.005708 -0.003944 0.008141
1341836541.904436 0.008013 0.006413 0.002545 -0.00366 -0.005072 0.0003528
1341836541.940356 0.007068 -0.004207 0.008374 -0.009057 -0.002054 -0.001976
1341836541.972296 0.007555 -0.002409 0.005199 -0.004771 -0.001993 -0.003032
1341836542.008370 0.009127 -0.006179 0.001693 -0.00343 -0.0007181 -0.004185
1341836542.040580 0.005313 0.004445 0.002267 -0.0004115 0.001364 0.002075
1341836542.108713 0.01271 -0.003775 0.007187 -0.00944 -0.002326 -6.004e-05
1341836542.140542 0.00581 -0.001196 0.0008684 -0.001999 0.002484 -0.0027
1341836542.172392 0.005127 0.001806 0.002227 -0.0009555 -0.0002373 -0.001113
1341836542.208374 0.008583 -0.006944 0.000645 -0.004436 0.0001661 -0.001681
1341836542.276490 0.01148 0.004047 0.005123 0.0007163 -0.0008321 -0.003298
1341836542.308326 0.007671 -0.005142 -0.0005736 -0.004407 -0.0002684 0.0008233
1341836542.340362 0.001698 0.002393 0.001542 0.0006661 -0.0006481 0.001734
1341836542.376345 0.006024 0.008194 0.002129 0.001651 -0.008153 0.002164
1341836542.408921 0.008745 -0.008292 0.002843 -0.00787 -0.005838 -0.001472
1341836542.444516 0.007441 -0.01405 -0.000458 -0.003304 -0.0001086 -0.003209
1341836542.476425 0.004246 0.008887 0.001069 0.00843 -0.001782 0.005513
1341836542.508460 0.007724 -0.0009627 0.004335 0.001685 -0.004774 0.002926
1341836542.544563 0.006647 -0.001817 -0.001015 0.001667 8.805e-05 -0.002763
1341836542.576562 0.001587 0.008303 0.003386 0.003902 -0.001848 -0.002081
1341836542.608657 0.008438 0.001327 0.001671 0.0004085 -0.007277 -0.006452
1341836542.644314 0.009922 -0.01561 -0.008043 -0.007283 -0.0001982 -0.005419
1341836542.676494 0.00292 0.001829 -0.0002086 0.00109 0.004689 0.002635
1341836542.712387 0.004612 0.001404 -0.0002128 0.001228 0.0003883 0.001286
1341836542.744408 0.007349 -0.00699 -0.004122 -0.00241 0.002966 -0.0009581
1341836542.776383 -0.001312 0.007359 0.003293 0.002874 0.004847 0.0002965
1341836542.812247 0.002846 0.004045 0.002147 0.0003885 -0.002076 -0.003553
1341836542.844426 0.00824 -0.01104 -0.003897 -0.004784 -0.001044 -0.0082
1341836542.876340 0.005112 -6.413e-05 -0.003218 0.0002013 0.002639 -0.001425
1341836542.912372 0.003647 -0.001562 -0.001376 -0.0007603 0.001176 0.001011
1341836542.944447 0.006546 -0.00284 -0.001376 -0.001335 0.001387 -0.0008099
1341836542.980341 0.003311 -0.0001078 0.0002425 -0.000675 0.002681 0.0004408
1341836543.012422 0.002767 -0.001211 0.0006623 0.000952 -0.0003836 -0.001176
1341836543.044312 0.007302 -0.002647 -0.0005183 0.0007854 -0.002741 -0.00366
1341836543.080484 0.006345 -0.004417 -0.001729 0.0006262 -0.001052 -0.003905
1341836543.112482 0.006455 0.001042 0.0002755 0.003859 -0.002854 -0.0001383
1341836543.151803 0.007589 -0.001511 -0.0005339 0.0003549 -0.002477 0.001923
1341836543.212330 0.01231 0.01055 0.007335 0.006453 -0.008409 -0.002976
1341836543.248396 0.01045 -0.01163 -0.001462 -0.003588 -0.003944 -0.008709
1341836543.280522 0.007091 -0.0005861 -0.00285 0.001462 0.001424 0.001896
1341836543.312360 0.00242 0.003932 0.00284 0.001912 -0.0007795 0.008444
1341836543.348486 0.006422 1.475e-05 0.005024 0.001769 -0.003001 0.0005104
1341836543.380347 0.00647 0.007524 0.002315 0.004746 -0.003219 -0.005137
1341836543.416470 0.008825 0.0005892 -6.072e-05 0.0001969 -0.005786 -0.005892
1341836543.451421 0.007828 -0.005582 -0.005674 -0.003299 -0.001794 -0.001298
1341836543.483494 0.004208 0.008254 0.005513 0.0007726 -0.0007632 0.004738
1341836543.519290 0.009006 -0.001454 0.002317 -0.001075 -0.004883 -0.004561
1341836543.551512 0.005669 -0.003032 -0.003561 0.0001274 -0.00114 -0.003065
1341836543.583524 0.003854 0.006656 0.001394 0.00277 -0.004825 0.002651
1341836543.619354 0.009298 -0.007339 1.881e-05 -0.0009611 -0.007076 -0.004148
1341836543.652624 0.005908 -0.005113 -0.005792 -0.000658 0.0001291 -0.00192
1341836543.684407 0.002802 0.006855 0.002395 0.00354 -0.001902 0.003697
1341836543.719296 0.007622 -0.001859 0.000447 0.001275 -0.006439 -0.001023
1341836543.751406 0.007027 -0.0004095 0.0004147 0.0006673 -0.002038 -0.004573
1341836543.787380 0.005214 0.00082 -0.002581 0.0001741 -0.0007422 -0.003755
1341836543.819690 0.005586 0.00155 -0.001079 0.0004026 -0.002386 0.0009043
1341836543.851349 0.007795 -0.00346 0.0004005 -0.001434 -0.001808 -0.00116
1341836543.887421 0.007772 -0.002277 -0.001653 -0.0007972 0.001908 -0.003216
1341836543.919383 0.003061 0.002402 -0.002086 0.001788 0.002376 0.001802
1341836543.952337 0.004342 0.00446 0.0003442 0.002134 -0.002636 0.002243
1341836543.987350 0.007269 -0.00228 0.0002094 -0.001221 -0.002696 -0.005221
1341836544.019495 0.004047 0.0008413 -0.00151 0.000953 -0.0007297 -0.004627
1341836544.052246 0.004672 0.003744 -0.001494 0.002454 -0.00482 0.0007254
1341836544.087492 0.007017 -0.004992 -0.001879 -0.004045 -0.003847 -0.00191
1341836544.119369 0.005255 -0.008801 -0.003667 -0.004523 0.002231 -0.003296
1341836544.155476 0.00155 0.005067 -0.0002139 0.00451 -2.999e-05 0.006362
1341836544.187341 0.006058 0.003858 0.002441 0.003297 -0.006372 0.00681
1341836544.220394 0.007048 -0.009836 -0.0005621 -0.0034 -0.0008285 -0.004178
1341836544.255287 0.002264 0.005118 0.002166 0.004854 0.002026 -0.001553
1341836544.287478 0.004064 0.003459 0.0007356 0.00445 -0.004198 0.002056
1341836544.323292 0.004843 -0.001334 -0.002407 -0.0009891 -0.003567 0.003633
1341836544.355325 0.006324 -0.0066 0.001102 -0.00398 0.000356 0.0006511
1341836544.387392 0.003058 0.004366 0.000284 0.001261 0.002775 0.0008456
1341836544.423303 0.003646 0.002712 -0.0003773 -0.002018 -0.001107 0.003652
1341836544.455424 0.005416 -0.009418 -0.0007033 -0.005499 0.0004746 0.001264
1341836544.491390 0.003091 0.002959 0.001702 0.001171 0.003083 0.004732
1341836544.523560 0.005153 0.00129 0.002746 -0.0007585 -0.0002318 0.00178
1341836544.555305 0.003841 -0.005635 -0.004598 -0.002707 0.002298 0.002284
1341836544.591370 0.003605 -0.001599 0.001328 -5.599e-05 0.001642 0.008407
1341836544.623377 0.007333 -0.0007489 -0.0004192 0.001496 -0.0009806 0.006305
1341836544.659348 0.006173 0.001022 0.002905 -0.000871 0.0005855 0.002177
1341836544.691325 0.006621 0.0008431 0.003443 0.0005649 -0.002392 -0.002067
1341836544.727518 0.004692 -0.001422 -7.828e-05 -4.214e-05 6.244e-05 -0.001976
1341836544.759494 0.006368 0.0002305 -0.0007706 4.978e-05 0.0006734 0.0003023
1341836544.791668 0.006162 -0.001701 0.0001659 -0.00158 0.00185 0.001368
1341836544.827466 0.009706 -0.002982 -0.001226 -0.0009175 -0.0009398 0.000216
1341836544.859305 0.006291 -0.000498 -0.002706 -0.0003449 0.001321 0.00147
1341836544.895467 0.007515 -0.0001262 0.0009905 -0.001411 -0.000873 0.003938
1341836544.927304 0.0105 -0.000557 0.003118 0.0001913 -0.006216 -0.0004174
1341836544.959325 0.00761 0.0007775 1.831e-05 -6.109e-05 -0.003629 -0.005647
1341836544.995539 0.005137 -0.0006245 0.0006128 -0.002852 -0.0003804 -0.003925
1341836545.027344 0.006849 -0.001607 0.001182 -0.0007834 -0.002977 0.0004367
1341836545.059375 0.009336 -0.002929 2.814e-05 -0.0006099 -0.003233 -0.0007135
1341836545.095388 0.007723 -0.001006 0.004559 3.57e-05 0.000404 -0.004255
1341836545.127468 0.007715 0.006092 0.004652 0.002834 -0.003896 -0.002664
1341836545.163386 0.006742 -0.005546 0.003748 -0.001649 -0.002622 -0.005001
1341836545.195497 0.002734 -0.0001845 0.00342 0.003223 0.003214 -0.002616
1341836545.227397 0.00593 0.007888 0.001789 0.005232 -0.00333 0.007139
1341836545.263290 0.01268 -0.002363 0.001906 -0.0008009 -0.00998 0.002593
1341836545.295536 0.007474 -0.003032 -0.0003895 -0.001636 -0.002232 -0.006725
1341836545.327474 0.006165 0.001211 0.001022 -0.001767 -0.0004111 -0.004051
1341836545.363462 0.008449 -0.00121 0.003699 -0.0001503 -0.004509 -0.002117
1341836545.395566 0.008041 -0.00893 0.0004429 -0.00181 -0.001142 -0.007122
1341836545.427508 0.008724 -0.001903 0.002943 0.005608 -0.001796 -0.00722
1341836545.463411 0.00768 0.00424 0.005231 0.009542 -0.009362 -0.001833
1341836545.495417 0.00376 -0.001773 0.003622 0.004597 -0.00365 -0.00437
1341836545.531468 0.007363 -0.002322 -0.0008889 0.0004737 -5.701e-05 -0.00343
1341836545.563294 0.009829 -0.002991 0.001209 0.0001963 -0.004534 -0.002595
1341836545.595508 0.007099 -0.005137 0.00145 0.001583 -0.001215 -0.002046
1341836545.631269 0.008351 -0.0003521 0.001135 9.17e-05 0.002052 -0.00151
1341836545.663475 0.009802 -0.007017 0.0009021 -0.001773 0.0002748 -0.001719
1341836545.695896 0.005407 -0.002409 0.002412 0.003373 0.001939 0.003463
1341836545.731477 0.007958 -0.0008337 0.003061 0.002602 0.001082 0.00665
1341836545.763607 0.009712 0.002001 0.008652 0.002352 -0.001338 0.001615
1341836545.795383 0.007318 -0.001635 0.001488 0.001481 -0.003469 -0.003535
1341836545.831377 0.003021 0.006779 0.004354 0.002126 -0.002787 0.001955
1341836545.863348 0.004433 -0.004693 0.004097 -0.00437 -0.002111 0.002637
1341836545.896341 0.003567 -0.003792 0.004122 -0.000612 0.001405 0.002713
1341836545.931585 0.005254 0.00219 0.002651 0.002501 -0.0006675 0.00618
1341836545.963501 0.008333 -0.004181 1.308e-05 -0.002028 -0.004128 0.003059
1341836545.999215 0.004883 -0.00275 0.006686 0.0006496 -0.0007138 -0.0001421
1341836546.031467 0.00696 0.002699 0.003113 0.002916 -0.004943 -0.0004357
1341836546.063373 0.005811 -0.00176 0.003141 -0.0005509 -0.006008 -0.0005182
1341836546.099306 0.006324 -0.005447 0.002208 -0.000506 -0.004208 -0.00199
1341836546.131834 0.00659 -0.0008945 0.0008667 0.00144 -0.003898 -0.002968
1341836546.164355 0.004775 0.001891 0.004709 0.0003828 -0.002941 -0.00182
1341836546.199264 0.005585 -0.0005131 0.003981 -0.0009424 -0.002974 -0.00205
1341836546.231493 0.006225 -0.003124 0.0005684 -0.002024 -0.003152 -0.003666
1341836546.264287 0.002045 -0.002774 0.001304 -0.00136 0.002565 -0.001551
1341836546.299427 0.005136 -0.00218 -0.0009027 -0.0007552 0.0003574 0.001972
1341836546.331292 0.005452 -0.0006996 -0.0005457 -0.0001857 -0.001153 0.003399
1341836546.367416 0.004324 -0.002133 0.001345 -0.002368 0.00101 0.00294
1341836546.399555 0.005726 -0.003101 -0.0004383 -0.001428 0.0004427 0.002021
1341836546.432297 0.003857 0.001368 0.002446 0.00181 -0.0001919 0.004974
1341836546.467482 0.006271 7.419e-05 -0.000331 -0.00105 -0.002042 0.004895
1341836546.499225 0.009718 -0.0004117 0.002825 -0.0006173 -0.004949 -0.0003303
1341836546.535507 0.007442 -7.139e-05 0.001076 0.0002244 -0.006982 -0.005138
1341836546.567385 -0.001375 -0.0003766 0.003503 -0.0003296 0.0007257 -0.003893
1341836546.599295 -0.0004718 0.0007521 -0.0004141 -0.001419 0.00411 0.005331
1341836546.635406 0.01083 -0.0009285 -0.001076 -0.001403 -0.00489 0.007481
1341836546.668046 0.007745 -0.001797 0.001909 -0.001743 -0.002834 -0.0007403
1341836546.703485 0.002529 -0.0001862 0.0003975 -0.001406 0.001493 -0.002337
1341836546.738692 0.005039 0.002307 0.0005301 -0.0006049 -0.001353 0.004225
1341836546.803475 0.01363 -0.006372 0.001718 -0.005684 -0.001721 0.002864
1341836546.868495 0.01766 -3.781e-05 0.0002367 -0.0007302 -0.006314 -0.0005191
1341836546.900379 0.00561 -0.005987 0.002571 -0.002252 0.001548 -0.006501
1341836546.932517 0.003675 -0.002115 0.0008447 -0.0002605 0.005967 -0.004591
1341836546.971295 0.005336 0.0009341 0.001043 0.002044 0.002972 0.00364
1341836547.032580 0.02056 -0.003931 0.003192 0.005272 -0.0008872 -0.002872
1341836547.068622 0.01093 0.004358 -0.0004016 0.002616 -0.00278 0.0002097
1341836547.100577 0.01965 0.0002795 -0.0001682 -0.0004608 -0.01336 5.347e-05
1341836547.136348 0.01029 -0.002649 0.003781 0.0005114 -0.008269 -0.007875
1341836547.168609 0.01028 -0.003335 0.000126 0.002233 -0.006157 -0.009873
1341836547.200315 0.008903 0.002038 0.001435 0.005057 -0.009938 -0.007137
1341836547.236411 -0.001269 0.0004008 0.006593 0.001221 0.0005686 -0.004732
1341836547.269507 0.007399 -0.003159 0.001632 -0.0008131 0.001772 9.889e-05
1341836547.300389 0.0082 0.0009768 0.003076 0.002294 -0.001233 0.00194
1341836547.336435 0.01032 -0.002224 0.003038 0.001466 -0.002663 6.074e-05
1341836547.368600 0.01004 -0.000797 0.003175 0.003133 -0.004133 -0.003488
1341836547.404507 0.002342 0.0005966 0.004788 0.003198 0.001116 -0.001884
1341836547.436484 0.05316 -0.08338 -0.3642 -0.03465 -0.03422 -0.01823
1341836547.475394 0.01202 -0.003912 0.008992 -0.002272 -0.002301 0.001517
1341836547.536533 -0.07197 0.05554 0.3066 0.0132 0.0323 -0.002871
1341836547.568431 0.006309 -0.002721 0.002508 -0.002545 -0.001048 -0.002317
1341836547.604254 0.001622 -0.002376 0.001802 -7.836e-05 0.005542 -0.001508
1341836547.636420 0.01237 0.004812 -0.0008703 0.001457 -0.001173 0.003497
1341836547.672322 0.009057 -0.001968 0.001444 -0.002599 -0.00103 -0.0007675
1341836547.704389 0.008187 -0.001541 0.0009698 -0.001189 0.001477 -0.004389
1341836547.736516 0.007921 0.0025 0.0003159 0.0004391 -0.0003088 -0.002302
1341836547.772413 0.002516 -0.001492 0.003033 -0.001011 0.00273 -0.001486
1341836547.804409 0.007971 0.0005639 -0.0002437 0.0003168 0.001212 0.00109
1341836547.840336 0.009213 0.002049 7.32e-05 0.000348 -0.001385 -0.0009296
1341836547.872370 0.001272 -0.000547 0.003116 -0.001299 0.004572 -0.004026
1341836547.904524 0.007012 0.0001931 -0.0007107 0.0006506 0.002617 -0.0009267
1341836547.940212 0.007776 0.002397 -0.0003455 -0.0005042 -8.946e-06 -0.0003492
1341836547.972282 0.007033 -0.000363 -0.0003659 -0.0008096 0.0002062 -0.003374
1341836548.004382 0.005206 -0.001157 -0.0005773 0.001295 -0.0003731 -0.003528
1341836548.040419 0.002482 0.002764 0.0007067 0.002037 0.0006595 -0.001824
1341836548.072298 -0.0007018 0.001225 0.002692 -0.0005968 0.004505 -0.0002339
1341836548.108439 0.006026 0.001233 -0.001178 -8.897e-05 0.002065 0.002712
1341836548.140411 0.007255 0.0002376 -0.0009742 -0.000761 -0.0002534 0.001068
1341836548.172332 0.002149 -4.934e-05 0.0005264 -0.0002995 0.002973 -0.0006087
1341836548.208477 0.003879 0.001329 -0.000625 0.0004418 0.002019 0.002338
1341836548.240362 0.008892 -0.001556 -0.002065 -0.001072 -0.00224 0.003741
1341836548.272973 0.004678 0.001861 -0.0004329 0.001153 -0.0011 0.0009359
1341836548.308412 0.003515 -0.0003406 7.308e-05 -2.739e-05 0.0001563 -0.000219
1341836548.340462 0.01369 -0.002056 -0.003667 -0.0003356 -0.006315 -0.001098
1341836548.376493 0.01127 -0.000313 -0.001183 0.0009146 -0.008648 -0.004739
1341836548.411379 -0.00749 0.003724 0.005209 0.001142 0.004158 -0.00663
1341836548.443599 0.004397 -0.001447 -0.0008874 -0.001276 0.001352 0.0008994
1341836548.479367 0.01879 -0.003876 -0.004279 -0.001501 -0.01042 0.001041
1341836548.511578 -0.005414 0.005174 0.005698 0.002222 0.004051 -0.006092
1341836548.543463 0.009639 -0.002243 -0.002175 -0.003905 -0.001595 0.0006988
1341836548.579379 0.01128 -0.003771 -0.0001634 -0.002374 -0.005903 4.432e-05
1341836548.611299 0.0005836 0.002576 0.003653 0.002277 0.001515 -0.00258
1341836548.644283 0.0195 -0.00185 -0.004348 -0.002092 -0.009683 -0.001349
1341836548.679357 0.01022 -0.002854 0.0013 -0.00178 -0.00871 -0.005633
1341836548.711385 0.002517 0.002853 0.005238 0.001768 -0.003658 -0.00526
1341836548.744381 0.004946 -0.0003049 0.004029 -0.002377 -0.002724 -0.002443
1341836548.779339 0.01162 -0.004171 0.0002871 -0.001142 -0.007199 -0.0004875
1341836548.811351 0.01096 0.002401 0.002677 0.002488 -0.008485 -0.004162
1341836548.847326 0.003462 0.001377 0.00556 0.0001559 -0.001776 -0.007912
1341836548.879497 0.008836 -0.001266 0.001355 -0.002206 -0.005195 -0.0005434
1341836548.912408 0.004388 -0.0004003 0.00678 -0.002094 -0.002307 -0.0001524
1341836548.947401 0.007563 -0.002704 0.002929 -0.0008551 -0.0008745 -0.002871
1341836549.015475 0.02086 -0.003963 0.002605 -0.001119 -0.01531 0.003644
1341836549.080349 0.01331 -0.003218 0.01024 0.0003361 -0.007496 -0.009765
1341836549.115351 -0.008598 0.003883 0.01197 0.00311 0.008192 0.0008899
1341836549.147492 0.01359 -0.002037 -0.001247 -0.0005413 -0.002702 0.01008
1341836549.183418 0.01511 -0.002392 0.001164 0.001111 -0.006584 -0.002106
1341836549.215378 0.00115 0.001789 0.00535 0.002464 0.001577 -0.006683
1341836549.247531 0.004271 0.003322 0.002772 0.001584 -0.001686 0.00302
1341836549.283330 0.0008301 0.0002908 0.007311 -0.001924 0.0019 0.003428
1341836549.315584 0.007628 -0.003731 0.002224 -0.00134 0.002312 -0.0007538
1341836549.348171 0.006232 0.0009368 0.001961 0.002166 0.000122 0.001697
1341836549.383316 0.0001401 0.004779 0.006129 0.000923 0.003051 0.007174
1341836549.415365 0.009951 -0.001987 0.001004 -0.003001 0.0001545 0.004647
1341836549.451370 0.01289 -0.002109 -0.0009628 -0.001428 -0.00358 0.0003734
1341836549.483381 0.007031 -0.0002272 0.002439 -0.0007275 -0.00266 -3.865e-05
1341836549.515395 0.002772 0.0009078 0.004508 -0.001666 0.0005584 0.001418
1341836549.551462 0.0108 -0.001568 5.14e-05 -0.002906 -0.00366 0.001884
1341836549.583462 0.004349 0.00193 0.004732 -0.0005872 -0.0005128 -0.002908
1341836549.619282 0.004102 -0.0004023 0.003735 -0.001674 0.001008 -0.001614
1341836549.651473 0.01007 -0.000783 0.000716 -0.00126 -0.003047 0.0004346
1341836549.683367 0.003563 0.0008939 0.004498 -0.001077 0.0001778 -0.0009925
1341836549.719230 0.002325 0.002568 0.003959 -0.001771 0.002833 -0.0002496
1341836549.751414 0.009584 -0.002991 -0.000125 -0.00339 -0.00168 -0.000591
1341836549.787507 -0.001612 0.0003149 0.006167 -0.0003894 0.004341 -0.001823
1341836549.819340 -3.782e-05 0.002002 0.004602 0.0004988 0.006874 0.00275
1341836549.851680 0.01054 -0.004222 -0.0009772 -0.0006717 0.0001592 0.003514
1341836549.887374 0.001475 0.003272 0.004807 0.00281 0.004784 0.0002634
1341836549.919465 0.004693 0.001074 0.00125 0.001012 0.00474 0.0003361
1341836549.955410 0.008649 0.0002594 -6.416e-05 -0.0001788 -0.0009415 0.001403
1341836549.987370 -0.0009595 0.002613 0.003538 -0.0008115 0.005539 0.002228
1341836550.019353 0.01026 -0.006319 -0.001763 -0.002351 -0.001253 0.0005834
1341836550.055341 0.003102 -0.0004039 0.001669 0.002995 0.0005725 -0.002309
1341836550.087353 0.0003018 0.004371 0.001936 0.003438 0.004331 0.001935
1341836550.119416 0.009446 -0.001674 -0.001496 -0.001314 -0.00259 0.002396
1341836550.155369 0.0002606 0.001008 0.003064 0.0005296 0.003263 -0.0008593
1341836550.187297 0.007104 -0.0009792 -0.0009487 0.0008435 3.917e-05 -0.001636
1341836550.223427 0.007428 0.001045 -0.001575 0.001774 -0.003827 -0.002568
1341836550.255383 -0.003226 0.003491 0.005168 0.000725 0.004861 -0.001325
1341836550.320516 0.0105 4.898e-05 -0.0006002 -0.001642 0.007956 0.003071
1341836550.352459 0.006 -0.001552 -0.00113 -0.002536 0.0002202 0.005732
1341836550.384560 0.009936 -0.001836 -0.00206 9.342e-05 -0.003211 -0.003232
1341836550.420444 0.004308 -0.0003477 -0.001745 0.001634 0.0007184 -0.007988
1341836550.452358 0.005851 0.0001387 -0.001513 0.0005919 -0.001985 -0.001404
1341836550.484436 0.005776 -0.001266 -0.00202 -0.0003937 -0.001062 -0.0006947
1341836550.520427 0.00651 0.0008122 0.001966 0.001176 0.002238 -0.003346
1341836550.552434 0.006892 -0.0009921 -0.00302 0.0004114 -0.0006653 -0.002035
1341836550.588509 0.008248 0.0003024 -0.001267 -0.0004778 -0.002202 -0.0004641
1341836550.620438 0.006811 -0.004425 -0.002839 -0.001934 0.001612 -0.001968
1341836550.652656 0.009808 0.0004006 0.0003 0.002222 -0.003868 -0.004813
1341836550.688439 0.007141 0.002831 -0.003357 0.00252 -0.00572 -0.002828
1341836550.720423 0.003545 -0.00118 0.001335 -0.001096 -0.0003736 -0.004142
1341836550.752434 0.004452 -0.000122 -2.346e-05 -0.0003619 0.003011 -0.00165
1341836550.788573 0.007215 0.001342 0.0009746 0.0001806 -0.0005029 0.002226
1341836550.820368 0.009524 0.000153 0.0002925 0.001575 -0.007136 -0.0004696
1341836550.856414 0.001438 0.006091 0.004102 0.003043 0.0001827 -0.001074
1341836550.888343 0.005376 -0.001809 -0.001643 -0.002468 -0.000179 0.002596
1341836550.920432 0.008918 -0.001925 -0.001411 -0.001087 -0.007014 0.001647
1341836550.956331 0.006363 8.373e-06 -0.0003726 0.0007036 -0.005354 -0.00123
1341836550.988524 0.006718 0.001077 -0.0001286 0.0009668 -0.004219 -0.00494
1341836551.020555 0.003741 0.0003834 -5.546e-05 -0.001002 -0.001027 -0.0004455
1341836551.056360 0.006659 -0.004041 -0.001166 -0.003322 -0.003433 0.00319
1341836551.088410 0.00949 -0.001204 2.021e-05 0.0004679 -0.006852 -0.002505
1341836551.124405 0.002023 0.0004521 0.001127 0.000163 0.0006841 -0.002623
1341836551.156413 0.00564 0.0003314 0.001819 -0.0007696 -0.002212 0.003467
1341836551.188336 0.009564 -0.00129 0.0001559 -0.0001216 -0.008074 0.000668
1341836551.224358 0.005437 0.0009905 0.002372 0.001643 -0.002486 -0.006763
1341836551.256305 0.005654 -0.0005914 2.5e-05 0.0002633 -0.003723 -0.003583
1341836551.292276 0.005334 -0.0001855 0.00172 0.0004094 -0.00566 0.001019
1341836551.326846 0.006462 -0.001102 0.0006071 -0.0003805 -0.003108 -0.001928
1341836551.356394 0.005146 -0.001706 0.00113 -0.0004334 -0.0003411 -0.00508
1341836551.392345 0.00547 0.0006978 0.0005884 0.0005366 -0.003034 6.228e-05
1341836551.424392 0.007821 -0.0009171 -0.000601 -0.0005174 -0.005925 3.159e-05
1341836551.456321 0.003173 0.003406 0.00307 2.645e-05 0.000864 -0.005241
1341836551.492455 0.005863 0.003295 0.0001091 -0.002336 -0.001579 -0.00216
1341836551.524730 0.004371 -0.005111 0.0001439 -0.005876 -0.001507 0.0002618
1341836551.560490 0.00316 -0.004092 0.0005719 -0.00341 0.00215 0.00168
1341836551.592523 0.007134 -0.001481 0.001162 -0.000511 -0.001967 -0.0001296
1341836551.624484 0.004203 -0.002432 0.001526 0.001634 -0.001379 -0.003188
1341836551.660534 0.001265 0.003844 0.002894 0.003853 0.002829 0.00316
1341836551.692452 0.006745 -0.0008297 0.0007751 -0.00142 -0.001976 0.004298
1341836551.724354 0.003959 -0.003659 0.0009577 0.0003105 0.001304 -0.0008643
1341836551.760297 0.005401 0.004077 0.001835 0.003862 -0.00126 0.001108
1341836551.792285 0.006179 -0.001247 -0.0006589 0.001813 -0.005732 0.0006145
1341836551.828378 -0.0001959 0.002316 0.003946 0.00206 0.001976 -2.385e-05
1341836551.860476 0.005596 0.001399 0.001204 0.0007266 -0.000121 0.0006403
1341836551.892485 0.005228 0.00249 -0.001403 0.0007455 -0.002258 -0.0001023
1341836551.928290 0.00417 -0.001516 -0.001128 -0.002741 -0.001651 0.0006428
1341836551.960486 0.005574 -0.0006011 0.0009073 -0.001541 -0.0005357 -0.00328
1341836551.992344 0.00334 -0.001331 -0.0004401 -0.0009523 0.002213 -0.001629
1341836552.028600 0.005395 -0.001132 -0.001242 -0.002138 -0.0003337 0.002787
1341836552.060303 0.006697 -0.001874 0.0007207 -0.0006685 -0.001981 8.606e-05
1341836552.096567 0.005521 0.0003535 0.0006885 0.0008766 -0.0001662 -0.002619
1341836552.131524 0.005278 0.003611 0.001207 9.524e-05 0.0002498 -0.0003741
1341836552.163502 0.007418 -0.001726 -0.0002109 -0.001572 -0.004638 0.002036
1341836552.199321 0.007219 -0.001674 -0.0003227 3.904e-05 -0.005767 -0.001818
1341836552.231433 0.004593 -0.001708 0.0002485 -6.294e-05 -0.002169 -0.003489
1341836552.264218 0.006801 0.002058 0.0004454 0.001571 -0.00546 -0.000451
1341836552.299306 0.006501 -0.002665 -0.002095 -0.001272 -0.006664 -0.001809
1341836552.331302 0.003667 -0.008235 0.001398 -0.002681 -0.000616 -0.004687
1341836552.364350 0.006067 0.003074 0.003076 0.005973 -0.002018 0.002974
1341836552.399343 0.008755 0.007276 0.002051 0.004038 -0.007134 0.005904
1341836552.431418 0.008675 -0.003869 0.0003864 -0.00309 -0.004263 -0.005248
1341836552.467415 0.006865 0.0005928 0.0009046 0.002264 -0.003786 -0.008287
1341836552.499249 0.005907 0.002813 0.0004915 0.001975 -0.006197 -0.001389
1341836552.532418 0.005361 -0.002539 0.0002103 -0.001899 -0.003004 -0.0005101
1341836552.567368 0.007748 0.001361 0.002195 -0.001309 -0.0007907 -0.004327
1341836552.599391 0.004978 -0.003594 0.001283 -0.001925 0.00109 -0.002512
1341836552.635473 0.005598 0.002069 0.002547 -0.0003171 0.00104 0.004783
1341836552.667375 0.01095 -0.0007142 0.0005819 -0.0007615 -0.00481 -0.0004719
1341836552.699343 0.006244 -0.001579 0.0005957 0.0006353 -0.00215 -0.0103
1341836552.735425 0.002717 0.004268 0.00268 0.0005445 0.001906 -0.001813
1341836552.768247 0.00886 -0.001737 0.0009325 -0.002812 -0.004824 0.004268
1341836552.803477 0.006129 -0.00364 -5.004e-05 -0.002121 -0.00319 -0.00255
1341836552.864617 0.01295 0.004983 0.004233 -0.0004872 -0.006628 -0.002225
1341836552.900505 0.005634 -0.004604 0.002003 -0.002672 -0.004762 -0.0003959
1341836552.932361 0.005527 -0.00119 0.002288 0.0003342 -0.001681 -0.005006
1341836552.964441 0.004555 0.001183 0.003364 0.002341 -0.002441 -0.001206
1341836553.001338 0.005428 0.0006944 0.002995 0.0005706 -0.003693 0.002154
1341836553.032376 0.003228 -0.003057 0.003573 -0.0009515 0.002034 -0.0003882
1341836553.068569 0.006136 0.003484 0.00277 0.001129 0.0003356 0.00131
1341836553.100441 0.00619 0.0003445 0.002275 -0.0004243 -0.002614 0.002623
1341836553.132383 0.005643 2.804e-05 0.002487 0.0007338 -0.003263 -7.805e-05
1341836553.168938 0.003645 -0.0003489 0.0008841 -0.0004445 -0.001251 -0.0006304
1341836553.200403 0.005703 -9.996e-05 0.0008762 -0.0007114 -0.002273 0.001086
1341836553.232423 0.00584 -0.0006499 0.00137 -0.0001251 -0.003911 0.0002855
1341836553.269564 0.003655 0.0005476 0.0003964 -0.0009471 -0.001317 -0.0001568
1341836553.300359 0.005411 -0.00315 0.001347 -0.003235 -0.0002652 -0.001163
1341836553.336411 0.006831 0.001159 0.0006399 -9.447e-05 -0.004191 -0.0008095
1341836553.368474 0.003921 -0.001888 0.0006979 -0.002293 -0.001789 -0.004333
1341836553.400445 0.002644 -0.005449 0.001571 -0.00383 0.003045 -0.003354
1341836553.436421 0.005347 0.003955 0.002346 0.001089 -0.000525 0.002871
1341836553.468477 0.006843 -0.002757 0.0006495 -0.001769 -0.003234 0.001285
1341836553.504461 0.003498 -0.00163 0.001416 0.0002633 0.002661 -0.004691
1341836553.536341 0.007037 0.003126 0.002793 0.001788 -0.0002063 -0.001727
1341836553.568459 0.006766 0.0019 8.818e-05 0.0006269 -0.005448 -0.001135
1341836553.604432 -0.001149 -0.002625 0.001392 -0.003154 0.003334 -0.001975
1341836553.636456 0.004145 6.032e-05 0.001142 -0.001962 0.004474 0.002379
1341836553.668714 0.007945 -0.0003583 0.0003593 -0.001661 -0.003616 0.003143
1341836553.704420 0.004188 -0.005385 -0.0002841 -0.0005737 -0.001941 -0.001931
1341836553.736432 0.00149 0.005358 0.0009108 0.005199 0.005025 -0.002836
1341836553.772413 0.008293 0.008282 0.00146 -8.123e-05 -0.001958 0.002524
1341836553.805308 0.006035 -0.0007003 -0.002692 -0.004395 -0.001876 -0.002716
1341836553.836430 0.003987 0.001177 -0.001658 -0.003309 0.0006457 -0.00769
1341836553.872431 0.001805 -0.0001187 -0.001806 -0.004204 0.001408 -0.00169
1341836553.904605 0.002164 -0.002538 -0.001942 -0.004935 0.001793 0.004914
1341836553.936434 0.004849 0.0004597 -0.001455 -0.002807 0.003114 0.00417
1341836553.972533 0.006729 0.005396 0.0009731 -0.001941 0.002813 0.003126
1341836554.004482 0.008955 -0.001013 -0.00193 -0.00424 -0.005045 0.003606
1341836554.040423 0.004872 6.936e-05 -0.0025 -0.001535 -0.004753 -0.003601
1341836554.075305 -0.001203 -0.0004123 -0.0006984 -0.002956 0.00564 -0.006706
1341836554.140435 0.01512 0.0003692 0.0002178 -0.003964 -0.001941 0.003395
1341836554.172892 0.004124 -0.00153 -0.002741 -0.00086 0.0005419 -0.003716
1341836554.209182 0.002712 0.002457 -0.00101 -0.001814 0.004904 -0.002617
1341836554.243518 0.01234 -0.001475 0.001197 -0.003138 -0.006867 0.002453
1341836554.278265 0.00555 -0.003917 -0.002596 0.0006535 -0.008284 -0.003879
1341836554.343525 0.006001 0.004573 -0.001123 0.001292 -0.005816 -0.01298
1341836554.408617 0.008645 -0.003539 -0.0004662 -0.005932 3.055e-05 0.006111
1341836554.476388 0.011 0.0002057 0.0007592 0.003608 -0.003658 0.006714
1341836554.511752 0.01005 0.0006787 0.001996 -0.000502 -0.006102 0.004849
1341836554.545324 0.00685 -0.003366 -0.0004061 0.001419 -0.00843 -0.0004626
1341836554.576365 0.005425 0.001068 0.001082 0.003742 -0.008402 -0.005937
1341836554.611474 0.002532 0.003206 0.001341 0.003098 -0.00567 -0.005718
1341836554.643517 0.003365 -0.003171 0.0006762 -0.001385 -0.004929 -0.0009378
1341836554.679301 0.007231 0.002616 0.00338 0.002756 -0.006092 -0.00105
1341836554.711387 0.006561 0.001231 0.0003054 -7.143e-05 -0.006974 -0.001388
1341836554.744294 0.005314 -0.003266 0.0005786 -1.547e-05 -0.006337 -0.004355
1341836554.779243 0.001662 -0.0005883 0.001483 0.002059 -0.001851 -0.001584
1341836554.811465 0.007072 0.003702 0.001497 0.001128 -0.004404 0.004282
1341836554.844421 0.008384 -0.001357 0.001344 0.0004145 -0.006179 -0.002147
1341836554.879285 0.003237 0.0009681 0.001576 0.001608 -0.0001759 -0.005183
1341836554.911347 0.004045 0.0008733 0.001384 -0.0008279 0.001013 0.002706
1341836554.947423 0.00865 -0.00136 0.001088 -0.001694 -0.003557 0.004141
1341836554.979379 0.008704 0.0002423 0.001248 0.001851 -0.006294 -0.00479
1341836555.012388 0.001996 -0.0001853 0.0007831 0.0007907 0.0001418 -0.005882
1341836555.047398 0.003774 -0.0001784 0.001566 0.0003918 -0.001056 0.002944
1341836555.079410 0.006436 0.003897 0.0009045 0.0006519 -0.003547 0.004026
1341836555.115333 0.006986 -0.002362 0.0007005 -0.002383 -0.001401 -0.003629
1341836555.147403 0.004145 0.001481 0.0006384 0.0003302 -0.002525 -0.003922
1341836555.179327 0.001936 -0.0006158 0.0004864 -0.00102 -0.003095 0.002886
1341836555.215254 0.003785 -0.003474 0.000605 -0.002312 0.0009837 0.00302
1341836555.247478 0.005629 0.004057 0.0007509 0.002158 -0.0005093 0.00119
1341836555.283336 0.005735 -0.0004343 -0.000252 -0.0003828 -0.006084 -0.001074
1341836555.315509 0.001089 -0.002171 0.0007531 0.0007879 -5.614e-05 -0.003896
1341836555.347557 0.002837 0.003949 0.0006879 0.002368 0.0001254 0.0003637
1341836555.383389 0.004816 0.0004186 -0.0006672 -0.000679 -0.002044 8.877e-06
1341836555.415569 0.001756 0.0002276 -0.0004215 -0.001121 0.001681 -0.001899
1341836555.451666 0.003541 0.0005614 -0.0006175 -0.0008464 -0.0008742 0.00253
1341836555.483306 0.005875 -0.001335 -0.0006056 0.0003307 -0.00672 -0.002261
1341836555.515620 0.000777 0.001353 -0.0001189 0.002712 -0.001345 -0.008006
1341836555.551593 0.0006686 0.002888 -0.001319 0.0006606 -0.00105 -1.282e-05
1341836555.583395 0.003438 2.326e-05 -0.001042 -0.0003433 -0.005772 0.001543
1341836555.619267 0.00289 -0.001291 -0.0008399 -0.002823 -0.0001466 -0.002199
1341836555.651764 0.002526 0.002172 -0.001564 -0.0004942 0.001335 -0.002305
1341836555.683433 0.001972 0.004497 -0.001128 0.0002808 -0.005043 -0.001629
1341836555.719341 0.002776 -0.00328 0.0009537 -0.003645 -0.003505 -0.003586
1341836555.751564 4.182e-05 -0.003431 -0.001224 -0.002078 0.002564 -0.002191
1341836555.787315 0.0008291 0.004109 -0.001263 0.002504 -0.002518 0.003228
1341836555.819769 0.003765 -0.0004644 -0.0009769 0.0007459 -0.007655 -0.0005801
1341836555.851679 0.001454 0.003503 0.00106 0.0008736 -0.003086 -0.006371
1341836555.887393 -0.001104 0.002792 -0.002263 -0.001592 -0.002811 -0.0009937
1341836555.919578 -0.000375 0.0009068 -0.0009996 0.0001009 -0.009792 -0.003769
1341836555.955380 -0.001017 -0.0009846 0.003589 -0.002228 -0.007034 -0.007318
1341836555.989240 -0.0006179 -0.0006911 -0.002291 -7.726e-05 -0.006619 -0.004592
1341836556.019400 -0.0006655 0.003844 5.984e-05 0.001868 -0.01148 -0.004152
1341836556.055601 -0.001065 -0.003906 0.004208 -0.003256 -0.008219 -0.004081
1341836556.087385 -0.001163 -0.0005267 -0.002562 0.001943 -0.009475 -0.0009579
1341836556.119395 -0.0006062 0.001293 0.004194 0.001886 -0.0136 -0.003502
1341836556.155460 -0.0002683 -0.002117 0.00488 -0.001391 -0.008761 -0.00739
1341836556.187386 -0.005372 0.0003919 -0.002627 0.002505 -0.01124 -0.004004
1341836556.219549 0.002722 -0.0001872 0.01347 0.001996 -0.01639 -0.004888
1341836556.255513 -0.000792 -0.00289 0.007015 0.0009337 -0.004908 -0.0007608
1341836556.287550 -5.344e-05 0.00357 -0.004383 0.004613 -0.009426 0.008398
1341836556.319460 0.0006871 -0.004296 0.006071 -0.0002412 -0.01144 -0.0009873
1341836556.355470 -0.0007174 -0.0002593 0.006133 0.0003888 -0.005193 -0.005052
1341836556.387408 -0.0001679 0.000213 0.003391 0.0002793 -0.004693 0.003849
1341836556.423470 0.001083 -0.002888 0.002348 0.0001773 -0.006436 0.006616
1341836556.455541 0.001128 -0.004646 0.004835 0.0001206 -0.00343 -0.0005027
1341836556.487492 0.001339 0.001459 0.0003548 0.003129 -0.003366 -0.0001722
1341836556.523491 0.002043 0.002947 0.003832 0.001056 -0.004829 0.00134
1341836556.555480 0.002707 -0.006599 0.002011 -0.002955 -0.001866 -0.001911
1341836556.587472 0.002711 -0.001203 0.001301 0.0007473 -0.0004988 -0.001327
1341836556.623447 0.003229 -0.001553 0.002754 0.001262 -0.001507 0.001141
1341836556.655577 0.004712 -0.007349 0.002088 0.0004665 0.0002599 -0.0005354
1341836556.688390 0.004044 0.0001145 0.0006038 0.003333 0.002461 -6.547e-05
1341836556.723474 0.003945 0.002924 0.001128 0.00203 0.001921 0.001635
1341836556.755589 0.006141 -0.003387 -0.0001199 -0.002095 0.002932 0.001245
1341836556.791502 0.003374 -0.0008459 -0.002846 -0.0001943 0.005102 0.004332
1341836556.823299 0.001997 0.00407 -0.003223 0.002252 0.0006514 0.002739
1341836556.855500 0.004258 -0.0008514 0.0004856 -0.00148 -0.0007126 -0.002543
1341836556.891411 0.004875 -0.001496 -0.0004587 -0.001024 0.002409 -0.002261
1341836556.923356 0.001689 0.005115 -0.005809 0.0005145 0.001504 0.003649
1341836556.956491 0.00374 -0.0008979 0.001732 -0.003369 -0.0006534 -0.0005527
1341836556.991578 0.004825 -0.003085 -0.0004171 -0.002996 0.003344 -0.0005433
1341836557.023423 0.0003429 0.006969 -0.003801 0.001401 0.001265 0.00797
1341836557.056479 0.003787 -0.002618 0.002685 -0.003103 -0.001608 0.000861
1341836557.091401 0.004213 -0.001826 -0.002227 -0.002447 0.003372 0.001436
1341836557.123977 -8.637e-05 0.005015 -0.002781 0.001385 0.0005785 0.006508
1341836557.159693 0.003637 -0.0003297 0.002186 -0.002447 -0.003822 0.0008685
1341836557.191367 0.004466 -0.006439 0.002771 -0.0035 0.001887 -0.003363
1341836557.224237 0.001231 0.004963 -0.003483 0.001372 0.001275 0.003131
1341836557.259428 0.003738 -0.0001889 0.00113 -0.002042 -0.002972 0.002412
1341836557.291320 0.004669 -0.003666 0.004881 -0.002813 -0.0004168 -0.00451
1341836557.327336 0.003714 -0.0005665 -0.001188 -0.0007066 0.001744 0.001934
1341836557.359367 0.003757 0.002317 0.0009775 0.0001338 -0.00223 0.001911
1341836557.391466 0.006319 -0.007195 0.005762 -0.003178 0.0003478 -0.004349
1341836557.427430 0.00393 0.004038 0.001398 0.002553 0.002396 -0.0007586
1341836557.459285 0.006453 -0.001812 0.004302 -0.0003801 -0.0002113 -0.006809
1341836557.495372 0.007114 -0.00363 -0.0004355 -0.002777 0.005609 -0.0008139
1341836557.527351 0.004084 -0.0001246 0.002096 -0.0006834 0.004332 0.004078
1341836557.559823 0.007799 -0.004645 0.005706 0.0005208 0.001911 -0.004153
1341836557.595345 0.005229 0.001152 -0.001091 0.001629 0.006132 -4.279e-05
1341836557.627527 0.005951 0.001056 0.0004168 0.0007729 0.001877 0.00403
1341836557.663458 0.006658 -0.001424 0.002183 -0.000796 0.00151 0.0009758
1341836557.695389 0.006083 -0.00107 0.0009482 -0.001139 0.003065 -0.001101
1341836557.727634 0.005058 0.002121 0.001957 0.0001716 0.001633 -4.458e-06
1341836557.763370 0.004864 -0.000694 0.001526 -0.002746 0.002617 0.00394
1341836557.795557 0.007642 -0.003038 0.002154 -0.003583 0.001616 0.0004565
1341836557.831402 0.00396 -0.001831 0.003361 -0.001178 0.004458 -0.003341
1341836557.863496 0.003917 0.004329 0.0004824 -0.0001291 0.001724 0.005404
1341836557.895559 0.00722 -0.002197 0.001033 -0.00259 -0.002885 -0.0006758
1341836557.931492 0.004198 -0.008241 0.004353 -0.00481 0.003262 -0.01035
1341836557.963497 0.001826 0.001649 0.00325 -0.001478 0.005025 0.001259
1341836557.999327 0.006422 0.002572 0.0006404 -0.001019 -0.001618 0.007061
1341836558.031507 0.0103 -0.00528 -0.001031 -0.003847 -0.0007734 -5.887e-05
1341836558.063409 0.007733 0.0005604 0.001332 -0.0008442 0.004005 -0.006372
1341836558.099336 0.003383 0.00574 0.003094 -0.000385 0.002753 0.001419
1341836558.131450 0.008896 -1.523e-05 1.726e-05 -0.002299 -0.002676 0.004319
1341836558.167388 0.01048 -0.005796 0.001349 -0.002251 -0.0007155 -0.006651
1341836558.199275 0.002787 0.003921 0.002956 0.002194 0.003982 -0.005191
1341836558.231310 0.004641 0.003518 0.001523 -0.0006812 -0.001821 0.004579
1341836558.267380 0.009258 -0.005368 0.0007245 -0.004032 -0.002361 0.001143
1341836558.299370 0.007118 0.0005206 0.001484 -0.0004008 0.001538 -0.003627
1341836558.331340 0.00313 0.001302 0.001731 -0.0002808 0.0007248 -0.001426
1341836558.367521 0.005279 -0.001289 0.000835 -0.001425 -0.002383 0.001483
1341836558.399507 0.007215 -0.003473 0.0001009 -0.0007949 -0.001794 -0.001891
1341836558.431424 0.003196 -0.0009202 0.00165 0.003019 2.012e-05 -0.005588
1341836558.467334 0.003914 0.003279 0.001359 0.00168 -0.0007798 0.002182
1341836558.499235 0.006968 -0.003988 -0.0008861 -0.002643 0.001101 0.004908
1341836558.531456 0.00529 0.002107 -0.0004154 0.001266 0.001838 0.0001139
1341836558.567430 0.003914 0.003326 -0.0005252 0.0001651 0.0006126 -0.0006684
1341836558.599261 0.004045 -0.001809 -0.0009734 -0.002279 -0.0001059 0.0008349
1341836558.635428 0.002679 -0.002438 -0.0003764 0.000191 -4.032e-05 9.452e-05
1341836558.667315 0.004013 0.00262 -0.00102 0.002478 -0.001783 -0.0004824
1341836558.699299 0.006802 -0.002701 -0.0007293 -0.001063 0.000247 0.0003231
1341836558.735276 0.0008226 0.001125 -0.0008176 0.0007098 0.004206 0.005944
1341836558.767234 0.004459 0.001647 -0.001941 0.002604 -0.003729 0.0006297
1341836558.799388 0.007603 -0.002594 -0.0008239 0.0005062 -0.001793 -0.008065
1341836558.835519 -0.0008012 0.003751 -2.181e-05 0.001976 0.002087 -0.000203
1341836558.867451 0.002517 0.002637 -0.002151 0.0005387 -0.005149 0.001423
1341836558.900348 0.008058 -0.002148 -0.002005 -0.0009731 -0.006896 -0.005831
1341836558.935724 0.004496 0.002202 -0.00136 -0.0008393 -0.001447 -0.008111
1341836558.967478 0.000981 -0.001128 -0.001596 -0.002372 -0.001267 -0.002217
1341836559.000224 0.003324 -0.001365 -0.001899 -0.0005191 -0.004651 0.001469
1341836559.035306 0.007114 -0.003845 -0.002831 0.0001504 -0.005119 -0.004254
1341836559.067396 0.004077 0.00152 -0.001438 0.002769 -0.002037 -0.007702
1341836559.100310 0.002829 -0.0003948 -0.001667 0.0004002 -0.002465 -0.0002131
1341836559.135300 0.004932 0.0007256 -0.002378 0.001375 -0.003893 0.0007043
1341836559.168365 0.007369 0.001743 -0.002733 0.0003519 -0.004924 -0.003702
1341836559.203378 0.005969 -0.004481 -0.001607 -0.002354 -0.001738 -0.00618
1341836559.235370 0.001093 0.001349 0.0001946 0.001808 0.000199 0.0008593
1341836559.268241 0.005054 0.002289 -0.001875 0.00157 -0.006112 0.004644
1341836559.303359 0.01078 -0.008033 -0.001219 -0.001043 -0.004209 -0.007124
1341836559.335518 0.001033 0.004352 0.001306 0.004391 0.004115 -0.001636
1341836559.371796 -0.0008019 0.004851 -0.002446 0.003819 -0.004983 0.004378
1341836559.408276 0.013 -0.003707 0.0008316 -0.0001173 -0.009973 -0.005538
1341836559.439280 0.004788 0.0002511 0.0004787 0.001303 0.003312 -0.002943
1341836559.471768 0.001284 0.00754 -0.001263 0.003792 -0.0009967 0.006382
1341836559.503696 0.00808 0.001407 -0.0007598 -0.0007949 -0.00774 0.0003402
1341836559.539299 0.006139 -0.004418 -0.0009229 -0.002759 0.000799 -0.004569
1341836559.571414 0.002107 0.0056 -0.0009845 0.002496 -0.0005759 0.0006799
1341836559.603414 0.006653 -0.003265 -0.001136 -0.001863 -0.005662 0.001264
1341836559.639412 0.005701 -0.005983 -0.002252 8.893e-05 0.001236 6.65e-06
1341836559.672296 0.002657 0.0104 -0.0007257 0.006591 -0.0008862 -0.0006056
1341836559.707411 0.004862 0.003609 -0.002042 -0.0007749 -0.005895 -0.0004345
1341836559.739469 0.005499 -0.005813 -0.001952 -0.003975 -0.002934 -0.003496
1341836559.771384 0.005058 -0.0008416 -0.001516 -0.0002951 0.00054 -0.002492
1341836559.807349 0.002374 -0.0009124 -0.00147 -0.0009745 0.0007131 0.004702
1341836559.839315 0.002468 -0.0003776 -0.001907 0.002423 -0.003592 0.002037
1341836559.875410 0.00528 -0.0002379 -0.001111 0.00387 -0.006071 -0.007626
1341836559.907310 0.004455 0.001601 -0.0005317 0.001236 -0.002046 -0.004532
1341836559.939497 0.002501 0.001752 -0.00152 -0.001253 -0.00136 0.00486
1341836559.975374 0.003909 -0.002359 -0.001669 -0.00114 -0.003276 0.001393
1341836560.007502 0.003103 0.001302 -0.0009125 0.0007114 -0.00147 -0.002951
1341836560.043829 0.00124 0.003303 -0.00101 0.0005584 -0.003252 0.001096
1341836560.104647 0.007097 -0.004045 -0.001381 -0.000273 -0.01131 -0.004979
1341836560.140480 0.0004595 0.004305 -0.0006349 0.003205 -0.002093 -0.004727
1341836560.172477 -0.001804 0.006539 -0.001744 0.002795 -0.009031 -0.007064
1341836560.204360 0.005119 0.004312 0.004658 -0.003498 -0.01071 -0.01354
1341836560.240546 0.001033 -0.003975 0.002841 -0.005923 -0.00182 -0.008513
1341836560.272387 -0.001369 0.003861 -0.001944 -0.0005839 -0.00392 0.003341
1341836560.304441 0.001454 0.002613 0.001312 -0.000323 -0.0117 -0.00604
1341836560.340364 0.001736 -0.001967 0.007195 -0.001573 -0.005524 -0.01056
1341836560.372350 -0.001594 0.002839 -0.002161 0.002824 -0.005438 0.005716
1341836560.408404 0.002633 -0.002228 0.006995 -0.001514 -0.008352 0.00282
1341836560.440483 -8.109e-06 -0.004085 0.001612 -0.001117 0.0002423 0.002126
1341836560.472298 0.0008228 0.004043 -0.0008776 0.004781 -0.004668 0.005204
1341836560.508310 0.001708 -0.003069 0.004204 0.0001392 -0.004421 6.599e-05
1341836560.540317 0.001497 -0.00255 0.001509 0.000342 -0.001066 0.001086
1341836560.573502 0.002216 -0.002153 0.00146 0.001113 -0.001101 0.0008724
1341836560.608340 0.002273 -0.001224 0.001169 0.0009688 -0.0003431 0.003527
1341836560.640422 0.002622 -0.0007264 0.0009897 0.001403 -0.00143 0.002861
1341836560.676330 0.004891 -0.007207 0.002371 -0.001643 0.0004819 -0.001936
1341836560.708409 0.003516 -0.003603 0.001358 0.001283 0.003702 0.003261
1341836560.740520 0.003402 0.003197 0.001827 0.00591 -0.0001542 0.005796
1341836560.776254 0.00397 0.002979 0.002021 0.004097 -0.002762 0.003279
1341836560.808326 0.004812 -0.002906 0.001919 0.001965 -0.003216 -0.001874
1341836560.840419 0.004186 0.001345 0.00241 0.004698 -0.003172 -0.002267
1341836560.876325 0.00467 0.003397 0.00229 0.001649 -0.004552 0.002215
1341836560.908357 0.006127 -0.00622 0.002745 -0.004013 -0.001331 -0.001908
1341836560.944404 0.005001 -0.0005873 0.001612 -0.0009307 0.001759 0.001132
1341836560.976295 0.003737 0.009125 0.001322 0.001492 -0.002532 0.007577
1341836561.008556 0.006271 -0.003989 0.001648 -0.004664 -0.004206 0.0001822
1341836561.044416 0.006376 -0.005449 0.002268 -0.003749 0.0006736 -0.002909
1341836561.076367 0.004703 0.002636 0.002211 0.0002845 -0.0009339 0.007519
1341836561.112398 0.005456 0.001201 0.001405 0.0018 -0.005202 0.007244
1341836561.144333 0.006794 -0.001525 0.001738 0.002149 -0.004154 -0.005518
1341836561.176591 0.005971 0.001587 0.001634 0.002328 -0.00182 -0.005455
1341836561.212363 0.006048 -8.275e-05 0.0006894 -0.0008831 -0.003141 0.003845
1341836561.244392 0.007802 -0.005747 -0.001082 -0.003057 -0.0008423 -0.0001264
1341836561.276337 0.006507 -0.0003529 0.0009385 0.0007798 0.002723 -0.00331
1341836561.312402 0.00555 0.0078 0.001405 0.003682 -0.0007234 0.003099
1341836561.344495 0.006389 -0.00296 -0.00113 -0.002818 -0.001794 0.00566
1341836561.380447 0.007192 -0.002584 -0.002142 -0.002828 0.002142 0.002403
1341836561.412463 0.004687 0.003481 0.001209 -0.0005806 0.003127 0.003509
1341836561.444383 0.003372 0.00334 0.001471 0.0006993 -0.0004249 0.005957
1341836561.480494 0.004433 -0.0004223 -0.0005308 -0.0004937 -0.002641 0.003117
1341836561.512334 0.005645 0.0005365 -0.000607 0.001141 -0.001622 -0.002855
1341836561.544433 0.002825 0.002246 0.001236 0.0007328 -0.0009663 -0.0001509
1341836561.580361 0.003895 0.00241 0.0006762 -0.001918 -0.003857 0.007202
1341836561.612391 0.005278 0.001716 2.776e-05 -0.000544 -0.004018 -0.0007545
1341836561.648336 0.001906 -6.66e-05 0.001241 -0.0002387 -0.002016 -0.004182
1341836561.680331 -2.947e-05 0.00359 0.001881 -3.802e-05 -0.006873 0.002885
1341836561.712414 0.008843 0.001325 0.00281 -0.001518 -0.01027 -0.0004645
1341836561.748511 0.00306 -0.001296 0.001371 -0.002099 9.562e-05 -0.004421
1341836561.780401 0.002824 0.01069 0.0008963 0.00275 -0.005454 0.003238
1341836561.812700 0.006273 -0.003696 0.0008309 -0.004592 -0.008691 -0.001893
1341836561.848579 0.003182 -0.001757 0.00286 -0.002023 -0.0005496 -0.003061
1341836561.880265 0.003586 0.006119 0.002059 0.003132 -0.004264 0.001356
1341836561.916312 0.004136 -0.0005388 0.002265 -0.0007837 -0.005846 -0.001873
1341836561.951295 0.004455 -0.001912 0.002517 -0.003595 -0.002644 -0.005323
1341836562.019341 0.007639 -0.003413 0.004802 -0.004815 -0.0002759 0.001578
1341836562.080581 0.009555 0.001431 0.004737 -0.0004105 -0.006392 -0.0009385
1341836562.116439 0.003971 -0.003549 0.002349 -0.0001406 -0.004906 -0.002884
1341836562.148367 0.004534 -0.001336 0.002275 -0.0003885 -0.004466 0.002743
1341836562.184511 0.006262 -0.0001344 0.00349 0.001114 -0.004306 -0.002028
1341836562.219290 0.004679 -0.001346 0.001739 0.000666 -0.002767 -0.005229
1341836562.251425 0.00496 0.001534 0.001363 0.0005151 -0.004517 0.004822
1341836562.287390 0.006332 -0.00217 0.002944 0.0007849 -0.006076 -0.001653
1341836562.319250 0.004139 0.002027 0.001893 0.002375 -0.003465 -0.008212
1341836562.352232 0.004101 0.001746 0.001593 0.0007639 -0.00604 -0.002514
1341836562.387730 0.004399 -0.01087 0.002184 -0.004762 -0.00314 -0.005024
1341836562.419326 0.004252 -0.004906 0.00132 -0.001839 0.003456 0.002799
1341836562.455394 0.003491 0.008184 0.001662 0.005909 -0.001733 0.007194
1341836562.487315 0.00476 -0.000944 0.0006505 0.001995 -0.004937 -0.001377
1341836562.519469 0.004723 -0.0085 -0.0005576 -0.002637 0.00135 -0.00431
1341836562.555498 0.002812 0.003522 0.0003327 0.001727 0.003968 0.004777
1341836562.587360 0.003099 0.007457 -0.0001268 0.002249 -0.002822 0.009493
1341836562.623388 0.004044 -0.001794 -0.0003917 -0.0001208 -0.003363 -0.003521
1341836562.656832 0.001794 0.005329 -0.0007574 0.003941 -0.003293 -0.003079
1341836562.687414 0.00277 0.001173 -0.001294 0.00093 -0.007367 -0.00115
1341836562.723392 0.002594 -0.005124 -0.001368 -0.00312 -0.003739 -0.004124
1341836562.755310 0.001965 -0.000183 -0.001004 0.0002307 -0.00172 -0.001308
1341836562.787756 0.001774 0.003954 -0.001611 0.002514 -0.004313 0.002342
1341836562.823473 0.002514 0.002409 -0.00252 0.0003515 -0.006121 0.001307
1341836562.855234 0.002978 -0.003356 -0.003109 -0.002362 -0.004082 -0.004525
1341836562.891396 0.001977 -0.003356 -0.001546 -0.001292 -4.799e-05 -0.004444
1341836562.923404 0.001885 0.006066 -0.002515 0.0003813 -0.002289 0.006189
1341836562.955395 0.003646 -0.001697 -0.002673 -0.002051 -0.003905 0.0009225
1341836562.991509 0.00281 -0.0009117 -0.002382 0.0006357 -0.001223 -0.005535
1341836563.023489 0.002891 0.003331 -0.003339 0.001221 -0.002832 -0.0007304
1341836563.059412 0.00356 -0.002942 -0.002691 -0.001742 -0.002952 0.0004212
1341836563.091490 0.002822 0.004954 -0.002225 0.002725 -0.003584 0.0006382
1341836563.123526 0.003389 0.002323 -0.002575 0.002085 -0.006011 -0.004748
1341836563.159903 0.003161 -0.001226 -0.001691 -0.0009484 -0.003648 -0.006931
1341836563.192322 0.002089 -0.0016 -0.002402 -0.001924 -0.0005235 2.976e-05
1341836563.227384 0.003044 0.006568 -0.003034 0.001635 -0.003691 0.001953
1341836563.259586 0.00345 -0.002269 -0.001757 -0.001751 -0.002055 -0.006048
1341836563.291784 0.001714 0.001178 -0.00338 -0.001053 0.0004016 -0.00041
1341836563.327381 0.002467 0.003944 -0.00306 -0.0001874 -0.001894 0.00171
1341836563.359432 0.002486 0.0001133 -0.00243 -0.00363 -0.000606 0.0004448
1341836563.395723 0.002693 -0.003855 -0.001722 -0.004384 0.001467 0.0009019
1341836563.427417 0.0004815 0.003901 -0.001556 0.001633 0.001207 0.003186
1341836563.459328 0.002558 0.00657 -0.003459 0.00216 -0.005338 0.003491
1341836563.495414 0.002754 -0.004189 0.002383 -0.001966 -0.002997 -0.008365
1341836563.527734 0.0004737 -0.001522 -0.001613 -5.735e-06 0.001172 -0.002483
1341836563.563330 0.001849 0.002623 -0.001571 -0.0003592 -0.00135 0.007301
1341836563.595336 0.00249 0.0001611 0.0005658 -0.0007236 -0.0008184 0.0008661
1341836563.627267 0.001564 0.0008463 0.0004555 0.0008351 -0.000134 -0.002072
1341836563.663448 0.001131 0.001919 -0.001117 0.001937 -0.001638 0.0007427
1341836563.695359 0.002429 -0.001731 -0.0005188 -0.001647 -0.001477 0.002966
1341836563.727466 0.002196 -0.0007157 0.0009724 -0.0003776 0.0001357 0.001134
1341836563.763461 0.001465 0.004106 -0.0002456 0.004174 -0.002197 -6.222e-05
1341836563.795366 0.002896 0.002547 -0.001029 0.001572 -0.00604 0.001475
1341836563.827447 0.003015 -0.005559 0.002295 -0.002377 -0.001606 -0.005078
1341836563.863324 0.001588 0.002054 -0.0009272 0.002519 0.0001322 -0.002491
1341836563.895278 0.002929 0.002515 -0.0004361 0.001008 -0.00333 0.001573
1341836563.927597 0.003864 -0.0006889 0.0003821 -0.0009328 -0.002368 -0.001545
1341836563.963416 0.003558 -0.001404 -0.0002371 -0.0006174 -0.000392 -0.007583
1341836563.995418 0.00195 -0.002355 -0.001819 -0.001485 0.001095 -0.0006521
1341836564.031385 0.003171 0.002239 -0.0004445 -0.0004478 -0.002127 0.00565
1341836564.063489 0.003923 -1.015e-05 0.000808 -7.423e-05 -0.002177 -0.001602
1341836564.095401 0.002281 0.001891 0.0003931 0.002982 -0.002531 -0.004852
1341836564.131464 0.002161 0.001754 -0.0006476 0.002196 -0.005015 -0.002778
1341836564.163332 0.002283 -0.00113 0.001068 -0.0008344 -0.002946 -0.0009328
1341836564.195307 0.003536 -0.003002 0.0007229 -0.0009584 -0.001004 -0.005069
1341836564.231400 0.0007218 1.193e-05 -0.002667 0.0009783 0.001985 -0.001711
1341836564.263512 0.002511 0.006101 -0.0009009 0.001785 -0.003507 0.005264
1341836564.295354 0.003149 -0.005867 0.001145 -0.00339 -0.0008454 -0.006633
1341836564.331382 0.0004236 -0.0013 -0.001648 -0.0012 0.003728 0.0006481
1341836564.363288 0.001317 0.004205 -0.0003453 0.001144 -0.001535 0.006463
1341836564.396337 0.001674 0.0005989 0.0014 0.0007987 -0.002465 -0.001984
1341836564.431406 0.0004235 -0.0002267 -0.0005477 0.0009654 -0.00128 -0.00351
1341836564.463308 0.0003251 -0.0007946 0.0006763 0.0007031 -0.001629 3.364e-06
1341836564.499232 0.0004181 -0.0009841 -0.0005887 -0.0009674 -0.0001174 0.002526
1341836564.531509 0.001043 0.0001996 -1.054e-05 -0.0009505 0.0008275 0.002608
1341836564.564458 -0.000233 0.00381 -0.0008328 0.002019 -0.0004117 0.0001225
1341836564.599215 -0.0006403 0.001484 -0.0004892 -0.0004521 -0.003443 0.001285
1341836564.631361 4.871e-05 -0.005887 0.002189 -0.003149 -0.0006993 -0.001357
1341836564.664403 -0.0008693 -0.001136 -0.001769 0.0002244 0.003113 0.0001251
1341836564.699246 -0.000827 0.00673 -0.001296 0.002061 -0.001426 0.0077
1341836564.731521 0.000998 -0.002102 0.003754 -0.001885 -0.002547 -0.000658
1341836564.767617 -0.00012 -0.00549 0.000158 -0.00098 0.002841 -0.007294
1341836564.799280 -0.001661 0.002831 -0.003186 0.001296 0.002598 0.004705
1341836564.832295 0.0009419 0.003281 0.002146 0.000363 -0.002734 0.005673
1341836564.867842 0.0003839 -0.004734 0.0009063 -0.001556 0.0012 -0.00449
1341836564.899297 -0.0009854 0.0003217 -0.001403 0.00133 0.002349 0.0008359
1341836564.935266 -0.0003674 0.00142 -0.0001674 0.0007942 -0.0001764 0.005248
1341836564.967281 0.0003479 -0.0008538 -0.0001638 -0.00132 0.001075 0.004028
1341836564.999531 8.42e-06 0.00336 -0.0001349 0.00113 0.0005747 0.0004551
1341836565.035467 -0.0002819 0.0006251 0.0008082 0.0003391 -0.001811 -0.001974
