1341839845.497851 0.006817 -0.003715 0.002967 -0.004939 0.002254 0.002835
1341839845.529877 -0.001495 -0.01948 0.003917 -0.002884 0.006596 0.004465
1341839845.562013 -0.003894 0.01721 -0.006196 0.01032 0.005507 0.004153
1341839845.598549 -0.004468 0.008718 0.002843 7.038e-05 0.00242 0.00219
1341839845.629819 0.003294 -0.01489 0.0002887 -0.004692 -0.001134 0.004393
1341839845.665955 0.01571 -0.001971 -0.006138 0.00261 -0.001209 0.00633
1341839845.698027 -0.005558 0.005627 0.001999 0.004057 0.00839 0.004612
1341839845.730035 -0.006406 0.003584 -0.0008719 0.001996 0.003134 0.003111
1341839845.766091 0.01119 0.0005438 -0.001914 -0.0005975 -0.002414 0.002649
1341839845.798274 -0.0009328 -0.01194 0.00219 -0.001812 0.004145 0.002682
1341839845.833868 0.002691 0.0117 -0.006435 0.00681 0.002326 0.004879
1341839845.865884 -0.00187 0.008066 0.002676 -0.0001841 0.003375 0.002725
1341839845.897882 -0.005858 -0.01997 0.004463 -0.005717 0.002378 6.045e-05
1341839845.933769 0.01114 0.007324 -0.00921 0.007044 -0.002237 0.003547
1341839845.966008 -0.003851 0.01639 0.001937 0.002709 0.004427 0.0008113
1341839845.997926 -0.01453 -0.01656 0.007605 -0.006855 0.00332 -0.0009343
1341839846.033941 0.009413 -0.002601 -0.007292 0.003183 -0.005851 0.004178
1341839846.065923 0.008058 0.01029 -0.003216 0.003068 -0.001462 -0.000159
1341839846.101945 -0.007636 -0.006037 0.003751 -0.002589 0.004287 -6.062e-05
1341839846.133881 -0.007826 0.005006 6.674e-05 0.002604 0.001767 0.002572
1341839846.165870 -0.008771 -5.449e-05 0.004526 -0.0005783 -0.001484 0.001214
1341839846.201921 0.01056 -0.008232 -0.005931 -0.0003956 -0.008646 0.002245
1341839846.233820 0.01207 0.007867 -0.005348 0.00313 -0.002827 0.002432
1341839846.266171 -0.01469 -7.55e-05 0.0052 -0.001535 0.005466 -0.002311
1341839846.302140 0.005072 -0.009089 -0.004839 -0.001761 -0.00434 -0.001499
1341839846.333843 0.01034 0.009493 -0.005352 0.003538 -0.0004262 0.003767
1341839846.369840 -0.01883 -0.006799 0.007621 -0.002033 0.008721 0.003325
1341839846.402011 -0.006631 0.0004778 -0.004379 0.004142 -0.002518 0.003482
1341839846.433900 0.01691 0.01422 -0.008999 0.003926 -0.00876 0.001766
1341839846.469927 0.003425 -0.01052 0.001712 -0.006337 0.0007201 -0.002316
1341839846.501920 0.005773 -0.005836 -0.006636 0.0008505 0.002755 -0.001485
1341839846.535053 -0.01189 0.02093 0.0004701 0.006441 0.008932 -5.281e-05
1341839846.569928 -0.01711 -0.004609 0.005184 -0.003727 0.003655 -0.00194
1341839846.602754 0.01187 -0.0005994 -0.009672 0.00132 -0.007205 -0.0006077
1341839846.637836 0.002873 0.01632 -0.003974 0.003694 0.001262 0.001803
1341839846.669984 -0.02058 -0.006067 0.005738 -0.003877 0.00589 0.0002385
1341839846.701829 0.007664 -0.001476 -0.01078 0.002421 -0.008039 0.0003294
1341839846.737910 0.02418 0.01199 -0.01188 0.003524 -0.006163 0.000249
1341839846.769925 -0.01355 0.005055 0.001267 -0.0003269 0.01108 -0.002003
1341839846.805852 -0.01759 0.006162 -0.002041 0.001414 0.004406 -0.0008251
1341839846.837837 0.006615 0.01072 -0.008312 0.001385 -0.006596 0.001636
1341839846.869888 0.003758 -0.004621 -0.002423 -0.002873 -0.00192 0.00205
1341839846.906029 -0.001413 0.01272 -0.009633 0.005555 -0.0004279 0.002921
1341839846.938034 0.002225 0.02112 -0.007135 0.001398 -0.003021 0.001491
1341839846.969926 0.007302 -0.01284 -0.00522 -0.009133 -0.003508 -0.004344
1341839847.006052 0.005099 0.0123 -0.01002 0.003356 0.00177 -0.00208
1341839847.037860 -0.02676 0.02751 0.002303 0.003491 0.008793 -0.0002169
1341839847.073971 -0.002785 -0.01563 -0.002493 -0.009438 -0.008476 -0.003686
1341839847.105943 0.02711 0.01028 -0.01722 0.004647 -0.01205 -0.003342
1341839847.137970 -0.008269 0.02275 -0.003428 0.003301 0.006589 -0.00211
1341839847.173932 -0.02465 -0.003939 0.003945 -0.003467 0.003823 -0.001851
1341839847.206020 0.01557 0.01444 -0.01534 0.005978 -0.01239 0.001829
1341839847.238111 0.01212 0.0172 -0.007712 0.0007451 -0.004768 0.0002447
1341839847.273912 0.004938 -0.01299 -0.005043 -0.005687 0.0003027 -0.001647
1341839847.305944 0.006127 0.0262 -0.01206 0.009582 0.003283 0.0002328
1341839847.341841 -0.02174 0.02946 0.0004976 0.000883 0.009499 -0.002011
1341839847.373878 -0.006316 -0.02139 0.0008464 -0.01225 -0.003337 -0.001148
1341839847.405870 0.01706 0.01467 -0.01286 0.006561 -0.007555 0.00161
1341839847.441942 -0.002205 0.01657 -0.004044 0.0003952 0.002377 -0.001459
1341839847.473884 0.003783 -0.01285 -0.005596 -0.005357 -0.001635 -0.004323
1341839847.505964 0.0221 0.0253 -0.01175 0.00828 -0.001514 -0.003407
1341839847.541985 -0.01827 0.008611 -0.0002278 -0.002953 0.01467 -0.002481
1341839847.573837 -0.02332 0.003355 -0.001471 -0.0001681 0.005921 0.0002672
1341839847.609996 0.0006686 0.01965 -0.006851 0.003193 -0.007956 0.002087
1341839847.642100 0.009233 -0.001502 -0.004409 -0.005656 -0.008692 -0.0008479
1341839847.674027 -0.001511 0.00472 -0.005803 -0.0003731 -0.002931 -0.0002398
1341839847.710094 -0.0002217 0.006372 -0.004034 -0.0002993 -0.003609 0.002382
1341839847.741882 -9.966e-05 -0.01119 -0.004463 -0.00196 -0.003449 0.001404
1341839847.773869 0.00966 0.0198 -0.01141 0.01027 -0.004965 0.004183
1341839847.809897 0.001198 0.009025 -0.005518 0.001848 -0.0001883 0.004294
1341839847.841880 -0.006156 0.0003909 -0.006508 0.001398 0.000982 0.001692
1341839847.878289 0.002329 0.01846 -0.009628 0.006809 -0.004128 0.002402
1341839847.909840 0.01397 -0.0004421 -0.00764 -0.001723 -0.004978 -9.638e-05
1341839847.941861 -0.003785 0.007622 -0.009369 0.004461 0.004928 -0.002594
1341839847.977961 -0.01515 0.02667 -0.005922 0.006238 0.004261 1.146e-05
1341839848.009877 0.001415 -0.01292 -0.005291 -0.006475 -0.004332 -0.0004231
1341839848.045768 0.009599 0.01419 -0.0127 0.006748 -0.004013 -0.00207
1341839848.077904 0.00524 0.01539 -0.00816 0.001945 0.001202 -0.001199
1341839848.109911 0.002487 -0.01018 -0.006078 -0.00407 0.004205 -0.003519
1341839848.145877 -0.008735 0.02323 -0.0113 0.009996 0.009159 -0.0007221
1341839848.177941 -0.02149 0.04035 -0.00487 0.005674 0.007455 0.001214
1341839848.210005 -0.013 -0.0215 -0.0002176 -0.01564 -0.002563 0.000445
1341839848.245924 0.02156 -0.001833 -0.01245 0.001961 -0.01165 0.001957
1341839848.278057 0.008366 0.03735 -0.01413 0.01039 0.002205 0.001489
1341839848.313996 -0.0309 0.0007012 0.0003347 -0.008453 0.01016 -0.001578
1341839848.345902 0.0131 -0.01691 -0.009008 -0.004292 -0.008009 -0.0005758
1341839848.378083 0.01057 0.03294 -0.01308 0.01298 0.000622 -0.001842
1341839848.413902 -0.0151 0.02861 -0.007017 0.001929 0.009992 -0.006129
1341839848.446051 -0.03663 -0.0001398 -0.0001808 -0.009238 0.009213 0.0006159
1341839848.477990 -0.01402 -0.01352 -0.003204 -0.006201 -0.007135 0.005618
1341839848.514027 0.01166 0.01592 -0.0118 0.008647 -0.01469 0.004426
1341839848.545899 0.006377 0.03362 -0.01078 0.006972 -0.009393 -0.000887
1341839848.581848 0.01327 -0.01921 -0.005778 -0.01263 -0.005879 -0.0035
1341839848.614329 -0.004585 0.002579 -0.009512 0.005242 0.007476 0.00245
1341839848.646056 -0.02403 0.03919 -0.00688 0.01297 0.009234 0.006585
1341839848.681939 -0.02273 0.008192 -0.0002679 -0.003798 -0.002571 0.004961
1341839848.713946 0.01724 -0.01088 -0.008596 -0.004986 -0.0177 0.004077
1341839848.745899 0.02867 0.01158 -0.01109 0.004337 -0.01025 0.003879
1341839848.782038 0.01037 0.006762 -0.008625 0.0004788 0.005076 -0.000475
1341839848.813915 -0.002107 0.009242 -0.00811 0.00175 0.01102 -0.003575
1341839848.850000 -0.01335 0.00219 -0.005565 -0.0003822 0.01469 0.002601
1341839848.881968 -0.02195 0.0006186 -0.003561 0.002421 0.01047 0.005165
1341839848.914184 0.009744 0.01088 -0.01068 0.007899 -0.005241 0.003742
1341839848.949897 0.01615 0.02182 -0.01131 0.007013 -0.001639 0.001454
1341839848.981903 -0.00669 -0.0002321 -0.005248 -0.003496 0.009341 0.0006111
1341839849.018057 -0.01195 -0.005102 -0.004805 0.0001312 0.007606 0.0009522
1341839849.050047 -0.001332 0.02297 -0.01078 0.01072 0.0005312 0.0014
1341839849.082045 -0.003528 0.01284 -0.006642 0.001253 0.0007473 0.001161
1341839849.118139 0.0004647 -0.01189 -0.005052 -0.004853 -0.00194 -0.002577
1341839849.149926 0.01191 0.008106 -0.01243 0.007054 -0.001665 -0.001442
1341839849.181857 -0.01 0.01722 -0.00774 0.006544 0.008697 0.0006407
1341839849.217924 -0.01397 0.001594 -0.004956 0.001402 0.004414 -0.00194
1341839849.249844 0.006191 0.02446 -0.01197 0.008338 -0.005948 -0.0045
1341839849.285792 0.01097 0.01371 -0.008637 -0.002303 -0.002016 -0.006001
1341839849.317899 -0.02793 -0.01154 -0.001766 -0.00834 0.01245 -0.002355
1341839849.349911 -0.02025 0.01153 -0.005273 0.005936 -0.0007507 0.001078
1341839849.385901 0.01649 0.01694 -0.01113 0.004686 -0.01674 -0.002221
1341839849.417927 0.02293 0.007635 -0.008727 -9.45e-05 -0.00747 -0.003668
1341839849.450043 -0.02246 0.03001 -0.003019 0.006022 0.01296 -0.001667
1341839849.485994 -0.02809 0.01022 0.004342 -0.007596 -0.002246 -0.006827
1341839849.517976 0.03763 -0.009906 -0.01223 -0.009672 -0.02418 -0.008651
1341839849.554305 0.02053 0.03252 -0.01124 0.003755 0.001199 -0.004195
1341839849.585964 -0.03837 0.006028 -0.0002617 -0.01222 0.01912 -0.004843
1341839849.618027 -0.01796 -0.006765 0.002931 -0.009477 -0.0003365 -0.003601
1341839849.653990 0.01076 0.02338 -0.009897 0.003439 -0.0114 -0.003079
1341839849.686025 0.006748 0.01894 -0.006318 -0.003829 -0.003673 -0.004344
1341839849.718004 -0.01266 0.007564 -0.001168 -0.009242 0.002926 -0.008806
1341839849.753965 0.001603 -0.002292 -0.003359 -0.009651 -0.004187 -0.009367
1341839849.786542 0.002994 0.01265 -0.007917 -0.001032 -0.0006241 -0.006592
1341839849.822760 -0.0144 0.01525 -0.003482 -0.002469 0.004734 -0.00501
1341839849.853815 0.004079 -0.008319 -0.004009 -0.008212 -0.004095 -0.002972
1341839849.885920 0.00718 0.01394 -0.009936 0.003685 -0.001185 -0.001399
1341839849.921991 -0.0001792 0.01873 -0.007813 0.0003725 0.002566 -0.004316
1341839849.953839 -0.005153 -0.002186 -0.004519 -0.006115 0.003746 -0.004873
1341839849.985986 -0.01666 0.01994 -0.004212 0.003262 0.005155 -0.001124
1341839850.022022 -0.006398 -0.002574 -0.001348 -0.006057 -0.005203 -0.002636
1341839850.053889 0.01407 -0.005605 -0.01021 4.344e-05 -0.01054 0.0006064
1341839850.089916 0.001496 0.03217 -0.01191 0.01066 -0.0006072 0.001447
1341839850.122696 0.003067 -0.01101 -0.001924 -0.009276 -0.003638 -0.005696
1341839850.153891 0.01241 -0.0063 -0.0108 0.003523 -0.000841 -0.001279
1341839850.189806 -0.02051 0.04927 -0.008093 0.01752 0.01256 0.002691
1341839850.221923 -0.02159 -0.008727 0.005495 -0.01069 -0.0007016 -0.002048
1341839850.257926 0.02938 -0.009276 -0.0121 -0.0003513 -0.01814 0.0009897
1341839850.289928 0.01151 0.0305 -0.01271 0.01069 0.001931 0.003361
1341839850.322006 -0.02458 -0.001718 0.002155 -0.005665 0.009962 -0.003767
1341839850.358083 0.007373 -0.0003119 -0.008826 0.0004564 -0.005168 0.0005717
1341839850.389942 0.002061 0.03145 -0.009829 0.007468 0.00163 0.003784
1341839850.422122 -0.0126 -0.0164 0.003474 -0.01155 0.003206 -0.0005127
1341839850.458155 0.009624 0.006844 -0.01084 0.005738 -0.004644 0.002512
1341839850.490219 -0.000258 0.03852 -0.01163 0.008382 0.001943 0.0007078
1341839850.525914 -0.007192 -0.0242 0.002635 -0.01598 0.001932 -0.003257
1341839850.558165 0.005662 0.008811 -0.01098 0.005655 -0.0009889 0.00298
1341839850.590065 0.002001 0.03361 -0.01026 0.007119 0.00322 0.003551
1341839850.658023 -0.01797 0.004491 -0.008551 -0.009654 0.005531 -0.0004237
1341839850.689870 -0.01703 0.03125 -0.001111 0.00393 0.003507 0.008645
1341839850.726039 0.0007443 -0.01603 0.001706 -0.01248 -0.009743 0.003808
1341839850.758642 0.0379 -0.002866 -0.01351 0.001588 -0.01451 0.0002078
1341839850.794077 0.02534 0.04312 -0.01898 0.009823 0.00763 -0.0008987
1341839850.826012 -0.05709 0.004695 0.009289 -0.01057 0.03296 -0.003865
1341839850.857996 -0.04153 0.01371 0.003102 0.0003441 0.007514 0.005826
1341839850.897049 0.006033 0.01581 -0.008519 -0.001435 -0.01828 0.005402
1341839850.958076 0.05555 -0.001355 -0.01997 -0.01239 -0.02378 -0.0008856
1341839850.994159 0.0006354 0.01296 -0.006924 -3.678e-05 0.01313 -0.006053
1341839851.025938 -0.03692 0.02512 -0.001383 0.002509 0.02184 -0.001704
1341839851.061884 -0.03536 0.01206 0.003461 -0.004782 0.008438 0.003542
1341839851.093981 -0.006203 -0.0006686 -0.004278 -0.005255 -0.01044 0.002
1341839851.125983 0.006038 0.02168 -0.01188 0.001025 -0.01313 0.002701
1341839851.162029 0.01573 -0.009154 -0.00448 -0.01155 -0.01035 0.0006162
1341839851.201363 0.005006 -0.004128 -0.006921 -0.002528 -0.0005213 -0.00272
1341839851.261859 -0.02394 0.01475 -0.01107 0.0006088 0.01103 -1.053e-05
1341839851.301178 0.0008502 -0.009219 -0.00684 0.002544 -0.003508 0.0006177
1341839851.333106 0.0003421 0.04547 -0.01509 0.01756 -0.002219 3.895e-05
1341839851.364936 0.005727 0.001514 -0.00528 -0.01117 -0.003586 -0.002488
1341839851.400800 0.0006144 -0.04149 0.001743 -0.01275 0.002596 -0.001249
1341839851.432978 -0.01188 0.04943 -0.01377 0.02485 0.005438 0.001896
1341839851.468951 -0.01078 0.02315 -0.005018 -0.002735 -0.002415 -0.0002184
1341839851.500846 0.01198 -0.04595 0.001613 -0.01777 -0.008692 -0.0007045
1341839851.532849 0.006068 0.0403 -0.01396 0.01981 -0.0006939 0.004202
1341839851.568942 -0.0003564 0.01057 -0.004943 -0.004984 0.001164 -0.0004653
1341839851.601011 0.002277 -0.02396 -0.0027 -0.007253 0.0006885 -0.001307
1341839851.636933 -0.0008286 0.04367 -0.01387 0.01669 0.003313 0.002334
1341839851.668994 -0.001848 0.001737 -0.003486 -0.01043 0.002446 -0.003642
1341839851.700879 -0.001183 -0.01646 -0.003694 -0.006366 0.001636 -0.00122
1341839851.736883 0.003037 0.03029 -0.01182 0.01106 0.001481 0.001878
1341839851.768951 -0.008516 0.002471 -0.003745 -0.005483 0.004319 -0.003064
1341839851.804954 -0.003761 0.001383 -0.006449 0.0004635 0.0002154 0.0002336
1341839851.837032 -0.01051 0.03398 -0.009254 0.007145 0.0001168 0.002074
1341839851.868921 0.004806 -0.02301 -0.0006661 -0.01386 -0.008553 -0.000776
1341839851.904888 0.02122 0.01338 -0.009568 0.007375 -0.006719 0.0008853
1341839851.936873 -0.002597 0.0387 -0.01028 0.005981 0.00963 -0.003128
1341839851.972969 -0.04139 -0.02128 0.002911 -0.0166 0.01235 -0.00553
1341839852.004880 0.008321 0.005305 -0.009084 0.004854 -0.01092 0.004493
1341839852.036887 0.01685 0.03434 -0.01289 0.008137 -0.00846 -0.00213
1341839852.072836 -0.008436 0.003547 -0.003468 -0.007923 0.001793 -0.008191
1341839852.104917 -0.0007979 0.003363 -0.005207 -0.003466 -0.0008601 0.00212
1341839852.140937 0.005798 0.006544 -0.005621 0.0004544 -0.002273 0.001108
1341839852.172894 0.005002 0.02269 -0.00868 0.005615 -0.0006884 -0.00321
1341839852.234030 -0.02238 0.01045 -0.009708 -0.01252 0.01252 -0.001445
1341839852.265924 0.003742 0.01092 -0.009126 0.005786 -0.01002 -0.0009192
1341839852.301932 0.0377 0.03841 -0.009905 0.007872 -0.01083 -0.001251
1341839852.334063 -0.007547 -0.004268 -0.003749 -0.01303 0.01455 -0.006106
1341839852.365960 -0.02791 0.003356 -0.003574 -0.0004744 0.01083 -0.0003174
1341839852.402082 -0.00465 0.03884 -0.01167 0.00763 -0.00707 0.001716
1341839852.433897 0.01506 -0.02485 0.001816 -0.01793 -0.0116 -0.001041
1341839852.469906 0.004944 0.01261 -0.007185 0.006942 -0.001734 0.0016
1341839852.501863 0.005987 0.03448 -0.01115 0.007061 -0.001002 -0.002462
1341839852.533949 -0.003593 -0.006749 -0.002335 -0.01124 0.00317 -0.006419
1341839852.569896 -0.004532 0.003722 -0.005447 -0.001484 0.002626 -0.0002336
1341839852.601883 -0.0002042 0.01377 -0.006849 0.001462 0.0003971 -0.0005423
1341839852.634062 -0.01458 0.005605 -0.004904 -0.002177 0.002836 -0.001011
1341839852.669878 -0.001715 -0.00236 -0.004925 -0.003369 -0.00661 0.003374
1341839852.701915 0.02601 -0.006588 -0.006071 -7.402e-05 -0.01096 0.0004576
1341839852.737942 0.01469 0.02163 -0.01047 0.01138 0.004511 -0.001829
1341839852.769982 -0.003478 0.008751 -0.007579 4.446e-05 0.01345 -0.001415
1341839852.801999 -0.01584 -0.0159 -0.002698 -0.003643 0.01235 -0.003281
1341839852.838034 -0.01009 0.03485 -0.01256 0.01604 0.003106 0.001618
1341839852.869909 0.004731 0.002805 -0.006109 -0.005287 -0.003832 0.002947
1341839852.901899 0.007 -0.01813 -0.001805 -0.004368 -0.00069 0.00225
1341839852.937980 -0.002452 0.03986 -0.01291 0.01684 0.00301 -5.757e-06
1341839852.969844 -0.00204 0.01091 -0.006556 -0.005906 0.001479 -0.001705
1341839853.005873 -0.005171 -0.02701 0.001522 -0.01227 0.002556 0.002516
1341839853.037853 -0.004633 0.02872 -0.009668 0.01359 -0.001616 0.004793
1341839853.069999 0.002833 0.009353 -0.006718 -0.003749 -0.008188 0.001171
1341839853.105921 0.002214 -0.02234 0.0007684 -0.00771 -0.003024 -0.001111
1341839853.137883 -0.006803 0.03599 -0.01312 0.01643 -0.002494 0.0001663
1341839853.170078 0.005463 0.009493 -0.00822 -0.00383 -0.007312 -0.0002172
1341839853.205871 0.001099 -0.009085 -0.003005 -0.006254 -0.001449 -0.001656
1341839853.237899 0.002435 0.01846 -0.009216 0.005955 -0.001265 -0.0002162
1341839853.273915 0.009684 0.01722 -0.006777 0.0003384 1.322e-05 -0.001178
1341839853.305981 -0.009855 0.004763 -0.007116 -0.005565 0.009946 0.001652
1341839853.337978 -0.01499 0.003705 -0.005029 -0.005166 0.005282 0.004293
1341839853.373951 0.0119 -0.006098 -0.004003 -0.002849 -0.007307 -0.001843
1341839853.442054 0.01005 0.03146 -0.01629 0.00137 0.01454 -0.002519
1341839853.505922 -0.03997 0.04132 -0.01624 0.01459 0.009937 0.004701
1341839853.542097 0.02306 0.01434 -0.006672 -0.006851 -0.01411 -0.0009601
1341839853.573956 -0.003166 -0.01043 -0.0005939 -0.01161 0.004182 -0.0003058
1341839853.606086 -0.003761 0.02046 -0.009157 0.003131 0.001899 0.001144
1341839853.641956 0.002807 0.0004775 -0.0033 -0.007175 -0.000235 -0.001915
1341839853.710154 -0.009221 0.02259 -0.01415 0.001422 0.007189 0.003722
1341839853.742061 -0.01212 0.002294 -0.003747 -0.00364 0.003115 0.003463
1341839853.774203 -0.004399 0.01373 -0.007451 0.001934 -0.005729 0.001737
1341839853.809870 0.008912 -0.000839 -0.005482 -0.004976 -0.008374 -0.0005759
1341839853.841862 0.003156 0.001223 -0.004954 0.001052 -0.001303 -0.0006969
1341839853.874056 0.00461 0.02526 -0.01061 0.007062 -0.0007784 -0.001163
1341839853.910043 -0.005092 -0.009362 -0.002515 -0.007782 0.005541 -0.00199
1341839853.941919 -0.0122 0.008539 -0.007307 0.003792 0.003801 0.0007616
1341839853.977952 -0.002703 0.01061 -0.007612 0.001246 -0.003591 0.002165
1341839854.017422 0.009668 -0.006115 -0.003081 -0.002585 -0.005805 0.0006931
1341839854.049528 0.007365 0.01537 -0.0078 0.006692 0.0001747 0.001765
1341839854.080991 -0.003058 0.003618 -0.005615 -0.0002388 0.005332 -0.001256
1341839854.116931 -0.01189 0.004491 -0.004638 0.001996 0.004647 -0.004074
1341839854.148886 -0.02334 0.02194 -0.007184 0.004756 0.001207 0.0009942
1341839854.184921 0.007038 -0.02692 0.003327 -0.01268 -0.01332 0.005509
1341839854.216976 0.02052 0.003468 -0.004089 0.01083 -0.009696 0.0007929
1341839854.248759 0.007415 0.04885 -0.01552 0.0203 0.002191 -0.002383
1341839854.284863 -0.01578 -0.01081 -0.001968 -0.01188 0.01025 -0.005536
1341839854.316904 -0.01775 -0.009237 -0.002032 -0.0007857 0.004566 -0.00154
1341839854.352954 -0.01062 0.03639 -0.01237 0.01339 -0.005381 0.001942
1341839854.385229 -0.003231 -0.009209 0.001417 -0.01039 -0.01087 0.002166
1341839854.417199 0.02988 -0.02177 -0.00378 -0.003791 -0.01728 0.002856
1341839854.452925 0.03009 0.03051 -0.01935 0.01622 -0.003325 0.0003733
1341839854.484956 -0.009492 0.01197 -0.008476 -0.002708 0.014 -0.008027
1341839854.520956 -0.01793 -0.01097 -0.004349 -0.008331 0.01074 -0.00332
1341839854.553347 -0.01263 0.008808 -0.004957 0.002865 0.002742 0.003662
1341839854.621017 0.01243 0.01826 -0.01445 -0.0005019 -0.01633 8.661e-05
1341839854.682031 0.003045 0.01698 -0.01262 -0.0005382 0.002281 -0.005126
1341839854.713930 -0.01237 0.01466 -0.005773 0.001331 0.001782 -0.005086
1341839854.745858 0.006283 0.01368 -0.009068 -0.001178 -0.007021 -0.003884
1341839854.781934 -0.002895 -0.00513 -0.002022 -0.008692 -0.0001465 -0.002968
1341839854.813894 -0.01074 0.002315 -0.003177 0.001167 0.0007231 -0.002205
1341839854.845894 -0.001324 0.03583 -0.01456 0.01074 -0.008312 -0.002739
1341839854.882028 0.02187 -0.01046 -0.003232 -0.01242 -0.012 -0.004529
1341839854.913923 0.00951 0.003639 -0.007952 0.005152 0.004658 -0.003323
1341839854.950288 -0.02539 0.05221 -0.01243 0.01672 0.01497 -0.004751
1341839854.982075 -0.02184 -0.004648 0.001406 -0.01847 0.0004355 -0.005753
1341839855.013812 0.01637 -0.03295 0.003798 -0.01529 -0.01185 0.003977
1341839855.050129 0.02007 0.0259 -0.01342 0.01242 -0.004707 0.003898
1341839855.081800 -0.002224 0.02357 -0.008711 0.0006457 0.007724 -0.005621
1341839855.114073 -0.02395 0.001293 -0.002511 -0.008389 0.01125 -0.003617
1341839855.150030 -0.01183 0.008399 -0.003018 -0.005818 0.000255 0.003639
1341839855.182071 0.002471 -0.007949 0.001133 -0.009043 -0.006346 0.004633
1341839855.217767 0.004171 0.01524 -0.008585 0.003318 -0.006032 0.002531
1341839855.249960 0.02757 0.01984 -0.01065 -0.001438 -0.01193 -0.002331
1341839855.281992 0.0287 -0.01758 0.0004701 -0.01428 0.0008955 -0.003301
1341839855.317935 -0.03427 0.009247 -0.00376 0.002959 0.0281 0.002826
1341839855.349844 -0.05031 0.03251 -0.002518 0.004401 0.01194 0.006426
1341839855.381947 0.01543 -0.02796 0.005876 -0.01429 -0.02486 0.009148
1341839855.417890 0.04979 0.01183 -0.01351 0.008485 -0.02016 0.006383
1341839855.449975 0.02844 0.02362 -0.01133 0.003911 0.004941 -0.0003921
1341839855.485969 -0.03208 -0.0149 0.00313 -0.006828 0.02537 -0.003935
1341839855.517935 -0.02238 0.02229 -0.009887 0.009668 0.006981 -0.0002886
1341839855.549932 0.001379 0.01023 -0.006846 -0.002179 -0.007647 0.003505
1341839855.585931 0.0117 -0.03261 0.0009981 -0.008415 -0.007994 0.004823
1341839855.617868 0.0122 0.01956 -0.01529 0.0192 -0.004524 0.003148
1341839855.653959 0.02071 0.02855 -0.01407 0.009087 -0.00143 -0.003462
1341839855.686629 -0.02173 -0.02207 0.00491 -0.01173 0.01792 -0.006019
1341839855.717974 -0.01719 -0.003101 -0.004796 0.007505 0.006107 0.002039
1341839855.754217 0.01306 0.03389 -0.01578 0.01737 -0.007216 0.003956
1341839855.785976 0.004391 -0.003053 -0.004051 -0.004162 0.0007121 -0.001179
1341839855.817884 0.0114 -0.002392 -0.004854 0.001976 0.001371 -0.0004527
1341839855.853954 0.008802 0.02598 -0.0114 0.01108 0.00692 0.001718
1341839855.885819 -0.02979 -0.006492 0.0001131 -0.004744 0.01822 0.002577
1341839855.921856 -0.0191 0.008786 -0.004722 0.00521 0.001039 0.005508
1341839855.953959 0.027 0.01358 -0.009963 0.004584 -0.01789 0.005762
1341839855.985984 0.02958 -0.006064 -0.005443 -0.00304 -0.003529 0.004092
1341839856.021829 -0.01501 0.01254 -0.005284 0.005751 0.01632 0.0002332
1341839856.053782 -0.01703 0.007554 -0.004681 0.001364 0.006155 0.002154
1341839856.086616 0.007546 0.00126 -0.005949 4.003e-05 -0.005503 0.006053
1341839856.121800 0.0006235 0.008148 -0.006286 0.002929 -0.0005572 0.003837
1341839856.153957 -0.0001097 -0.005848 -0.004274 -0.001429 -0.001459 0.001751
1341839856.190048 0.02058 0.01515 -0.0108 0.01018 -0.004232 0.004674
1341839856.222015 0.001772 0.01492 -0.008189 0.005699 0.008343 0.003422
1341839856.253873 -0.01349 0.01146 -0.005154 0.003372 0.00972 0.002678
1341839856.289840 0.000878 0.02168 -0.01012 0.005505 -0.002696 0.002079
1341839856.321942 0.00539 0.01553 -0.007308 -0.002654 -0.00261 0.002049
1341839856.353811 -0.004195 -0.02399 0.00482 -0.01581 0.003514 0.0033
1341839856.390102 0.00828 0.01465 -0.006317 0.008755 0.001276 0.00597
1341839856.422082 0.002958 0.04663 -0.01439 0.01511 0.001999 0.00352
1341839856.457814 -0.01943 -0.003464 0.002765 -0.01279 0.007277 0.002889
1341839856.489904 -0.007786 -0.01092 0.002272 -0.006084 -0.0007074 0.00758
1341839856.521972 0.007804 0.02316 -0.01072 0.01006 -0.008449 0.005883
1341839856.557920 0.01229 -0.0008907 -0.005349 -0.003283 -0.005219 3.589e-05
1341839856.589888 0.01023 -0.0003122 -0.004776 -0.0002396 0.003512 3.858e-05
1341839856.622023 -0.01297 0.01732 -0.007398 0.007344 0.01176 0.001627
1341839856.657871 -0.01683 0.006693 -0.005662 0.002463 0.004996 0.004687
1341839856.689931 0.006609 0.005964 -0.008482 0.004173 -0.005787 0.005476
1341839856.725899 0.009672 0.0025 -0.007648 0.002444 -0.001834 0.003833
1341839856.757992 0.00161 0.01926 -0.01051 0.00989 0.003667 0.001094
1341839856.790085 -0.01075 0.02174 -0.0104 0.006131 0.0045 -0.002101
1341839856.839656 -0.01061 -0.006556 -0.00261 -0.006132 0.002217 0.001813
1341839856.894594 0.003034 0.0184 -0.0152 0.009713 -0.001918 0.003856
1341839856.926373 0.00202 0.006402 -0.006759 0.002192 -0.0003151 -0.0005644
1341839856.958224 -0.001033 0.01847 -0.00986 0.005432 0.001386 0.0002093
1341839857.004395 -0.01382 -0.01208 -0.0001214 -0.008081 0.006094 0.002714
1341839857.058153 0.006944 0.03041 -0.01887 0.01383 -0.005887 0.003075
1341839857.094172 0.003915 -0.006726 -0.002694 -0.006208 0.002259 -0.0004974
1341839857.127349 -0.005871 -0.005289 -0.001664 -0.001263 0.009152 0.001639
1341839857.161937 -0.005938 0.01743 -0.009317 0.01082 0.004484 -0.0003234
1341839857.193984 -0.0008974 0.02877 -0.01253 0.01048 -0.001524 0.0005402
1341839857.226017 -0.01634 -0.00988 0.001425 -0.01072 0.003705 -0.0002473
1341839857.261913 -0.000543 -0.01364 0.000281 -0.002106 -0.002493 0.001887
1341839857.294048 0.01135 0.02362 -0.01243 0.01274 -0.004153 -0.001101
1341839857.325950 0.003426 0.02657 -0.008938 0.002584 0.001144 -0.004942
1341839857.361866 -0.1403 0.3949 -0.1323 0.2071 0.07345 -0.003554
1341839857.394079 -0.009557 0.003758 -0.005492 0.007111 0.00284 0.003331
1341839857.429949 0.001471 0.02532 -0.01145 0.0085 -0.003249 -0.001594
1341839857.461927 0.01296 -0.03108 0.008195 -0.02326 -0.002941 0.0002513
1341839857.494284 -0.0115 0.0004997 -0.003184 -0.001658 0.008186 0.001147
1341839857.529868 -0.004893 0.01481 -0.008339 0.006409 -0.0004713 -0.001804
1341839857.561886 0.01614 0.02569 -0.008411 0.006374 -0.006659 -0.003578
1341839857.594054 -0.005565 0.005945 -0.003725 -0.006747 0.006478 -0.0005855
1341839857.629788 -0.03027 0.005414 -0.0006723 -0.001618 0.009013 -0.001903
1341839857.661962 -0.008073 0.03479 -0.0153 0.01015 -0.009703 -0.00392
1341839857.697990 0.02659 0.008585 -0.002171 -0.006935 -0.01724 -3.804e-05
1341839857.729964 -0.002962 -0.005201 -0.0003669 -0.007394 0.00461 -0.002592
1341839857.762022 -0.02467 0.04235 -0.01589 0.01328 0.00459 -0.005643
1341839857.798680 -0.1736 0.3204 -0.1618 0.1622 0.0772 -0.007924
1341839857.829963 0.01326 -0.02856 0.009432 -0.01919 -0.0127 -6.383e-07
1341839857.865820 0.001085 0.008057 -0.005786 0.003015 -0.0009951 -0.003078
1341839857.897849 0.01184 0.02987 -0.006763 0.008836 -0.002119 -0.008264
1341839857.929959 0.001648 0.02002 -0.009601 0.0008315 0.006657 -0.00538
1341839857.965946 -0.02524 0.01226 -0.009734 -0.003901 0.01143 -0.001231
1341839857.997930 -0.01355 0.0007643 -0.00131 -0.005189 -0.0008251 -0.00154
1341839858.030063 0.007476 0.02139 -0.00994 0.005098 -0.008598 -0.0008891
1341839858.065790 -0.008303 0.02248 -0.01009 -0.001636 -0.001442 -0.0004969
1341839858.097903 -0.01115 -0.01238 0.004765 -0.01104 -0.002342 -0.0008696
1341839858.134029 0.01025 0.02005 -0.005483 0.007401 -0.008658 -0.002807
1341839858.198009 0.002844 0.03371 -0.01597 -0.003883 0.01009 -0.01209
1341839858.233911 -0.04633 0.01233 -0.009065 -0.003453 0.01237 -0.003767
1341839858.265831 0.01475 0.006086 0.001178 -0.005406 -0.01618 0.001758
1341839858.297894 -0.09285 -0.09458 -0.4102 -0.01809 0.04645 -0.02098
1341839858.334040 -0.003064 0.02851 -0.003942 0.004487 0.006043 -0.005287
1341839858.365902 -0.001119 0.007668 -0.0008822 -0.005158 0.00494 -0.007939
1341839858.401915 -0.0125 0.0008571 -0.00678 -0.004541 0.009426 -0.005148
1341839858.433884 -0.03063 0.02783 -0.001058 0.004654 0.01021 0.001368
1341839858.465923 -0.00824 -0.01018 0.005922 -0.007035 -0.005472 0.002053
1341839858.501898 0.02259 0.01064 -0.01197 0.0065 -0.01396 -0.003388
1341839858.533842 0.01992 0.02986 -0.01459 0.006353 -0.003513 -0.006116
1341839858.565881 -0.03314 -0.01487 0.003491 -0.01115 0.01819 -0.003197
1341839858.601865 -0.02238 -0.006865 -0.001594 0.001694 0.00346 -0.002054
1341839858.633984 0.02279 0.03816 -0.01907 0.01553 -0.01409 -0.0007775
1341839858.669940 -0.006751 0.02235 0.001534 -0.002267 0.002789 -0.004427
1341839858.702025 -0.02072 -0.02944 0.005879 -0.01271 0.005807 -0.002771
1341839858.733908 0.01147 0.03068 -0.01766 0.01427 -0.00852 -0.001125
1341839858.769859 0.006267 0.0293 -0.003967 0.002431 -0.002252 -0.003532
1341839858.801885 -0.0229 -0.01979 0.003346 -0.0115 0.009872 -0.0004129
1341839858.833866 -0.008839 0.01945 -0.01029 0.008249 -0.0008884 0.00295
1341839858.869844 0.0137 0.0243 -0.003301 0.004267 -0.01079 -0.002487
1341839858.901863 0.01737 -0.01211 -0.008908 -0.00756 -0.003688 -0.004537
1341839858.937959 -0.01448 0.02128 -0.01145 0.005495 0.01288 0.0003102
1341839858.969922 -0.02279 0.0002826 0.001434 -0.003063 0.009318 0.0008961
1341839859.001906 -0.004976 0.008607 -0.009491 0.004486 -0.001893 0.002022
1341839859.037871 -0.006183 0.03847 -0.006265 0.01063 -0.003276 0.001554
1341839859.069857 0.0006772 -0.002916 -0.00376 -0.007846 -0.006393 0.0008609
1341839859.105853 -0.001051 0.008966 -0.009622 -0.000258 -0.003874 0.000168
1341839859.137820 -0.005127 0.02743 -0.001243 0.003355 -0.003844 -0.0002336
1341839859.169829 0.009497 0.003536 -0.006846 -0.006393 -0.006314 -0.0005698
1341839859.205812 0.0004039 0.0005577 -0.003237 -0.005493 0.0004532 -0.00212
1341839859.237948 0.009007 0.01106 -0.008127 0.001388 -0.0009382 -0.005377
1341839859.269941 -0.02055 0.01668 -0.007205 0.0008427 0.01548 0.007076
1341839859.305936 -0.04786 0.002199 -0.004925 -0.005014 0.01316 0.01385
1341839859.338106 -0.002886 0.01731 0.003417 0.004804 -0.01794 0.006122
1341839859.373933 0.03324 0.0368 -0.00581 0.008925 -0.0261 0.002702
1341839859.405964 0.02447 -0.02024 -0.0008705 -0.01402 -0.007137 0.0001965
1341839859.437999 0.002732 -0.02006 -0.01262 -0.003853 0.008302 0.0009768
1341839859.473899 -0.008449 0.04072 -0.01334 0.01729 0.01163 0.002984
1341839859.505881 -0.01507 0.004554 -0.001988 -0.00166 0.0109 0.003685
1341839859.537923 -0.01062 0.006429 -0.008767 0.00323 0.004292 0.004703
1341839859.573971 0.004885 0.03863 -0.00684 0.01082 -0.005002 0.001898
1341839859.606042 0.0071 -0.02269 0.002344 -0.01287 -0.001776 -0.001989
1341839859.641861 0.001616 -0.0002983 -0.01431 0.003349 0.004365 0.0009823
1341839859.673839 -0.003064 0.04723 -0.009939 0.01362 0.003399 -0.001345
1341839859.706001 -0.025 -0.002965 0.004146 -0.01194 0.007308 -0.004442
1341839859.741952 -0.02252 -0.002755 0.006252 -0.005363 -0.0006487 0.003781
1341839859.774014 0.01688 -0.005298 0.003742 -0.0004306 -0.01741 0.003671
1341839859.805853 0.04108 0.0002292 -0.01801 0.004766 -0.0157 -0.002552
1341839859.842082 0.008595 0.0358 -0.01853 0.00894 0.007154 -0.00427
1341839859.910357 -0.0542 -0.03863 -0.009589 -0.0194 0.02077 -0.005488
1341839859.941846 0.00784 0.05204 0.007586 0.02209 -0.003457 0.0008604
1341839859.974055 -0.00143 -0.001236 0.0009118 -0.01414 -0.001081 -0.00187
1341839860.010232 -0.001726 -0.0352 -0.01412 -0.009322 -0.00263 0.0008332
1341839860.041967 0.01482 0.02997 -0.00489 0.02039 -0.004264 0.0002675
1341839860.077894 -0.001206 0.008393 -0.003151 -0.003068 0.009133 -0.003234
1341839860.109987 -0.04007 -0.02554 -0.0132 -0.01304 0.021 0.005304
1341839860.141917 -0.0226 0.009344 0.001742 0.007086 0.005371 0.008798
1341839860.177902 0.02219 0.01202 0.002526 0.005237 -0.01413 0.002701
1341839860.209829 0.01563 -0.002113 -0.005699 -0.001664 -0.005479 0.0003111
1341839860.242114 -0.0008966 -0.005577 -0.007153 -0.00408 0.006397 0.001079
1341839860.278013 -0.01902 -0.005417 -0.005783 -0.002608 0.01156 0.002124
1341839860.310067 -0.009177 0.00301 -0.002524 0.003583 0.002627 0.00261
1341839860.345859 0.01086 0.005119 -0.0002492 0.002105 -0.004207 0.001718
1341839860.378795 0.0002218 -0.004694 -0.004797 -0.002566 0.002076 0.0002215
1341839860.446011 -0.008473 0.0007273 -0.005656 0.004928 0.005601 0.002942
1341839860.477890 0.001092 -0.002843 -0.002385 -0.00259 0.001211 0.002632
1341839860.545831 -0.006569 0.008686 0.001245 0.007659 0.002076 0.00065
1341839860.577976 0.003416 0.008122 0.0057 -0.002888 -0.002911 0.001287
1341839860.614165 0.004304 -0.02329 -0.004354 -0.01069 -0.003281 0.0002913
1341839860.645895 0.0002951 0.01092 0.001143 0.008716 -0.0009152 0.002057
1341839860.678150 0.006742 0.01776 0.009527 0.001097 -0.002973 0.000731
1341839860.713931 -0.002238 -0.02881 -0.00476 -0.01699 -8.102e-05 -0.001147
1341839860.745925 -0.006694 -0.007882 -0.004758 0.003464 0.001203 0.003214
1341839860.777879 0.005842 0.0272 0.008543 0.008581 -0.001536 0.002436
1341839860.813880 -0.007619 -0.02504 -0.002428 -0.01646 0.003522 -0.0007563
1341839860.881962 -0.002176 0.01961 0.007473 0.009077 -0.003762 0.001888
1341839860.913833 0.006665 -0.01668 -4.264e-05 -0.01062 -0.003726 -0.001254
1341839860.945899 -0.0004091 -0.01721 -0.006842 -0.0009603 -0.0007154 0.001334
1341839860.981862 0.003094 0.01723 0.0009719 0.007779 0.002415 -0.000176
1341839861.014122 -0.01372 -0.003777 0.002024 -0.008166 0.008076 -0.003062
1341839861.045923 -0.01042 -0.02304 -0.006134 -0.008092 0.002647 -0.000412
1341839861.082003 0.003776 0.01178 0.0008511 0.008023 -0.001135 -9.341e-05
