1341845688.593654 0.007903 0.001031 0.002793 -0.00176 0.003922 -0.004842
1341845688.629688 0.002431 -0.00394 0.004341 -0.003764 0.009778 -0.008473
1341845688.663680 -0.0002512 0.0005209 0.0002017 -0.003546 0.01128 -0.01184
1341845688.697719 0.002215 0.001205 0.001345 -0.00654 0.01085 -0.01182
1341845688.729899 -0.0004487 -0.004409 0.005005 -0.00894 0.01272 -0.005987
1341845688.761762 -0.007631 -0.004636 5.76e-05 -0.005855 0.007991 -0.001578
1341845688.797687 -0.003752 -0.007001 0.002076 -0.004383 -0.0009534 0.001815
1341845688.829892 0.002692 -0.005032 0.002337 -0.0009998 -0.004957 0.003762
1341845688.865774 0.006105 -0.001976 0.0005001 0.0003739 -0.00201 -0.0002715
1341845688.929779 0.008734 -0.008278 0.005472 -0.002219 0.01091 -0.005018
1341845688.965631 -0.004544 -0.004227 -0.0007157 -0.0006353 0.007113 0.0009566
1341845688.997750 -0.003675 -0.009605 0.001456 0.0007803 9.053e-05 0.006799
1341845689.029751 0.0007676 -0.006302 0.0002706 0.006587 -0.00503 0.01018
1341845689.065755 0.002044 -0.004333 -6.852e-05 0.006665 -0.003394 0.002498
1341845689.097725 0.0003678 -0.00353 -0.001115 0.006283 -0.001426 -0.00558
1341845689.133718 -0.001197 -0.002005 -0.00131 0.004286 -0.0018 -0.006121
1341845689.165884 0.002071 -0.005247 0.0008094 0.003913 -0.002341 -0.007018
1341845689.198264 -0.0001494 -0.002587 -0.001727 0.006185 -0.0004018 -0.006081
1341845689.234322 -0.002292 -0.0003198 -0.003021 0.004593 -0.001268 -0.004798
1341845689.265745 0.002991 -0.0007213 6.223e-05 0.00211 -0.001757 -0.004005
1341845689.297769 -0.001823 -0.003368 -0.001095 0.00173 0.00136 -0.002142
1341845689.333650 -0.003174 0.0003693 -0.003232 0.002325 -0.001188 -0.0003866
1341845689.365881 0.001565 0.001188 -0.0004831 -0.0004845 -0.001038 0.0006439
1341845689.401592 0.0001983 -0.000768 0.0008166 -0.002423 0.001611 0.0004882
1341845689.433744 -0.001471 -7.944e-05 -0.001398 -0.00103 0.002368 0.000773
1341845689.465651 0.001647 0.00662 -0.0008145 -0.003869 0.002665 0.000468
1341845689.501840 0.002148 -0.003179 0.003059 -0.007905 0.005889 0.00519
1341845689.533687 -0.00589 -0.002522 -0.002786 -0.004378 0.005232 0.007949
1341845689.565814 -0.0001686 0.002825 -0.0005589 -0.003665 -3.309e-05 0.007
1341845689.601682 0.005932 0.002207 0.003649 -0.004714 0.001831 0.006999
1341845689.633591 -0.001552 -0.002694 0.002472 -0.00444 0.00632 0.0085
1341845689.669672 -0.0007773 -4.961e-05 0.00038 -0.001567 0.003478 0.002819
1341845689.701700 0.003368 -0.0002028 0.001924 -0.002166 0.003837 0.001076
1341845689.733773 -0.0005314 -0.002094 -0.0004539 -0.0008481 0.005658 0.002714
1341845689.769822 -0.001484 -0.0008565 -0.00162 -0.0006019 0.003611 0.002339
1341845689.802003 0.003023 0.0003712 -0.0008881 -0.0002785 0.002727 0.001438
1341845689.833757 0.001636 -0.0002114 -0.0008774 -0.001636 0.005524 0.00289
1341845689.869861 -0.001558 -0.002972 -9.01e-05 -0.002541 0.005046 0.001704
1341845689.901825 0.001112 -0.0003373 -0.0006603 -0.0005717 0.002769 -0.0003813
1341845689.937674 0.002831 -0.001418 0.001414 -0.002478 0.00396 -0.00068
1341845689.969679 -0.003932 -0.003193 -0.0004212 -0.001258 0.003708 -0.001455
1341845690.003830 0.001451 -0.000261 0.0005 0.0003759 -0.0003661 0.0007782
1341845690.037686 -0.0002574 0.001032 -0.000694 0.0001796 0.000906 0.003287
1341845690.069636 -0.001553 -0.001336 0.0005951 -0.001315 -9.847e-05 -0.001131
1341845690.106587 0.00349 0.000551 0.001963 0.0004407 -0.0004244 -0.0005828
1341845690.138859 -0.004867 -0.0007059 -0.001177 0.000345 0.002555 0.001505
1341845690.169919 -0.000373 0.0001552 0.0008373 -0.0004512 -0.001384 -0.001367
1341845690.206103 0.001841 -0.001714 0.001697 0.0006575 -0.0003849 7.97e-07
1341845690.237700 -0.0002587 0.001931 -0.0008366 0.001661 0.001238 0.0003107
1341845690.269981 0.001541 0.001449 0.0003391 -0.0008379 0.002142 0.002065
1341845690.306143 -0.001963 -0.002758 0.0005204 -0.001454 0.002758 0.001427
1341845690.338646 -0.000814 -0.002044 0.0003363 0.000928 0.000662 -0.001936
1341845690.373833 0.0006363 0.001128 -0.000542 0.002492 0.0005215 -0.0004414
1341845690.405976 -0.002489 0.0009844 -0.000998 6.771e-05 0.0009433 0.00245
1341845690.437908 0.000406 -0.0008391 0.0004342 -0.0003775 -0.0009464 0.0002229
1341845690.473654 0.003424 0.0009904 0.0008491 0.0002509 0.0002116 -0.002412
1341845690.505978 0.0004511 0.001319 -0.0001518 -0.0008379 0.003089 0.0008206
1341845690.537884 -0.005126 -0.003047 -0.0004701 -0.001181 0.001725 0.002426
1341845690.573708 -0.0004664 -0.0006363 -0.0002874 0.001043 -0.002694 -0.001753
1341845690.605848 0.002643 0.003085 -0.000561 0.001052 -0.001603 -0.002294
1341845690.641747 -0.0009425 0.0002333 0.0004444 -0.001889 0.001372 0.0007204
1341845690.673751 -0.003886 -0.001714 -0.0003435 -0.0003264 -0.0005196 0.0001006
1341845690.706003 0.0008952 0.002924 -0.0004308 0.000318 -0.002738 0.0005021
1341845690.741684 0.0003405 -0.0003446 0.0009231 -0.001663 -0.001087 0.001929
1341845690.773770 -0.001293 -9.848e-05 6.715e-05 -0.0006184 -0.001204 -0.0005706
1341845690.805715 -4.446e-05 0.0004657 0.0007099 -0.0007391 -0.001876 -0.001397
1341845690.841674 0.0007248 0.0001974 0.0006148 -0.0003559 -0.001657 -0.0002774
1341845690.873770 -0.0006718 -0.001864 0.001018 0.0001226 -0.00124 0.0001528
1341845690.909837 0.00105 0.001485 -0.0002466 0.001156 -0.001806 -0.001662
1341845690.941576 0.0008775 -0.0005996 0.0006229 0.0001027 -0.0005833 -0.0002891
1341845690.973879 -0.001416 -0.0001913 -0.0003836 -0.0002128 -0.0004421 -0.0002279
1341845691.011558 -0.0001751 -0.00131 0.0005276 -0.000107 -0.001577 -0.002285
1341845691.077986 0.001688 0.0008779 0.000426 -0.0008726 -0.0004913 0.003787
1341845691.109685 -0.003522 -0.0007274 -0.0004115 -0.001212 -0.0003936 0.0002377
1341845691.141759 0.001685 0.0008781 0.0007883 -0.0006579 -0.002724 -0.0005551
1341845691.177729 0.002916 0.0001399 0.001901 -0.001331 -0.0001964 0.002922
1341845691.209644 -0.0032 -0.002119 -1.819e-05 -0.0005908 0.001265 0.002466
1341845691.241757 -0.002191 0.0006513 -0.000748 0.0005323 -0.002133 -5.473e-05
1341845691.277595 0.006938 0.00351 0.002367 -0.000874 -0.0016 -0.000583
1341845691.310138 -0.001454 -0.003582 0.001306 -0.001865 0.004419 0.002005
1341845691.345620 -0.007143 0.0004255 -0.001898 0.0004632 0.0006493 0.0008349
1341845691.378062 0.0008317 0.0008385 0.0005872 -0.0006011 -0.004327 0.002342
1341845691.451922 0.0003496 -0.004188 0.002606 -0.001776 -0.0008096 0.002678
1341845691.509739 0.001335 0.004895 -0.001726 0.002781 -0.003605 0.0004213
1341845691.545833 -0.002606 -0.004039 0.0004909 -0.001385 0.001597 0.003168
1341845691.578399 -0.004447 -0.0008787 -0.001841 0.002056 -0.001232 0.004241
1341845691.613857 -0.005339 0.002568 -0.002965 0.0009243 -0.004701 0.007533
1341845691.645632 0.002505 0.001153 -0.0002759 -0.002094 -0.006406 0.0057
1341845691.677793 0.00328 -0.002044 0.001909 -0.002603 -0.0009007 -0.003845
1341845691.713727 0.0003844 0.0001739 0.0001509 -0.0009639 0.003044 -0.005145
1341845691.746050 -0.007439 -0.002164 -0.0002517 -0.001323 0.002163 0.00177
1341845691.778411 -0.002517 -0.004215 0.0004723 0.001516 -0.004206 0.002371
1341845691.813646 0.003677 0.002879 -0.001004 0.003014 -0.003335 -0.003268
1341845691.845603 0.002586 0.0009663 0.0005835 -0.0002058 0.001629 -0.001471
1341845691.881595 -0.004964 -0.001856 -0.0005244 -0.0008953 0.003287 0.002464
1341845691.913600 -0.002593 -0.0004486 -0.00117 -0.0001464 -0.001359 -0.0009781
1341845691.945997 0.007343 0.003165 0.001499 -0.0006487 -0.000838 -0.00408
1341845691.981657 0.004383 0.001835 0.001588 -0.003854 0.007955 -0.003988
1341845692.013904 -0.006042 -0.002831 0.0001766 -0.004698 0.008751 -0.004676
1341845692.049676 -0.003338 -0.00164 0.0001055 -0.001389 0.002303 -0.00266
1341845692.081862 0.001276 0.00221 0.0005008 -0.0005402 0.001194 -0.0009398
1341845692.113695 -0.003143 -0.001892 0.001234 -0.001502 0.003063 0.001245
1341845692.149736 -0.005149 0.0006349 -0.000868 0.00093 -0.0001772 0.001249
1341845692.182123 0.0008156 0.003942 0.0009531 -0.0009976 -0.002116 -0.000695
1341845692.213661 0.0003663 -0.001431 0.00271 -0.002404 0.0006707 -0.00188
1341845692.249828 -0.003152 -0.0006368 0.001074 0.0002034 0.0005019 -0.0002148
1341845692.282146 -3.411e-05 0.001049 0.0006524 0.001427 -0.001672 0.001904
1341845692.317711 0.003754 0.001746 0.001808 0.0008975 0.0002966 0.000569
1341845692.349688 -0.002287 0.001904 -5.188e-06 -0.0005233 0.003245 0.0002121
1341845692.381560 -0.002564 0.001213 0.001138 -0.002134 0.0006336 0.00234
1341845692.417776 0.0008817 0.000127 0.002262 -0.001743 -0.001194 0.003156
1341845692.449672 0.0008514 0.00139 0.00117 -0.0006767 -9.811e-05 0.001935
1341845692.481594 0.000318 0.001327 0.001027 -0.001659 0.0009285 0.002094
1341845692.517778 -0.001404 0.001438 0.0002797 -0.001962 0.0009101 0.0005348
1341845692.549744 0.0004908 0.0002811 0.002619 -0.002695 -0.000176 0.00102
1341845692.585822 -0.001052 -0.0001583 0.001387 -0.0004341 0.0002822 0.001853
1341845692.617836 -0.001262 0.002401 0.0002086 -0.0001943 -0.001585 -0.000291
1341845692.649770 0.003871 0.0004802 0.002518 -0.001339 -0.001278 -0.0007026
1341845692.685749 0.0002768 -0.000439 0.001083 -0.0006621 0.002103 0.0001043
1341845692.717676 -0.004585 -0.001407 0.000111 -0.0007322 0.0005497 -1.509e-05
1341845692.749897 0.002127 0.001831 0.0005624 0.0001178 -0.003491 -0.0008705
1341845692.785833 0.006086 0.002751 0.002288 -0.0009945 -0.0001011 0.002578
1341845692.817657 -0.004742 -0.001711 0.0001714 -0.002347 0.003101 0.006115
1341845692.853833 -0.001048 0.001102 -0.0009827 -0.001322 -0.002459 0.003137
1341845692.885614 0.004486 0.001521 0.002244 -0.002889 -0.00124 0.001479
1341845692.917728 -0.001844 -0.0008518 0.0007372 -0.002118 0.001956 0.001635
1341845692.953573 -0.002788 0.0008257 8.013e-05 -0.001364 -0.0006241 0.001616
1341845692.985667 0.002268 0.0008868 0.001522 -0.002081 -0.001592 -9.376e-05
1341845693.017585 -0.0009843 -0.00301 0.001361 -0.0007675 0.0004994 0.0007177
1341845693.053684 -0.0008522 0.002815 -0.001306 0.0009122 -0.001032 0.0001626
1341845693.086059 0.00232 -0.0005173 0.001097 -0.002115 -0.0006185 -0.001451
1341845693.121690 0.002372 -0.002104 0.001644 -0.001257 0.00125 -0.003783
1341845693.153852 -0.003275 -0.002779 0.0006355 0.001088 0.002856 0.0004933
1341845693.185655 -0.003921 0.0002967 -0.002059 0.001745 -0.002299 0.0008739
1341845693.221687 0.008689 0.0009826 0.001562 -0.000222 -0.003339 -0.003817
1341845693.254518 0.002763 0.0001404 0.000996 -0.001535 0.005216 -0.003748
1341845693.289735 -0.01229 -0.004706 -9.851e-06 -0.001205 0.00391 -0.000453
1341845693.321741 -0.004689 -0.001382 -0.001331 0.001017 -0.007964 -0.0002439
1341845693.353715 0.006135 0.00179 2.534e-05 6.902e-05 -0.00809 -0.001865
1341845693.421993 -0.002917 -0.001959 -0.001034 -0.001388 -0.005133 0.001403
1341845693.453700 0.0003703 7.616e-05 -0.0005342 -5.164e-05 -0.003189 0.004518
1341845693.489783 9.06e-05 0.002228 -0.001289 -0.001689 -0.003004 0.0009588
1341845693.522084 0.005636 0.002405 0.001128 -0.003351 -6.979e-05 -0.0002717
1341845693.557666 -0.002112 -0.001537 0.0002594 -0.004016 0.003404 0.001608
1341845693.589792 -0.002161 -0.001093 -5.477e-05 -0.001772 0.001436 0.002784
1341845693.622158 -0.001855 -0.001883 0.0003025 -0.0006727 -0.001407 0.0008299
1341845693.689929 0.0005209 -0.002012 0.001127 0.001674 -0.002732 -0.002298
1341845693.721602 -0.0007314 -0.001338 -0.0004752 0.004291 -0.002754 0.002671
1341845693.757636 0.003229 0.00203 -0.001215 0.003954 -0.002209 0.0002959
1341845693.789776 0.00208 0.0003922 0.0001741 0.001538 0.001365 -0.001971
1341845693.825637 -0.00176 -0.002005 -0.0003048 0.002655 0.00121 -0.0002709
1341845693.857724 -0.0002428 0.00442 -0.002559 0.002469 -0.0001401 -0.00163
1341845693.889741 -8.294e-05 -0.001564 0.0009111 -0.001516 -0.0004395 -0.002998
1341845693.925573 -0.0002562 0.0003938 -0.0002375 0.001237 -0.0006622 -0.002129
1341845693.957722 -0.001598 0.001783 0.0001105 -0.0008221 -0.0005 -0.001696
1341845693.990410 -0.001903 -0.0006434 0.001007 -0.001652 -0.001651 0.0003125
1341845694.025740 -0.0002736 -0.0002515 0.001073 -0.0007346 -0.002924 0.001734
1341845694.057728 0.0008969 0.002441 -0.0001143 -0.0004766 -0.001774 0.001183
1341845694.093631 0.0008026 0.001771 0.0005585 -0.002791 -0.0001098 -0.0007902
1341845694.125598 -0.001552 -0.0006849 0.0007699 -0.002916 0.0008504 0.0001219
1341845694.157890 -0.001694 -0.001476 0.0004463 -0.001542 -0.0008572 0.001051
1341845694.193528 0.0013 0.003316 -0.0009401 -0.0008751 -0.001178 0.0005329
1341845694.226254 -0.0005483 -0.001452 0.001002 -0.003134 0.0003701 -0.0004951
1341845694.261793 -0.001481 -0.0007623 0.0001364 -0.001173 -0.0003807 -0.001592
1341845694.293655 0.00256 0.0008607 0.0001591 -0.0008943 -0.0007446 -0.002929
1341845694.325844 0.001761 0.001543 3.416e-05 -0.002466 0.002676 -0.004729
1341845694.361761 0.0003652 -0.0007274 0.0006719 -0.00337 0.004176 -0.003733
1341845694.393754 -0.001712 -0.002145 0.0005263 -0.002319 0.004217 -0.0007783
1341845694.425809 3.137e-05 -0.001273 0.0001305 -0.0001445 0.00297 0.0002479
1341845694.461731 -0.001683 -0.002134 0.0005123 -0.0001393 0.002983 0.0003884
1341845694.493931 -0.002415 -0.001716 -0.0003757 0.002525 0.000355 0.002638
1341845694.529694 0.002426 0.001325 -0.0001706 0.00289 -0.001246 0.002286
1341845694.561652 0.000889 0.002051 -0.0006157 0.0005897 0.002301 -0.0004754
1341845694.595586 -0.001564 -0.0002162 -0.0001053 -0.002041 0.00318 -0.002298
1341845694.629850 -0.0005578 0.001322 -0.000677 -0.002361 0.003726 -0.002805
1341845694.661659 -0.008652 -0.003741 -0.0003824 -0.004242 0.003266 -0.003503
1341845694.693720 -0.01119 -0.005043 0.001744 0.0001135 -0.00536 -0.003006
1341845694.735664 -0.001214 0.000103 -0.002324 0.003681 -0.01352 -0.001791
1341845694.767988 0.0007055 -0.001234 -0.001388 0.003414 -0.01191 -0.003049
1341845694.803611 -8.378e-05 0.0006883 -0.003934 0.004108 -0.01085 -0.001965
1341845694.835585 0.002503 0.0016 -0.004038 0.002125 -0.008775 -0.001145
1341845694.867728 -0.000393 -0.00337 -0.0008674 0.0005163 -0.005496 -0.001316
1341845694.903566 -0.001174 -0.0008923 -0.003728 0.003076 -0.004868 -0.0009226
1341845694.935679 -0.0006672 0.001734 -0.003636 0.0007225 -0.003581 -0.001546
1341845694.967669 -0.001201 -0.00121 -0.001304 -0.001209 -0.002189 -0.002578
1341845695.003730 -0.004408 -0.001113 -0.001151 -0.0003478 -0.002846 -0.002331
1341845695.035689 -0.00194 0.0002986 -0.00118 0.0002801 -0.006163 -4.546e-05
1341845695.072465 0.00553 0.001205 -0.0004162 6.45e-05 -0.004954 -0.0004146
1341845695.103895 0.005083 0.0006791 0.001079 -0.0006045 0.0017 -0.0009916
1341845695.135680 0.002818 0.005254 -0.001477 -0.0008238 0.00606 -0.0002535
1341845695.172193 0.005209 0.001318 0.003335 -0.005491 0.009893 -0.001453
1341845695.203618 0.002822 0.0008981 -0.0009349 -0.005446 0.01433 -0.00217
1341845695.235612 -0.002011 -4.976e-05 -4.198e-06 -0.007389 0.01529 -0.001816
1341845695.271738 -0.00264 -0.002936 0.0007285 -0.00624 0.01188 0.0008326
1341845695.303569 -0.001293 -0.002286 0.001585 -0.003588 0.008763 0.002375
1341845695.335657 0.0004301 -0.0003219 0.001951 -0.001145 0.006444 0.004443
1341845695.371706 0.001154 0.0003942 0.001688 -0.0002785 0.006035 0.006196
1341845695.403745 0.001301 0.001967 0.001085 -0.0002368 0.005857 0.004459
1341845695.435657 0.002908 0.002628 0.001237 -0.00226 0.006487 0.0008045
1341845695.471720 0.0004442 -0.001299 0.002103 -0.003599 0.008015 -0.0004952
1341845695.503710 -0.001058 -0.001743 0.001238 -0.0002015 0.007006 0.001203
1341845695.539693 -0.002933 0.002352 -0.001144 0.001344 0.00574 0.002225
1341845695.603908 -0.002269 0.001833 0.0002065 -0.0003955 0.005696 0.004617
1341845695.665980 -0.0008162 0.0002404 0.001049 0.001263 0.005947 0.00173
1341845695.701693 -0.0014 -0.0007362 0.0005789 -0.0003416 0.002772 -0.001467
1341845695.733686 2.73e-05 0.0005833 0.0008679 0.0007646 0.001257 -0.001278
1341845695.769679 -0.0001131 -0.0006494 0.0008979 0.0006972 0.000372 -0.0003618
1341845695.801697 0.0006065 -0.001097 0.0008007 0.002409 -0.0008547 -0.0005065
1341845695.833635 0.0003817 0.001871 -0.0006105 0.002167 -0.0003552 -0.001967
1341845695.869766 0.0002835 -0.0005041 0.0006698 0.0001971 -0.0009748 -0.002287
1341845695.901827 0.001657 -0.002601 0.001732 0.001222 -0.0008034 -0.001453
1341845695.933900 -0.001902 0.0008147 -0.001372 0.003077 0.0005717 -0.001227
1341845695.969774 -0.001989 -5.658e-05 -0.001478 0.001334 -0.0009085 -0.00138
1341845696.001940 -0.0004996 0.0004004 -0.001329 0.001582 -0.001875 -0.00179
1341845696.037778 0.0009689 -0.000265 -0.0001212 0.001523 -0.001807 -0.003165
1341845696.069962 0.001177 0.0009269 -0.0006797 0.001942 -0.0002098 -0.004559
1341845696.102048 -8.693e-05 0.0001669 -0.0007166 -0.0002454 0.001431 -0.003275
1341845696.137759 -0.0001404 -0.00285 -0.0002999 0.0003042 0.0006269 -0.0007601
1341845696.169934 0.0006999 -0.0002768 -0.001327 0.001387 0.0006615 0.000401
1341845696.201602 -0.0001968 -0.0005389 0.0006747 0.001857 0.0004234 0.001959
1341845696.237582 0.001091 0.0003596 0.0004238 0.003622 -0.0003774 0.002195
1341845696.269654 0.002108 0.003271 0.0001415 0.003492 0.001062 0.0004542
1341845696.305713 -0.001577 0.0002375 0.0003414 0.0006775 0.002254 -0.001558
1341845696.337790 -0.0005436 -0.0001675 -0.0004471 0.0003235 0.001124 -0.00239
1341845696.369780 -0.0001186 -0.002884 0.0002883 -0.0002119 0.001307 -0.001822
1341845696.406019 -0.0009527 -0.001586 -0.0003773 0.002295 0.0009221 -0.0005616
1341845696.437910 -0.0009976 0.0004145 -0.001281 0.003498 0.000397 -0.0002445
1341845696.473667 -0.001318 -0.0007725 -0.000424 0.002447 -0.0009481 0.000547
1341845696.505801 0.00148 0.0006809 -0.0002298 0.003651 -0.002036 -0.0004841
1341845696.537879 0.001906 0.001286 0.0003748 0.001541 -0.0003261 -0.002408
1341845696.573790 0.00104 -6.777e-05 0.0009752 0.0003246 0.001269 -0.001468
1341845696.611644 -0.001051 -0.0005346 0.0007867 0.0001296 0.001738 -0.0003474
1341845696.648592 -0.0001502 -0.001352 0.0008075 0.0006478 0.0007439 -0.000705
1341845696.705640 -0.003674 -0.001625 -0.001249 0.004406 -0.001155 -0.0006827
1341845696.741801 -0.001071 0.0001044 -0.001325 0.0009652 -0.002232 -0.0002331
1341845696.773765 0.000448 -0.001423 -1.953e-05 0.000102 -0.002156 -0.001737
1341845696.805698 -0.0007118 -0.001799 -0.00103 0.002025 -0.0005289 -0.002179
1341845696.841908 -0.003319 0.0008908 -0.002304 0.001136 -2.079e-05 -0.002053
1341845696.873637 -0.0007878 -0.002762 5.003e-05 0.0006531 -0.002293 -0.0004306
1341845696.905693 0.0001149 -0.0003218 -0.0006502 0.00255 -0.001697 -0.0007337
1341845696.941841 -0.000554 -0.0009841 -0.0002842 0.002472 -0.001442 -0.002363
1341845696.973560 0.0006215 0.001915 -0.000575 0.001724 -0.0009146 -0.004218
1341845697.009723 -0.00153 -0.002269 0.0006978 0.001273 -0.0002825 -0.001331
1341845697.041678 -0.002541 0.00184 -0.001934 0.002844 -0.001856 0.001474
1341845697.073636 0.0001007 0.001698 -0.0007212 0.000157 -0.002361 0.001614
1341845697.109770 0.0003202 -0.001589 0.0009122 -0.0009621 -0.001198 0.0004862
1341845697.141787 -0.0008614 -0.0005033 -0.0005495 0.001211 -0.000348 -0.0002915
1341845697.173791 -0.001281 0.001498 -0.001184 0.0002286 -6.637e-05 -0.001167
1341845697.209803 -0.0008224 -0.00166 0.0003862 -0.001148 -0.0001733 -0.001156
1341845697.241685 -0.0009796 -0.001241 -0.0002071 0.0004861 -0.0005445 -0.0006188
1341845697.277780 0.0005502 0.0008305 -0.0007349 0.0008383 -0.0007413 -0.000591
1341845697.309575 0.001071 -0.0007921 -5.083e-05 -5.025e-05 0.0003606 -4.82e-05
1341845697.342252 0.0001968 -0.0001728 -0.001161 0.0004137 0.0005592 0.0002513
1341845697.377604 -0.0001926 0.0002239 -0.001206 -0.0004731 0.000194 0.0003096
1341845697.409528 0.000315 -0.001901 -0.0002417 -0.0001553 -0.0007566 0.001133
1341845697.441666 0.0007501 0.002437 -0.001682 0.0006069 -0.0005851 -4.552e-05
1341845697.477718 0.0002016 -0.001232 0.00064 -0.00225 0.0004706 0.0002581
1341845697.509822 -0.0009041 -0.001186 0.0002145 -0.0003358 0.000144 0.0008675
1341845697.545892 0.0007715 0.0007717 0.0002945 0.0002782 0.0004116 -3.559e-05
1341845697.577742 -0.001712 0.0001491 0.0001554 -0.00112 0.002096 -0.001119
1341845697.609653 -0.0006013 -0.002205 0.001319 -0.0008258 0.001252 -0.00109
1341845697.645769 -0.0007816 -0.0004017 -0.0003496 0.000907 0.0009493 -0.0007571
1341845697.677795 -0.001005 -0.000194 -0.0007861 0.0002671 0.0001444 -0.0005138
1341845697.713520 0.001009 -0.001659 0.0003214 0.0005351 -0.0007759 -1.355e-05
1341845697.745975 0.0008016 0.0008169 -0.0007123 0.001074 0.0003225 -0.0009122
1341845697.777683 -4.05e-05 -0.001456 0.0001807 2.545e-05 0.0007033 -0.0009109
1341845697.813673 -0.001574 -0.001522 -0.0006559 0.0009754 0.0003162 -0.0002533
1341845697.845793 0.0002016 -0.001499 -0.0001849 0.002441 -0.001087 0.0005505
1341845697.877887 0.0003267 0.001788 -0.001198 0.002318 0.000254 -0.0005635
1341845697.913637 -0.00055 -0.0005844 4.696e-05 0.0003337 0.0005106 0.000498
1341845697.945734 4.391e-05 -0.0003571 -5.19e-05 0.001162 -0.0001622 0.001771
1341845697.981763 -0.0004476 0.0008242 -0.0007822 0.0009711 4.706e-05 0.0008677
1341845698.013639 -4.195e-05 0.0007613 -0.0002983 -0.0001355 -0.0002622 0.0004608
1341845698.045700 0.001162 -0.0003629 0.001263 -0.000766 -0.0003081 0.00062
1341845698.081804 0.0009552 7.171e-05 0.0008877 0.0003092 0.0008172 6.507e-05
1341845698.113733 -0.0012 0.0006056 -0.0001232 -0.0002151 0.001384 0.0001913
1341845698.145605 -0.0008882 -2.918e-05 0.000228 -0.0007344 0.0007905 0.0008219
1341845698.181637 -5.523e-06 -0.0007797 0.0005707 -2.843e-05 8.029e-05 0.001286
1341845698.213981 0.002114 0.002566 -0.0002557 0.0001853 0.001083 -9.795e-05
1341845698.249641 -0.001053 -0.002504 0.00118 -0.001817 0.002657 0.0003266
1341845698.281737 -0.0003044 -0.001374 -0.0002107 0.00222 0.0006377 0.0005128
1341845698.313940 -0.0008602 0.001776 -0.001209 0.0007612 0.0004899 0.001258
1341845698.349629 0.0003415 -0.0009468 0.000427 -0.0006973 -0.0001569 0.001558
1341845698.381667 0.001668 -0.0002373 0.0006337 -3.922e-05 0.0006641 -8.945e-05
1341845698.413724 3.575e-05 0.0004774 0.0002782 -0.0006571 0.002672 -0.001051
1341845698.449543 -0.0001881 -0.0009126 0.00115 -0.001197 0.002965 -0.001211
1341845698.481693 -0.001469 -0.001238 0.0004062 -0.0001314 0.002895 3.572e-05
1341845698.517644 -0.001069 0.0007172 -0.0004273 5.687e-05 0.001611 0.001448
1341845698.549633 -0.000295 0.0008549 -0.0002665 -0.0008837 0.001582 0.002471
1341845698.581773 -0.0006881 -0.00125 0.000622 -0.001812 0.00138 0.003255
1341845698.617608 -7.176e-05 -0.0005484 6.156e-05 -0.0003571 0.0005072 0.001637
1341845698.649887 -0.0002806 0.001671 -0.0007599 -0.0005369 0.0008471 0.000443
1341845698.685838 -0.0002838 -0.001546 0.001295 -0.002492 0.0004541 0.0006539
1341845698.717744 -0.000614 -0.002744 0.001083 -9.661e-06 -0.0002325 0.0003594
1341845698.749680 -0.0005679 0.001471 -0.000728 0.001193 -0.0003729 -0.001052
1341845698.785826 0.0003175 -0.0006165 0.0006477 -4.087e-05 -0.0001946 -0.0009258
1341845698.817603 0.000292 -0.001193 0.0006403 0.0009376 -0.0002775 0.0002744
1341845698.849705 -9.114e-07 0.0002661 -0.001115 0.002271 -0.0001028 0.0005261
1341845698.885714 0.0001419 0.0003257 -0.0002129 0.0004641 0.0002089 -5.333e-05
1341845698.917723 -0.0004756 -0.001828 0.0003812 0.001115 -0.0003557 0.0008076
1341845698.953706 0.0001565 0.001293 -0.0009754 0.001718 -0.00097 0.0001368
1341845698.985694 0.001433 -0.0005272 0.0005781 0.0007931 -0.000605 -0.0007068
1341845699.017571 0.0009482 -0.0008035 0.0006532 0.001434 0.0007124 -0.001523
1341845699.053593 -0.0009586 -0.0004395 -0.0006234 0.002621 0.0006593 -0.0007756
1341845699.086340 0.0006062 -0.001512 0.0005787 0.003102 -0.0006372 0.0001783
1341845699.117688 -5.246e-06 0.00092 -0.0009465 0.003955 -0.0001433 0.0001966
1341845699.153695 -0.0004823 -0.0005215 -0.001439 0.002716 -0.0002179 0.0001727
1341845699.185845 -1.665e-05 -0.001303 -0.0003084 0.002019 -0.001146 0.0006905
1341845699.221973 3.978e-05 0.001282 -0.0005915 0.002388 -0.0007992 0.000243
1341845699.253571 0.001393 0.001833 0.000336 0.0006771 0.000655 -0.0009154
1341845699.285622 -0.001176 0.001682 0.0005567 -0.001557 0.002869 -0.001389
1341845699.321906 -0.0007051 -0.001234 0.001951 -0.001767 0.002085 -0.001432
1341845699.354916 -0.001044 0.0002183 0.0003508 8.9e-05 0.001455 -0.0008279
1341845699.385859 -0.001596 0.000608 -0.0002514 -0.0004327 0.0006422 0.0008813
1341845699.421535 -0.00071 0.0001233 0.0003214 -0.001071 -0.000725 0.00194
1341845699.454093 -0.0003309 -0.001627 0.001252 -9.229e-05 -0.001637 0.002398
1341845699.489836 0.000954 0.002026 -0.0002063 0.001249 -0.001409 0.0006156
1341845699.522001 0.001475 0.001396 0.0002107 -0.0001647 0.0007811 -0.0017
1341845699.556281 -0.00208 0.0009354 -0.000324 -0.001517 0.001412 -0.001804
1341845699.595416 -0.0007937 -0.00129 0.0008242 -0.001196 -0.0005646 2.684e-05
1341845699.628631 -0.001346 -0.0008351 -0.0001238 0.0005103 -0.001709 0.001015
1341845699.663810 0.001106 0.002068 -0.001121 0.0006364 -0.002096 -0.0009931
1341845699.696113 0.0008917 -0.0004833 0.001229 -0.00195 -0.0006878 -0.002265
1341845699.727683 0.0007218 -0.004119 0.001976 0.001499 -0.0009408 -0.0001974
1341845699.789808 -0.00218 0.003456 -0.002344 0.00448 -0.001478 0.001692
1341845699.821737 0.0001267 0.0001415 0.0007571 -0.0001379 -0.001451 0.00077
1341845699.857825 0.001336 -0.0009531 0.00136 0.0002471 5.123e-05 -0.0002022
1341845699.889686 -0.002053 0.001422 -0.0009399 9.899e-05 0.001256 -0.0004436
1341845699.925749 -0.002061 4.228e-05 -0.001138 -0.0007823 -0.0003975 0.0004159
1341845699.957536 0.0008491 0.0008016 -0.000386 -0.001172 -0.0008547 -0.0008913
1341845699.989671 -0.0006843 0.0009434 -0.0005514 -0.001966 0.0009031 -0.002435
1341845700.025810 -0.002008 -0.0008047 0.0003959 -0.002411 0.0006897 -0.0006419
1341845700.058133 -0.001483 -0.0001503 0.0007326 -0.001289 -0.0005674 0.001406
1341845700.090754 4.174e-05 -0.000176 0.0006329 -0.0003242 -0.001057 0.001724
1341845700.125852 0.0004739 0.000448 -0.0003257 -6.986e-05 7.079e-05 0.0004404
1341845700.157773 -0.001127 0.0009006 -0.000921 -0.0008035 0.0004776 0.0004303
1341845700.193533 -0.001041 -0.001759 0.0009565 -0.0009633 -0.001159 0.001334
1341845700.225771 -0.0003753 0.0007382 0.0001157 0.0003261 -0.001415 0.000345
1341845700.257669 1.429e-05 -0.0003585 0.001094 -0.0005822 -0.0008103 -0.0008667
1341845700.293641 0.0002193 7.122e-05 0.0006742 5.037e-05 -0.0006361 -0.001656
1341845700.325714 8.688e-05 0.001582 -0.0005776 -1.557e-05 -6.719e-05 -0.001062
1341845700.357742 -0.001307 -0.001689 0.0005919 -0.0006619 -0.0008511 0.001162
1341845700.393681 0.0001024 0.0001679 -0.0001376 0.001187 -0.001841 0.00155
1341845700.425997 0.0002978 0.0005092 0.0001689 0.0006096 -0.000765 0.0009631
1341845700.461682 -0.0004412 0.0004129 -0.0002043 0.0002854 -0.0001757 0.0009113
1341845700.493808 4.569e-05 -0.0007849 0.0001364 0.000124 -0.0004259 0.0006746
1341845700.526106 0.0002961 0.0004301 -0.0008721 0.0009502 -0.0002644 -0.0003643
1341845700.562458 -3.595e-05 -0.0001646 0.0001614 0.0002865 -0.000333 -0.0007863
1341845700.626137 -0.0004827 -0.0002412 0.0004934 0.0005695 0.0004488 6.318e-05
1341845700.661872 -0.0008518 -0.001037 -0.0001764 0.0004508 -0.001118 0.002207
1341845700.693861 0.001473 0.0003151 -0.0001914 0.00126 -0.001223 0.001003
1341845700.732394 0.001116 0.001084 -0.0004226 -7.78e-05 0.001194 -0.00193
1341845700.767794 -0.001894 -0.0004332 -0.0006522 -0.001039 0.0008937 -0.001007
1341845700.799058 0.0004587 1.858e-05 0.0001882 -0.0006592 -0.0008006 0.0005017
1341845700.867749 -0.0005981 -0.0003874 -0.001003 -0.0001065 -0.0004801 0.0008439
1341845700.930007 0.001457 0.002138 1.878e-05 -0.001756 0.001297 -0.001044
1341845700.961797 -0.001387 -0.001699 0.0004082 -0.0003271 1.676e-05 0.00197
1341845700.997752 0.001668 0.001037 0.000344 0.0008232 -0.0005948 0.0008102
1341845701.029597 0.0003908 0.000408 0.0007377 -0.0001971 0.0008251 0.0004067
1341845701.061618 0.0006559 0.0003083 0.0008064 -0.0004284 0.0005104 0.0004873
1341845701.097561 4.552e-05 -0.0005474 0.000403 -0.0006992 0.0004418 2.245e-05
1341845701.129741 -0.000728 -0.00129 0.0002264 -0.0004768 -0.0005147 -0.0004484
1341845701.165734 0.001083 0.0005154 -0.0001572 0.0007134 -0.0006421 -0.0001274
1341845701.197714 -0.0004422 0.001028 0.0002208 -0.0008974 0.001261 -0.0008331
1341845701.230497 -0.001668 -0.001096 0.0007121 -0.0007242 0.001051 3.231e-05
1341845701.265852 -0.0001647 0.002423 2.533e-05 0.0001767 0.0007095 9.678e-05
1341845701.297730 -0.00133 0.0008867 0.0002829 -0.001654 0.002256 0.0004858
1341845701.329611 -0.001474 -0.002807 0.000782 -0.00048 1.82e-05 0.001193
1341845701.365791 0.00117 0.0009522 -0.001053 0.001157 -0.000938 0.0006353
1341845701.397757 -6.497e-05 -0.001782 -0.0003457 4.754e-05 -0.0003962 0.0004178
1341845701.433542 0.001309 0.000129 -0.0003385 0.0005094 -0.001261 -0.001491
1341845701.465617 0.002201 -0.0009395 0.001215 -0.0008309 -0.000633 -0.00189
1341845701.497704 0.0008017 -0.001218 0.001704 -2.173e-06 -3.55e-05 -0.0008101
1341845701.533597 -0.001353 -0.0001458 0.0008005 0.000577 0.0003923 0.0004822
1341845701.597762 -0.002062 0.0004091 0.001969 0.0006138 -0.001207 0.001946
1341845701.633825 -0.0006769 0.001708 0.0004703 -0.0005448 0.0007839 -0.0003099
1341845701.665709 -0.002678 0.0006193 -0.0005092 -0.000989 0.0005636 -0.0003375
1341845701.701676 0.0001085 0.001607 -0.0001763 -0.0007683 -0.0008102 0.0001991
1341845701.733527 0.001213 -0.0007637 -8.64e-05 -0.001143 -0.0002599 0.0007191
1341845701.765764 0.0001315 -0.0004748 -0.001291 -0.0002091 -9.359e-05 0.0004322
1341845701.801701 0.0004431 -0.0003713 -0.0009096 -0.0001926 -0.0005955 0.0003018
1341845701.833700 0.0004923 0.0004017 -0.0006289 -0.0004233 -0.000318 -0.0005335
1341845701.865775 -1.893e-05 -0.0009551 0.0007475 -0.0007768 -1.334e-05 -0.0005493
1341845701.901711 -0.001253 -0.0007429 8.143e-05 8.28e-05 -9.684e-05 0.0006322
1341845701.933585 -5.228e-05 -0.0009214 0.0003918 0.0003268 -0.0007132 0.000948
1341845701.969726 -0.0001999 -0.0001555 -0.0004346 0.0006262 0.0001325 -0.0001695
1341845702.002544 -0.0009757 0.0008618 -0.001073 0.0002148 -1.768e-05 -0.000218
1341845702.034379 0.0003476 0.0002073 -0.0002924 -0.0005129 -0.0005644 0.0008042
1341845702.101809 0.001837 -0.0001552 -0.001257 -0.0008309 0.0001841 0.00116
1341845702.137663 0.0001485 0.0003653 -0.00116 -0.000321 0.0009319 -5.722e-05
1341845702.169629 -0.0008075 0.0004814 -0.0008146 -0.0009555 0.0006424 0.0007629
1341845702.201769 -0.000829 -0.0008505 -0.0002664 -0.0005871 -0.0007121 0.001545
1341845702.237691 0.001129 0.00133 -0.0003887 0.0001939 -0.001095 0.0006875
1341845702.269760 0.00107 0.0006524 3.122e-05 -0.0003879 -4.622e-06 0.0007077
1341845702.301761 -0.0005993 -0.0004769 -0.0003646 -0.0001861 -0.000521 0.001584
1341845702.337713 0.002316 0.0007433 -0.0005416 0.0009858 -0.001588 0.0009412
1341845702.369720 0.00131 0.000815 -0.00149 0.0003331 0.0007015 -0.0007628
1341845702.405655 -0.001689 -0.001219 -0.001944 -0.0003537 0.0004707 -0.0007372
1341845702.469691 0.001217 -0.0007034 -0.003981 -0.000534 -0.002226 -0.0005774
1341845702.506265 0.0008771 -0.001407 -0.001952 -0.000679 -0.0001691 -0.0009578
1341845702.569753 0.001588 -0.003072 -0.00478 -0.001006 0.0005595 -0.00398
1341845702.605685 0.001292 -0.003027 -0.001318 -6.502e-05 -0.0001558 0.0003959
1341845702.637718 0.0009059 -0.0007632 -0.001939 0.0007758 -0.000183 0.0006369
1341845702.673733 0.0008849 -0.002278 -0.0004441 -0.0005179 -0.0006999 0.0005533
1341845702.705735 0.0008014 -0.002551 0.0004332 0.0003884 -0.001103 0.00121
1341845702.737648 -0.0002725 -0.00147 0.0009729 0.001514 -0.001386 0.00248
1341845702.773644 0.0006129 -0.001926 0.001398 0.003352 -0.001551 0.001891
1341845702.805893 -0.001509 0.002154 -3.957e-05 0.002687 -0.0005777 0.0009107
1341845702.837969 -0.0009127 -0.002605 0.002368 0.001999 -0.001184 0.0007219
1341845702.874009 -0.001491 0.001588 -0.0009144 0.003975 -0.0009582 0.0002563
1341845702.908704 -3.044e-05 0.002579 -0.0007913 0.001458 -0.0005665 -0.0004337
1341845702.941673 0.0004918 0.003084 -0.0007772 -0.0009819 0.0006935 -0.001672
1341845702.973595 0.001021 0.002373 0.0002058 -0.003759 0.002132 -0.003295
1341845703.005769 0.0004705 -0.0006284 0.0008849 -0.003635 0.002538 -0.0025
1341845703.041648 -0.001012 -0.0007861 0.001006 -0.002723 0.002014 -0.0005061
1341845703.073714 -0.001955 -0.005554 0.002375 0.0002592 -0.0001224 0.002263
1341845703.109699 -0.001383 0.001837 -0.000793 0.005211 -0.003121 0.003475
1341845703.142006 0.002347 0.0007565 0.001729 0.003059 -0.003443 0.002661
1341845703.173706 0.0007831 0.001934 0.0007829 0.003216 -0.001066 0.001407
1341845703.209732 -0.0002184 0.002319 0.0006036 0.0008786 0.000274 0.0001011
1341845703.242050 -0.0008129 0.002127 0.001159 -0.001604 0.0006499 -0.0003497
1341845703.273874 0.0004748 -4.108e-05 0.001932 -0.001514 0.001123 -0.001389
1341845703.309758 -0.0009103 0.0004527 0.001773 -0.001797 0.00193 -0.002302
1341845703.341850 -0.002816 7.662e-05 0.0003998 -0.0009735 0.0008652 -0.0003884
1341845703.377702 -0.0007837 0.0005492 0.0008403 -0.0009123 -0.001153 0.001114
1341845703.409585 0.001398 -0.0003562 0.001353 -0.000603 -0.0006561 0.001019
1341845703.441629 0.0004352 -0.0003156 0.0004342 0.0003701 0.0003673 0.001257
1341845703.477741 -0.0006953 0.0007326 -0.001085 0.000311 0.0003237 0.001158
1341845703.509995 0.0003178 0.0006543 -0.000911 -0.0005471 -0.0002835 0.0004453
1341845703.541800 0.0006538 -0.0002659 1.443e-05 -0.001266 -0.0002583 0.001307
1341845703.577765 0.0002221 -0.0003457 -0.0005384 -0.0002345 0.0001311 0.001467
1341845703.609650 0.0002003 0.0003444 -0.0003781 -0.0007386 0.0004353 0.0006008
1341845703.651761 0.0002205 -0.0004508 -5.417e-05 -0.0007577 0.0005354 -0.0001478
1341845703.709916 -0.0005336 -0.001938 0.0003654 -0.0006859 0.002731 -0.0009993
1341845703.745719 -0.001617 -0.001957 -0.0001238 0.001948 -0.0003198 0.001305
1341845703.777733 -0.0009427 0.00105 -0.001213 0.002919 -0.001883 0.0006505
1341845703.809711 0.001124 0.001688 -3.093e-05 0.001053 -0.00124 8.795e-05
1341845703.845769 -0.0002984 0.0001536 0.0001916 1.254e-05 0.0003111 7.206e-05
1341845703.877728 -0.0005719 -0.0006126 0.0004974 0.0001598 0.0001206 -0.0003607
1341845703.913808 -0.0001737 8.449e-05 1.677e-05 0.0009381 -0.0002059 -0.0004803
1341845703.945653 -0.0009885 0.001961 -0.000871 0.0003284 -0.0004071 0.0006913
1341845703.977870 0.0008764 0.0001592 0.0002675 -0.000962 -0.001032 0.001135
1341845704.013637 0.0004136 0.001856 -0.0003327 -0.00122 0.000426 -0.0005019
1341845704.045703 -0.0006092 -0.00114 0.0003743 -0.002304 0.0009202 -0.001317
1341845704.077666 -0.000746 -0.0001536 0.0001486 -0.001177 0.0004177 -0.001006
1341845704.113706 -0.0003307 -0.001246 0.0004766 -0.000234 -0.0005838 -3.22e-05
1341845704.145681 0.000119 9.901e-05 -0.0002394 0.0009848 -0.0007173 0.0005574
1341845704.181785 -0.0002521 -7.367e-05 -9.363e-05 0.000546 -0.0007853 0.0007466
1341845704.213778 0.0003627 0.0003623 -0.0002055 0.0004258 -0.0002517 -0.0001923
1341845704.245863 -0.0007782 -0.0005514 0.0001362 -0.0001019 0.0001007 -0.0006216
1341845704.281578 -0.0003513 -0.001111 0.0006202 0.0002445 -0.0003457 -0.0007232
1341845704.313707 -0.001771 -0.0006008 -0.0006014 0.001409 -0.0006613 -0.001166
1341845704.349873 -0.001063 -0.000624 6.529e-05 0.001124 -0.002505 -4.494e-05
1341845704.381729 -0.0002124 0.0002774 -0.0004985 0.001636 -0.003501 0.001043
1341845704.413817 0.0005683 0.001552 -0.0006432 0.0004781 -0.003082 -0.0002362
1341845704.449837 6.327e-05 -0.002052 0.001307 -0.0004449 -0.003047 0.000561
1341845704.481600 0.0005979 0.0007135 -0.001172 0.002587 -0.00341 0.0005146
1341845704.513671 0.001912 0.006606 -0.001783 -0.0004212 -0.001442 -0.00101
1341845704.549869 0.002435 0.003708 0.0005913 -0.007974 0.00128 -0.00405
1341845704.581901 0.001284 -0.001132 0.001629 -0.008519 0.003504 -0.003526
1341845704.617838 -0.001627 -0.003688 0.001598 -0.004701 0.002216 0.001384
1341845704.650477 -0.0003023 0.0001147 -4.192e-05 -0.0007593 -0.0001287 0.003187
1341845704.681708 0.002704 0.002608 3.601e-05 -0.001387 0.0002068 0.0009409
1341845704.717704 0.0003531 -0.0005056 0.001041 -0.0029 0.00255 0.0002638
1341845704.749702 -0.001731 -0.002781 0.001445 -0.001102 0.0009696 0.002259
1341845704.781791 0.000672 0.0005443 -4.384e-05 0.00217 -0.001217 0.00424
1341845704.817744 0.003631 0.004929 -0.0005348 0.0001994 0.0003192 0.002246
1341845704.849705 0.000543 -0.002369 0.001692 -0.003808 0.00338 0.000201
1341845704.885675 -0.0009064 -0.00167 0.0006111 -0.0007327 0.002256 0.0001484
1341845704.917742 0.0003101 -0.0008566 0.0005891 0.0007796 0.001121 0.001004
1341845704.949746 -0.0001369 -0.0001236 0.0003313 0.001357 0.001032 0.001801
1341845704.985761 4.536e-05 -0.0004705 0.0006529 0.00177 0.000727 0.0008092
1341845705.017537 -0.0002379 0.0006835 0.0006252 0.001453 0.0008049 0.001196
1341845705.049660 -0.0004921 -0.0008903 0.0009986 0.001449 0.000727 0.001146
1341845705.085710 0.0004255 0.001949 2.303e-05 0.001382 0.0008412 0.0005689
1341845705.117831 -0.0006419 -0.001783 0.001657 -0.0004722 0.001746 9.605e-05
1341845705.154005 -0.002181 -0.001981 0.0005301 0.002281 0.000872 0.0005836
1341845705.185648 -0.0009455 0.002653 -0.001062 0.002347 -0.0004691 -0.0002094
1341845705.217695 -0.0004275 -0.0006032 0.0008843 -0.0001181 -0.0007619 -0.0003477
1341845705.253735 -0.0001765 -0.0003833 0.001081 0.001065 -0.0008436 0.0004296
1341845705.285554 0.0001248 0.002401 0.000148 0.001191 0.0003674 -0.0002931
1341845705.321646 -0.00125 -0.0003285 0.001182 -0.0009944 0.00107 -0.00181
1341845705.353674 -0.0007455 0.000131 0.0006225 -0.0002643 0.0009125 -0.001962
1341845705.385774 -0.001982 0.0003148 -0.0002034 -0.0007821 0.0008288 -6.674e-05
1341845705.421801 -0.0004887 0.001623 -0.001158 -0.001558 -0.0006764 0.001207
1341845705.453568 0.001644 0.00109 6.704e-05 -0.004139 -0.0003506 -0.0003757
1341845705.485749 0.0009472 -0.001195 0.0009354 -0.004252 0.001742 -0.002395
1341845705.521655 -0.002039 -0.0002264 0.0001582 -0.002906 0.001563 -0.002118
1341845705.553548 -5.069e-05 -0.00167 0.001378 -0.002009 7.878e-05 -0.001594
1341845705.589775 -0.001704 -0.0001479 -0.0001968 0.0006171 0.0001566 0.0007791
1341845705.621894 0.002831 0.001111 0.0008688 6.653e-06 -0.0006085 -0.0006955
1341845705.653569 0.003671 0.001589 8.202e-05 0.0001547 0.00376 -0.001847
1341845705.689868 -0.005408 -0.001096 -0.001606 -0.00136 0.004422 0.0005
1341845705.721810 -0.0004344 -0.0008289 -0.000638 7.162e-05 -0.001682 0.0007102
1341845705.753738 0.0005089 0.001194 -0.001179 0.0006727 -0.001036 0.002557
1341845705.789861 -0.001014 -0.0007975 -0.0009056 -0.0002392 -0.002024 -0.0005906
1341845705.821704 0.004421 0.001482 -0.000628 0.0008563 -0.002474 -0.0003259
1341845705.863629 0.001467 0.002109 -0.00191 -0.0004807 0.001612 0.0009818
1341845705.895623 0.002216 0.001311 -0.0006529 -0.003387 0.002502 -0.003533
1341845705.931726 0.001379 -0.002455 0.0006142 -0.003643 0.004233 -0.003834
1341845705.963641 -0.001585 -0.00342 -1.18e-05 -0.0004581 0.003898 0.00322
1341845705.995677 -0.005097 -0.003932 -0.001815 0.002657 0.0004396 0.008491
1341845706.031837 0.00198 -0.001086 -0.002494 0.004808 -0.0044 0.002016
1341845706.063631 0.006101 0.004586 -0.001881 0.002553 -2.098e-05 -0.0004809
1341845706.095737 -0.002483 -0.002626 -0.0009831 -0.001025 0.004148 0.001796
1341845706.131716 -0.004333 -0.003306 -0.001808 0.001868 -0.0002229 0.001516
1341845706.163718 0.001161 0.00377 -0.003258 0.001958 -0.002948 -0.001403
1341845706.195662 0.002561 -0.00195 0.0005475 -0.002047 0.0002206 -0.001888
1341845706.231610 -0.005424 -0.003485 -0.001548 0.001122 0.0003072 -0.0005101
1341845706.263724 0.0001252 -3.261e-06 -0.001953 0.002223 -0.003918 -0.002202
1341845706.299838 0.003416 0.0009675 -0.001195 0.001868 -0.001385 -0.001702
1341845706.331753 -0.001874 -0.001615 -0.001438 0.0008357 0.001908 0.001246
1341845706.363574 -0.001032 0.001149 -0.002163 0.0008865 -0.0001321 -0.001021
1341845706.399690 0.0005543 0.0004706 -0.001044 -0.0002676 0.0005802 -0.0002233
1341845706.431735 -0.003061 -0.001373 -0.001087 -0.0009602 0.0002993 -0.0006721
1341845706.463612 0.0003922 0.0006958 -0.001007 3.768e-05 -0.002021 -0.002481
1341845706.499655 0.002804 0.00257 -0.0002319 -0.001154 0.0005412 -0.002833
1341845706.531782 -0.004904 -0.002972 8.773e-05 -0.002249 0.002695 -4.111e-05
1341845706.563559 -0.004933 0.0008396 -0.001054 -0.0001347 -0.00303 -0.0001157
1341845706.599529 0.005832 0.004141 0.0003695 -0.001084 -0.00444 0.0009115
1341845706.631786 -0.0004414 -0.001187 0.0009475 -0.003796 0.002962 0.001544
1341845706.667647 -0.006123 -0.001846 0.0001553 -0.001942 -0.0004616 -0.0007183
1341845706.700732 0.001037 0.001024 -3.539e-05 -2.567e-05 -0.004675 -0.0004912
1341845706.732115 0.00148 0.001809 0.0001252 -0.0008537 -0.001199 -0.0003895
1341845706.768143 -0.002495 -0.0009252 0.0004666 -0.001822 -0.0002094 -0.003253
1341845706.800357 0.001146 0.001261 0.00087 -0.0009547 -0.001809 -0.003042
1341845706.832602 0.0007646 -0.0009331 0.001253 -0.0001877 -1.594e-05 0.0007259
1341845706.869449 -0.0001781 -0.001277 0.0007381 0.00104 -0.0003327 -0.0003709
1341845706.933651 -0.001153 0.002424 -3.056e-05 0.001897 0.001379 -0.002254
1341845706.994021 0.0004279 -0.0008082 0.0007366 0.002027 -0.0007609 -0.002898
1341845707.029674 -0.000279 0.002143 0.0001273 -0.0009278 0.0008979 -0.002586
1341845707.061864 -0.002282 -0.00141 0.0009173 -0.001593 -6.446e-05 -9.58e-05
1341845707.097704 -0.00117 0.003095 -0.001086 6.072e-05 -0.002242 -0.001066
1341845707.129770 0.003013 0.004572 0.0007848 -0.003017 -0.0007562 -0.001737
1341845707.161817 -0.003037 -0.001141 0.0003036 -0.004978 0.001933 -0.0005575
1341845707.197721 -0.001859 -0.0007789 0.0003641 -0.001904 -0.002078 0.001498
1341845707.229795 0.001481 0.001702 0.0002435 -0.0006966 -0.002446 0.001109
1341845707.261851 -0.0006455 0.000264 -0.0001638 -0.001082 -0.000164 -0.001428
1341845707.297710 -0.002622 -0.001553 0.0003586 -0.0005061 -0.0009073 -0.0004648
1341845707.329761 -0.002201 0.0006159 -0.0007061 0.001386 -0.002666 0.001281
1341845707.365850 0.0003071 0.003555 -0.001018 -8.251e-05 -0.003351 -0.00238
1341845707.397796 0.001666 1.752e-05 0.001222 -0.002728 -0.000415 -0.003991
1341845707.429752 -0.003908 0.001064 -0.0005131 -0.001912 0.0009597 -0.002003
1341845707.465767 -0.003323 -0.0004471 -3.462e-05 -0.001846 -0.002497 0.002022
1341845707.497642 0.0008204 0.001006 -2.163e-05 -0.0008744 -0.003418 -0.0002533
1341845707.533665 -0.003035 0.0005453 -0.0008412 -0.001797 -0.001528 -0.001413
1341845707.565754 -0.002818 0.0002152 -0.0001029 -0.001643 -0.0036 0.0007758
1341845707.597603 0.00111 -0.0005985 0.0004739 -0.001077 -0.00419 0.0009028
1341845707.633748 0.001016 0.0004224 -0.0001414 -0.0005653 -0.0006468 -0.002231
1341845707.665870 -0.002285 -0.0004257 -0.0001662 -0.001372 0.000823 -0.001912
1341845707.698455 -0.002163 -0.001832 -0.0001262 0.0007444 -0.001229 0.0009466
1341845707.734303 0.002394 0.0009169 4.655e-05 0.001391 -0.001444 0.002056
1341845707.766259 -0.001356 0.001689 -0.001216 0.0003369 0.001078 -0.0007964
1341845707.836344 0.0008426 -0.0006503 0.0008479 -0.003384 -0.000407 0.00123
1341845707.866230 0.0008027 -0.001977 0.0001825 -0.0002044 0.0009406 0.0003624
1341845707.901694 -0.001007 0.0004973 -0.001365 0.001089 0.0008357 -0.00208
1341845707.933640 0.001899 0.002228 -0.0004575 0.0001631 0.0004495 0.0002192
1341845707.965831 -0.003167 -0.0007182 -0.0004015 -0.0009722 0.001182 3.09e-05
1341845708.001954 0.002807 0.001756 0.000311 0.0005977 -0.00192 -0.0007276
1341845708.034393 0.001153 0.001471 0.0001124 -3.415e-06 0.00119 0.001423
1341845708.069946 -0.001359 -0.00119 -0.0003206 0.0004489 0.0004885 0.0006263
1341845708.101700 0.002531 0.002686 -0.0007569 0.001675 -0.0008014 0.0008836
1341845708.133697 0.001866 0.001454 7.054e-05 -0.0003401 0.001414 0.0002552
1341845708.169675 -0.002 -0.001269 0.0003153 -0.0003049 0.001443 0.0005828
1341845708.201793 0.001293 0.001696 0.0004904 0.001171 -0.0007253 0.002266
1341845708.233744 0.0008205 0.0002052 0.001303 -0.0007076 0.00139 0.0008158
1341845708.269711 -0.001071 0.0005256 0.0003346 -0.0008373 0.001727 -0.0006879
1341845708.301629 -0.000276 -0.002008 0.002007 -0.001057 0.001093 0.0015
1341845708.337612 -0.003009 -0.001114 0.0002172 0.001053 0.0004928 0.002823
1341845708.369900 0.00136 0.0004909 0.0004827 0.0009075 -0.0009665 0.0009994
1341845708.401883 -0.001123 -0.0006707 0.0004887 -0.0006391 0.001923 0.0003518
1341845708.443610 -0.002079 -0.001232 0.0006713 -0.0007643 0.0006695 0.0006487
1341845708.501776 0.001803 -0.0005275 0.0007161 0.001003 0.00249 -0.002962
1341845708.543852 0.001062 -0.000757 0.0008299 -0.001036 0.003076 -0.0002418
1341845708.605675 -0.0003055 -0.002576 7.912e-05 0.001627 0.003136 0.004469
1341845708.637641 0.004499 0.001168 0.001186 0.0001009 0.002674 0.001449
1341845708.669692 -0.003928 -0.003031 0.0001789 -0.0008705 0.004283 0.001578
1341845708.705736 -7.809e-05 -0.001792 0.0002944 0.001637 -0.0006955 0.002063
1341845708.738027 0.005713 0.002868 0.0004867 0.001439 0.0002968 0.001563
1341845708.773829 -0.001102 -0.0028 0.0008332 -0.0009423 0.004523 0.000267
1341845708.805763 -0.002058 -0.001017 -0.0002347 0.001607 0.0008459 0.000912
1341845708.838653 0.004653 0.002504 0.0004391 0.001301 0.000114 0.002929
1341845708.873912 -0.001382 -0.002228 0.0001012 -0.0005617 0.003107 0.001302
1341845708.905735 0.0004393 0.0007702 -0.000225 0.001024 0.00035 0.001603
1341845708.938426 0.001283 5.837e-05 0.0007966 0.0002019 0.001082 0.003258
1341845708.973642 0.002146 -0.0009455 0.001447 -0.0005184 0.001593 -0.0009475
1341845709.005742 -0.001324 -0.0003083 0.0002802 0.0008998 0.002017 0.0006615
1341845709.041686 0.002307 0.0004782 0.001105 0.0001814 0.0003422 0.002621
1341845709.073656 -0.0007347 -0.001427 0.0001455 0.0005147 0.001721 0.001964
1341845709.105658 0.00315 0.0008496 0.0007305 0.0003887 0.0006721 0.0009381
1341845709.141741 -0.001223 -0.001382 0.0002593 -0.0002101 0.003077 0.0008041
1341845709.173646 -0.001493 -0.0008958 -7.389e-05 0.0005184 0.0001293 -0.0007374
1341845709.205765 0.001574 -2.445e-05 0.0006067 0.001152 5.677e-05 0.0005089
1341845709.241765 -0.001786 -0.0006647 -0.0003946 0.0009064 0.0004232 -0.0005203
1341845709.273754 -1.828e-05 0.0009327 -0.0005215 0.0009962 -0.0005839 -0.0007098
1341845709.309890 0.001231 -0.0001415 0.0006933 -0.0003763 -6.113e-05 -0.00205
1341845709.341728 -0.0004001 -0.001941 0.0007437 0.0005013 0.0005589 -0.001272
1341845709.373776 0.0008247 -0.001381 0.001055 0.002109 -0.0004703 -0.00106
1341845709.409657 0.0004688 -0.001651 0.000859 0.003093 -0.0003035 -0.002492
1341845709.442072 0.002203 0.0002246 0.0002825 0.003925 0.0001391 -0.004263
1341845709.473660 -0.001122 -0.001189 -2.422e-05 0.002761 0.001379 -0.001527
1341845709.509632 0.0006495 -0.00164 0.0003571 0.003279 -0.0005308 -0.001236
1341845709.541673 0.002142 0.0009435 -0.0005965 0.004229 0.001272 -0.0007954
1341845709.578645 -0.0003761 0.0009224 -0.0006154 0.002004 0.002456 0.0004008
1341845709.609672 0.0003974 0.0004064 0.0001634 0.0007792 0.002723 0.0009384
1341845709.642057 -0.0005338 -0.0002772 0.0003193 4.509e-05 0.002208 -0.001248
1341845709.709730 -0.001489 -3.68e-05 0.0002268 0.002446 0.003017 0.001173
1341845709.745593 0.0007744 -0.00177 0.001051 0.0006359 -0.0006353 -0.0001957
1341845709.777709 0.00163 0.002494 7.015e-05 0.00146 0.0003741 -0.002498
1341845709.809687 -0.001916 -0.000629 0.001068 -0.0003127 0.0007937 0.002205
1341845709.845686 -0.002094 -0.0001246 0.0006301 0.0006667 -0.002682 0.004222
1341845709.878752 0.001115 0.001164 0.0001112 0.0007425 -0.003943 0.002841
1341845709.909693 0.004249 0.003286 0.001253 -0.001186 -0.001994 -0.00166
1341845709.945663 5.792e-05 0.0007393 0.0009933 -0.003429 0.00242 -0.001291
1341845709.977698 -0.001829 -0.0007823 0.001052 -0.002923 0.000825 -0.0003642
1341845710.013739 -0.001338 0.000147 0.0004383 -0.001121 -0.0009832 0.001577
1341845710.045754 0.002491 0.0005462 0.001162 -0.001296 -0.001716 0.00115
1341845710.077705 0.0005865 -0.001159 0.0006342 -0.0003425 0.0008408 0.0006759
1341845710.113730 -0.002097 0.0004975 -0.0005942 7.426e-05 -0.0002485 -0.000179
1341845710.145759 0.002781 0.0007411 0.000717 -0.0001171 -0.0006433 -0.0007388
1341845710.177824 0.0003944 0.000481 0.0001941 -0.0008447 0.001441 -0.0002542
1341845710.213581 -0.001359 -0.0005897 -1.97e-06 -0.0008608 0.0004442 0.0002197
1341845710.245636 0.002976 0.003361 0.0003848 -0.0005921 -0.0003055 0.001612
1341845710.281582 0.001177 -3.256e-05 0.001229 -0.003824 0.003302 0.003536
1341845710.313617 -0.003662 -0.004729 0.0006093 -0.002279 0.001837 -0.0004771
1341845710.345643 0.0007028 0.002333 -0.0004556 0.00053 -0.001207 -0.001602
1341845710.381860 0.001934 0.0008076 0.0005389 -0.001145 0.0006187 0.0004188
1341845710.413817 -0.003089 -0.002669 0.0004182 -0.001204 0.001364 -0.0004559
1341845710.445824 0.001534 0.001067 -0.0003269 0.001317 -0.001749 -0.001528
1341845710.481794 0.0008849 0.000678 -5.996e-05 5.212e-05 0.001436 0.0005381
1341845710.513650 -0.002338 -0.0003409 -0.0008516 -0.000171 0.0007134 -0.001359
1341845710.549635 0.001527 0.002211 0.0001463 -0.0005886 -0.0002319 -0.001355
1341845710.581654 -0.0008859 -0.00104 0.0008569 -0.002398 0.001059 7.655e-05
1341845710.613694 -0.0008758 -0.001852 0.0004503 -0.0006046 -0.000668 -0.00168
1341845710.649564 0.0008979 0.003187 -0.0004853 0.000233 -0.0003967 -0.0007519
1341845710.681648 -0.001339 -0.001714 0.0008183 -0.002063 0.0005833 0.001205
1341845710.713728 -0.001525 -0.000159 -8.507e-05 -0.0003537 -0.0009928 -0.0008732
1341845710.749785 0.0008947 0.001593 -0.0002856 -0.0002636 -0.001354 -0.001327
1341845710.781816 -0.0005035 -0.0005401 0.0003174 -0.001267 0.0002953 0.000659
1341845710.817567 -0.002335 -0.001323 -0.0003582 -0.00037 -0.0004776 0.0006231
1341845710.850205 0.001454 -0.0005111 0.0001441 0.0006166 -0.002122 -0.001986
1341845710.882136 0.001905 0.001425 -0.0001513 0.0006377 0.0005442 -0.001046
1341845710.917631 -0.003826 -0.001758 -0.0007308 -0.000317 0.001067 0.0008696
1341845710.950281 0.001202 0.00184 -0.0007315 0.0007774 -0.00227 -0.0006334
1341845710.985647 0.004255 0.003918 0.0007154 -0.001589 0.0006643 0.0004996
1341845711.017722 -0.002859 -0.004323 0.00118 -0.003662 0.003711 0.003337
1341845711.049965 -0.006532 -0.004319 0.0001239 0.001613 -0.001937 0.001423
1341845711.085583 0.0056 0.006477 -0.001378 0.003718 -0.005893 0.0002007
1341845711.117670 0.003265 0.001168 0.0008011 -0.001611 0.001492 -0.0006891
1341845711.149770 -0.004765 -0.003501 0.0003204 -0.001245 0.001905 -0.00225
1341845711.191691 -0.0004449 0.002176 -0.00146 0.002845 -0.003035 0.0003784
1341845711.253627 0.006303 0.0003663 0.002469 -0.002481 0.003128 7.686e-05
1341845711.285627 -0.004388 -0.001928 -0.0008156 0.001709 0.001579 -0.0003431
1341845711.317874 0.002332 0.001013 0.0004932 0.001776 -0.002311 0.001723
1341845711.353756 -0.001347 -0.003069 0.0006224 0.002001 -0.001132 0.002504
1341845711.385687 -0.0001741 0.001149 -0.0009066 0.003574 -0.003517 0.0008103
1341845711.417635 0.003846 0.003376 -0.0002168 0.001213 -0.001682 -0.0009927
1341845711.485895 -0.003288 -0.001763 0.0002549 -0.004268 0.005183 -0.003682
1341845711.521704 -0.000968 0.00152 -0.0003042 -0.0005354 -0.001143 -0.001309
1341845711.553696 -0.0001363 -0.00155 0.001507 -0.001439 -0.0004896 -4.931e-05
1341845711.585708 -0.002969 -0.001814 0.000192 0.001569 -0.0009457 0.0007793
1341845711.621659 0.001365 0.002801 -0.0003477 0.001895 -0.002758 0.0002307
1341845711.653731 0.001358 0.0002525 0.0007789 -0.000671 0.0004258 -0.0006694
1341845711.685758 -0.00245 -0.0009255 -0.000195 -0.0002918 0.0008411 -0.001745
1341845711.721850 0.0003031 0.001708 -0.0001137 -0.0002867 -0.0006147 -0.001323
1341845711.754323 0.00286 -3.158e-05 0.001362 -0.001108 0.0009377 -0.00093
1341845711.789716 -0.003194 -0.001738 -0.0001933 -0.0007678 0.002557 -0.0001125
1341845711.821820 -0.0006628 0.001182 -0.0002582 0.0001412 -0.0004273 4.556e-05
1341845711.854173 -0.0003598 -0.0009571 0.0008877 -0.0008105 -0.0003086 0.0022
1341845711.889875 -0.003063 -0.002054 5.942e-05 0.0008799 -0.002055 0.001726
1341845711.923959 0.001501 0.001135 0.0007418 0.002018 -0.00452 -0.0002645
1341845711.957595 0.002461 0.001045 0.0004308 0.001859 -0.0008418 0.002913
1341845711.989820 -0.003478 -0.002276 -0.0004103 0.001057 -0.0007208 0.002289
1341845712.057899 0.004155 0.0009729 0.001279 0.001981 -0.001505 -0.004468
1341845712.090038 -0.005811 -0.002658 0.0003608 0.001693 -0.0004909 0.00571
1341845712.127587 0.003586 0.001324 -0.0003493 0.003346 -0.005557 0.0008392
1341845712.195638 0.002814 0.001109 0.001057 -0.004434 0.009396 -0.005173
1341845712.257830 -0.002507 -0.0001077 -0.0005996 0.003721 -0.006052 0.005857
1341845712.289935 0.003199 0.001025 0.001063 -0.0006883 0.0005717 -0.001685
