1341839327.424683 0.004474 0.0003362 0.0001686 -0.003375 -0.004733 -0.001668
1341839327.460744 0.00101 -0.003918 0.004432 -0.0008826 0.001769 -0.003526
1341839327.492713 -0.003593 0.001307 -0.00352 0.005385 0.00326 0.003761
1341839327.524801 0.001754 0.003154 -0.003722 -0.002112 -0.003785 -2.078e-05
1341839327.560844 0.003115 -0.005533 0.005219 -0.006164 -0.001956 -0.003864
1341839327.592601 -0.003411 -0.001414 0.0006919 0.005495 0.003657 0.002599
1341839327.624910 -0.001717 0.005835 -0.005395 0.005098 -0.000341 0.004562
1341839327.660734 0.002554 -0.001559 0.001011 -0.005782 -0.002344 -0.0006816
1341839327.692726 0.00106 -0.006145 0.004745 -0.001983 -3.76e-05 -0.0007243
1341839327.728746 -0.002234 0.0009401 -0.001562 0.00762 0.0003176 0.002966
1341839327.760684 0.0004881 0.004997 -0.003855 0.003757 -0.002515 -0.0007016
1341839327.792848 0.00111 -0.003325 0.001929 -0.004196 -0.0008204 -0.00275
1341839327.828735 -0.001179 -0.001929 0.001217 0.001378 0.0007723 0.001441
1341839327.860775 -0.0005639 0.004236 -0.003122 0.004008 9.85e-05 0.001849
1341839327.892707 0.0009541 -0.0008963 -4.465e-05 -0.003183 -0.0005775 -0.0003121
1341839327.928885 -3.308e-05 -0.002436 0.001652 -0.001566 -0.0005775 0.0004239
1341839327.960681 -0.0001045 0.002206 -0.00172 0.002208 -0.001671 1.871e-05
1341839327.992694 0.001181 -0.0002755 -0.0001914 -0.001751 -0.001266 -0.002073
1341839328.028635 -0.000519 -0.00215 0.001476 -0.001083 0.0002143 -0.000207
1341839328.060669 -0.0008325 0.001652 -0.00154 0.001949 -0.00046 0.001449
1341839328.096628 0.001805 -0.0005415 0.0005414 -0.001145 -0.001342 -1.413e-06
1341839328.128788 0.0007517 -0.002486 0.002111 8.639e-05 -0.0002251 -0.001177
1341839328.160826 -0.001893 0.0001465 -0.0007713 0.003212 -0.0001778 0.0003344
1341839328.196725 0.0005257 0.002854 -0.001865 0.002801 -0.001464 0.0001288
1341839328.228674 0.001227 -0.0004453 0.0007062 -0.0009572 0.001802 6.784e-05
1341839328.260676 -0.001622 -0.001267 0.000692 8.488e-08 0.003235 0.003163
1341839328.296667 0.0001952 0.001234 -0.001433 0.0006457 -0.001272 0.001871
1341839328.328755 0.002445 -0.001091 0.001299 -0.001442 -0.002174 -0.002282
1341839328.360635 -0.001222 -0.00158 0.001069 0.0011 0.001101 -0.001368
1341839328.396819 -0.0009896 0.002754 -0.002604 0.002919 -0.0006962 0.0007197
1341839328.428710 0.001039 5.069e-05 0.0002043 -0.001393 -0.0001814 -0.0003034
1341839328.464835 -0.0007436 -0.001839 0.0008684 -0.001734 0.000354 0.001526
1341839328.496659 0.002418 -0.0007168 0.0008461 0.0001916 -0.00342 -0.000962
1341839328.528673 0.0004549 5.745e-05 0.0004385 0.002164 0.001046 -0.001891
1341839328.564728 -0.002829 0.0001313 -0.001257 0.001044 0.0026 0.002494
1341839328.625878 0.004263 -0.001581 0.00217 -0.0006971 -0.003685 -0.001273
1341839328.657644 -0.003183 0.0008595 -0.0009335 0.002924 0.002526 0.0001584
1341839328.693566 -0.0004092 0.002021 -0.002174 -2.316e-05 -0.002581 0.0005298
1341839328.725884 0.004295 -0.00324 0.003284 -0.003003 -0.003841 -0.002908
1341839328.757668 -0.002556 0.0006267 0.0001568 0.004016 0.003402 -0.0004699
1341839328.793500 -0.00386 0.003615 -0.004131 0.001351 0.0008025 0.003399
1341839328.826689 0.004121 -0.002165 0.001907 -0.00549 -0.005296 -0.0002013
1341839328.861628 0.002573 -0.004289 0.003973 -0.00131 -0.001129 -0.002679
1341839328.893838 -0.003215 0.00185 -0.001843 0.005392 0.001961 0.0008145
1341839328.925828 -0.0008344 0.00564 -0.00412 0.001727 -0.001243 -1.645e-05
1341839328.961597 0.00219 -0.00489 0.002552 -0.008277 -0.001459 -0.001504
1341839328.993736 -0.000189 -0.004057 0.003061 -0.0006225 4.779e-06 0.001864
1341839329.026046 -0.0004244 0.004973 -0.003415 0.0053 -0.001786 -0.0003162
1341839329.061681 0.0007704 -0.00156 0.0002265 -0.003165 -0.001352 -0.002593
1341839329.093651 -0.000218 -0.00295 0.002034 -0.0009531 -0.0001632 0.001527
1341839329.129705 2.997e-05 0.003244 -0.001932 0.003361 -0.0004146 0.001292
1341839329.161766 0.0003665 -0.0008422 -0.0001677 -0.002639 -0.0009539 -0.0004844
1341839329.193630 0.002125 -0.002969 0.002243 -0.002097 -0.004161 -0.002488
1341839329.229958 0.0009206 -0.0009581 0.0007713 0.00219 -0.002033 -0.003386
1341839329.261621 -0.0018 0.002994 -0.002651 0.003688 0.001732 0.001003
1341839329.293826 0.001113 -0.001084 -0.0003969 -0.00307 -0.001328 0.0005093
1341839329.330161 0.003491 -0.005383 0.003589 -0.003178 -0.003539 -0.001321
1341839329.361576 0.001409 -0.000644 0.0006609 0.004473 -0.0009045 -0.002803
1341839329.397677 -0.002603 0.001926 -0.002429 0.00388 0.001713 8.488e-05
1341839329.429794 -3.842e-05 0.0007974 -0.001476 -0.001146 -0.003061 0.001587
1341839329.462095 0.007186 -0.005668 0.004544 -0.004402 -0.007155 -0.003823
1341839329.497776 -0.002878 -0.002152 0.001708 0.00541 0.003265 -0.0002784
1341839329.529609 -0.004364 0.004146 -0.005157 0.005174 -0.001104 0.007618
1341839329.565820 0.005685 0.002069 -0.0006334 -0.003113 -0.00738 0.004019
1341839329.597604 0.005001 -0.007034 0.005021 -0.006865 -0.003682 -0.0009417
1341839329.629668 -0.002677 -6.545e-05 0.0001918 0.003568 -0.001408 0.002367
1341839329.665800 0.003759 0.008042 -0.005187 0.004137 -0.008944 0.0002711
1341839329.697644 0.008376 -0.0006006 0.00118 -0.007738 -0.00614 -0.005619
1341839329.729773 0.0003792 -0.005452 0.004105 -0.006356 0.0004257 0.001129
1341839329.765624 0.007285 0.004752 -0.001754 0.001698 -0.008861 0.0001872
1341839329.797643 0.007968 -5.06e-05 0.001956 -0.004778 -0.002537 -0.005172
1341839329.833722 0.001399 -0.005379 0.003752 -0.00611 0.001509 0.003649
1341839329.865810 0.009543 0.000756 0.001866 0.0006619 -0.008369 0.003063
1341839329.897566 0.01005 0.0005531 0.002048 9.522e-05 -0.005161 -0.005179
1341839329.933593 0.002784 -0.001132 0.001683 -0.001053 0.001262 -0.0004048
1341839329.965703 0.008996 -0.0007746 0.002135 -0.002083 -0.006221 0.001847
1341839329.997622 0.0114 -0.001781 0.005031 -0.001225 -0.003932 -0.002215
1341839330.033691 0.005694 -0.00256 0.003271 9.618e-05 -7.208e-05 -0.0001462
1341839330.065682 0.009062 -0.0002513 0.001198 0.0008024 -0.005536 0.0012
1341839330.101720 0.01117 -0.0002325 0.002396 0.0002591 -0.00258 -0.001491
1341839330.133799 0.006349 -0.001402 0.001185 -0.001087 0.001918 0.001505
1341839330.165594 0.01161 -0.001042 0.002006 -0.0008025 -0.005449 -0.0002675
1341839330.201660 0.01124 0.0006789 0.001333 0.000651 -0.002788 -0.006171
1341839330.233709 0.005765 -0.0001479 -4.303e-05 -0.001098 0.001588 -0.002896
1341839330.265739 0.0105 -0.0004353 0.0004019 -0.003129 -0.004346 -0.001676
1341839330.301821 0.01096 -0.002533 0.003929 -0.002395 -0.002235 -0.005085
1341839330.333763 0.00443 0.001313 -0.001239 0.001547 0.002101 -0.0003331
1341839330.369586 0.00726 -0.0001715 -0.0006225 -0.002793 -0.004793 0.003375
1341839330.401592 0.01267 -0.000294 0.003301 -0.00101 -0.007194 -0.002028
1341839330.433755 0.007221 -0.0009876 0.00251 0.002156 0.003908 -0.003786
1341839330.469655 -0.0009859 0.002654 -0.003593 0.003564 0.004093 0.007596
1341839330.501951 0.01506 0.001973 -0.003093 -0.003042 -0.01454 0.001755
1341839330.533811 0.01359 -0.001779 0.007115 -0.002926 -0.004488 -0.01156
1341839330.569658 -0.000851 -0.001354 0.0009414 0.005262 0.01056 -0.002505
1341839330.601587 0.002228 0.01165 -0.008981 0.007021 -0.001103 0.006926
1341839330.637700 0.0133 -0.002642 0.002717 -0.009474 -0.005025 -0.003009
1341839330.669658 0.001573 -0.004841 0.005967 -0.0003717 0.01017 0.003304
1341839330.701704 0.001507 0.00895 -0.007136 0.008059 0.0009861 0.008281
1341839330.737621 0.01011 -0.001798 -0.000198 -0.003512 -0.005864 -0.0003566
1341839330.769669 0.005271 -0.001594 -0.0001183 0.002958 0.002213 0.0002598
1341839330.805848 -0.0002259 0.01169 -0.009773 0.008225 0.005619 0.005883
1341839330.837580 0.00727 -0.001492 -0.003486 -0.009616 -0.000496 0.005665
1341839330.869617 0.01043 -0.009978 0.004692 -0.006696 -0.0002832 0.004049
1341839330.905589 0.000571 0.008428 -0.008842 0.009701 0.006842 0.004714
1341839330.937600 0.006367 0.00151 -0.005773 -0.003673 -0.002272 0.001949
1341839330.969715 0.008549 -0.004379 0.001577 -0.003023 -0.002215 -0.00256
1341839331.005663 0.003459 0.002244 -0.003307 0.005467 0.0002691 -0.001118
1341839331.037575 0.003825 0.006203 -0.004251 0.004387 -0.001056 -0.0006373
1341839331.073681 0.00315 0.004606 -0.003257 -0.002666 0.002261 0.003983
1341839331.105674 0.006103 -0.006777 0.003472 -0.009138 -0.001465 0.00479
1341839331.137723 0.005124 -0.0001633 0.0009354 0.00268 -0.003576 0.001897
1341839331.173604 0.00398 0.002884 -0.001836 0.004351 -0.003886 -0.002623
1341839331.206025 0.001655 0.003103 -0.002588 0.002722 0.0005738 0.004002
1341839331.237569 0.003955 0.006801 -0.004346 -0.0004081 -0.000769 0.006331
1341839331.273666 0.006325 -0.004141 0.001463 -0.00897 -0.003695 0.001137
1341839331.305627 0.007058 -0.004305 0.002105 0.000152 -0.00473 -0.002298
1341839331.341607 0.00255 0.008727 -0.005215 0.01116 0.001774 -0.002664
1341839331.373735 0.002548 0.00741 -0.00575 -0.001248 0.00193 0.001499
1341839331.405705 0.006927 -0.009008 0.005258 -0.01196 0.001268 0.006214
1341839331.473794 0.01284 0.009611 -0.006107 0.009211 0.002085 0.006792
1341839331.505887 0.004319 -0.002886 0.0003878 -0.006502 0.001349 -0.0013
1341839331.541633 0.00688 -0.00198 0.001022 -0.0007505 -0.002382 0.001189
1341839331.573588 0.005261 0.006494 -0.004038 0.004882 0.001421 -0.002491
1341839331.609760 0.003298 -0.0006192 -0.002061 -0.00536 0.00361 -0.0005864
1341839331.641625 0.007653 -0.0064 0.003186 -0.00636 -0.004055 0.00271
1341839331.673616 0.007957 0.001565 0.001454 0.0056 -0.003407 -0.005772
1341839331.709625 0.003172 0.004451 -0.004207 0.005445 0.001119 -0.008297
1341839331.741634 0.003839 0.002306 -0.003441 -0.003861 -0.0007402 -0.001977
1341839331.777583 0.00855 -0.005466 0.004806 -0.008783 -0.0003361 0.002143
1341839331.809615 0.008898 -0.004737 0.003919 0.001952 -0.001374 0.00144
1341839331.841790 0.004134 0.008206 -0.004853 0.01126 -0.0006564 -0.007419
1341839331.877680 0.003646 0.005632 -0.004513 -0.001005 0.0007151 -0.006865
1341839331.909730 0.006043 -0.0005221 0.003764 -0.007033 0.004968 -0.001992
1341839331.941711 0.003899 0.0001875 0.0002933 -0.003764 0.006971 0.005386
1341839331.977710 0.006139 0.0009323 -0.0003823 -0.003319 0.001106 0.004597
1341839332.045792 0.01371 -0.004104 0.005417 -0.0008834 0.0025 -0.0003494
1341839332.077575 0.00259 0.005288 -0.00501 0.00553 0.002483 0.001791
1341839332.116871 0.005212 0.002694 -0.001382 -0.003243 0.003482 -0.0005727
1341839332.152604 0.004911 -0.005769 0.005304 -0.005307 0.00626 0.006384
1341839332.184662 0.004892 0.0001767 -0.001351 0.0025 0.0008733 0.008684
1341839332.216752 0.006006 0.004381 -0.001288 0.003595 0.001411 0.001265
1341839332.252770 0.003267 -0.001279 -0.0006967 -0.001703 0.003974 0.002014
1341839332.284701 0.006347 -0.00105 0.0006633 -0.0001406 -0.001737 0.002504
1341839332.320752 0.00472 0.006204 -0.002563 0.004652 0.003408 -0.002489
1341839332.352704 0.001355 0.0005294 -0.004179 -0.004317 0.005917 -0.0007001
1341839332.384789 0.008935 -0.005692 0.00392 -0.006841 -0.004798 0.001985
1341839332.420694 0.008404 0.0006154 0.003331 0.00469 -0.0007385 -0.003524
1341839332.453030 0.0001665 0.002053 -0.004892 0.004711 0.005548 -0.0008075
1341839332.484688 0.00305 0.002806 -0.002826 -0.0007421 -0.001055 0.002129
1341839332.520706 0.008953 -0.001132 0.003332 -0.003012 -0.00286 0.0005972
1341839332.552671 0.006375 -0.002147 0.001191 0.0002567 -0.0005271 -0.0009547
1341839332.584673 0.004951 0.0007565 -0.001251 0.003374 -0.002711 -0.002326
1341839332.620880 0.004466 0.004661 -0.002455 0.003725 -0.001806 -0.004143
1341839332.652689 0.005183 0.00194 -0.001236 -0.001175 0.0001066 -0.00321
1341839332.688723 0.00722 -0.0008404 0.0003309 -0.003049 -0.003887 -0.00167
1341839332.720653 0.007993 0.002855 0.0008906 0.0009199 -0.002831 -0.005208
1341839332.752651 0.00415 0.0004408 -0.002093 -0.002878 0.00277 0.001067
1341839332.788721 0.009469 -0.004316 0.002203 -0.004959 -0.004926 0.003221
1341839332.820842 0.01182 -0.00136 0.003565 0.003186 -0.006045 -0.003375
1341839332.852685 0.0005831 0.005878 -0.006129 0.007274 0.003837 -0.003235
1341839332.888848 0.005201 0.004574 -0.003554 -0.001846 -0.001702 -0.001164
1341839332.920995 0.01091 -9.924e-06 0.004344 -0.004712 -0.0009603 -0.001912
1341839332.952682 0.004171 0.00055 -0.001894 -0.00293 0.001594 3.759e-05
1341839332.988738 0.007755 -0.00177 0.00148 -0.005314 -0.005026 0.000418
1341839333.020623 0.01215 -0.00228 0.00533 -0.001301 -0.007286 -0.002542
1341839333.056704 0.00905 -0.002609 0.002539 0.003883 -0.002561 -0.006308
1341839333.088657 0.0007174 0.00598 -0.005439 0.007327 0.001349 -0.002761
1341839333.120706 0.006441 0.004797 -0.001391 -0.001717 -0.0003337 -0.002368
1341839333.156633 0.01219 -0.005165 0.007305 -0.006533 0.0005551 0.001811
1341839333.188765 0.005637 -0.0008065 -0.0009046 0.001586 4.502e-05 0.004217
1341839333.220616 0.008816 0.00437 -0.0005355 0.00267 -0.0046 -0.002804
1341839333.256627 0.00863 0.0003642 0.001183 0.0003022 -0.002059 -0.004974
1341839333.288720 0.006849 0.00187 -0.0007871 0.0009956 -0.0002007 -0.002829
1341839333.320582 0.00361 0.003213 -0.002782 -0.0002397 0.004617 0.002802
1341839333.356732 0.006799 0.003802 -0.002373 -0.003993 -0.001347 0.001198
1341839333.388697 0.01567 -0.002704 0.007925 -0.005768 -0.006771 -0.006745
1341839333.420710 0.004319 -0.002568 0.0003361 0.001288 0.002896 -0.0009953
1341839333.456775 0.001476 0.007849 -0.00471 0.003119 -0.0002535 0.001821
1341839333.488704 0.01174 0.0007668 0.005181 -0.004198 -0.005056 -0.002309
1341839333.524711 0.007316 -0.00252 0.003271 -0.00161 0.0009895 -0.001563
1341839333.556624 -0.001068 0.004957 -0.005569 0.002006 0.00184 0.001864
1341839333.588625 0.008427 0.005531 0.0009093 -0.002706 -0.005436 -0.003319
1341839333.624629 0.009601 -0.002814 0.005772 -0.004985 -0.0008433 -0.003852
1341839333.656568 0.001393 -0.001317 -0.002337 -0.000524 0.002426 0.005166
1341839333.692659 0.004932 0.008679 -0.002751 0.001587 -0.002245 0.001856
1341839333.724668 0.01244 -0.001497 0.007274 -0.005577 -0.002878 -0.003869
1341839333.756687 0.006272 -0.006411 0.002103 -0.001146 -0.0003314 0.001076
1341839333.792785 0.0006989 0.009692 -0.005027 0.006573 -0.001582 -0.001686
1341839333.824592 0.00786 0.002616 0.002806 -0.004623 -0.002787 -0.005098
1341839333.860713 0.01266 -0.01199 0.008764 -0.007404 -0.003086 0.001602
1341839333.892664 0.002161 0.001381 -0.002744 0.006664 -0.0004368 0.002694
1341839333.924772 0.003273 0.008851 -0.003659 0.003108 -0.003409 -0.005831
1341839333.960800 0.01173 -0.00582 0.006727 -0.006757 -0.004648 -0.006718
1341839333.992556 0.008288 -0.01224 0.003542 -0.001465 -0.002814 -0.0003466
1341839334.028677 -0.004727 0.01196 -0.008063 0.01182 0.003181 0.00125
1341839334.060751 0.007285 0.002503 0.0005637 -0.004878 -0.00445 -0.0006908
1341839334.092709 0.01572 -0.01359 0.009093 -0.007128 -0.007548 -0.002888
1341839334.128631 -0.0006653 0.000916 -0.004084 0.0106 0.0008411 -0.00258
1341839334.160667 -0.002906 0.01624 -0.007676 0.008463 7.49e-05 -0.004008
1341839334.196648 0.01444 -0.003053 0.009634 -0.01076 -0.002906 -0.002064
1341839334.228784 0.006719 -0.01014 0.005351 -0.004237 0.001856 0.007143
1341839334.260936 0.001569 0.003984 -0.006444 0.006351 -0.007677 0.00378
1341839334.328751 0.01563 -0.003725 0.006151 0.0001274 -0.006111 -0.0111
1341839334.389793 0.001418 0.01305 -0.01014 0.006007 -0.009917 0.00473
1341839334.421707 0.0115 -0.005695 0.005246 -0.008732 -0.00685 -0.008937
1341839334.458010 0.00306 -0.01321 0.00107 -0.001589 -0.005709 -0.0007662
1341839334.489685 -0.001207 0.01389 -0.01113 0.01554 -0.01012 -0.006634
1341839334.525784 0.003296 0.008343 -0.001036 -0.003192 -0.001927 -0.01563
1341839334.557792 0.007821 -0.01731 0.007232 -0.0135 -0.001136 0.007306
1341839334.589872 0.004887 0.0009607 -0.005819 0.005977 -0.009556 0.01008
1341839334.625782 0.01316 0.007655 0.002745 0.00506 -0.01213 -0.01319
1341839334.657843 0.001123 -0.006556 0.000447 -0.001024 -0.001214 -0.01037
1341839334.689637 -0.003049 0.003418 -0.006823 0.003848 -0.006882 0.0007541
1341839334.725841 0.00974 0.007302 0.002599 0.0002854 -0.007325 -0.003808
1341839334.757940 0.004867 -0.006658 0.001924 -0.007384 0.0009523 0.00327
1341839334.793688 0.006674 -0.004008 -0.001096 0.0003048 -0.01099 0.004119
1341839334.826159 0.007492 0.008825 -0.000662 0.008374 -0.01041 -0.008645
1341839334.857927 0.001867 0.001991 -0.001346 -0.0003827 -0.001361 -0.006386
1341839334.893837 0.003291 -0.002269 -0.0006267 -0.003639 -0.004415 0.002936
1341839334.925643 0.009076 0.003158 0.0001766 -0.0001416 -0.009601 -0.0007927
1341839334.958884 0.01222 -0.005361 0.005053 -0.002437 -0.01003 -0.008351
1341839334.993773 0.0005782 -0.0001129 -0.002771 0.005502 -0.003848 -0.005546
1341839335.025708 0.0016 0.01074 -0.004338 0.006785 -0.004608 -0.004895
1341839335.061854 0.00654 0.002532 0.0004929 -0.004648 -0.002829 -0.004125
1341839335.093687 0.007577 -0.008737 0.002508 -0.007717 -0.005746 0.00149
1341839335.125723 0.007154 0.00396 -0.0004362 0.005504 -0.008837 -0.003799
1341839335.161765 0.003453 0.007418 -0.0024 0.003073 -0.001992 -0.007593
1341839335.193620 0.003365 -0.004333 4.871e-05 -0.005822 -0.002643 0.001338
1341839335.229620 0.008988 0.0006327 -0.0001493 -0.0001669 -0.01205 -0.0001974
1341839335.261647 0.01092 0.00234 0.003834 0.002028 -0.007889 -0.009784
1341839335.293594 -0.00147 0.0004929 -0.003453 0.001949 0.003572 -0.002944
1341839335.330288 0.003251 0.001883 -0.004312 -0.002716 -0.008863 0.001763
1341839335.361768 0.01461 -0.0036 0.0073 -0.004365 -0.01385 -0.00542
1341839335.393779 0.003561 -0.001512 5.729e-05 0.003192 -0.001912 -0.006623
1341839335.429685 -0.001168 0.002721 -0.005788 0.003438 -0.00379 -0.002417
1341839335.461748 0.00903 8.15e-05 0.0002551 -0.00165 -0.01263 -0.006335
1341839335.497763 0.007575 -0.006119 0.003912 -0.0008502 -0.007858 -0.008786
1341839335.529696 0.0002798 0.001822 -0.003994 0.006541 -0.003903 -0.005469
1341839335.561678 0.000307 0.006344 -0.005467 0.004019 -0.004297 -0.003668
1341839335.597774 0.007389 -0.002248 0.001204 -0.005831 -0.006736 -0.002758
1341839335.629668 0.006038 -0.008589 0.002482 -0.003178 -0.005099 -0.0007322
1341839335.661725 0.002318 0.002219 -0.005475 0.007349 -0.009745 -0.004784
1341839335.698267 0.006476 0.00341 -0.0034 0.003925 -0.01416 -0.01221
1341839335.729842 0.005855 0.0002283 0.0001785 0.0002946 -0.007899 -0.0115
1341839335.765671 -0.0001999 -0.0001774 -0.001713 0.0004576 -0.001264 -0.004342
1341839335.798008 5.643e-05 0.00368 -0.004668 -4.253e-05 -0.006014 0.0006519
1341839335.829597 0.01131 -0.001862 0.002388 -0.005993 -0.01366 -0.008109
1341839335.865741 0.003148 -0.002657 0.002241 -0.000384 -0.003986 -0.009105
1341839335.929801 0.004974 0.004963 -0.005797 0.005508 -0.01196 -0.004872
1341839335.965821 0.004787 0.001379 8.575e-05 -0.001678 -0.00219 -0.005931
1341839335.997645 0.0005307 -0.002873 0.0002619 -0.002496 -0.00162 0.0004608
1341839336.033633 0.006461 0.002018 -0.0006463 0.002907 -0.009008 -0.0004335
1341839336.065708 0.00665 0.004445 -0.0007195 0.002594 -0.003925 -0.008468
1341839336.097620 -0.001914 -0.001382 -0.001451 -0.00274 0.003794 0.001406
1341839336.133580 0.007666 -0.003093 0.001046 -0.003248 -0.01008 0.00549
1341839336.165684 0.01141 0.003857 0.002423 0.006213 -0.00915 -0.01089
1341839336.201770 0.002054 0.00377 -0.004743 0.004045 0.001699 -0.01376
1341839336.234199 0.0006567 -0.0001647 -0.001912 -0.003344 -0.0002684 -0.00329
1341839336.265733 0.00641 0.001846 -0.001058 -0.003651 -0.004103 0.0003946
1341839336.301605 0.007019 -0.001386 0.001197 -0.007008 -0.001007 -0.0037
1341839336.333617 0.003779 -0.00454 0.003098 -0.004602 -0.00267 -0.0002072
1341839336.365711 0.005833 -0.001743 0.000861 0.001696 -0.008805 0.0005184
1341839336.401651 0.006946 0.0007301 3.174e-05 0.002629 -0.006782 -0.00466
1341839336.433661 0.001095 -0.001097 -0.00111 -0.0005077 -0.002031 -0.0001443
1341839336.469753 0.007906 -0.001399 -0.000595 -0.002751 -0.01186 -0.0008841
1341839336.501527 0.0145 -0.001355 0.003425 -0.002543 -0.01345 -0.01561
1341839336.533643 0.00542 -0.006968 0.006136 -0.0002045 -0.006719 -0.02149
1341839336.569834 0.0004298 0.0004996 -0.002442 0.009358 -0.01043 -0.01285
1341839336.633720 0.006311 0.007207 -0.003314 -0.01037 0.003891 -0.005524
1341839336.669774 0.009507 -0.01412 0.01102 -0.01072 -0.007337 0.01315
1341839336.701623 0.01592 -4.64e-05 0.006353 0.00959 -0.0148 -0.008398
1341839336.737703 0.003363 -0.0008784 0.000509 0.007619 -0.002382 -0.01513
1341839336.769713 0.002664 -0.00277 0.00218 0.002644 -0.006449 -0.00243
1341839336.801896 0.009664 0.000247 0.00188 0.00321 -0.006448 -0.0002785
1341839336.837710 0.006155 -0.003788 0.003565 -0.002322 0.002045 0.0004179
1341839336.869698 0.002554 -0.005487 0.004037 -0.00015 -0.001382 0.005119
1341839336.901648 0.009878 -0.0008417 0.001453 0.004363 -0.009325 -0.0007922
1341839336.937590 0.00808 -0.003316 0.003005 0.001733 -0.0004835 -0.006869
1341839336.969791 -0.00185 0.000582 -6.962e-05 0.004159 0.003361 0.003371
1341839337.005670 0.008056 -1.796e-05 -0.0007132 -0.001826 -0.008644 0.002722
1341839337.037737 0.0121 -0.007809 0.00862 -0.005369 -0.004482 -0.006378
1341839337.069784 8.247e-05 -0.003171 0.002877 0.004914 0.001345 -0.0006188
1341839337.105703 0.0069 0.002119 -0.001117 0.004611 -0.01145 -0.003673
1341839337.137668 0.00736 -0.001643 0.003135 -0.0003779 -0.005984 -0.006914
1341839337.169654 0.001439 -0.00315 0.002449 -0.0008631 -0.001675 -0.00273
1341839337.205717 0.001408 -0.0005268 0.0006006 0.001397 -0.006635 -0.001049
1341839337.237736 0.00813 0.001079 3.011e-05 0.0001255 -0.01109 -0.005165
1341839337.273717 0.003686 -0.003743 0.003768 -0.003049 -0.003716 -0.00631
1341839337.305689 -0.003468 0.0002609 0.0002658 0.001533 -0.003139 0.001688
1341839337.337586 0.011 0.0004496 -0.00164 -0.001654 -0.01498 -0.003082
1341839337.373728 0.0064 -0.007581 0.007161 -0.005105 -0.004966 -0.009234
1341839337.405771 -0.003337 -0.003374 0.001277 0.005024 -0.003575 -0.001711
1341839337.441982 0.0117 0.006866 -0.003015 0.007931 -0.01413 -0.002665
1341839337.473977 0.004399 -0.001145 0.001823 -0.003525 0.0005162 -0.005527
1341839337.508609 -0.00527 -0.002696 0.002226 -0.00268 0.002236 0.006026
1341839337.543918 0.01337 -0.002034 0.002164 -0.0006296 -0.01513 -0.0009979
1341839337.606146 -0.0007277 0.002376 0.0003726 0.005041 0.001566 -0.01256
1341839337.641814 0.01132 -0.002827 0.001291 -0.005327 -0.0148 -0.0009055
1341839337.675262 0.009165 0.0003515 0.002208 0.000443 -0.003474 -0.006501
1341839337.709810 -0.0009229 0.00516 -0.002268 0.0006329 0.003488 -0.0007739
1341839337.741912 0.001964 0.003675 0.0002798 -0.005103 -0.004852 0.005643
1341839337.774188 0.0144 -0.008448 0.005487 -0.01116 -0.01349 -0.00607
1341839337.809638 0.004524 -0.004862 0.005984 0.002566 -0.001311 -0.01116
1341839337.841586 -0.002923 0.01014 -0.006623 0.009698 -0.002347 -0.001289
1341839337.873743 0.006865 0.001932 -0.004543 -0.005163 -0.009987 -0.002669
1341839337.909675 0.007558 -0.007344 0.005342 -0.008159 -0.003555 -0.005258
1341839337.941639 -0.0003205 0.004128 -0.0009129 0.004282 0.001671 -0.0009312
1341839337.977798 -0.0004754 0.005898 -0.003833 -0.001227 -0.007017 0.000312
1341839338.010031 0.01161 -0.006583 0.001525 -0.009198 -0.0122 -0.006729
1341839338.041702 -0.0002285 -0.002762 0.004341 0.0009763 0.004426 -0.005435
1341839338.077694 -0.006132 0.01134 -0.005664 0.008073 -0.001828 0.01005
1341839338.109774 0.01319 -0.004801 -0.002893 -0.01034 -0.02253 -0.003486
1341839338.141722 0.009039 -0.01201 0.01062 -0.006475 -0.01158 -0.01548
1341839338.177697 -0.007252 0.001725 -0.004009 0.01035 -0.004863 -0.006285
1341839338.209836 0.0064 0.005963 -0.01207 0.005664 -0.02573 -0.002295
1341839338.245657 0.01207 -0.006438 -0.001566 -0.007046 -0.02052 -0.01291
1341839338.277654 -0.003394 -0.005507 0.005076 0.001425 -0.003553 -0.01047
1341839338.309709 0.0007411 0.006945 -0.008271 0.01101 -0.01364 0.003511
1341839338.346052 0.01655 0.003616 -0.01347 -0.001517 -0.01999 -8.692e-05
1341839338.377746 0.003775 -0.008657 0.002894 -0.01149 5.463e-05 -0.009469
1341839338.414018 -0.004324 0.001893 0.001406 0.002518 -0.001074 0.003025
1341839338.445575 0.0157 0.002889 -0.008718 -0.000305 -0.02392 0.001128
1341839338.477556 0.01214 -0.009978 0.001838 -0.01032 -0.01539 -0.01752
1341839338.513581 -0.00799 -0.01209 0.008125 0.0006625 -0.005418 -0.02073
1341839338.545689 0.01077 0.01146 -0.01238 0.0186 -0.0238 -0.01014
1341839338.578283 0.01218 0.005509 -0.01051 -0.001339 -0.01467 -0.01384
1341839338.613599 -0.007351 -0.005441 0.01225 -0.006933 -0.002665 -0.008451
1341839338.645675 0.006277 -0.002299 -0.0002196 0.005749 -0.01611 0.001243
1341839338.681727 0.01643 0.003557 -0.008282 0.004312 -0.01625 -0.00583
1341839338.713893 0.003828 -0.001136 0.000729 -0.002401 -0.006678 -0.01185
1341839338.781709 0.01472 0.003715 -0.003394 0.004305 -0.009857 -0.004301
1341839338.813730 0.004059 0.003427 -0.0008854 -0.003719 -0.001382 0.007591
1341839338.845877 0.006626 -0.0088 0.005256 -0.008355 -0.009654 -0.005581
1341839338.881802 0.004939 -0.004107 0.0004881 0.004051 -0.003205 -0.009904
1341839338.913653 0.006514 0.009874 -0.005008 0.009547 -0.005617 -0.0002937
1341839338.949676 0.009365 0.004226 -0.004534 -0.001902 -0.01184 -0.0007313
1341839338.981956 0.006353 -0.003384 0.0001715 -0.007008 -0.004614 -0.005389
1341839339.013697 -0.002631 0.003124 0.002907 0.0006588 -0.0005805 0.002469
1341839339.049615 0.009081 0.001748 -0.001397 -0.0001099 -0.02138 0.002011
1341839339.081735 0.02041 -0.004966 -0.003647 -0.004628 -0.02627 -0.01739
1341839339.113711 3.757e-06 -0.008897 0.004374 -0.001248 -0.00497 -0.03326
1341839339.149680 -0.007827 0.006716 0.0001952 0.01433 -0.006448 -0.01155
1341839339.181651 0.01791 0.01003 -0.0158 0.005836 -0.02001 0.0006185
1341839339.217865 0.005752 -0.00975 -0.0001908 -0.01677 0.002563 -0.01041
1341839339.249837 -0.01066 -0.001813 0.005883 -0.002917 0.006364 -0.001817
1341839339.281657 0.014 0.003277 -0.006856 0.001169 -0.01558 0.0005654
1341839339.317672 0.008975 -0.003583 -0.002147 -0.007561 -0.001534 -0.006729
1341839339.349560 -0.004253 -0.001042 0.003854 -0.001385 0.005989 -0.001196
1341839339.381716 0.008718 0.00372 -0.004186 0.002113 -0.008048 0.002276
1341839339.417573 0.006974 -0.00254 -0.001857 -0.004146 -0.001909 -0.003425
1341839339.449681 -0.001413 -0.0007788 0.002149 0.0003853 0.004 0.0003359
1341839339.485695 0.007414 0.003285 -0.003758 0.002459 -0.005468 0.003921
1341839339.517711 0.00388 -0.006722 0.001386 -0.003966 0.0002025 -0.004778
1341839339.549709 -0.0003448 0.0003084 0.002331 0.005756 0.001276 0.0004772
1341839339.585694 0.007594 0.00454 -0.004359 0.005816 -0.009531 0.0008952
1341839339.617734 0.007658 -0.006818 -0.001776 -0.00485 -0.004383 -0.007463
1341839339.653664 -0.006425 -0.006136 0.007244 0.003808 0.009874 -0.005254
1341839339.685594 0.008849 0.0134 -0.006577 0.0135 -0.008936 0.009855
1341839339.725102 0.01053 -0.00462 -0.003236 -0.009166 -0.006877 -0.001602
1341839339.785820 0.0007446 0.0004219 0.003801 0.001037 0.006702 0.005558
1341839339.817649 0.006437 0.0009132 -0.002074 -0.00306 -0.006907 0.0002685
1341839339.853678 0.00248 -0.009775 0.004369 -0.007053 -0.003463 -0.01288
1341839339.885719 -0.001615 -0.001485 0.002068 0.008443 0.001753 -0.01042
1341839339.921797 0.01114 0.01581 -0.01122 0.01122 -0.007107 0.006346
1341839339.953700 0.006284 -0.0004411 -0.002602 -0.01318 -0.001717 0.002676
1341839339.985622 -0.003275 -0.006791 0.00488 -0.009245 0.007596 0.0007373
1341839340.021864 0.005991 0.007623 -0.00581 0.001444 -0.001283 0.007734
1341839340.053574 0.003204 -0.002934 0.0001963 -0.01053 -0.004647 -0.002032
1341839340.085831 0.0008585 -0.01177 0.004874 -0.004329 0.000627 -0.0135
1341839340.121782 0.001918 0.001799 -0.002053 0.0129 0.005374 -0.006961
1341839340.153668 0.01474 0.02479 -0.01714 0.0133 -0.009861 0.01352
1341839340.189753 0.008517 -0.01272 -0.001744 -0.02576 -0.0003026 -0.01193
1341839340.221730 -0.01034 -0.003406 0.009164 -0.004895 0.02409 -0.003517
1341839340.253773 0.004908 0.0111 -0.003198 0.00276 9.209e-05 0.02135
1341839340.289866 0.004504 -0.01283 0.004065 -0.009192 -0.003842 0.00786
1341839340.321580 0.01263 -0.003826 -0.009127 0.003075 0.002926 -0.008121
1341839340.353715 0.004494 0.01506 -0.004075 0.003279 -0.003333 -0.002745
1341839340.389755 0.00191 -0.006831 -0.0002859 -0.01414 -0.00301 -0.009802
1341839340.422038 -0.003003 -0.00127 -0.0006256 -0.002596 0.01381 0.009187
1341839340.457698 0.01286 0.009097 -0.007359 -0.00449 -0.006048 0.02172
1341839340.489727 0.005148 -0.0109 0.0005376 -0.01966 0.000592 -0.008698
1341839340.521632 -0.001944 0.002356 0.0004144 -0.003118 0.0171 0.004996
1341839340.557783 0.01076 0.006315 -0.004855 -0.008962 -0.0002846 0.01985
1341839340.589579 0.00323 -0.008773 0.005204 -0.01605 -0.0002171 0.0002784
1341839340.625761 0.003414 -0.005089 0.0022 -0.002839 0.001655 -0.008687
1341839340.657658 0.007653 0.004884 -0.006524 0.001307 0.0008265 0.0008421
1341839340.689692 0.005493 -0.002434 2.697e-05 -0.009646 -0.00271 -0.000825
1341839340.725740 0.00343 -0.008398 0.002156 -0.007774 0.00478 -0.005956
1341839340.757924 0.008612 0.002981 -0.00538 -0.001561 0.004595 0.001309
1341839340.789679 0.004894 -0.002225 0.001856 -0.006462 -0.0004084 -0.002324
1341839340.825682 0.0075 -0.0038 -0.004359 -0.006197 0.002167 -0.003596
1341839340.857588 0.005717 0.0003403 -0.003725 -0.008826 0.01082 0.002108
1341839340.893730 0.006039 0.00367 0.002213 -0.008055 0.0008921 0.01275
1341839340.925735 0.002887 -0.005543 0.001788 -0.009059 -0.0008338 0.002191
1341839340.957629 0.003935 -0.004504 -0.0006808 -0.0041 0.006953 -0.0005393
1341839340.993772 0.007109 0.007266 -0.003684 0.0007223 -0.001977 0.01017
1341839341.025671 0.00349 -0.005298 0.0002597 -0.01071 -0.004506 -0.008084
1341839341.057806 0.0003271 -0.006578 0.004444 -0.000743 0.004714 -0.009212
1341839341.093662 0.006794 0.006942 -0.007333 0.005354 -0.002218 0.01139
1341839341.125745 0.004529 -0.004802 -0.00225 -0.01248 -0.002555 0.002627
1341839341.161589 0.002581 -0.004937 0.004967 -0.005618 0.003773 -0.002669
1341839341.193897 0.006327 -0.0002745 -0.002558 0.002504 0.000713 -0.004249
1341839341.261788 0.0112 0.002571 -0.006954 -0.004098 0.002344 -0.01169
1341839341.293674 0.005564 -0.0004759 -0.002092 -0.006372 0.005303 0.00329
1341839341.325653 0.00793 0.005099 -0.007394 -0.007044 0.005099 0.008423
1341839341.361673 0.006176 0.004273 -0.00387 -0.01519 0.001345 0.002665
1341839341.393787 0.003338 -0.000459 0.00345 -0.01138 0.003548 -0.009075
1341839341.429785 0.00524 0.002452 -0.002503 -0.002391 0.004125 -0.001914
1341839341.461594 0.005099 0.001628 -0.003883 -0.00776 0.003376 -0.002172
1341839341.493666 0.003267 0.0002402 0.0003841 -0.01058 0.006611 0.004164
1341839341.529752 0.003226 0.0001329 0.0004766 -0.007343 0.005542 0.007194
1341839341.561764 0.002687 -0.001831 0.0009616 -0.003228 0.005471 -0.001874
1341839341.593691 0.003893 0.001913 -0.005215 -0.0005362 0.005055 0.001157
1341839341.629657 0.002806 0.000559 -0.003152 -0.005155 0.003496 0.004166
1341839341.662189 0.002765 -2.098e-05 -0.001477 -0.003089 0.003136 0.002959
1341839341.697693 0.00203 -0.00167 -0.001175 -0.001509 0.002752 -0.003839
1341839341.729716 0.003145 -0.001665 -0.004457 0.0007157 0.006201 -0.004175
1341839341.761680 0.004639 0.003653 -0.009913 -0.001043 0.004322 0.004258
1341839341.797656 0.002542 -0.0007669 -0.0007221 -0.006425 0.003928 -0.0002866
1341839341.829696 0.00353 -0.001236 -0.00312 -0.001759 0.009452 0.0008266
1341839341.865686 0.004466 0.003469 -0.009092 -0.002841 0.009503 0.01051
1341839341.897659 0.004155 0.001043 -0.003295 -0.003672 0.003342 0.01207
1341839341.929651 0.003857 -0.001755 -0.004738 -0.002905 0.004415 -0.00287
1341839341.966152 0.00316 5.425e-05 -0.002817 0.002055 0.009074 -0.001129
1341839341.997665 0.003848 0.001355 -0.01187 0.0002222 0.005272 0.01436
1341839342.029793 0.004447 -0.001212 -0.00453 -0.004165 0.00682 0.01079
1341839342.065765 0.005078 -0.002222 -0.0004207 0.00364 0.01107 -0.001601
1341839342.097737 0.004201 -0.0007521 -0.005596 0.009509 0.01438 -0.005544
1341839342.133572 0.001895 -0.00119 -0.0118 0.0007836 0.01159 0.01428
1341839342.165740 0.00269 0.0005795 -0.004118 -0.003522 0.003278 0.007881
1341839342.197680 0.002355 0.0002957 -0.001943 0.001157 0.007792 -0.002809
1341839342.233630 0.002345 -0.0006353 -0.002816 0.001963 0.0008435 0.004513
1341839342.265857 5.092e-05 -0.0004297 -0.008217 -0.0003099 0.001072 0.0002655
1341839342.297900 -0.0001477 0.001756 -0.006046 -0.008679 0.01177 -0.00639
1341839342.334490 0.004019 0.001507 0.001203 -0.005328 0.00959 0.003091
1341839342.366742 0.0002305 -0.001401 -0.008989 -0.007651 0.006799 0.01008
1341839342.401681 0.001658 0.006356 -0.002361 -0.005427 0.008039 -0.004686
1341839342.433833 0.005536 0.001131 0.006635 0.002618 0.00624 -0.004814
1341839342.465726 -0.002248 -0.00354 -0.01125 -0.001411 0.007391 0.005746
1341839342.501647 -0.0001967 0.009622 -0.004195 0.002853 0.01056 -0.001739
1341839342.540751 0.003871 -0.001672 0.0005064 -0.002377 0.009626 0.005679
1341839342.601758 0.002294 -0.0003683 -0.007728 -0.002839 0.01232 0.01302
1341839342.669819 0.0009999 0.002249 -0.006903 0.003231 0.01793 0.007498
1341839342.701951 -0.000958 -0.0004544 -0.006752 -0.003627 0.00951 0.007562
1341839342.733628 0.004124 0.002833 0.002138 0.001951 0.005271 0.002898
1341839342.769533 0.002605 -0.004066 -0.0007679 0.0004943 0.004125 0.005394
1341839342.801681 -0.002587 0.002256 -0.006494 0.005452 0.00804 0.001149
1341839342.837574 -0.003159 0.003196 -0.006597 0.002996 0.01523 0.003123
1341839342.869635 0.001996 -0.003822 -0.002967 -0.006374 0.009067 0.009801
1341839342.901615 0.004507 -0.001093 0.0004636 -0.001624 0.002999 0.007837
1341839342.937722 0.002369 -6.537e-05 -0.001754 0.002105 0.004857 0.003642
1341839342.969783 0.002074 -0.002064 -0.001498 0.001766 0.003965 0.003288
1341839343.001730 -0.002396 0.002219 -0.00517 0.006205 0.008264 0.001328
1341839343.037568 -0.002103 -0.001387 -0.005285 -0.001263 0.01149 0.004363
1341839343.069751 0.004801 -0.006261 0.001016 -0.00643 -0.002296 0.009096
1341839343.105654 0.002598 0.006312 -0.0001558 0.01094 0.001011 0.0002824
1341839343.137584 -0.006 0.005778 -0.009541 0.00765 0.0182 -0.004973
1341839343.169670 0.004365 -0.001066 0.001974 -0.001597 0.009538 0.001432
1341839343.205656 0.00549 -0.004412 0.0007023 0.001095 0.005904 0.01101
1341839343.237612 0.00164 0.002357 -0.004197 0.005201 0.0106 0.001106
1341839343.305779 -0.0003155 -0.00385 -0.006797 -0.0001763 0.02116 0.006559
1341839343.337587 0.004967 0.003105 0.0003557 0.002294 0.006074 0.005331
1341839343.373793 0.009454 -0.001531 0.002943 0.00264 0.003983 0.001214
1341839343.405587 -0.003756 -0.002195 -0.00624 0.0009549 0.01342 0.003047
1341839343.437639 0.003332 0.002536 0.0002731 0.002918 0.006814 0.002921
1341839343.473895 0.006252 -0.001805 0.001001 0.003355 0.005881 0.004896
1341839343.505595 0.002124 -0.003597 -0.00329 -0.002279 0.006503 0.002868
1341839343.537619 0.01164 0.003898 0.005848 0.008389 -0.001485 -0.006071
1341839343.573926 -0.0006126 -0.001237 -0.003273 0.009678 0.01175 -0.0001639
1341839343.605784 -0.009465 -0.001102 -0.009218 -0.000588 0.01812 0.002358
1341839343.641726 0.005747 0.001331 0.001773 -0.001402 0.005117 0.00393
1341839343.673994 0.007605 -0.001477 0.001756 6.825e-05 0.001903 0.005087
1341839343.705911 0.001384 0.0008027 -0.001263 0.002869 0.007269 0.0008376
1341839343.741614 0.005168 -0.001494 8.458e-05 7.399e-05 0.002899 0.002039
1341839343.774055 0.006815 -0.0002112 0.001602 0.002808 -0.002273 -0.0009041
1341839343.805691 -0.001743 0.002633 -0.001351 0.01022 0.008482 -0.005
1341839343.841823 -0.01024 -0.0007941 -0.007619 0.001818 0.01676 0.002041
1341839343.873716 -0.002383 0.00303 -0.002509 -0.002364 0.01111 0.001594
1341839343.909636 0.005285 0.0008406 0.001893 -0.0005212 0.005431 0.00695
1341839343.941606 -0.001618 -0.00213 -0.00429 -0.005461 0.00937 0.007148
1341839343.973942 0.006544 0.00346 0.001614 -0.002086 0.003596 -0.0004336
1341839344.009670 0.006397 -0.0001242 0.001324 0.0001463 0.003179 0.002648
1341839344.041779 -0.001386 0.0007947 -0.003394 -0.000429 0.0101 -0.00134
1341839344.077608 0.0043 0.001628 0.001244 0.001324 0.007876 -0.000192
1341839344.109759 0.002078 -0.002368 -0.002708 -0.002542 0.005563 0.004792
1341839344.141693 0.003775 0.001263 -9.746e-05 -0.00208 0.002299 -0.001462
1341839344.177686 0.001693 0.001934 0.001257 0.004114 0.008795 -0.001927
1341839344.209677 0.0006719 -0.002019 -0.003453 -0.001941 0.005366 0.006709
1341839344.241575 0.005256 0.000294 0.0003995 -0.003227 -0.0005945 -0.0007864
1341839344.277638 0.002701 0.002872 0.002256 0.005893 0.006607 -0.006028
1341839344.309629 -0.003392 -0.0004723 -0.003453 0.004645 0.009803 0.005721
1341839344.345784 -0.003514 -0.001438 -0.003829 -0.006272 0.009419 0.005537
1341839344.377695 0.006214 0.002433 0.003176 -0.001086 0.0045 0.002987
1341839344.409722 0.008538 -0.0003713 0.00045 0.002674 -0.002557 0.006513
1341839344.445749 -0.001131 -0.001352 -0.002342 -0.0008782 0.004004 -0.000518
1341839344.477598 -0.0001883 0.0005264 -0.001007 -0.0005854 0.005747 0.0003851
1341839344.510290 -0.000835 0.0001411 -0.0008493 -7.534e-05 0.006135 0.001381
1341839344.545735 -0.001266 -0.0008434 -0.001428 -0.0005858 0.01121 0.002023
1341839344.577829 0.007053 3.608e-06 -0.001825 -0.001306 0.001742 0.004926
1341839344.613708 0.001568 0.001158 0.0004821 0.0007771 0.003266 0.001241
1341839344.645705 0.0006126 -0.001317 -0.00103 0.003023 0.007071 -0.0008173
1341839344.677613 0.004185 -0.001076 -0.003047 -0.0003639 0.002981 0.0008004
1341839344.713772 -0.0003577 0.0003775 0.000312 0.001415 0.005816 0.001614
1341839344.746130 0.00484 -0.001672 -0.001832 0.0007091 0.002432 -0.0006506
1341839344.777798 0.001583 3.972e-05 -0.001293 0.0004475 0.003812 -0.0005899
1341839344.813709 -0.004266 -0.001261 0.0006841 0.001481 0.01092 0.0002658
1341839344.845871 0.008589 -0.001317 -0.003491 0.0001147 -0.0002125 0.003042
1341839344.881699 0.002285 0.001362 -0.0002132 0.000719 0.002144 0.0008006
1341839344.914032 -0.002597 -0.001536 0.0007353 0.001787 0.008616 -0.001515
1341839344.981832 0.007301 0.001513 -0.004735 0.0007605 0.001501 0.006102
1341839345.049749 0.002843 -0.003301 -0.002382 -0.004154 0.01304 0.001812
1341839345.081699 0.0007028 0.001111 -0.0009478 -0.002764 0.00297 0.003607
1341839345.113768 -0.003263 -9.853e-05 0.003247 -0.0005991 0.01065 0.0007923
1341839345.149757 0.005177 0.001689 -0.00146 0.004891 0.002879 0.00144
1341839345.181590 0.006439 -0.0009883 -0.003431 -0.001993 -0.00404 0.001176
1341839345.213863 -0.006699 -0.00123 0.004496 -0.003931 0.01244 -0.000562
1341839345.249611 0.001267 0.0004164 0.001713 0.004877 0.008893 0.001137
1341839345.281827 0.01281 3.791e-05 -0.005587 -0.0009326 -0.006915 0.001823
1341839345.317669 -0.005755 0.0001474 0.004049 -0.002285 0.01091 -0.0002683
1341839345.381810 0.009612 -0.002938 -0.004175 -0.002746 0.01129 0.003758
1341839345.417639 0.0008727 0.002446 0.001531 -0.00306 0.006737 0.004896
1341839345.449697 -0.00163 0.001554 0.002711 0.001793 0.009952 0.002476
1341839345.484384 0.006252 0.002071 -0.002253 0.00318 -0.0003232 0.003576
1341839345.517977 0.003782 -2.006e-05 -0.001203 -0.0001364 -0.0001166 0.001039
1341839345.550478 -0.00118 -0.002237 0.001147 -0.002476 0.006862 -0.003145
1341839345.585698 -0.0004043 0.0006044 7.507e-05 0.002664 0.006422 0.002229
1341839345.620249 0.009371 0.0005461 -0.00367 -0.00158 -0.005769 0.003647
1341839345.656836 -0.003831 0.0007792 0.003555 -0.0001101 0.008375 -0.002675
1341839345.688614 0.0006281 -0.0004328 -0.0003117 0.004259 0.004478 -0.002571
1341839345.720655 0.002815 -0.005055 -0.002134 -0.005834 0.002937 -1.318e-05
1341839345.756797 -0.002086 -0.0004322 0.002307 -0.0005329 0.01064 0.004436
1341839345.788610 0.007621 0.003292 -0.002838 0.003401 -0.0006502 0.004395
1341839345.824841 -0.002474 -0.001246 0.002459 0.000123 0.008242 0.0001802
1341839345.857443 0.0007083 -0.002033 -0.0003781 0.001245 0.006718 0.002387
1341839345.888695 0.008149 -0.002384 -0.003725 -0.003688 -0.0004982 0.003835
1341839345.924817 -0.0001549 0.0005412 0.001983 -0.002408 0.008556 0.002417
1341839345.956605 -0.003016 -0.001672 0.003501 0.0006531 0.01324 0.001379
1341839345.992629 0.01007 0.00342 -0.005627 0.003615 -0.0005499 0.005102
1341839346.024783 0.0004698 0.003002 0.001834 0.002015 0.00438 0.001854
1341839346.060648 -0.001937 -0.006057 0.002832 -0.00218 0.01256 -0.004757
1341839346.093032 0.004856 0.006009 -0.002171 0.01001 0.004759 0.003351
1341839346.124985 0.006016 -0.001736 -0.002418 0.0006518 0.001556 -0.001474
1341839346.160766 0.003469 -0.001399 -0.001998 -0.00336 0.004083 0.0005471
1341839346.192680 -0.0002204 -1.087e-06 0.001825 -0.002463 0.007328 0.004169
1341839346.228607 0.003391 -0.00439 0.0002024 -0.004647 0.00847 0.0002959
1341839346.289914 0.002556 0.001081 0.0007065 -0.003103 0.01824 0.007423
1341839346.329287 0.008739 -0.0009931 -0.004685 -0.004054 0.005128 0.006138
1341839346.360711 0.007109 0.005132 -0.001123 -0.002381 0.002011 0.003963
1341839346.396649 -0.006 -0.00128 0.006187 -0.002974 0.01722 -0.001899
1341839346.428652 0.008472 -0.00312 -0.005439 -0.006567 0.0101 0.003548
1341839346.460699 0.006721 0.01134 -0.001181 0.002702 0.001773 0.009936
1341839346.496697 -0.001278 0.002962 0.006908 0.003147 0.01043 -0.001255
1341839346.528703 0.004968 -0.0009629 -0.002119 0.002913 0.007075 -0.003132
1341839346.564637 0.006055 -0.0004923 -0.004557 -0.004723 0.001897 0.001254
1341839346.596825 -0.00329 -0.001237 0.007321 -0.005616 0.01642 0.0006092
1341839346.628694 0.005348 0.001023 -0.0003555 0.001782 0.01309 0.006558
1341839346.664637 0.007933 0.000985 -0.00532 -0.004178 0.00425 0.008196
1341839346.696886 0.000777 0.00091 0.007695 -0.002591 0.01184 0.00538
1341839346.728718 0.00437 -0.0006323 0.003009 0.00455 0.01362 0.003335
1341839346.764595 0.007149 0.0004728 -0.006177 0.001858 0.003549 0.005319
1341839346.796696 0.002853 0.0004494 0.003235 -0.001506 0.006009 0.002113
1341839346.832738 0.003951 -0.001057 0.005323 0.00636 0.009681 0.004375
1341839346.864859 0.004433 -0.000435 -0.004355 0.004731 0.003107 0.005051
1341839346.896717 0.002645 0.0004427 0.002012 0.0002805 0.005748 0.000635
1341839346.932707 0.003781 -0.001364 0.005041 0.007851 0.008178 0.002346
1341839346.964729 0.0008804 -0.0006004 -0.002932 0.005346 0.004274 0.005006
1341839346.996794 0.00357 0.0006561 0.002452 0.002958 0.002444 -0.0002067
1341839347.032667 0.003319 -0.0004697 0.001611 0.008178 0.007229 -0.0009121
1341839347.064794 0.0003054 0.001862 -0.006483 0.003202 0.006101 0.001182
1341839347.096852 0.004091 0.002072 0.002375 -0.001851 0.006772 0.001082
1341839347.132647 0.00352 0.0001769 0.001485 0.0005733 0.01067 0.004399
1341839347.164773 0.001894 0.0004968 -0.0003695 -0.0004001 0.008095 0.004761
1341839347.200676 0.00391 0.001123 0.003598 0.004008 0.007824 0.003406
1341839347.232838 -0.0001299 0.00276 -0.007592 0.0005012 0.009462 -0.00113
1341839347.264666 0.006097 -0.0003645 0.007203 -0.003996 0.005882 0.001593
1341839347.300747 0.00288 -0.00116 0.0003454 0.002862 0.008144 0.007964
1341839347.332783 0.0006997 0.002477 -0.005491 -0.002363 0.005387 -0.001741
1341839347.364685 0.008198 -0.00116 0.01052 -0.001698 0.005704 -0.004665
1341839347.400746 0.003072 -0.00183 -0.001714 0.006405 0.008236 0.002238
1341839347.432739 -0.0003338 0.00365 -0.009501 -0.002127 0.00666 0.0001829
1341839347.464647 0.007071 -0.001558 0.009013 -0.009545 0.00465 6.979e-05
1341839347.500724 0.004995 -0.005629 0.005924 0.002438 0.003305 0.003457
1341839347.532880 -0.00113 0.003505 -0.008588 0.004928 0.001782 -0.00345
1341839347.564698 0.006799 0.00089 0.00502 -0.006127 0.0018 -0.001954
1341839347.600778 0.007245 -0.003645 0.006835 0.002086 0.006257 0.005065
1341839347.632793 -0.002818 0.002736 -0.009511 0.003958 0.006707 0.002779
1341839347.668741 0.00428 0.001415 0.002032 -0.004463 0.001488 0.0002582
1341839347.700627 0.006337 -0.0009574 0.00435 0.001917 0.00449 -0.0004061
1341839347.732741 6.59e-05 0.001742 -0.006659 0.002236 0.006184 0.001693
1341839347.768676 0.003973 -2.592e-05 0.001186 -0.002874 0.002619 0.004714
1341839347.800791 0.003274 2.387e-05 0.001264 0.0006303 0.003705 -0.0009487
1341839347.868672 0.008757 -0.0001583 -0.001211 0.009128 0.0111 0.001656
1341839347.929775 0.0091 -0.001038 0.004161 -0.01127 0.01054 0.003925
1341839347.961833 0.003128 -0.003968 0.0005132 0.008867 0.005118 0.004979
1341839347.997737 -0.002743 0.00607 -0.01244 0.001419 0.004209 -0.005769
1341839348.030155 0.009226 -0.003149 0.01135 -0.007471 0.001061 -0.0008575
1341839348.065703 0.003366 -0.00212 0.000106 0.005603 0.005804 0.003123
1341839348.097826 -0.002065 0.003969 -0.009167 0.0003029 0.005364 -0.001023
1341839348.129675 0.007184 -0.001852 0.007824 -0.005308 0.002077 0.0005852
1341839348.168640 0.001913 -0.002863 0.0009197 0.00216 0.004458 0.003638
1341839348.229823 0.003312 0.002291 -0.002154 -0.0001004 0.00181 -0.001384
1341839348.265775 0.004562 -0.00408 0.004147 0.002317 0.001243 -0.001309
1341839348.297754 -0.0006026 0.00322 -0.006341 0.006807 0.00134 -0.001573
1341839348.333717 0.00392 0.002474 -0.0003531 -0.002826 0.004235 -0.001142
1341839348.365676 0.003817 -0.004707 0.005882 -0.002923 0.003974 0.004323
1341839348.398212 0.0008217 0.001204 -0.003199 0.004339 0.0005734 0.0001138
1341839348.433965 0.002696 0.003944 -0.002956 0.0001086 0.00419 -0.0059
1341839348.465810 0.005729 -0.004609 0.007049 -0.003519 0.003938 0.001595
1341839348.502540 -7.702e-05 0.002009 -0.004735 0.00468 0.002883 0.0008504
1341839348.535817 0.001879 0.001741 -0.001358 -0.004009 0.003243 -0.0008977
1341839348.571279 0.007303 -0.004197 0.007933 -0.000872 0.001731 0.001586
1341839348.602658 -0.002967 0.002435 -0.006557 0.004763 0.004571 -0.0009765
1341839348.669100 0.01021 -0.00262 0.00786 -0.004486 -0.0003095 0.0006826
1341839348.733880 -0.002702 0.003265 -0.0118 0.004681 0.007656 -0.003813
1341839348.769820 0.009259 -0.002213 0.009582 -0.004477 -0.0003442 0.0001116
1341839348.801702 0.005021 -0.00394 0.003512 0.005108 0.005127 -0.0003045
1341839348.833872 -0.005798 0.004173 -0.00949 0.004204 0.003609 0.0005031
1341839348.869688 0.004082 0.00144 0.002661 -0.006302 -0.0006274 -0.003586
1341839348.901723 0.009856 -0.005191 0.01201 0.000458 0.001186 -0.00381
1341839348.933633 -0.003686 0.003805 -0.01006 0.01129 0.006672 -0.005723
1341839348.969728 -0.002666 0.003343 -0.006416 -0.01228 6.384e-05 -0.0005814
1341839349.001667 0.01683 -0.007998 0.01682 -0.01048 -0.007001 0.007955
1341839349.037748 0.00311 -0.002207 0.000584 0.009861 0.003047 0.001554
1341839349.069682 -0.007495 0.005053 -0.01091 0.001602 0.002458 -0.002292
1341839349.101803 0.006573 -0.0009237 0.00628 -0.007139 -0.005331 -0.001019
1341839349.137732 0.008974 -0.004381 0.007486 0.003317 0.0005458 0.000329
1341839349.169619 -0.005812 0.003499 -0.009111 0.007215 0.00585 0.000911
1341839349.201697 0.0008333 0.0005162 0.0001929 -0.006132 -0.002246 0.003248
1341839349.237802 0.007059 -0.003159 0.008821 -0.0003496 -0.002401 -0.002679
1341839349.269840 0.0004927 -0.001443 -0.0009671 0.007648 0.0008085 -0.006025
1341839349.305885 -0.004399 0.003464 -0.007719 0.002327 -0.002813 -0.004242
1341839349.338036 0.005432 0.001308 0.004085 -0.004176 -0.004639 -0.006449
1341839349.369771 0.003947 -0.003066 0.004249 0.000944 0.001974 -0.003745
1341839349.405706 -0.006839 0.003823 -0.009038 0.001907 -0.001252 -0.003103
1341839349.437665 0.002832 0.003709 0.0006923 -0.006593 -0.004641 -0.006091
1341839349.473716 0.006803 -0.002318 0.00892 -0.002953 0.002069 -0.003978
1341839349.505708 -0.002957 -0.0008596 -0.004108 0.003027 0.001218 0.001543
1341839349.537635 -0.002891 0.003379 -0.00524 -0.003155 -0.003343 0.001381
1341839349.573786 0.006514 -0.00378 0.009211 -0.005801 -0.004109 0.00315
1341839349.605579 -0.0003271 -0.005292 0.0007604 0.004236 -0.002047 0.005349
1341839349.637702 -0.00464 0.004692 -0.00719 0.004751 -0.007223 -0.006646
1341839349.673713 0.005363 -0.001216 0.005085 -0.001567 -0.00379 -0.004162
1341839349.705908 -0.0005545 -0.001994 -0.0004142 0.001464 -0.0005985 0.001249
1341839349.741751 -8.259e-05 0.001837 -0.001643 0.001177 -0.00221 -0.0007864
1341839349.773786 0.002528 -0.002397 0.003087 -0.0009941 -0.0007228 0.002954
1341839349.805812 -0.001299 -0.000651 -0.001811 0.001435 -0.001084 0.002237
1341839349.841758 0.001293 0.0009275 0.0005357 7.205e-05 -0.001583 -0.00425
1341839349.873668 0.001207 -0.005109 0.003152 -0.001409 -0.003011 0.0008521
1341839349.905746 0.001604 -0.001705 0.001938 0.005568 -0.007304 -0.002031
1341839349.941760 0.001037 0.002512 -0.001874 0.005899 0.0006483 -0.003871
1341839349.973689 0.000293 -0.002434 -7.972e-05 -0.001026 0.002488 0.008022
1341839350.009717 0.0007995 -0.001487 0.001318 -0.0007408 -0.002015 0.005746
1341839350.041679 0.002991 -0.001562 0.003287 0.002029 -0.003153 -0.003904
1341839350.073811 0.001203 -0.001642 -0.0003058 0.004524 -0.003189 -0.003305
1341839350.109658 0.001298 0.003252 -0.002977 0.00485 -0.001948 -0.001443
1341839350.141699 0.001793 0.001289 -0.001223 -0.001648 0.002855 0.003248
1341839350.173592 0.001492 -0.003966 0.002575 -0.006083 -0.002726 0.005911
1341839350.209540 0.006611 -0.004161 0.008105 0.002364 -0.01064 -0.00225
1341839350.241825 0.0005565 0.002461 -0.003311 0.009419 -0.003337 -0.009844
1341839350.280659 0.0001905 0.001014 -0.002885 -0.001197 -0.003589 0.0004147
1341839350.341753 0.008119 -0.001965 0.005057 -0.001518 -0.01117 0.002969
1341839350.377683 0.002463 -0.002063 0.0005109 -0.0003498 -0.008058 -0.0003142
1341839350.409741 0.002171 0.001796 -0.0005563 0.001431 -0.01059 -0.002637
1341839350.441672 0.003667 8.171e-05 0.002357 -0.001045 -0.007507 -0.003801
1341839350.477741 0.002332 -0.001713 0.002627 -0.001893 -0.012 -0.002738
1341839350.509690 0.007007 -0.004734 0.009216 0.001521 -0.01633 0.0003342
1341839350.545700 -0.001973 0.005004 -0.006655 0.007768 -0.00914 -0.005257
1341839350.577579 0.004442 -0.0003782 0.004869 -0.005252 -0.01219 -0.00388
1341839350.609742 0.006894 -0.003701 0.007438 0.001267 -0.01144 -0.001044
1341839350.645797 -0.002231 0.003498 -0.007466 0.002054 -0.01067 -0.005335
1341839350.677685 0.008874 -0.003668 0.0126 -0.004732 -0.01904 -0.005726
1341839350.713681 0.006786 -0.003335 0.005138 0.005778 -0.008379 -0.007717
1341839350.745657 -0.002213 0.003558 -0.01069 0.002487 -0.007674 -0.003772
1341839350.777685 0.007487 -0.00271 0.00935 -0.008167 -0.01685 -0.003973
1341839350.814622 0.01023 -0.006278 0.01144 0.003147 -0.01124 -0.007504
1341839350.845591 0.0006078 0.001362 -0.00872 0.006548 -0.005266 -0.003498
1341839350.877688 0.00351 -0.0002392 0.001899 -0.007037 -0.01362 -3.595e-05
1341839350.913769 0.01026 -0.005324 0.01275 -0.0006417 -0.01029 -0.001181
1341839350.945777 0.002784 -0.0005985 -0.002388 0.006117 -0.005512 -0.001238
1341839350.981684 0.002655 0.003112 -0.002579 -0.0005555 -0.006032 0.0006179
1341839351.013674 0.006403 -0.0003495 0.006178 -0.006716 -0.00758 -0.002953
1341839351.089039 0.01058 -0.001168 0.00295 0.005139 -0.008311 -0.008488
1341839351.145768 0.01378 0.001518 0.006365 -0.005535 -0.007716 -0.008586
1341839351.181916 0.003725 0.001216 -0.003601 -0.0004843 0.0001187 0.001367
1341839351.213695 0.006042 -0.0005255 0.002546 -0.003998 -0.004015 0.0007159
1341839351.249720 0.006767 -0.0004529 0.003398 0.0008661 -0.003003 -0.006607
1341839351.281788 0.005918 -0.002433 -0.0004773 0.00377 -0.002589 -0.00458
1341839351.313675 0.004398 0.001838 -0.004048 0.003093 -0.001965 -0.001963
1341839351.349751 0.007067 -6.875e-05 0.001036 -0.00015 -0.0006062 -0.001558
1341839351.381672 0.005942 -0.002317 -0.001151 0.001116 0.0008082 0.0007251
1341839351.413685 0.00479 0.0007658 -0.00377 0.001135 -0.0005773 5.571e-06
1341839351.449725 0.005799 0.001237 -0.002198 -0.0007753 0.0007922 -0.002872
1341839351.481707 0.006095 -0.00327 -0.0007228 -0.003151 -0.0001854 -0.0003989
1341839351.517772 0.004668 -0.004265 -0.00187 -0.001551 -0.004681 0.006669
1341839351.549797 0.005412 0.001317 -0.0001249 0.003729 -0.004614 -0.003814
1341839351.581689 0.004604 -0.003916 -0.001683 0.003245 -0.003813 -0.005171
1341839351.617604 0.001737 -0.0007638 -0.007894 0.003684 -0.005861 -0.0002478
1341839351.649696 0.004424 -0.00241 -0.0007278 -0.002739 -0.01041 0.001495
1341839351.685817 0.007339 -0.006836 0.004716 0.003824 -0.01032 -0.005911
1341839351.717596 -0.0002975 0.002571 -0.01318 0.01085 -0.009295 -0.009697
1341839351.749639 0.001667 0.005873 -0.00791 0.0005373 -0.008259 -0.01341
1341839351.785625 0.007883 -0.00213 0.003732 -0.003909 -0.002337 -0.01021
1341839351.817627 0.004063 -0.005723 -0.003023 -0.0009996 -0.004086 0.0006119
1341839351.849686 0.004879 0.002309 -0.001788 0.0003411 -0.01038 -0.007209
1341839351.885694 0.007862 -0.005996 0.00662 -0.000504 -0.009055 -0.008112
1341839351.917729 0.002143 0.0001896 -0.004295 0.007417 -0.006609 -0.004274
1341839351.953535 0.003248 0.002464 -0.002473 0.002181 -0.005524 -0.0009227
1341839351.985658 0.006037 -0.0009376 0.001879 -0.0004554 -0.006988 -0.0006963
1341839352.017647 0.006057 0.0008998 0.002217 0.004866 -0.004342 -0.004761
1341839352.053642 0.003859 0.0004127 -0.003303 0.00485 -0.0004482 0.0009758
1341839352.085774 0.002988 0.003245 -0.004497 -0.0005565 -0.00462 0.002576
1341839352.117716 0.007493 0.0006854 0.004505 -0.002203 -0.004961 -0.00253
1341839352.153646 0.005156 -0.002481 -0.0002097 0.00258 -0.002382 -0.0004011
1341839352.185652 0.00165 0.003868 -0.00758 0.002489 -0.00674 0.0005932
1341839352.221735 0.0062 0.002842 0.00202 -0.00194 -0.007237 -0.002907
1341839352.253736 0.005421 0.002155 0.0003747 0.002688 0.0006235 -0.004868
1341839352.285752 0.002572 -0.0007435 -0.00573 -0.003168 -0.001121 0.005147
1341839352.321760 0.006752 0.0006806 0.0022 -0.003918 -0.009305 0.003537
1341839352.353789 0.007207 0.00162 0.004343 0.00406 -0.003529 -0.009538
1341839352.385803 0.002755 -0.002467 -0.004799 0.003492 -0.00256 -0.003086
1341839352.421731 0.001927 0.006956 -0.007893 0.0002814 -0.007314 -0.001443
1341839352.453683 0.007106 0.004571 0.006871 -0.003666 -0.001423 -0.008649
1341839352.489870 0.004368 -0.004208 0.0005579 -0.001276 0.002591 0.003681
1341839352.521781 0.003345 0.001684 -0.005337 -0.002902 -0.01002 0.005665
1341839352.553740 0.007119 -9.523e-05 0.007951 -0.002145 -0.01094 -0.003169
1341839352.592712 0.003846 0.001366 -0.0006395 0.008658 -0.0009525 -0.008923
1341839352.653962 0.004483 0.00628 -0.009225 -0.003994 -0.008143 -0.001211
1341839352.692715 0.006715 -0.00203 0.005967 -0.00247 -0.001171 -0.0003047
1341839352.757603 0.006374 0.002186 -0.005777 0.003074 -0.0165 -0.005274
1341839352.792571 0.004607 0.003357 0.0035 0.002656 -0.003018 -0.01087
1341839352.857762 0.006066 -0.003086 -0.004628 -0.002033 -0.006707 0.003543
1341839352.889879 0.005047 0.002724 0.003529 -8.397e-06 -0.007799 -0.000274
1341839352.925639 0.004455 0.000528 0.001802 0.003973 -0.0008131 -0.007011
1341839352.960824 0.002341 -0.002656 -0.003056 0.001669 -0.003398 0.0003097
1341839353.025681 0.007963 0.002719 -0.0009376 -0.001184 -0.008293 0.001094
1341839353.057719 0.003734 -0.00273 0.0005957 0.001262 -0.002631 -0.002177
1341839353.089820 0.002308 0.001185 -0.003438 0.002243 -0.004753 -0.0001217
1341839353.125813 0.003947 0.001829 -7.845e-05 -0.0004932 -0.00236 -0.001839
1341839353.157710 0.004859 -0.002824 0.003423 -0.001574 -0.003487 -0.002143
1341839353.193938 0.002823 -0.0002452 -0.0005379 0.005373 -0.00233 -0.001151
1341839353.225679 0.002421 -0.0005478 -0.003748 -0.001037 -0.005813 -5.308e-05
1341839353.257913 0.005009 -0.002377 0.006347 -0.0005503 -0.007829 -0.002502
1341839353.296780 0.002326 -0.0003632 -0.00259 0.00604 -0.004537 0.0005344
1341839353.335548 0.002883 0.0006371 -0.004959 -0.003042 -0.01007 -0.002477
1341839353.364651 0.007102 -0.003025 0.008853 -0.003228 -0.01319 -0.006117
1341839353.400728 0.003213 0.001431 -0.0002722 0.008496 -0.003781 -0.008263
1341839353.432721 0.002712 0.003238 -0.009665 -0.0003786 -0.009205 -0.005119
1341839353.464780 0.007168 -0.0003147 0.00538 -0.008235 -0.01269 -0.009854
1341839353.500713 0.004106 0.002037 0.001815 0.004278 0.0009089 -0.005781
1341839353.532682 0.004527 -0.001079 -0.005887 -0.006959 -0.007145 0.004765
1341839353.568645 0.008055 -0.001259 0.01104 -0.00695 -0.01383 0.001337
1341839353.600681 0.007035 0.001794 0.004257 0.008817 -0.004629 -0.008837
1341839353.663071 0.01408 -0.001358 0.001012 -0.002872 -0.0107 -0.01617
1341839353.693949 0.007065 -0.0005939 0.004792 0.00174 -0.001782 -0.004147
1341839353.729827 0.006092 -7.884e-05 -0.001295 0.0003101 -0.003845 0.002559
1341839353.761755 0.007759 -0.0008039 0.002955 -0.003873 -0.006754 0.002826
1341839353.794339 0.008597 0.000675 0.005936 0.0009143 -0.004799 -0.002508
1341839353.838084 0.006902 -0.0002031 0.001856 0.001529 -0.001154 -0.003848
1341839353.900785 0.0154 -0.00075 0.006282 -0.002134 -0.01337 -0.001945
1341839353.961728 0.01432 -0.003226 0.00237 -0.002758 -0.01083 0.002283
1341839354.000918 0.007899 0.0009631 0.007007 0.0003426 -0.0109 -0.0069
1341839354.037947 0.004392 0.0005178 0.003808 0.003882 0.001169 -0.008222
1341839354.069412 0.005338 -0.001101 -0.00177 -0.001109 -0.006175 0.002894
1341839354.136797 0.01382 -0.002537 0.01293 -0.004268 -0.01038 -0.001218
1341839354.197963 0.01477 -0.001268 0.001583 -0.001319 -0.02431 -0.005689
1341839354.229618 0.00518 -0.0006207 0.008097 0.004103 -0.003622 -0.01126
1341839354.265633 0.004335 0.001122 -0.004502 0.003572 0.0005867 -0.00214
1341839354.298363 0.008195 -0.002689 -0.0007586 -0.01259 -0.006531 0.003459
1341839354.329689 0.007174 -0.0003006 0.01085 -0.002903 -0.004019 -0.00735
1341839354.366365 0.004631 0.0004629 0.0003062 0.00733 0.002182 -0.006923
1341839354.397620 0.005081 0.0009535 -0.004417 -0.004774 -0.008383 0.001321
1341839354.433710 0.007142 -0.003677 0.00845 -0.006904 -0.009528 -0.00174
1341839354.465713 0.005111 0.001046 0.003054 0.005797 -0.001808 -0.008215
1341839354.497576 0.00356 0.001265 -0.00463 0.0005498 -0.002109 -0.0006994
1341839354.533748 0.004627 -0.001175 0.002166 -0.00517 -0.003429 0.002826
1341839354.565577 0.00664 -0.0006142 0.0008141 -0.00199 -0.000803 0.001562
1341839354.597692 0.005734 -0.000974 0.001135 -0.001516 -0.002745 -0.002129
1341839354.633605 0.003492 0.000978 -0.000711 0.001505 -0.0008866 0.0001904
1341839354.665643 0.005228 -0.001579 -0.0001333 -0.00384 -0.001054 0.00216
1341839354.701714 0.005817 -0.003556 0.003321 -0.0001673 -0.003266 0.001749
1341839354.733804 0.005705 -0.0004991 -0.0009323 0.00566 -0.006824 -0.004446
1341839354.765616 0.004206 0.001097 -0.001352 0.004661 -0.003412 -0.00774
1341839354.801679 0.001602 0.00136 -0.002637 0.0009631 0.004548 -0.003692
1341839354.833771 0.005129 -0.002044 -0.001936 -0.004598 -0.0007598 0.004167
1341839354.865631 0.006775 -0.002598 0.003614 -0.0005531 -0.005838 -0.0006202
1341839354.901651 0.004865 0.0008956 -0.002719 0.005054 -0.002418 -0.005038
1341839354.933716 0.004571 -0.002085 -0.001608 -0.0009961 -0.005807 -0.002587
1341839354.969646 0.004641 -0.0003559 -3.732e-06 0.003335 -0.007084 -0.002686
1341839355.001713 0.004231 0.0008737 -0.003694 0.00168 -0.004104 -0.002276
1341839355.033725 0.00514 -0.000388 -0.002955 -0.001615 -0.006461 -0.0001575
1341839355.069603 0.006756 -0.003305 0.002361 -0.001801 -0.01089 -0.00526
1341839355.101627 0.002185 0.001184 -0.003494 0.007481 -0.002505 -0.003376
1341839355.137531 0.006116 0.002938 -0.01166 -0.00164 -0.01337 0.0002156
1341839355.169562 0.007677 -0.008597 0.008442 -0.007134 -0.01438 -0.01105
1341839355.201760 0.00376 0.003038 -0.007023 0.01093 -0.001776 -0.008988
1341839355.237695 0.003258 0.005141 -0.01154 -0.002091 -0.009413 -0.0006885
1341839355.269652 0.005674 -0.009095 0.008083 -0.01028 -0.01367 -0.0047
1341839355.301616 0.005447 0.001304 -0.0009996 0.009947 -0.004259 -0.009332
1341839355.337610 0.004015 0.005848 -0.008555 0.003126 -0.003941 -0.0009391
1341839355.369612 0.002993 -0.003463 0.004279 -0.009504 -0.0086 0.001958
1341839355.405623 0.006 -0.002596 0.003765 0.002649 -0.01124 -0.0004715
1341839355.437629 0.005185 -0.001723 -0.0008264 0.005251 -0.01556 -0.008701
1341839355.469756 0.002129 0.002508 -0.000646 0.01085 -0.01378 -0.009178
1341839355.505688 0.0044 0.004591 -0.00644 0.003896 -0.008397 -0.003972
1341839355.537644 0.002531 0.0007116 0.0009587 -0.001771 -0.00263 0.001516
1341839355.569700 0.004654 0.001478 -0.0009579 -0.00202 -0.00467 0.004468
1341839355.605650 0.003315 -0.001903 0.002462 -0.003124 -0.004556 0.004004
1341839355.637626 0.006164 -0.001636 8.814e-05 -0.000705 -0.007735 -0.001886
1341839355.673784 0.002646 8.515e-05 0.001209 0.002291 -0.005183 -0.004425
1341839355.706249 0.005106 0.003983 -0.003908 0.00346 -0.00598 0.0003873
1341839355.739256 0.004409 -0.001351 -0.0007809 -0.006234 -0.004178 0.0007157
1341839355.774017 0.00397 -0.004497 0.004958 -0.002669 -0.006128 -0.004071
1341839355.806602 0.005645 0.002968 -0.003211 0.004856 -0.003352 -0.002125
1341839355.838477 0.004351 0.001675 -0.001444 -0.002486 -0.00395 0.001214
1341839355.876285 0.00391 -0.005632 0.006916 -0.003881 -0.007403 -0.004315
1341839355.909298 0.00566 0.0006499 -0.001126 0.007018 -0.005321 -0.005922
1341839355.942206 0.004944 0.003663 -0.003486 0.001568 -0.003842 -0.0004884
1341839355.974188 0.00457 -0.003184 0.003479 -0.003289 -0.004597 -0.001754
1341839356.041846 0.01469 0.008405 -0.006507 0.003386 0.001242 0.006125
1341839356.073656 0.004619 -0.007117 0.004944 -0.01257 -0.004763 -0.0005116
1341839356.109615 0.006489 -0.002544 0.004052 0.003626 -0.001043 -0.009884
1341839356.141597 0.00621 0.008132 -0.006162 0.007621 -0.002305 -0.00698
1341839356.173684 0.003231 9.781e-05 0.003668 -0.002886 -0.007447 -0.008446
1341839356.209613 0.0038 -0.001561 0.003725 0.003657 -0.00349 -0.004295
1341839356.241782 0.006984 0.004502 -0.004474 0.005458 -0.003541 -0.00044
1341839356.273675 0.004083 0.0005988 0.0009681 -0.001871 -0.003151 -0.006787
1341839356.309726 0.003087 0.001311 0.002215 0.002192 -0.002873 -0.006399
1341839356.342087 0.00306 0.003671 -0.001595 0.004814 0.0007287 0.001435
1341839356.377564 0.003957 0.003954 -0.002674 5.967e-05 -0.002457 0.008312
1341839356.409691 0.003584 -0.003903 0.003903 -0.005467 -0.006299 0.0003695
1341839356.441698 0.004116 -0.0007082 0.000434 0.003416 -0.003596 -0.001765
1341839356.477584 0.004139 0.001547 -0.002903 0.001341 -0.005851 -0.002108
1341839356.509645 0.002342 -0.003425 0.00468 -0.0003173 -0.008268 -0.006707
1341839356.541706 0.003034 0.001564 -0.001917 0.006545 -0.006974 -0.003033
1341839356.577608 0.004179 0.000465 -0.002393 0.001489 -0.006461 0.001446
1341839356.609837 0.002902 -0.003569 0.00143 -0.001773 -0.005152 -0.0008156
1341839356.645735 0.004533 -0.0003301 -0.0007433 0.003254 -0.007602 -0.003809
1341839356.677975 0.005074 0.001958 -0.002364 0.003118 -0.005426 -0.000897
1341839356.709843 0.005813 0.002761 -0.003315 -0.0009659 -0.006644 0.003616
1341839356.745847 0.004467 -0.005998 0.002581 -0.008444 -0.007147 -0.004911
1341839356.777774 0.004516 -0.0009011 0.002091 0.001591 -0.004188 -0.004086
1341839356.809802 0.00786 0.005147 -0.004549 0.001799 -0.009255 -0.0005842
1341839356.845719 0.006057 -0.006299 0.003611 -0.01067 -0.009345 -0.01164
1341839356.877710 0.004084 -0.002558 0.006382 0.0008675 -0.002187 -0.007686
1341839356.913747 0.008241 0.008816 -0.005246 0.006751 -0.00879 0.006401
1341839356.945651 0.008283 -0.007973 0.00331 -0.01422 -0.01479 -0.005644
1341839356.978052 0.005859 -0.006966 0.009364 -0.003047 -0.001695 -0.009351
1341839357.013861 0.009086 0.01046 -0.005166 0.007823 -0.005422 0.002701
1341839357.046107 0.007675 -0.006953 0.006697 -0.01235 -0.01565 -0.008509
1341839357.077622 0.003657 -0.01291 0.0122 -0.004175 -0.002512 -0.01419
1341839357.113806 0.008109 0.01047 -0.003432 0.01599 -0.006185 0.005593
1341839357.146224 0.01238 -0.003713 -0.003586 -0.01088 -0.01898 -0.001616
1341839357.181674 0.00259 -0.01749 0.01736 -0.01231 -0.002003 -0.01458
1341839357.213755 0.007906 0.004124 -1.634e-05 0.01364 0.001008 -0.001234
1341839357.245802 0.01156 0.005197 -0.0033 0.001626 -0.009144 0.003202
1341839357.281655 0.007083 -0.008385 0.007403 -0.01016 -0.002551 -0.0042
1341839357.313687 0.004247 -0.002763 0.007209 0.0004353 0.001842 -0.001574
1341839357.349654 0.007508 0.004397 -0.0005842 0.004643 -0.007092 0.003903
1341839357.381649 0.008895 -0.007276 0.003548 -0.008153 -0.01147 -0.009726
1341839357.413668 0.005741 -0.00524 0.006991 0.001734 -0.00253 -0.01167
1341839357.449913 0.01167 0.01084 -0.007157 0.008268 -0.005241 0.005972
1341839357.481703 0.005246 -0.006489 0.004266 -0.01244 -0.006201 0.00403
1341839357.514956 0.005713 -0.01003 0.00757 -0.005016 -0.005131 -0.007678
1341839357.549716 0.008469 0.002325 0.0001064 0.007337 -0.002055 -0.005743
1341839357.581581 0.008492 0.01129 -0.004953 0.005604 -0.007243 0.009355
1341839357.617637 0.005472 -0.009968 0.005952 -0.01353 -0.008906 -0.001137
1341839357.649685 0.003968 -0.01084 0.009603 -0.001876 0.0008897 -0.009172
1341839357.681786 0.008988 0.01047 -0.006672 0.01442 -0.001075 0.003089
1341839357.717826 0.008912 0.003877 -0.00454 -0.003518 -0.01151 0.004744
1341839357.749655 0.002018 -0.01333 0.01127 -0.01071 0.001434 -0.004315
1341839357.781624 0.00737 0.00441 -0.004263 0.01029 0.00631 0.004629
1341839357.817786 0.008647 0.007573 -0.006754 -0.0006813 -0.006433 0.006414
1341839357.849783 0.001629 -0.0128 0.009225 -0.01248 -0.0004378 -0.007105
1341839357.885712 0.00623 -0.001273 7.011e-05 0.005583 0.004446 -0.003691
1341839357.917712 0.008259 0.01011 -0.008581 0.007652 -0.0006588 0.006831
1341839357.949667 0.005054 -0.005262 0.0009622 -0.009522 -0.003942 0.001403
1341839357.985579 0.003044 -0.007222 0.006473 -0.001072 0.004068 -0.0009224
1341839358.017628 0.009086 0.01119 -0.01032 0.009825 -0.0022 0.008968
1341839358.049615 0.002938 -0.005432 0.001249 -0.009644 -0.004409 0.002313
1341839358.085696 0.003868 -0.008327 0.002408 -0.001729 -0.0006743 -0.001989
1341839358.117598 0.008724 0.00571 -0.007124 0.005523 -0.003833 -0.000613
1341839358.153682 0.001546 -0.005024 0.002933 -0.003826 -0.0008605 -0.00242
1341839358.185801 0.006159 0.0001015 -0.002208 0.004062 -0.002763 0.002199
1341839358.217780 0.00505 -0.001813 -0.0008838 -0.0008551 -0.004788 -0.001851
1341839358.253603 0.003549 -0.006472 0.002385 0.0001648 -0.001987 -0.005339
1341839358.285662 0.007206 0.004642 -0.003996 0.00958 -0.003708 0.001956
1341839358.321840 0.009649 0.004257 -0.005344 0.0008515 -0.006197 0.005147
1341839358.353833 0.002341 -0.008784 0.004872 -0.007789 0.002194 -0.0002664
1341839358.385678 0.007062 0.002564 -0.003104 0.008193 0.001357 0.004324
1341839358.428788 0.01238 0.008198 -0.008895 0.0019 -0.007275 0.002898
1341839358.485712 0.01331 -0.003269 0.001769 -0.005346 0.003077 0.0004352
1341839358.521878 0.009451 0.0002823 -0.002107 -0.004719 -0.001058 -0.008479
1341839358.554882 0.001651 3.386e-05 0.006159 -0.0003533 0.0003107 -0.009447
1341839358.589750 0.005757 0.002125 0.00135 0.005726 -0.004267 -0.0005305
1341839358.621635 0.007668 -0.0002513 -0.0005253 0.002654 -0.006993 -0.00274
1341839358.653698 0.007179 -0.0001089 0.0009063 0.003883 -0.006856 -0.00869
1341839358.689793 0.01001 0.006371 -0.00358 0.006067 -0.002866 -0.001595
1341839358.721862 0.01041 0.007621 -0.003825 -0.001748 -0.00379 0.00697
1341839358.753842 0.004602 -0.007319 0.004696 -0.01232 0.001029 -0.001558
1341839358.789992 0.004723 -0.003676 0.00481 -0.0006727 0.006276 -0.003727
1341839358.821835 0.008543 0.006702 -0.004658 0.007833 -0.00175 0.0007555
1341839358.857631 0.009452 0.001648 -0.002923 -0.002065 -0.005079 0.001177
1341839358.889695 0.003439 -0.006279 0.005997 -0.005908 0.0028 -0.002635
1341839358.921673 0.006563 0.001828 -0.0002747 0.006633 0.001573 0.0003963
1341839358.957766 0.008064 0.002883 -0.00387 0.001217 -0.005799 0.001629
1341839358.989751 0.003624 -0.007131 0.005622 -0.003891 -0.001565 -0.004939
1341839359.021755 0.007297 -0.0006751 -0.0009716 0.007468 0.003528 -0.003164
1341839359.058178 0.007966 0.004891 -0.005782 0.004523 -0.002401 0.003383
1341839359.089826 0.005338 -0.004405 0.002235 -0.004118 -0.003291 -0.000442
1341839359.125660 0.0082 -0.001413 -0.0004333 0.001183 0.001453 -0.00328
1341839359.157759 0.005211 0.004523 -0.001986 0.003373 0.000129 0.0004118
1341839359.189872 0.005975 -0.001093 2.024e-05 -0.002842 -0.005044 -0.0005628
1341839359.225681 0.004448 -0.004013 0.003846 -0.001702 0.0004897 -0.00461
1341839359.257807 0.004937 0.00441 -0.0007326 0.007881 -4.918e-05 0.001154
1341839359.289681 0.007635 0.00301 -0.002989 -2.498e-05 -0.005856 0.004711
1341839359.325714 0.003102 -0.006076 0.005279 -0.005141 8.357e-05 -0.001609
1341839359.357757 0.005215 0.001547 -0.0006974 0.006748 0.006133 0.000247
1341839359.393776 0.007059 0.00806 -0.009208 0.003013 -0.00134 0.011
1341839359.425642 0.003103 -0.008474 0.003847 -0.01118 -0.001929 -0.0007058
1341839359.457813 0.00461 -0.002048 0.004224 0.004668 0.006792 -0.004394
1341839359.493829 0.007853 0.007617 -0.01019 0.00653 0.001043 0.005079
1341839359.525779 0.004159 -0.005014 0.001565 -0.008808 -0.00297 0.002803
1341839359.561710 0.005776 -0.003522 0.004585 0.001967 0.003725 -0.002514
1341839359.593664 0.009778 0.005955 -0.009123 0.006321 0.002141 -0.0005484
1341839359.625670 0.006397 0.0005952 -0.001619 -0.007351 -0.00314 0.002899
1341839359.661897 0.00478 -0.003412 0.005462 -0.003972 0.002444 -0.0007002
1341839359.694301 0.008005 0.00198 -0.002848 0.002343 0.001473 -0.003028
1341839359.725642 0.005842 0.001772 -0.0004879 0.0004546 -0.001937 -0.003179
1341839359.761750 0.005195 8.65e-06 0.001159 -0.000104 0.001504 0.0006457
1341839359.793758 0.007239 0.002723 -0.003387 0.001042 0.0006977 0.006045
1341839359.829704 0.006055 -0.001253 0.0005214 -0.004792 -0.003765 0.0004755
1341839359.861791 0.004322 0.002144 0.003925 0.006501 -0.000701 -0.003088
1341839359.893777 0.0103 -0.001547 -0.007309 -0.001201 -0.003307 -6.672e-05
1341839359.929739 0.006633 -0.001371 0.001005 -0.008559 -0.0007296 -0.0008071
1341839359.961705 0.006884 0.0003648 0.002998 0.0002889 -0.002184 -0.00284
1341839359.993730 0.006025 -3.595e-05 -0.0002261 0.001327 0.004234 -0.003584
1341839360.029709 0.01025 0.001896 -0.00639 -0.002148 -0.003064 0.006667
1341839360.061822 0.007576 0.001682 0.004269 -0.00328 -0.004218 -0.0026
1341839360.100893 0.005588 0.006071 0.005205 0.01433 0.002117 -0.006253
1341839360.137502 0.01396 -0.008771 -0.007044 -0.006632 -0.007554 -0.00472
1341839360.201017 0.01212 0.001302 0.01217 0.00672 0.002162 -0.01025
1341839360.236907 0.01085 -0.004595 -0.006151 -0.002009 -0.0005739 -0.0002985
1341839360.269741 0.007256 -0.0009261 0.001752 -0.002878 -0.002803 0.003813
1341839360.305127 0.009593 -0.002575 0.001193 -0.002731 0.001189 0.001494
1341839360.337161 0.009459 0.001068 0.001275 0.0003512 0.0002448 -0.001625
1341839360.371370 0.006305 0.0009132 0.00177 0.001352 -0.002123 0.0003844
1341839360.404790 0.005371 -0.00114 0.0001005 0.0007184 0.003063 0.004564
1341839360.473022 0.02148 0.001275 0.004114 -0.001883 -0.008699 -0.0009587
1341839360.533749 0.01647 -0.009156 -0.006007 -0.01359 0.005038 0.004756
1341839360.565788 0.01029 0.005013 0.006004 0.0001154 -0.002341 -6.866e-05
1341839360.597615 0.009634 0.004085 0.003152 0.004935 -0.003412 -0.004709
1341839360.633615 0.00437 -0.003899 -0.001323 -0.003041 0.003144 -0.004696
1341839360.665699 0.009183 -0.001228 -0.0007171 -0.005463 -0.000625 -0.0006386
1341839360.697767 0.00499 0.002856 0.004015 -0.001446 0.005211 -0.001042
1341839360.733659 0.008505 0.0001538 0.0004976 -0.003255 0.004567 0.002013
1341839360.765779 0.01782 -0.001601 -0.0002207 -0.006926 -0.009122 0.002728
1341839360.801691 0.01065 0.007639 0.005461 0.003538 -0.005812 -0.006127
1341839360.833754 -0.006005 0.005029 0.003594 0.007653 0.01594 -0.007739
1341839360.865719 0.0099 -0.007999 -0.00938 -0.01065 0.002483 0.003755
1341839360.901694 0.01461 -0.0005596 0.001788 -0.01086 -0.007751 0.00512
1341839360.965710 0.01568 0.003524 0.006896 0.005598 0.001694 -0.007989
1341839361.002295 0.008726 -0.004429 -0.005358 -0.009756 -0.00377 -0.0003997
1341839361.033764 -0.001131 0.008073 0.009124 0.003577 0.00752 -0.002008
1341839361.102289 0.02289 -0.006522 -0.009192 -0.00731 -0.003133 0.005836
1341839361.169771 0.003939 0.004452 0.009409 0.008139 0.01372 -0.006433
1341839361.201803 0.02292 -0.006545 -0.009846 -0.008895 -0.01713 0.003858
1341839361.233892 0.006207 0.005614 0.006627 0.001697 -0.004184 -0.005469
1341839361.269677 -0.001644 0.0007189 0.002928 0.00714 0.01263 -0.004502
1341839361.301795 0.012 -0.00479 -0.01659 -0.005333 -0.001576 0.007771
1341839361.337636 0.009466 0.002311 0.001654 -0.007388 -0.006953 0.002599
1341839361.369704 0.005343 0.002459 0.007823 0.005212 0.001919 -0.006654
1341839361.401585 0.005199 -0.001121 -0.009248 0.001368 0.005785 -0.000857
1341839361.437714 0.008928 -0.002883 -0.005165 -0.00736 -0.006042 0.009384
1341839361.469733 0.006198 0.002727 0.006509 -0.0004139 -0.001829 -0.0006528
1341839361.501602 0.006467 -0.001794 0.003671 0.005825 0.004016 -0.002825
1341839361.537692 0.006216 -0.002289 -0.0127 6.189e-05 -0.001321 0.003785
1341839361.569984 0.005512 0.001139 0.001147 -0.005344 -0.002111 0.0003502
1341839361.606542 0.006333 -0.002223 0.004985 0.002469 0.00143 0.003177
1341839361.637785 0.007468 -0.0009614 -0.007606 0.002003 -0.001476 0.004203
1341839361.708797 0.01124 0.001265 0.001512 -0.0001791 -0.00941 -0.009403
1341839361.773788 0.01075 0.001657 -0.01092 0.0001885 -0.004931 -0.008398
1341839361.805940 0.007206 0.004535 0.006323 -0.003019 0.002002 -0.001737
1341839361.837711 0.007351 -0.002201 0.002546 -0.0007754 0.004614 0.00343
1341839361.873794 0.00781 -0.001283 -0.002685 -0.0008957 -0.009559 0.005023
1341839361.905952 0.00305 0.003965 0.004298 0.004211 -0.003496 -0.009039
1341839361.937751 0.004831 0.0009039 -0.004684 0.002759 0.001895 -0.003422
1341839361.973665 0.005611 0.0009404 -0.00727 -0.004992 -0.002489 0.009772
1341839362.041782 0.01376 0.003993 0.0105 -0.002806 0.007332 -0.006419
1341839362.073669 0.005644 0.0004736 -0.0153 -0.003379 0.002136 0.01172
1341839362.105771 0.006919 0.001628 0.0051 -0.009024 0.0001794 0.002841
1341839362.141801 0.007188 -0.0005117 0.005593 0.001776 0.003391 -0.002581
1341839362.173951 0.005533 -0.001056 -0.004394 0.0009423 -0.0003115 -9.879e-05
1341839362.205868 0.00544 -2.197e-05 0.0002466 -0.00043 -0.002724 -0.002623
1341839362.244834 0.005897 0.001556 -0.002194 0.0007925 0.002672 0.0002216
1341839362.309766 0.01245 -0.0024 0.001859 -0.001382 0.0006453 0.006079
1341839362.342256 0.005727 0.00107 -2.134e-05 0.0005527 0.003041 -0.0006324
1341839362.375616 0.005022 -0.001805 -0.001758 -0.001672 -0.001003 0.004702
1341839362.409857 0.00578 0.002359 0.003788 0.0009054 0.0002967 -0.003875
1341839362.441822 0.005927 0.0003151 3.958e-05 0.003496 0.004749 -0.004582
1341839362.473901 0.004963 -0.002608 -0.003573 0.0001538 0.001477 0.004745
1341839362.509593 0.004109 0.002395 -0.002871 -0.000887 -0.002114 0.00369
1341839362.542222 0.007897 0.0009028 0.00712 -0.0009574 0.002802 -0.0008726
1341839362.577899 0.006125 -0.004153 0.001718 0.001855 0.002945 0.0009894
1341839362.617020 0.003631 0.0002072 -0.004729 0.001774 -0.0009613 0.001455
1341839362.649367 0.007454 0.003023 0.003866 0.0002973 0.001753 -0.008733
1341839362.680746 0.007672 -0.005232 0.0004698 0.00125 0.007339 -0.0005417
1341839362.716791 0.002108 -0.003959 -0.007741 -0.002673 -0.001242 0.0118
1341839362.748669 0.005614 0.004117 0.00615 -0.004185 -0.003527 -0.01212
1341839362.784599 0.006087 -0.002396 0.001085 0.002486 0.003698 -0.01041
1341839362.816854 0.0003837 -0.00165 -0.01125 -0.001228 -0.0002925 0.01241
1341839362.848682 0.003768 0.002672 0.002425 -0.006821 -0.003563 0.001748
1341839362.884649 0.005242 0.0006352 0.004577 0.0009568 0.001393 -0.003486
1341839362.916705 0.001861 -0.0004101 -0.005741 0.002374 0.001297 0.005102
1341839362.952721 0.002011 0.001658 -0.001593 -0.003829 -0.002091 0.004536
1341839362.984800 0.004725 -5.041e-06 0.006104 -0.0005723 -0.000553 -0.002869
1341839363.016641 0.003424 0.0006173 -9.174e-05 0.006308 0.003126 -0.004178
1341839363.052753 0.001408 -0.002609 -0.005241 0.002734 0.001531 0.005048
1341839363.084836 0.001594 0.0009817 -0.001748 -0.002173 -0.003371 0.00257
1341839363.120807 0.004413 0.0006042 0.005154 0.001497 0.0003528 -0.005307
1341839363.152777 0.0005027 -0.001039 -0.005504 0.003266 0.003019 0.003228
1341839363.184689 0.0014 -0.0008129 0.001202 -0.003052 -0.001863 0.0007911
1341839363.220783 0.002997 -0.001831 0.003516 0.002581 -0.0009581 -0.003369
1341839363.252646 -0.0009338 0.001398 -0.006722 0.003543 0.0003311 0.003913
1341839363.288713 0.001424 0.000683 0.002688 -0.004426 -0.000213 -0.001448
1341839363.320693 0.00195 -0.00494 0.004869 0.00119 -0.001335 -0.0002645
1341839363.352718 -0.001085 0.000697 -0.004962 0.006416 -0.002849 -0.001994
1341839363.388705 -0.0008179 0.005047 -0.005429 -0.0001494 0.0009394 -0.0008124
1341839363.420746 0.001786 -0.000693 0.002585 -0.003943 0.001908 0.004338
1341839363.452892 0.0008941 -0.00233 0.001484 0.0001479 0.001025 0.007865
1341839363.488698 -0.0001455 0.002183 -0.001076 0.001649 -0.000486 -0.0008647
1341839363.520896 0.002267 0.001685 0.0001313 -0.0007329 0.001937 -0.009212
1341839363.556670 0.00112 -0.003254 -0.003248 -0.001607 0.0008755 0.006281
1341839363.588697 0.001033 0.0004306 0.001724 -0.001935 -0.002085 0.004377
1341839363.620692 0.003731 1.16e-05 0.006247 0.002404 -0.0008799 -0.0132
1341839363.656709 0.0008621 9.155e-05 -0.006873 0.007424 0.002212 -0.005648
1341839363.713762 0.005057 0.001806 0.00253 -0.00685 0.000279 0.00296
1341839363.749603 0.002473 -0.004034 4.635e-05 0.005202 0.00234 -0.0005576
1341839363.781800 -0.0002753 1.84e-05 -0.005432 0.0008762 -0.001164 0.00138
1341839363.817716 0.003607 0.001046 0.00313 -0.001645 -0.0007856 -0.004215
1341839363.849637 0.001866 -0.002099 -0.0008952 0.00216 0.00286 0.004298
1341839363.881770 0.0006286 -0.0008889 0.0006744 0.0001728 -0.000264 0.002282
1341839363.917738 0.002321 -0.0006796 0.001927 0.002291 0.0003767 -0.004477
1341839363.949778 -0.0008733 -0.002753 -0.004661 0.001301 0.0003793 0.006976
1341839363.985613 0.0006953 -0.00116 0.002547 -0.001264 -0.003763 0.006088
1341839364.017747 0.001943 0.000969 0.003867 0.005452 0.0005126 -0.0049
1341839364.049835 -0.0009944 -0.001736 -0.004731 0.003406 0.0008614 0.0002689
1341839364.085694 0.000923 0.0007084 -0.001346 -0.0008452 -0.002115 -0.001057
1341839364.117765 0.001177 0.0006379 -0.001078 0.001128 0.001453 0.003448
1341839364.149652 0.0004547 0.0007601 0.0006163 -0.0005596 0.00395 0.005043
1341839364.185672 0.001395 -0.005055 0.004785 -0.0009865 -0.001229 0.00478
1341839364.217809 -0.00102 0.002411 -0.002441 0.003893 -0.002192 -0.005844
1341839364.253809 0.0004443 0.0008946 0.0004955 0.0007399 0.0009514 -0.005968
1341839364.285702 -0.001399 -0.00123 -0.003221 -3.691e-05 -5.71e-05 0.001795
1341839364.317689 -0.0002956 -0.0003242 0.001206 -0.001285 -0.00202 0.002374
1341839364.353709 -0.0006237 0.0007944 0.0009543 0.001603 -0.0003309 -0.0008128
1341839364.385786 -0.001795 0.000221 -0.001588 0.0009793 0.0005535 -0.001716
