1341845820.787768 -0.002609 0.004472 -0.0005567 0.0006398 0.002958 0.003745
1341845820.819654 -0.002778 -0.00315 0.001723 -0.002054 -9.827e-05 0.003397
1341845820.851997 0.0008819 0.0002621 0.0006724 0.0003055 -0.001031 0.001677
1341845820.887882 0.0001472 -0.001014 0.001101 -0.0006293 -0.0001141 0.001288
1341845820.920082 0.002271 -0.003017 0.001283 0.001086 -4.105e-05 0.001536
1341845820.955790 0.0001056 0.0002425 -0.0001332 0.002803 0.001789 0.0002059
1341845820.987817 -0.00139 0.0008144 -0.0004928 0.001388 0.0009555 0.0003635
1341845821.019783 0.001102 0.0008011 8.978e-05 0.0002408 0.0002204 0.0003609
1341845821.055706 0.001879 0.000583 0.0001684 -0.0008501 0.0005889 -0.002687
1341845821.087831 -0.00129 0.001982 -0.0007142 -0.001707 0.003292 -0.0051
1341845821.119871 -0.007248 -0.001184 -0.0004116 -0.004218 -0.0003376 -0.003777
1341845821.155881 0.0003486 -0.003081 0.001504 -0.0006064 -0.005965 -0.001969
1341845821.188556 0.002415 0.004155 -0.001879 0.001071 -0.0043 -0.004067
1341845821.223751 -0.001026 0.003811 -0.0001337 -0.005257 -0.0006038 -0.004328
1341845821.256005 -0.003405 -0.008582 0.004047 -0.003595 -0.002279 0.00108
1341845821.287883 -0.0004672 0.002404 -0.001475 0.003969 -0.005054 0.002558
1341845821.323879 -0.002147 0.003192 -0.001183 2.891e-05 -0.00386 0.002693
1341845821.355690 0.003052 -0.001773 0.0005798 -0.001852 -0.005254 -0.0003373
1341845821.388161 0.0002535 0.00181 -0.0009871 0.0003672 -0.0009265 -0.003243
1341845821.424470 -0.003933 0.002549 -0.0001282 -0.003046 -0.001999 -0.0009398
1341845821.455778 0.002392 -0.004115 0.001402 -0.00155 -0.005522 0.002049
1341845821.488014 0.002837 0.003713 -0.001489 0.001067 -0.002598 -0.0005232
1341845821.524370 -0.003189 0.00207 -0.0004214 -0.003243 -0.0005816 -0.001311
1341845821.555644 0.00214 -0.001791 0.001462 -0.003665 -0.003311 0.0006703
1341845821.587677 0.003584 -0.002556 0.001951 -0.0003911 -0.0003494 0.001665
1341845821.623761 -0.00228 0.001445 -0.0004926 0.001209 0.002321 0.001342
1341845821.655725 -0.0006118 -0.0009462 0.001093 2.658e-05 0.0001593 0.002158
1341845821.691884 0.002097 -0.0006403 0.0007596 0.001947 -0.0004942 0.002195
1341845821.724228 0.001928 0.00351 -0.0004661 0.0007538 0.001141 -0.0007601
1341845821.755681 -0.0003413 -0.0001264 0.0005816 -0.001799 0.002479 -0.001935
1341845821.791636 -0.001744 0.001884 -0.0002727 -0.001483 0.001406 -0.0008622
1341845821.823697 -0.0009139 -0.002443 0.001819 -0.001835 -0.001044 0.003072
1341845821.855574 0.002174 0.0005012 -0.0002725 0.001917 -0.001978 0.003347
1341845821.891741 0.001149 0.003943 -0.0007012 -0.0003734 0.0003899 0.0001409
1341845821.923730 -0.001571 -0.0005922 0.0005687 -0.003274 0.0002533 -0.001262
1341845821.955750 0.001461 -0.001593 0.00148 -0.001586 -0.001073 6.368e-05
1341845821.991786 -0.0002666 -0.0004397 0.0001582 0.001071 -0.0007193 0.001577
1341845822.023863 0.00255 0.002498 -0.0008889 0.0005333 -0.001435 0.0004889
1341845822.059759 0.002031 -0.001897 0.0007952 -0.0002111 -0.0003191 5.275e-05
1341845822.091719 -0.0009417 0.004513 -0.001765 0.0009461 -5.769e-05 -0.0002276
1341845822.123689 0.00085 -0.0002739 0.0006156 -0.003839 -0.002072 0.0007029
1341845822.185916 0.01003 0.0005734 0.0004193 0.002014 -0.00171 -0.001486
1341845822.221838 0.0009256 -0.0003805 0.0001086 -0.003604 0.003428 -0.001655
1341845822.254004 0.002453 -0.004532 0.001036 0.0001467 0.001105 0.0006785
1341845822.289876 0.003164 0.004304 -0.002127 0.002247 0.001081 0.001944
1341845822.321804 0.002057 0.0003601 -0.0007747 -0.002016 0.0006363 0.002154
1341845822.353784 0.002853 -0.0001621 -0.0003195 -0.001381 -0.0003494 0.0009051
1341845822.391662 0.003272 0.00129 -0.0006879 -0.00151 -0.001154 -0.0001444
1341845822.428074 0.006165 -0.001715 0.001007 -0.001278 -0.0004681 0.0001649
1341845822.459970 0.00394 1.322e-05 -0.0003702 0.001338 0.0009119 -0.0001022
1341845822.495728 0.00423 0.00255 -0.0009789 0.0003498 0.0006234 -0.0003911
1341845822.527724 0.004965 -0.002116 0.001025 -0.0005931 0.0006924 0.0001345
1341845822.559648 0.004388 -0.0005188 -0.0003384 0.002103 0.001287 -0.001969
1341845822.595852 0.0009936 0.002327 -0.001393 0.0008163 0.0007607 -0.0003605
1341845822.627724 0.006238 -0.003446 0.0001885 0.0009134 -0.001776 -0.000503
1341845822.663716 0.009207 0.007603 -0.003434 0.001686 0.001121 -0.00665
1341845822.695601 0.001357 0.003229 -0.001028 -0.00739 0.005533 -0.006448
1341845822.731816 0.001401 -0.005222 0.0009033 -0.005461 0.0008135 -0.00241
1341845822.789911 0.006319 -0.0007886 0.00022 -0.002031 -0.001768 0.0005052
1341845822.825897 0.006809 0.0006699 -0.0006101 0.001755 -0.003009 -0.0001152
1341845822.859721 0.00711 0.005208 -0.001386 -0.001073 0.0005163 -0.003813
1341845822.889712 0.003617 0.0001676 0.001006 -0.004497 0.003129 -0.003073
1341845822.925900 -7.951e-06 -0.00192 0.000945 -0.002145 0.00239 0.001104
1341845822.957708 0.0007878 0.001778 -0.0008615 -0.0001878 -0.0008625 0.003304
1341845822.989939 0.005733 0.002358 -0.000268 -0.001994 -0.001504 0.0008635
1341845823.025889 0.001084 0.0002246 -0.0002341 -0.004128 0.0008944 -0.0007342
1341845823.057775 -0.001529 -0.0005797 -8.938e-05 -0.002995 -0.002475 0.0003625
1341845823.093671 0.005574 -0.0005506 0.0003469 -0.002931 -0.005568 6.438e-05
1341845823.125951 0.004348 -0.00142 0.0005352 -0.001778 -0.00229 -0.001811
1341845823.157773 0.002744 0.002162 -0.0009541 -0.0009736 -0.002607 -0.0003417
1341845823.193885 0.00843 -0.00486 0.002575 -0.001602 -0.001772 0.001482
1341845823.225800 0.005053 0.0006207 -0.000618 0.003963 0.002434 0.0006454
1341845823.261842 0.001477 0.0009814 -0.0007833 0.0005557 0.002516 0.001359
1341845823.293622 0.001298 -0.006104 0.002504 0.001376 -7.904e-05 0.002028
1341845823.325746 -0.0006698 0.002272 -0.002533 0.007386 -0.003771 0.0008777
1341845823.361852 0.004815 0.005753 -0.002712 -0.0003464 -0.007537 -0.001499
1341845823.394013 0.005954 -0.0009434 0.001119 -0.005008 -0.006192 -0.005943
1341845823.426028 0.009921 0.0008066 0.001756 -0.002413 -0.004312 -0.006042
1341845823.461869 0.003929 0.0008835 0.001066 -0.001359 0.001295 -0.002597
1341845823.493758 -0.0009369 0.0003064 0.0005206 -0.0005889 -0.001136 -0.0002041
1341845823.529780 0.00876 0.001364 0.0005067 -3.828e-06 -0.004782 -0.0002586
1341845823.561916 0.01164 0.002034 0.0006814 -7.827e-05 0.000748 -0.001151
1341845823.593678 0.002196 3.471e-05 -6.097e-05 -0.0005721 0.006251 -0.003625
1341845823.629815 -0.002812 3.663e-06 -0.0004766 0.000559 0.0007017 -0.0006605
1341845823.661750 0.01037 0.002306 -0.001252 0.001426 -0.003539 0.001493
1341845823.695523 0.01002 0.008237 -0.00342 -0.001934 0.003156 -0.003198
1341845823.729635 0.002862 0.0007523 0.0002791 -0.007516 0.005941 -0.003402
1341845823.761810 0.00509 -0.001943 0.002312 -0.004855 0.003254 -0.00119
1341845823.797871 0.008121 -0.001334 0.002161 -0.0005034 0.005125 0.00173
1341845823.829660 0.003236 0.003153 -0.002182 0.001671 0.007329 0.004183
1341845823.861808 0.007708 0.002272 0.0001458 -0.001368 0.005692 0.004046
1341845823.929826 0.006379 0.001077 0.0009399 6.41e-06 0.01454 0.006306
1341845823.961797 0.00392 -0.001839 0.001413 0.002431 0.001737 0.007029
1341845823.998070 0.006037 0.006172 -0.003124 0.003253 0.0002057 0.00373
1341845824.029656 0.00382 -0.0009777 0.0004703 -0.001954 4.896e-05 -0.002689
1341845824.065768 0.0003655 4.521e-05 0.0003942 0.0001743 -0.003238 -0.004353
1341845824.097956 -0.01251 -0.002063 0.01211 0.00277 -0.009157 -0.0003212
1341845824.130299 0.004666 -0.001119 0.001333 0.009738 -0.03287 0.003139
1341845824.165751 0.02435 -0.0002708 -0.002459 0.01037 -0.02744 7.771e-05
1341845824.197930 0.0128 0.01493 -0.004793 0.005694 -0.007672 0.0002797
1341845824.229907 0.009203 0.002886 0.002727 -0.008471 -0.001386 -0.0007526
1341845824.265800 0.01718 -0.001202 0.008361 -0.005356 0.004638 -0.002063
1341845824.298080 0.00235 0.001516 -0.0004024 -0.001793 0.0161 -0.000523
1341845824.333783 -0.005259 0.005891 -0.003375 -0.004164 0.008632 0.0004987
1341845824.365821 0.003082 -0.005616 0.004747 -0.005775 -0.002192 0.001324
1341845824.398039 0.01178 0.000226 0.002523 0.001685 -5.996e-05 0.002981
1341845824.433843 0.007101 0.004059 0.000374 0.0011 0.00666 -0.001456
1341845824.465921 0.0005812 0.001498 0.002411 -0.002412 0.007961 -0.009573
1341845824.501802 0.00398 -0.004111 0.004858 9.104e-05 0.00341 -0.009915
1341845824.533723 0.006127 -5.173e-05 0.0004049 0.004201 0.004201 -0.00766
1341845824.565735 0.004782 0.002826 -0.0006282 0.004852 0.005156 -0.005971
1341845824.601758 0.004294 0.001857 -0.0006738 0.001093 0.003747 -0.007264
1341845824.633861 0.005962 -0.002085 0.0008614 0.0009619 0.003074 -0.007918
1341845824.665789 0.006854 0.001795 -0.00155 0.001164 0.003288 -0.006195
1341845824.701769 0.008098 0.0008156 -0.001978 -0.000752 0.004876 -0.003829
1341845824.733585 0.001849 -0.001193 0.001604 -0.002785 0.005164 -0.003895
1341845824.769643 0.006514 -0.01064 0.006175 0.001441 0.001776 -0.001594
1341845824.801632 0.007838 0.007765 -0.00541 0.009279 0.005831 0.0008024
1341845824.833654 -0.000755 0.008859 -0.00398 -0.001928 0.005892 0.0002337
1341845824.869926 0.004911 -0.005386 0.004915 -0.00837 -0.0003265 -0.002243
1341845824.902071 0.006632 -0.004755 0.002597 0.001175 0.001 0.0009675
1341845824.933752 0.001389 0.007552 -0.002888 0.001058 0.001153 0.005557
1341845824.969855 0.001933 -0.006378 0.004787 -0.002341 -0.00315 0.003144
1341845825.001907 0.003634 0.001006 -0.0008882 0.003315 -0.006211 0.0009424
1341845825.037975 0.008895 0.004234 -0.003047 0.001458 -0.006884 0.00258
1341845825.075793 0.009679 0.00831 -0.002568 -0.003918 0.001138 -0.003485
1341845825.107881 -0.001421 0.001994 0.001148 -0.01061 0.001469 -0.004869
1341845825.143675 0.002727 -0.006589 0.005325 -0.007492 -0.003746 0.004726
1341845825.175707 0.006829 0.001887 -0.001701 -0.0007557 -0.003115 0.006352
1341845825.211865 0.003991 -0.001807 0.001491 -0.003252 -0.0008142 -0.0001654
1341845825.243814 0.001188 0.008056 -0.002418 -0.002481 -0.002968 -0.002731
1341845825.275795 0.008531 -0.00684 0.003497 -0.006802 -0.003718 0.0001142
1341845825.311665 0.00924 -0.0002427 -0.001124 -0.0008575 0.002003 -0.002145
1341845825.343650 -3.009e-05 -0.005502 0.005607 -0.0005991 0.003944 -0.003269
1341845825.379771 0.006208 0.004033 -0.006051 0.005535 -0.000871 -0.001678
1341845825.411924 0.005378 -0.002701 0.002392 -0.002433 0.00254 -0.003369
1341845825.443786 0.007815 -0.007168 0.00428 0.006313 0.003653 -0.001178
1341845825.480278 0.005658 0.004588 -0.007076 0.007816 0.007196 -0.006805
1341845825.511636 -6.13e-05 -0.002488 0.00156 0.00268 0.007736 -0.003038
1341845825.547911 0.004325 -0.001151 -0.001363 0.004528 0.003994 -0.003194
1341845825.579744 -0.000217 0.003219 -0.005617 0.001991 0.002638 -0.008403
1341845825.611784 0.005556 0.0008055 0.0009486 -0.003213 0.002298 -0.004993
1341845825.648004 -0.00627 0.0005906 0.002147 -0.001529 0.001771 0.003106
1341845825.679708 0.00884 -0.0007689 -0.001274 -0.003543 -0.00573 0.00103
1341845825.711937 0.01002 -0.004604 0.001256 -0.001093 0.004686 0.0009785
1341845825.747617 -0.001604 -0.004792 0.001345 0.002332 0.005592 0.003975
1341845825.779688 0.01067 -0.001987 -0.004319 0.005537 0.002566 0.004903
1341845825.815954 -0.0007594 -0.0001081 -0.001945 0.005272 0.005796 0.005399
1341845825.847829 0.00752 9.128e-05 -0.001419 0.003496 0.001088 0.00351
1341845825.879767 0.004635 0.002805 -0.002116 0.001589 0.005502 -0.002495
1341845825.915646 -0.0009001 -0.001813 0.003665 -0.0004403 0.00269 -0.001736
1341845825.947881 0.006161 -0.001225 0.0004161 0.001455 -0.001036 -0.002234
1341845825.979700 0.003177 0.0004292 -0.002468 0.0008142 0.002873 -0.006642
1341845826.015845 0.001406 -0.002804 0.00201 2.796e-05 0.002516 -0.001763
1341845826.047945 0.000943 0.003858 -0.003238 0.001277 0.0005938 0.0002961
1341845826.079731 0.007819 -0.002093 0.005775 -0.002841 0.0006022 -0.003939
1341845826.115655 -0.002828 0.002368 -0.003091 0.00111 0.005319 -0.001044
1341845826.147949 -0.0002222 -0.002794 0.004322 -0.001246 -0.001272 0.01039
1341845826.183767 0.005115 -0.001051 0.0003092 0.002843 -0.0007961 0.008655
1341845826.215780 0.0009362 0.0004906 -0.0004207 0.002604 0.002421 -0.0002779
1341845826.247732 0.003468 -0.0004936 0.003168 0.0001149 0.0008136 -0.009431
1341845826.283763 0.004262 0.001129 -0.000768 0.002177 0.004538 -0.009119
1341845826.315658 -0.00216 0.0003377 1.68e-05 0.0004419 0.007087 -0.003101
1341845826.347773 0.004008 -0.001248 0.0027 0.002238 0.002731 5.335e-05
1341845826.383718 0.001699 0.003059 -0.002779 0.003054 0.00537 -0.002679
1341845826.415712 0.002706 0.002832 -0.001727 0.0003575 0.004716 -0.003091
1341845826.447806 -0.0007745 -3.711e-05 0.002014 -0.001992 0.00472 0.001484
1341845826.483677 0.001831 -0.001073 0.003075 0.000621 0.0007879 -0.001357
1341845826.515677 0.002718 0.001151 -0.0004183 0.0006031 0.002189 -0.006308
1341845826.551684 -0.004057 -0.003134 0.003496 0.002229 0.00133 0.003928
1341845826.583716 0.006112 0.001125 -0.001458 0.003437 -0.002628 0.003829
1341845826.615875 0.00132 0.001669 -0.002516 0.002721 0.005839 -0.008606
1341845826.651722 -0.00296 -0.003962 0.003394 -0.001401 0.001049 -0.005368
1341845826.683753 0.002953 -0.004866 0.002506 0.005835 0.0002416 0.005361
1341845826.715643 -0.001212 0.0001365 -0.001815 0.008056 0.001873 0.00517
1341845826.751884 0.002973 -0.002056 -0.0009347 0.006511 -0.002161 -0.005303
1341845826.783713 -0.0009655 -0.001898 -0.001285 0.00586 0.002862 -0.002112
1341845826.819713 -0.007102 -0.005817 0.004257 0.006745 -0.003744 0.006711
1341845826.851701 0.00761 0.001658 -0.007769 0.009577 -0.007544 -0.002474
1341845826.884460 0.000469 0.0005183 -0.003382 0.001972 0.003714 -0.01051
1341845826.945792 -0.004762 -0.01359 0.001698 0.02034 -0.01616 0.01706
1341845826.981873 0.004939 0.005268 -0.009208 0.006827 0.003092 -0.01242
1341845827.013745 -0.009981 -0.007964 0.007984 0.0006191 0.002922 -0.01398
1341845827.045694 -0.006459 -0.01115 0.003992 0.01076 -0.009657 0.002281
1341845827.082458 0.008254 0.006142 -0.01214 0.0158 -0.007593 0.006383
1341845827.113645 -0.0008615 0.003662 -0.004193 7.791e-05 0.006662 -0.009076
1341845827.145773 -0.01102 -0.01208 0.01056 -0.0005047 -0.001116 -0.00042
1341845827.182474 0.003141 0.002943 -0.01078 0.009863 -0.008676 0.01136
1341845827.213974 0.0006872 0.008545 -0.007654 -0.001248 0.001012 -0.002907
1341845827.251751 -0.004761 -0.006851 0.008844 -0.008242 0.0005357 -0.007667
1341845827.313888 0.0004373 0.003289 -0.01114 0.019 -0.01467 0.004815
1341845827.349700 -0.0003002 -0.0008067 0.002276 -0.01042 0.006639 -0.01161
1341845827.381963 -0.008059 -0.007545 0.005793 -0.001547 0.0001671 0.00273
1341845827.413850 0.001106 0.0038 -0.007696 0.003188 -0.00522 0.008782
1341845827.449725 0.002923 0.003597 -0.003251 -0.002441 -0.0005199 0.003034
1341845827.488394 -0.002139 0.0007839 -0.00142 -0.006004 0.004791 -0.004294
1341845827.555964 -0.003856 -0.004216 0.002135 -0.004632 -0.003731 0.006248
1341845827.623688 -0.005394 0.003118 -0.0001061 -0.007304 0.002334 -0.008407
1341845827.656212 -0.004717 -0.006942 0.009051 0.001468 -0.002144 0.008343
1341845827.687624 -0.002544 0.00459 -0.007923 0.008237 -0.00555 0.01177
1341845827.723697 0.0001706 0.006206 -0.004811 -0.002115 -0.004134 -0.006469
1341845827.755778 -0.003279 -0.003196 0.00443 -0.004393 -0.0007078 -0.007379
1341845827.791657 -0.008499 0.0004836 0.002657 3.033e-05 -0.004927 0.002648
1341845827.823845 0.002146 0.001311 -0.006438 9.632e-05 -0.008367 0.001609
1341845827.855606 -0.00308 0.004058 -0.002178 -0.003834 -0.001481 -0.004782
1341845827.891685 -0.009252 0.000823 0.005253 -0.005261 -0.004396 -0.002822
1341845827.923824 -0.003229 -0.002945 0.001802 -0.002484 -0.008613 0.002012
1341845827.959777 -0.001351 0.001834 -0.007546 -0.0006419 -0.005502 -0.001933
1341845827.991672 -0.008014 -0.001879 0.005027 -0.003522 -0.003453 -0.003637
1341845828.023726 -0.006258 -0.001835 -0.001105 0.002405 -0.007797 0.0009191
1341845828.059622 -0.002137 0.001981 -0.004737 0.00128 -0.006919 -0.0003248
1341845828.091720 -0.003565 0.0003035 -0.001415 -0.0005746 -0.003777 -0.001083
1341845828.127612 -0.004688 -0.002451 0.00126 -3.523e-05 -0.00275 -0.002162
1341845828.159638 -0.006337 0.001081 -0.001844 0.002357 -0.003985 0.00174
1341845828.191711 -0.001226 0.003305 -0.004535 -0.0003046 -0.00509 0.004314
1341845828.227644 -0.006467 -0.002427 0.002329 -0.003289 -0.002539 -0.001941
1341845828.259785 -0.002026 -0.0002167 -0.002872 -0.0008399 -0.005276 -0.005975
1341845828.291687 -0.004044 0.001951 -0.00144 -0.002655 -0.002563 -0.003693
1341845828.327803 -0.00503 -0.004388 0.002469 -0.00245 -0.00338 0.001117
1341845828.359694 -0.005397 -0.0003706 -0.002392 0.001919 -0.003348 -0.0002485
1341845828.395928 -0.004701 0.001722 -0.002093 -0.0006816 -0.004848 -0.002696
1341845828.427803 -0.002747 -0.001246 -0.0009815 -0.0003561 -0.002829 0.0006903
1341845828.459660 -0.007081 0.002027 -0.002226 -0.0004745 -0.001755 -0.0007013
1341845828.495761 -0.005022 -0.003435 0.002849 -0.002671 -0.004016 -0.003451
1341845828.527686 -0.002674 -0.002817 -0.0007159 0.00344 -0.003304 0.002647
1341845828.595750 -0.009589 0.002765 -0.00365 0.0001939 -0.004575 -0.000107
1341845828.654055 -0.009079 0.000802 -0.003209 0.003913 -0.006786 0.0001109
1341845828.689681 -0.0007465 -0.001663 0.001709 -0.003065 -0.003014 -0.0009681
1341845828.721870 -0.003872 -0.003358 0.0009049 0.0005213 -0.0002319 -0.001322
1341845828.757706 -0.005862 0.002918 -0.0009652 0.001645 -0.001171 -0.004178
1341845828.789650 0.001915 0.0008714 9.39e-06 -0.001207 -0.001105 -0.006632
1341845828.821914 -0.006589 -0.003674 0.0008862 -0.0009808 0.003507 -0.002918
1341845828.857781 -0.005756 0.000811 -0.0009559 0.002111 0.001213 -0.001726
1341845828.889770 -0.003051 0.001261 -0.0002413 0.0003005 0.0002388 -0.001551
1341845828.931671 -0.0009678 -0.0004116 1.65e-05 -3.812e-05 0.001771 0.0008727
1341845828.989696 -0.01158 0.001493 -0.0003522 -0.003564 0.006877 0.002226
1341845829.025626 -0.006268 -0.00457 0.002149 -0.0009016 0.002691 0.003556
1341845829.063840 -0.008453 0.001301 -0.000902 0.001915 0.0006237 0.003365
1341845829.089737 -0.002613 -0.001368 0.001725 -0.000333 -0.001746 -0.001126
1341845829.125754 -0.00729 0.00156 -0.0007024 0.0012 0.00144 0.0003426
1341845829.158048 -0.01059 0.001659 -9.443e-05 -0.001218 -0.001623 0.0004295
1341845829.193669 -0.0009553 0.003403 -0.001751 -0.003451 -0.003376 -0.004576
1341845829.225742 -0.005105 0.0007437 0.000845 -0.006792 0.001269 -0.004212
1341845829.257763 -0.005572 -0.0007682 0.0004026 -0.005351 0.002021 0.0001342
1341845829.293851 -0.006875 7.51e-05 0.0005351 -0.004627 0.002018 0.001839
1341845829.325861 -0.0007208 0.002633 -0.0002045 -0.004029 0.001631 0.001569
1341845829.357901 -0.008003 -0.0002449 0.0001015 -0.006231 0.007241 -0.0001633
1341845829.393704 -0.008371 -0.001994 0.001306 -0.003849 0.00335 0.00344
1341845829.425831 -0.002935 -0.003826 0.001971 -0.0004298 0.002204 0.004248
1341845829.461720 -0.004952 0.01002 -0.003588 0.001774 0.004008 -0.002121
1341845829.493662 -0.004067 0.0002223 0.001907 -0.01061 0.005218 -0.005772
1341845829.525846 -0.007976 -0.00985 0.004754 -0.002674 0.0049 0.003868
1341845829.561864 -0.009034 -0.001185 0.0001724 0.005179 -0.0001973 0.005536
1341845829.593763 -0.001298 0.01082 -0.003835 0.003548 -0.002423 -0.0006113
1341845829.625785 -0.0002495 0.001981 0.001108 -0.009949 0.003075 -0.004915
1341845829.661787 -0.009221 -0.009699 0.003255 -0.005604 0.005705 0.001199
1341845829.693835 -0.0129 -0.005298 0.001415 0.00525 -0.001922 0.009493
1341845829.729747 0.005928 0.01312 -0.0008988 0.006529 -0.004798 0.006087
1341845829.761817 0.00652 0.004463 0.003923 -0.00726 0.008592 -0.0009093
1341845829.793840 -0.01649 -0.004705 0.0006699 -0.005463 0.01239 0.001712
1341845829.829803 -0.007417 -0.002506 0.002041 -0.001491 -0.001708 0.008126
1341845829.861640 0.0137 -0.0002069 0.003046 0.002418 0.0003684 0.003138
1341845829.897840 -0.01599 0.0101 -0.004669 -0.001679 0.01386 -0.006327
1341845829.929703 -0.01376 -0.007761 0.00724 -0.00796 0.0004762 -0.001188
1341845829.962023 0.005567 2.965e-05 0.002766 0.003907 -0.004261 -0.0003858
1341845829.997954 -0.003412 0.01772 -0.003016 -0.0009451 0.008605 -0.002792
1341845830.029819 -0.0157 -0.001173 0.003594 -0.01225 0.003211 -0.0005095
1341845830.061836 0.0007681 -0.0112 0.009718 -0.002101 -0.004607 0.001033
1341845830.097885 -0.006268 0.01472 -0.005536 0.006546 -0.0004067 -0.001019
1341845830.129668 -0.003631 0.007578 0.0009114 -0.009887 -0.0005284 -0.003387
1341845830.165590 0.00851 -0.01023 0.01249 -0.007053 0.001391 -0.004139
1341845830.197779 -0.01251 0.006258 -0.006125 0.004133 0.01234 -0.009166
1341845830.229883 -0.015 -0.002019 0.003432 -0.005169 -5.69e-05 -0.0005237
1341845830.265730 0.0062 -0.003853 0.005104 0.002906 -0.003784 -8.13e-05
1341845830.297873 -0.007504 0.01153 -0.003154 0.002025 0.007549 -0.008163
1341845830.329863 -0.01176 -0.00199 0.001984 -0.005908 0.00325 -0.002153
1341845830.365740 -6.211e-05 -0.004434 0.003729 0.0005781 -0.0007249 0.00132
1341845830.397779 -0.009503 0.004601 -0.001659 0.003203 0.005749 0.002302
1341845830.433725 -0.01404 0.003712 -0.0003096 -0.0009089 -0.000393 0.005338
1341845830.465762 0.002858 -0.001666 0.004072 -0.002242 -0.003241 0.00197
1341845830.507859 -0.008961 0.004946 -0.002235 -0.001463 0.006306 -0.003823
1341845830.565943 -0.0188 -0.0076 0.005034 -0.005015 -0.0106 0.003527
1341845830.597841 -0.001203 0.00533 -0.001039 0.002108 0.002109 -0.004399
1341845830.633627 -0.01691 0.001858 -0.0001568 -0.003805 0.002956 -0.001877
1341845830.665700 -0.002874 -0.004567 0.003845 -0.001383 -0.004893 0.002463
1341845830.701788 -0.007217 0.0006342 -0.00128 0.002138 -0.0007245 0.002959
1341845830.733901 -0.008255 -0.001164 0.0006771 0.002643 -0.004214 0.009199
1341845830.765759 -0.00361 -0.0002742 0.0001372 0.003839 -0.004508 0.006851
1341845830.801839 -0.009765 0.005059 -0.004006 0.001668 -0.0043 0.002372
1341845830.833774 -0.0005601 0.001469 0.00218 -0.00369 -0.005213 0.001785
1341845830.865751 -0.006562 -0.005059 0.00279 -0.001724 -0.0006877 0.00396
1341845830.901883 -0.009099 0.002088 -0.002175 0.003444 -0.004591 0.006422
1341845830.933811 0.0007588 0.004325 0.001019 -0.001625 -0.003823 0.001115
1341845830.969705 -0.002744 -0.003787 0.003218 -0.002836 0.001251 0.002466
1341845831.001855 -0.007654 -0.001465 0.0001178 0.003097 0.00113 0.006327
1341845831.033886 -0.007683 0.002807 -0.001542 0.001973 -0.001934 0.005055
1341845831.069727 -0.002816 0.001388 0.0007769 -0.001314 -0.002315 0.00128
1341845831.101853 -0.005508 -0.002347 0.001863 -0.001447 0.0004714 -0.0005355
1341845831.137817 -0.0105 -0.001901 0.0004623 0.002146 -0.002372 0.003469
1341845831.169942 -0.0004582 0.002967 -0.001102 0.001883 -0.004393 0.001989
1341845831.201715 -0.00506 0.004389 -0.0004924 -0.003132 0.002158 -0.004556
1341845831.237723 -0.007929 -0.004009 0.002621 -0.005236 0.001041 -0.0004638
1341845831.269903 -9.218e-05 -0.0006011 0.002569 0.001308 -0.0007787 0.001774
1341845831.301755 -0.0006358 0.003093 0.001485 0.00158 0.005446 0.0003401
1341845831.337779 -0.007893 0.003003 -0.0004601 -0.001286 0.008344 0.0002602
1341845831.369742 -0.008065 -0.001882 0.001911 -0.001977 0.007165 0.001272
1341845831.405710 -0.01345 -0.002599 0.001572 0.002459 0.00209 0.004429
1341845831.437646 -0.00617 0.003961 -0.001215 0.003321 -0.00414 0.004147
1341845831.469752 -0.0002438 0.00468 0.001177 -0.001635 -0.000363 -0.001647
1341845831.505745 -0.01104 -0.00545 0.002432 -0.002231 0.003717 0.001364
1341845831.537844 -0.01104 -0.003037 0.001444 0.005887 -0.005246 0.007506
1341845831.569610 0.001423 0.004545 -0.001202 0.005761 -0.006309 0.002186
1341845831.605848 -0.005577 0.002218 -0.0007294 0.0002379 0.0005882 -0.002458
1341845831.637789 -0.00817 -0.007956 0.003661 0.001951 -0.001908 0.002386
1341845831.673597 -0.01037 -0.001653 -0.0007952 0.0103 -0.005769 0.002906
1341845831.705652 -0.004345 0.005057 -0.004341 0.005106 -0.008946 -0.004507
1341845831.737705 -0.0006636 0.0001519 0.001382 -0.0009005 -0.005512 -0.008519
1341845831.773629 -0.007931 -0.004683 0.002234 0.0001674 -0.001773 -0.005086
1341845831.805810 -0.006679 -0.002833 0.0004571 0.004621 -0.004729 -4.803e-05
1341845831.837719 -0.0002537 0.001081 -0.0005486 0.005982 -0.002806 -0.002969
1341845831.873791 -0.008801 0.0001148 -0.001443 0.001583 0.002382 -0.002348
1341845831.905728 -0.008575 -0.004861 -0.000259 0.004712 -0.003792 0.003778
1341845831.941628 -0.004878 0.003337 -0.002918 0.003683 -0.00289 0.001035
1341845831.973784 -0.007862 -0.0003672 -0.001726 0.0004594 -0.00304 0.0004795
1341845832.005729 -0.006005 -0.0008841 0.0004465 -0.0008605 -0.003982 0.002252
1341845832.041627 -0.007334 -0.003787 0.001462 0.001378 -0.005551 0.003706
1341845832.073865 -0.0004943 0.001488 -0.0006475 0.003091 -0.006288 0.003358
1341845832.109730 -0.001964 0.003047 -9.884e-05 -0.0008821 0.0008279 -0.003288
1341845832.141683 -0.01172 -0.003008 0.0004391 -0.003946 0.002999 -0.0007585
1341845832.173988 -0.002132 -0.005333 0.00259 0.001142 -0.005027 0.005061
1341845832.209956 -0.0001366 0.003719 0.0002282 0.001879 0.003067 -0.002762
1341845832.241796 -0.00866 -0.00256 0.0004607 -0.001805 0.005298 -0.000825
1341845832.273776 -0.01078 -0.00626 0.001176 0.00155 -0.0005358 0.003936
1341845832.309916 0.0002739 -0.0006137 0.0008455 0.006267 -0.003612 0.001055
1341845832.341687 -0.00499 0.002002 -0.002137 0.003443 0.003734 -0.003757
1341845832.377708 -0.005324 -0.003806 0.0006689 0.001583 0.001509 -0.0007061
1341845832.409802 -0.002868 -0.0009122 -0.001139 0.004428 0.0007229 -0.001281
1341845832.442187 -0.004691 0.001032 -0.0008363 0.002777 0.001487 -0.000311
1341845832.477743 -0.004755 -0.00164 0.001069 0.001689 3.524e-05 -0.0001563
1341845832.509635 -0.006777 -1.82e-05 -1.23e-05 0.002451 0.0006785 -0.001907
1341845832.541586 -0.006389 -0.001983 0.0005525 0.001472 -0.001546 -0.001379
1341845832.577871 -0.002683 -0.000324 0.0002272 0.0008864 -0.0003436 -0.00292
1341845832.609738 -0.005964 -0.001826 -0.0001081 5.434e-05 0.001599 -0.001323
1341845832.645699 -0.002563 -0.003536 0.001605 0.0007883 -0.002241 0.001057
1341845832.677817 -0.002196 -0.002933 7.741e-05 0.004184 -0.0005879 0.001338
1341845832.710177 -0.00612 0.002617 -0.003147 0.003138 -0.001149 -0.002098
1341845832.745710 -0.003354 -0.002586 0.0009134 -0.0003354 -0.002417 -0.003044
1341845832.777849 -0.004333 -0.002705 0.0002875 0.001379 -0.0029 -0.004427
1341845832.810110 -0.005308 -0.001478 -0.0003794 0.002229 -0.002327 -0.002134
1341845832.845797 -0.004686 -0.001629 -5.282e-05 0.00282 -0.003746 0.0001061
1341845832.877696 -0.003536 0.002754 -0.001656 0.001761 -0.002543 -0.003505
1341845832.913787 -0.003596 -0.00259 0.001914 -0.001004 -0.0003815 -0.001148
1341845832.945664 -0.007208 -0.001821 -0.0003335 0.002608 -0.00267 0.003176
1341845832.978015 -0.001563 0.002451 -0.0006733 0.001594 -0.001409 -0.00208
1341845833.045857 -0.01431 -0.004739 0.00154 0.00207 -0.0004906 0.0003136
1341845833.077785 -0.005972 0.0004414 -0.001121 0.003104 -0.003161 0.0009266
1341845833.113636 -0.007478 0.002961 -0.001806 6.587e-05 -0.002424 -0.0008173
1341845833.145767 -0.002715 -0.006068 0.007232 -0.0006774 -0.004559 0.001293
1341845833.181891 -0.007762 -0.001155 -0.002125 0.00688 -0.004677 0.005172
1341845833.213878 -0.002867 0.005034 -0.0002302 0.002828 -0.003138 -0.001582
1341845833.245714 -0.008134 0.002345 -0.001536 -0.002764 0.005573 -0.005108
1341845833.281847 -0.0131 0.001634 8.787e-05 -0.006363 0.0003391 -0.003185
1341845833.313771 -0.004323 -0.004883 0.007645 -0.005214 -0.006016 0.0008968
1341845833.349756 -0.005451 -0.001185 0.0004414 0.00236 -0.002012 -0.0002171
1341845833.381840 -0.01106 0.003257 -0.003731 0.001322 -0.004099 0.0003959
1341845833.414644 -0.002473 -0.001504 0.005534 0.000616 -0.006666 0.002062
1341845833.449819 -0.002522 0.003798 -0.003477 0.002173 0.001733 -0.004388
1341845833.488616 -0.009414 0.001103 -0.001762 -0.002273 0.0011 0.0009861
1341845833.549835 -0.002476 0.001756 -0.001735 0.007246 -0.00228 0.001462
1341845833.581733 -0.005945 0.003036 -0.00183 -0.005433 0.004035 -0.001773
1341845833.617817 0.0001713 -0.007239 0.007153 -0.002279 0.0002613 -0.0003394
1341845833.649899 -0.003733 0.0008501 -0.00519 0.005517 0.002661 0.001847
1341845833.681671 -0.005032 0.005943 -0.005456 -0.0002754 0.0005196 -0.001511
1341845833.717606 0.005834 -0.00583 0.01015 -0.003649 0.001801 -0.00334
1341845833.752940 -0.005743 -0.003685 -0.002052 0.004082 0.005366 0.002194
1341845833.817827 -0.0008297 0.003014 -0.002621 0.006441 -0.002487 0.001928
1341845833.849860 -0.005688 0.001667 -0.005874 0.0001152 0.004651 -0.001969
1341845833.885667 -0.002365 -0.002229 0.003656 -0.001987 -0.003377 0.003142
1341845833.917724 0.003463 -0.002485 0.003468 0.003584 -0.002863 0.001586
1341845833.949675 -0.003241 0.006664 -0.007569 0.000715 0.003008 -0.002818
1341845833.985662 -0.001117 -0.003962 0.00596 -0.005293 -0.003161 0.002641
1341845834.018158 0.005719 -0.005016 0.005989 0.003529 -0.003482 0.003177
1341845834.049769 0.0002945 0.006057 -0.006304 0.003844 0.003441 0.0009284
1341845834.085753 -0.0003785 -0.001457 0.00225 -0.001193 -0.0002406 0.004474
1341845834.153871 0.00706 7.999e-05 0.001207 0.003718 -0.004252 0.001109
1341845834.185736 0.002125 0.0002786 -0.0007125 0.001352 -0.00159 0.003698
1341845834.217802 0.007581 -0.001407 0.005488 0.001139 -0.002529 0.00319
1341845834.253824 0.008091 -0.005883 0.004189 0.005589 0.001974 0.00404
1341845834.285756 0.0009885 0.006288 -0.01002 0.006154 0.004654 0.002294
1341845834.321783 0.001312 0.003645 -0.005636 -0.004246 0.001075 -0.003227
1341845834.355135 0.006116 0.001887 0.00186 -0.01025 -0.0008521 -0.006515
1341845834.385801 0.005789 -0.005625 0.006282 -0.006403 -0.001414 -0.0006615
1341845834.421748 0.007218 -0.001364 0.002055 0.0006043 -0.002694 0.003205
1341845834.453840 0.00994 0.0005335 0.002332 0.001203 0.001636 0.00329
1341845834.485639 0.003016 0.00233 -0.004986 0.0006682 0.00385 0.004044
1341845834.521785 0.005656 -0.001164 0.001286 -0.001715 -9.883e-05 0.001517
1341845834.553727 0.008448 -0.001066 0.00115 0.0007953 -0.0009363 0.0008348
1341845834.589787 0.01119 0.003264 -0.004395 0.0007005 0.003651 -0.001831
1341845834.621791 0.002725 -0.002038 0.003912 -0.003414 0.0058 1.273e-05
1341845834.653808 0.006793 -0.005358 0.00222 0.003202 -0.00193 0.007646
1341845834.689847 0.01059 0.003656 -0.001353 0.006805 0.0001704 0.004274
1341845834.721856 0.007237 0.004996 -0.007141 0.001311 0.006853 -0.001569
1341845834.753919 0.002606 0.001939 -0.001189 -0.005245 0.005296 -0.001456
1341845834.789834 0.006545 -0.005674 0.004237 -0.003201 -0.001673 0.002596
1341845834.821826 0.01434 0.001293 0.0008976 0.003244 -0.0007083 1.424e-06
1341845834.857804 0.007229 0.0007805 -0.001632 0.0008559 0.006087 0.0006834
1341845834.889796 0.005627 0.0003025 -0.002139 0.0001692 0.00316 0.002458
1341845834.921771 0.01062 0.002621 -0.000989 -0.0009892 0.00237 -0.0008476
1341845834.957942 0.009649 -0.001381 0.001573 -0.002061 0.005728 0.001067
1341845834.989806 0.007661 0.001585 -0.001797 -0.001155 0.005417 0.0009791
1341845835.021804 0.007848 0.000259 -0.001268 -0.002278 0.00524 -0.0007855
1341845835.058003 0.007348 0.001404 0.0002248 -0.003385 0.003992 -0.001021
1341845835.089820 0.01121 -0.001905 0.004463 -0.002837 0.003829 -0.001499
1341845835.125663 0.008094 -0.002337 0.003905 0.0004676 0.006466 -0.0004904
1341845835.157750 0.003788 0.002065 -0.004583 0.002882 0.005798 0.002043
1341845835.189830 0.008345 0.00676 -0.004336 -0.002973 0.00479 -0.002587
1341845835.225912 0.00705 -0.002901 0.002935 -0.007614 0.006452 -0.003906
1341845835.258001 0.006835 -0.005736 0.003096 -0.002345 0.00312 0.002876
1341845835.290164 0.01169 0.002625 -0.003772 0.002685 0.002651 0.002363
1341845835.325788 0.008294 0.003205 -0.003184 -0.002677 0.006526 -0.0008319
1341845835.363902 0.0043 -0.002124 0.0001384 -0.003489 0.003965 0.002651
1341845835.431742 0.02972 -0.001193 0.004182 -0.0003028 0.007708 0.004708
1341845835.493790 0.008518 0.005371 -0.008046 -0.005413 0.01156 -0.002087
1341845835.527633 0.01701 -0.003631 0.006815 -0.002314 0.002524 -0.0001894
1341845835.561788 0.003937 -0.002239 -0.001427 0.001972 0.009779 0.000502
1341845835.594173 -0.001314 0.00321 -0.005548 0.002893 0.002692 0.001911
1341845835.625859 0.01162 0.00748 -0.0005203 -0.003815 -0.001273 -0.002593
1341845835.661923 0.01056 -0.001873 0.003125 -0.009054 0.00636 -0.007225
1341845835.693994 -0.004962 -0.00249 -0.003419 -0.00548 0.004665 -0.001199
1341845835.725724 0.00924 0.00131 0.0007507 -0.003208 -0.005999 -0.0004411
1341845835.761816 0.01645 0.003049 0.003993 -0.005641 0.001722 -0.005841
1341845835.793927 0.001059 -0.006188 0.0006554 -0.005141 0.005837 -0.002883
1341845835.829809 0.003065 -0.001119 -0.0008651 0.001584 -0.001003 0.00242
1341845835.868224 0.01444 0.006745 0.001243 -0.0003244 -0.002121 -0.002864
1341845835.903857 0.008294 -0.002348 0.001692 -0.005502 0.006902 -0.005661
1341845835.935727 -0.001621 -0.003177 -0.001711 -0.001423 0.002513 0.0009502
1341845835.967812 0.007969 0.004337 -0.0009099 -5.538e-05 -0.004569 0.0006069
1341845836.003789 0.01203 0.003569 0.001434 -0.006082 0.0006025 -0.006392
1341845836.035920 -0.0004237 -0.005544 -0.0004995 -0.006425 0.002714 -0.0007744
1341845836.067671 0.007649 -2.317e-05 0.0004199 0.0001376 -0.004392 0.003005
1341845836.104034 0.0154 0.005879 0.001071 -0.001878 -0.0001945 -0.0007058
1341845836.135769 0.0082 -0.003335 0.003082 -0.004634 0.007149 -0.001215
1341845836.172097 3.399e-05 -0.005245 0.0001177 0.0005445 0.005455 0.002693
1341845836.203642 0.003244 0.004568 -0.003419 0.003349 -0.002125 0.001362
1341845836.235687 0.0163 0.006153 0.001292 -0.003138 -0.001171 -0.002909
1341845836.271774 0.006796 -0.004442 0.001921 -0.00654 0.007478 -0.004637
1341845836.303797 -0.00137 -0.005221 -5.222e-05 -0.001986 0.004322 -0.0016
1341845836.335742 0.001327 -0.001387 -0.001868 0.002547 -0.003187 -0.0002542
1341845836.372549 0.0101 0.009282 -0.002058 -0.002137 -0.005188 -0.007067
1341845836.403992 0.004386 -0.008617 0.002349 -0.0085 -8.98e-05 -0.006255
1341845836.435705 -0.0003492 -0.002395 -0.0005305 -0.002166 -0.003773 -0.002289
1341845836.471817 0.009715 -0.002614 0.002495 -0.001316 -0.007976 0.001537
1341845836.503945 0.01237 0.0008454 0.001745 -0.0001209 -0.0006998 -0.003305
1341845836.539832 -0.0004248 -0.002112 0.001732 -0.0007532 0.004389 -0.001334
1341845836.571973 0.0003575 -0.000177 0.0009959 0.002153 3.481e-05 0.001001
1341845836.604373 0.004779 0.000124 0.00238 0.003869 -0.001352 0.002502
1341845836.639724 0.003153 0.01004 -0.002098 0.004838 0.001002 0.002154
1341845836.672049 -3.024e-05 0.006485 -0.0011 -0.003262 0.001354 0.002239
1341845836.704020 0.004214 0.004664 -3.278e-05 -0.00422 -0.0009057 0.0003065
1341845836.739779 0.002817 0.01695 -0.003238 -0.007048 0.001683 -0.002759
1341845836.771652 -0.002361 0.005895 -4.507e-06 -0.01701 -4.474e-05 -0.00296
1341845836.803601 0.005377 -0.003243 0.004618 -0.01287 -0.003218 -0.002481
1341845836.839643 0.005188 0.006523 -0.000646 -0.004399 0.002651 -0.001652
1341845836.871771 -0.004395 0.003063 -0.002827 -0.006967 0.00361 -0.002278
1341845836.907663 -0.001779 -0.0009263 -0.0006775 -0.003482 -0.004016 -0.004321
1341845836.939824 0.008996 0.01303 -0.004219 0.0002313 -0.004329 -0.003824
1341845836.971802 -0.004583 -5.104e-05 0.002658 -0.005608 0.003639 -0.001895
1341845837.007714 -0.01289 -0.004488 0.006181 0.00392 -0.005203 -0.001105
1341845837.039752 0.009405 0.0232 -0.01004 0.01217 -0.01253 0.001367
1341845837.071715 0.002816 0.01413 0.0009453 -0.007028 -0.0006005 0.0004987
1341845837.107691 -0.005452 -0.003635 0.004931 -0.004846 -0.001334 -0.003627
1341845837.139763 -0.002435 0.02015 -0.007866 0.002545 -0.006516 0.002566
1341845837.171636 0.008737 0.006634 0.003512 -0.008352 -0.005137 0.00954
1341845837.207675 0.006044 -0.002798 0.005897 -0.001227 0.003588 0.006229
1341845837.239749 -0.007749 0.01706 -0.006151 0.006368 0.003749 0.009165
1341845837.275755 0.0005909 0.01311 -0.003363 -0.001917 -0.003837 0.006844
1341845837.307686 0.009045 0.01433 -0.001932 -0.0073 -0.0006455 -0.006911
1341845837.339628 -0.004965 0.004384 -0.000812 -0.01077 0.006088 -0.003527
1341845837.375710 -0.007537 0.004657 0.002464 -0.00822 -0.0006686 0.004299
1341845837.407709 -0.00301 -0.007868 0.01426 -0.002719 -0.005827 0.005588
1341845837.439656 0.001035 0.009666 0.001494 0.01328 -0.005132 0.005909
1341845837.475671 -0.00548 0.01832 -0.005641 0.00648 -0.00163 0.002659
1341845837.507973 -0.005795 0.001862 0.008003 -0.0006879 -0.007136 0.0009388
1341845837.543708 0.004444 0.00882 -0.002224 0.008505 -0.008833 0.006196
1341845837.575706 -0.001156 0.01501 -0.00372 0.003151 -0.002831 0.005544
1341845837.607609 -0.003373 0.008507 -0.0005723 -0.001569 -0.004344 0.003642
1341845837.643704 0.00135 0.009284 -0.001171 -0.002746 -0.005236 0.005439
1341845837.675706 -0.0006445 0.007118 -0.0001003 -0.00503 -0.002904 0.003428
1341845837.711803 -0.002169 5.316e-05 0.003986 -0.004159 -0.003494 0.002918
1341845837.743935 -0.001471 0.008065 -0.001967 0.0004835 -0.005137 0.003183
1341845837.775698 -0.00182 0.007947 0.0003644 -0.00463 -0.0043 0.0008417
1341845837.811909 -0.003063 -0.008663 0.009235 -0.003468 -0.005319 0.001452
1341845837.843915 0.001353 0.01076 -0.005976 0.006928 -0.005568 0.004149
1341845837.879790 -0.001319 0.01131 -0.003624 -0.002008 -0.00405 6.629e-05
1341845837.911946 0.004199 0.004077 -1.299e-05 -0.008048 -0.00206 -0.004732
1341845837.946188 -0.00288 -0.003765 0.002471 -0.004884 0.001351 -0.002869
1341845837.979709 -0.01032 0.001799 0.001865 0.00202 -0.003589 0.003832
1341845838.041927 0.01625 0.005466 -0.002768 0.01248 -0.01152 0.01256
1341845838.073905 -0.005499 0.01021 -0.004863 0.0004469 0.002233 0.0005495
1341845838.105792 0.0009426 0.0001576 -0.001139 -0.00545 -0.002383 -0.00248
1341845838.141667 0.001261 -0.003296 0.00213 -0.0005214 -0.0004293 0.001723
1341845838.173678 -0.003792 0.001537 -0.0004635 0.005487 -0.0004488 0.01006
1341845838.205767 -0.001468 -0.004301 -0.001043 0.007618 -0.004292 0.009059
1341845838.241893 0.006548 0.007627 -0.005098 0.01267 -0.005836 0.005478
1341845838.273791 0.006844 0.01486 -0.006311 0.00469 0.001122 0.003807
1341845838.309852 0.0003212 -0.001782 0.0003074 -0.002373 0.004992 -0.00171
1341845838.341805 -0.004004 0.00706 -0.004907 0.001787 0.003706 -0.006821
1341845838.373872 -0.00245 0.005226 -0.0012 -0.002982 0.0001765 -0.002582
1341845838.409713 0.00409 -0.003246 0.002494 -0.001903 -0.0005078 -0.003028
1341845838.441818 -0.002346 -0.000179 0.001404 0.004433 0.001482 -0.002854
1341845838.473754 -0.00308 0.007401 -0.001625 0.004693 -9.759e-05 0.004986
1341845838.509713 -0.0005287 0.006217 -0.001974 0.001691 -0.002611 0.003669
1341845838.541649 0.003515 0.008446 -0.0006286 -0.0005469 -3.001e-05 0.0001691
1341845838.577804 -0.00826 0.007863 0.001252 -0.00462 0.00229 0.004763
1341845838.609807 -0.0038 0.001869 0.001715 -0.004715 -0.003148 0.00503
1341845838.641690 0.001722 0.003198 0.001215 -0.002887 -0.004373 0.0009326
1341845838.677850 0.0009229 0.002406 0.00214 -0.001727 -0.0007248 0.001586
1341845838.709635 -0.01026 -0.00277 0.006902 0.0002392 0.0007466 0.002914
1341845838.745913 -0.01 -0.006741 0.004957 0.00903 -0.006689 0.004552
1341845838.777723 0.01393 0.01406 -0.004318 0.01419 -0.008027 0.00546
1341845838.809656 0.001231 0.009309 -0.002959 0.004272 0.003296 0.0009644
1341845838.845874 -0.01251 -0.001293 0.001892 -0.001526 0.00306 -0.002488
1341845838.877695 -0.006774 -0.004981 0.0049 0.007808 -0.006165 0.003217
1341845838.909636 0.008496 0.01461 -0.005835 0.009624 -0.007301 0.01009
1341845838.945837 0.00235 0.006178 -0.002719 -8.225e-05 -0.0002185 0.001049
1341845838.977758 -0.005833 -0.0004128 0.001116 -0.0034 0.0007498 -0.004024
1341845839.013907 -0.008643 0.0004907 0.001381 -0.0009472 -0.002859 0.0009371
1341845839.046225 0.007225 -0.004077 0.005073 0.001009 -0.006308 0.006561
1341845839.077750 0.00609 0.004081 -0.002167 0.005849 0.002248 0.00262
1341845839.113934 -0.009547 0.01142 -0.005933 -0.0005487 0.006109 -0.004396
1341845839.145852 -0.005666 -0.005209 0.003752 -0.007063 0.0006311 -0.00625
1341845839.177741 -0.005228 -0.0008947 0.001832 0.0006803 0.0001528 -0.001148
1341845839.214000 -0.00715 0.01022 -0.004615 0.0009097 -0.002422 0.001157
1341845839.246198 -0.001164 0.000238 0.002318 -0.005263 -0.004438 -0.003322
1341845839.281774 -0.004456 -0.002948 0.00422 -0.001347 -0.002483 -0.002964
1341845839.314004 -0.008378 0.005678 -0.002972 0.001323 -0.00426 0.004573
1341845839.345945 0.007678 0.002351 -0.001232 -0.00168 -0.005536 0.001146
1341845839.381741 -0.002405 0.00171 0.0004732 -0.003042 0.001439 -0.009187
1341845839.413801 -0.01031 0.004802 -0.0008978 -0.003374 -8.956e-05 -0.004056
1341845839.445714 8.884e-05 -0.006538 0.005383 -0.004372 -0.004551 0.001209
1341845839.481741 -0.001949 -0.003622 0.003185 0.001916 -0.001581 0.0008245
1341845839.514001 -0.005512 0.007524 -0.006088 0.004098 -0.002471 0.001201
1341845839.549791 0.002548 0.002675 -0.0007168 -0.003558 -0.00385 -0.001459
1341845839.587666 -0.0008695 -0.006724 0.005137 -0.002943 0.0004567 -0.002357
1341845839.681817 0.002585 -0.001159 0.001423 0.0008198 -0.00644 0.001844
1341845839.713876 -0.00749 0.001209 -0.003773 0.0019 0.004028 0.0007858
1341845839.749808 -0.002485 -0.001573 -0.000461 3.972e-05 -0.002568 -0.0006515
1341845839.781785 0.008423 -0.003106 0.004172 0.001941 -0.002432 -0.0001641
1341845839.817825 -0.000157 0.001256 -0.001797 0.003669 0.003522 0.000162
1341845839.849994 -0.002383 -0.003538 0.0007776 0.001943 0.0006515 -8.753e-05
1341845839.881829 0.006459 -0.001937 0.0004475 0.004665 -0.0007778 0.001654
1341845839.917855 0.006321 0.0001395 -0.0006964 0.004583 0.002633 0.0008667
1341845839.950283 0.002869 -0.002195 -0.0006559 0.003628 0.004636 -0.0006333
1341845839.985757 0.001796 -0.004075 -0.0002002 0.004223 0.003718 0.0006199
1341845840.017660 0.001951 -0.006343 -0.000349 0.007208 0.002631 0.003711
1341845840.049741 0.0069 -0.0006237 -0.002698 0.009098 0.001478 0.002025
1341845840.085650 0.003375 0.004775 -0.002984 0.007125 0.004953 -0.002488
1341845840.117698 -0.001624 -0.00554 -0.0003338 0.002365 0.003863 -0.003585
1341845840.149796 0.004266 -0.01039 0.00165 0.005391 0.001063 -0.001098
1341845840.186069 0.0005554 -0.001024 -0.001697 0.01007 0.001496 0.002447
1341845840.217657 0.00107 -0.00498 -0.002651 0.00791 -0.001537 0.001159
1341845840.253694 0.01332 0.002132 -0.001662 0.008217 -0.001304 -0.0002461
1341845840.285914 0.001463 -0.003796 0.0005299 0.004186 0.006429 -0.001213
1341845840.317753 -0.001975 -0.005321 -0.001371 0.00536 0.004149 -0.002707
1341845840.353861 -0.001363 -0.002514 -0.0001225 0.005238 0.0008423 -0.00152
1341845840.385775 0.005244 -0.006034 -0.000434 0.005763 -0.002274 0.005385
1341845840.417676 0.005566 -0.003745 -0.0009725 0.007128 0.001697 0.002115
1341845840.453598 -0.001576 0.001978 -0.00236 0.005469 0.003059 -0.000996
1341845840.485943 0.001287 -0.003936 -0.0008058 0.001349 -0.0006089 0.0008376
1341845840.521810 0.008419 -0.007537 0.000485 0.002114 -0.0006391 -0.001101
1341845840.553677 0.004358 -0.002211 -0.0001996 0.005361 0.003465 -0.001661
1341845840.585765 -0.002022 0.001146 -0.002209 0.003217 0.003026 0.002626
1341845840.621850 0.003907 -0.009453 0.001393 0.0006828 -0.0005463 0.003252
1341845840.653789 0.00715 -0.00234 -0.001126 0.008899 0.0008516 0.003861
1341845840.685850 -0.002074 0.006059 -0.003239 0.003115 0.002954 0.004547
1341845840.721832 0.007094 0.001687 -0.002754 -0.004177 -0.0004445 0.001018
1341845840.753824 0.009453 -0.004522 0.003138 -0.006914 0.005848 -0.006596
1341845840.789783 -0.01337 -0.003217 0.0003608 -0.005241 0.00825 -0.002814
1341845840.821733 -0.001173 -0.009016 0.002202 -0.004277 -0.002925 0.003408
1341845840.853661 0.009913 -0.004082 0.0008127 -0.0002134 -0.003537 -0.001139
1341845840.889737 0.001748 -0.00295 0.001144 0.0004148 0.003734 -0.003919
1341845840.921786 -0.009938 -0.007668 0.001564 -5.514e-05 0.0005333 0.000309
1341845840.957782 0.004683 -0.00747 0.0002427 0.003859 -0.006825 0.002793
1341845840.989777 0.005273 0.0005197 -0.002541 0.005842 -0.00302 -0.0006917
1341845841.021755 0.0006771 0.003791 -0.002946 -0.0007032 -0.0008258 -0.001462
1341845841.057797 -0.002 -0.001057 -0.001127 -0.007451 -0.001724 -0.0017
1341845841.089861 0.00339 -0.01048 0.002143 -0.00892 -0.00505 0.002161
1341845841.127763 0.007138 -0.005551 0.0004551 -0.002572 -0.002182 0.005809
1341845841.189794 0.001167 -0.004455 -0.00206 -0.006585 0.001833 0.0158
1341845841.225871 0.0006901 -0.004761 0.0005374 -0.007225 0.0008114 0.003732
1341845841.257769 0.002989 -0.008926 0.001035 -0.007058 -0.0002089 0.002092
1341845841.289834 0.001468 -0.01279 0.002484 -0.003773 0.001976 -0.003284
1341845841.325856 -0.001269 -0.01072 0.0004621 0.002445 0.0009938 -0.001013
1341845841.357778 0.006485 0.001723 -0.004564 0.004991 0.0002748 0.0002001
1341845841.389747 0.004056 0.001227 -0.004224 -0.004189 0.005935 -0.005329
1341845841.425648 -0.006599 -0.001539 -0.004106 -0.01087 0.007062 -0.00974
1341845841.457784 -0.0007071 -0.00553 -0.0005214 -0.01539 0.001791 -0.01091
1341845841.493636 0.0005768 -0.01997 0.005297 -0.0104 0.001363 -0.005011
1341845841.525800 -0.00277 -0.01307 -0.0001852 0.003806 0.000343 -0.0006452
1341845841.557776 0.002181 -0.002791 -0.003175 0.006484 -0.001173 -0.001015
1341845841.593697 0.00479 0.0008484 -0.004373 0.004583 0.002054 -0.004619
1341845841.625800 -0.005729 0.0005565 -0.003103 -0.003981 0.004784 -0.004448
1341845841.657778 -0.0002862 -0.007987 -0.0003361 -0.005965 -0.0006923 -0.002446
1341845841.693890 0.004385 -0.00826 0.001038 -0.002658 -0.0001524 -0.003515
1341845841.725831 -0.001962 -0.001932 -0.002396 0.001382 0.00217 -2.438e-05
1341845841.761977 0.001462 -0.005909 -0.0005585 -0.001764 0.0003241 0.003033
1341845841.793705 0.005514 -0.009225 -3.71e-05 0.003084 0.001 0.0003234
1341845841.825907 -0.0001528 0.001548 -0.003728 0.004987 0.00393 0.0002781
1341845841.862456 -8.334e-05 0.002515 -0.004415 -0.001156 0.003541 -0.002336
1341845841.893840 0.00114 0.0001833 -0.0008148 -0.009047 0.004705 -0.00795
1341845841.925729 -0.002384 -0.01052 0.004658 -0.006528 0.003977 -0.003296
1341845841.961799 -0.004506 -0.001803 -0.0007849 0.0006085 0.002023 0.001222
1341845841.994063 -0.001529 -0.005619 0.001975 -0.0001367 -0.002677 0.005067
1341845842.030345 0.009131 -0.006222 0.001596 0.005116 -0.001561 0.0008348
1341845842.061842 -0.004119 0.002437 -0.001901 0.001588 0.00533 -0.002891
1341845842.095648 -0.003003 -0.007884 0.000826 -0.001823 0.0006073 -0.001681
1341845842.130144 0.001429 -0.004672 -0.0003597 0.001021 -0.001185 -0.004277
1341845842.168651 -0.0001626 -0.005892 0.0001638 0.0008755 7.35e-05 -0.003481
1341845842.204415 0.0007674 0.0002031 -0.001808 0.0004666 -0.0003047 -0.001422
1341845842.236995 0.006265 -0.004379 0.001488 -0.003396 0.001482 -0.003329
1341845842.298056 -0.01221 -0.00793 -0.001533 -0.007006 0.01225 -0.009374
1341845842.330531 0.00587 -0.008595 0.002368 -0.003359 -0.003632 0.001081
1341845842.362365 0.00155 -0.01087 0.001361 0.003217 0.002777 -0.001554
1341845842.399606 -0.004412 0.001419 -0.002797 0.007229 0.001827 0.0001542
1341845842.439754 -0.001976 -0.0002669 -0.002223 0.001459 -0.001184 -9.686e-05
1341845842.472222 0.005547 -0.003463 -0.0002405 0.0004113 -0.0008153 -0.002045
1341845842.506051 -0.0025 -0.0001169 -0.002745 9.524e-05 0.005218 -0.001645
1341845842.539739 -0.006701 -0.001927 -0.002254 -0.0007306 0.0008903 0.003125
1341845842.597810 0.005939 -0.00204 -0.002634 -0.003617 -0.001456 0.00125
1341845842.671782 -0.00507 -0.01514 0.001198 -0.008519 0.001358 -0.0006783
1341845842.733828 0.003338 -0.001281 -0.002628 -0.002329 0.002927 -0.01361
1341845842.772554 -0.001417 -0.01145 0.002079 -0.003677 0.0007517 -0.003136
1341845842.803667 0.0007046 -0.005792 -0.000526 0.004945 -0.0001359 -0.003222
1341845842.839779 -0.004714 -0.0001341 -0.002786 0.002651 -0.0002667 0.001648
1341845842.871951 0.006624 -0.005595 0.001559 -0.0002333 -0.003336 0.002268
1341845842.903766 -0.0002547 -0.008448 0.0008046 0.002606 0.002108 0.000194
1341845842.939694 -0.003723 0.001116 -0.003298 0.005321 -0.0004717 0.002321
1341845842.971703 0.004925 -0.001887 0.0002307 -0.001452 -0.002043 0.000725
1341845843.003637 0.004852 -0.008032 0.002078 -0.00117 0.002889 -0.005428
1341845843.039687 -0.009371 2.119e-05 -0.001123 0.001014 0.003833 -0.003877
1341845843.071786 0.002762 -0.004905 0.001942 -0.0008827 -0.004878 0.0002405
1341845843.103725 0.01106 -0.0004124 0.001032 -2.47e-05 -0.001016 -0.004995
1341845843.139742 -0.002346 -0.006314 0.001114 -0.003713 0.006854 -0.002897
1341845843.171825 -0.002774 -0.007593 0.001291 0.002228 0.0004055 0.005412
1341845843.207907 0.004956 -0.004794 0.002258 0.00626 -0.003015 0.008778
1341845843.240014 0.005521 -0.00112 -0.0002016 0.007085 0.0009181 0.004325
1341845843.281910 0.0006997 -9.854e-05 -0.002305 0.002058 0.004181 2.585e-05
1341845843.307930 -0.001958 -0.005378 -0.001217 -0.0006833 0.003214 -0.0007492
1341845843.339844 -0.001494 -0.001371 -0.003949 -0.0008261 0.001488 -0.004136
1341845843.407961 -0.0009104 -0.01764 -0.001847 -0.009197 -0.007219 -0.003935
1341845843.469698 -0.0103 -0.01292 -0.007315 0.002841 -0.002875 -0.001227
1341845843.501755 0.01324 -0.007558 0.0003095 0.002999 -0.0081 0.0003991
1341845843.537749 0.001033 -0.001664 -0.003668 0.002283 0.004814 -0.007174
1341845843.601912 -0.001894 -0.01522 -0.002852 0.009901 -0.002926 0.006405
1341845843.637854 -0.005629 -0.004096 -0.003373 0.00494 0.002309 -0.001169
1341845843.669935 -0.004325 0.0001343 -0.00543 0.001559 -0.003158 -0.002326
1341845843.705705 0.002315 -0.01001 0.003245 -0.001714 -0.006705 -0.003209
1341845843.738087 0.002386 -0.001414 -0.003352 0.004725 -0.004962 -0.003327
1341845843.769868 -0.0006562 -0.00158 -0.002286 -0.003044 -0.00115 -0.005808
1341845843.805741 -0.002549 -0.008293 0.0005998 -0.003732 -0.00294 -0.003979
1341845843.837731 -0.003453 -0.006684 3.476e-05 0.0009038 -0.005041 0.001772
1341845843.869723 0.00157 0.0004537 -0.002832 0.001949 -0.006062 0.0003456
1341845843.905817 9.27e-05 -0.001172 -0.0002179 -0.005168 -0.001599 -0.00726
1341845843.937846 -0.007159 -0.00415 0.0004308 -0.007046 -0.001968 -0.006327
1341845843.973843 -0.001007 -0.007093 0.005795 -0.005641 -0.009678 -0.0002684
1341845844.005877 0.008303 0.0002935 0.0003295 -0.0005433 -0.006756 -0.0009852
1341845844.037839 -7.647e-05 -0.005373 0.001343 -0.004561 0.002216 0.002192
1341845844.073843 -0.008154 -0.007131 -0.001604 0.0008574 -0.001557 0.008067
1341845844.105844 0.002346 0.001069 -0.001475 8.792e-06 -0.005772 0.00413
1341845844.137727 0.003087 -0.003789 0.0006425 -0.001444 -0.00159 0.0001984
1341845844.173729 -0.002328 -0.003004 -0.0001407 -0.003164 0.000797 0.001825
1341845844.205772 0.002456 -0.009509 0.002003 0.002227 -0.003863 0.004348
1341845844.241826 -0.000968 0.007733 -0.006205 0.001801 0.002313 -0.005068
1341845844.273743 -0.00493 -0.007817 -0.001413 -0.01367 0.003297 -0.007488
1341845844.305737 0.00476 -0.01004 0.003531 -0.003977 -0.003175 -0.003472
1341845844.341702 0.00247 -0.01114 0.001582 0.003795 -0.0008112 0.004342
1341845844.373700 -0.00155 -0.00303 -0.00215 0.007364 0.001024 0.0003907
1341845844.409780 0.001551 -0.006458 0.0008076 0.002544 0.0007268 -0.005556
1341845844.441868 -0.003707 -0.006169 -0.0016 0.004569 0.00219 -0.00271
1341845844.473633 -0.004874 -0.004764 -0.002884 0.004443 -0.001405 -0.0009476
1341845844.509732 0.002738 -0.005177 0.000433 0.002656 -0.003774 -0.002897
1341845844.541734 0.002556 -0.005587 -5.535e-05 0.005995 0.001301 -0.002596
1341845844.573798 -0.004818 -0.004947 -0.002648 0.005945 0.003537 0.0005875
1341845844.609774 0.0007051 -0.003155 -0.001398 0.003298 -0.000575 -0.001244
1341845844.641742 0.005115 -0.002434 -0.002316 0.001448 0.003897 -0.004976
1341845844.677619 0.0004761 -0.003803 0.001091 -0.004822 0.009989 -0.007558
1341845844.709820 0.004824 -0.0112 0.003869 0.002109 0.002186 0.002144
1341845844.741764 0.002907 -0.001798 -0.00305 0.005597 0.007601 -0.001356
1341845844.778110 -0.0007552 -0.005279 -0.002294 0.004291 0.00725 0.003025
1341845844.811162 0.005272 -0.0009627 0.002662 0.001624 0.008303 0.001187
1341845844.842336 0.00347 -0.007759 0.002473 0.008241 0.00782 0.005454
1341845844.883762 -0.002354 -0.0004045 -0.006594 0.002984 0.006969 0.006103
1341845844.947016 0.006319 -0.007855 0.001581 3.535e-05 0.01795 0.003739
1341845844.977793 -0.002374 -0.005531 0.003222 0.001641 0.003986 0.00901
1341845845.009670 0.005338 0.0007576 -0.002631 0.00364 0.0005738 0.007487
1341845845.045698 0.004617 -0.004569 0.004503 -0.00175 0.008291 0.004188
1341845845.077748 -0.008252 -0.005441 0.003095 0.001505 0.004163 0.009313
1341845845.109679 0.003031 -0.002406 0.0001226 0.004104 -0.004603 0.007205
1341845845.145640 0.001925 -6.514e-05 -0.002282 0.001459 0.0005625 -0.0003891
1341845845.177719 -0.006803 -0.005865 0.003111 -0.002783 0.0009524 0.001056
1341845845.213604 -0.000348 -0.005886 0.004271 0.00259 -0.006964 0.001076
1341845845.245741 0.001488 0.000847 -0.003406 0.005299 -0.003487 -0.0002682
1341845845.277905 0.0004689 -0.0007846 -0.0007231 -0.002012 -0.0007996 -0.001543
1341845845.314159 -0.0007386 -0.008401 0.004079 -0.001704 0.0004032 0.0002765
1341845845.345748 -0.0007986 -0.003146 -0.001787 0.004212 -0.001086 0.001586
1341845845.381704 0.00252 -0.003262 0.0004839 0.002346 0.0008187 0.0003901
1341845845.413648 0.001361 -0.001934 -0.001587 0.002819 0.002198 -0.000242
1341845845.445777 0.0002791 -0.005939 0.003084 7.961e-05 0.004369 0.001582
1341845845.481809 -0.0009486 -0.005981 0.001266 0.008046 0.0001571 0.009044
1341845845.514332 0.003155 0.001553 -0.002904 0.005164 0.0008557 0.002565
1341845845.545717 0.00246 -0.00656 0.002943 0.0008382 0.003722 -0.00164
1341845845.581658 -0.004173 -0.005255 0.0007176 0.004745 0.004747 0.00164
1341845845.613959 -0.002692 -0.006561 0.001493 0.006963 -0.002266 0.005861
1341845845.649696 0.008851 0.004308 -0.003429 0.009115 -0.002916 -0.001704
1341845845.682034 0.0008011 -0.002451 -0.0005533 -0.002744 0.006558 -0.004972
1341845845.714232 -0.007175 -0.016 0.005884 -0.002192 0.002217 0.0003611
1341845845.751971 0.001089 -0.004455 -0.001526 0.01085 -0.002819 0.005582
1341845845.787747 0.0005669 9.506e-05 -0.003944 0.003601 -0.001188 0.005036
1341845845.820616 0.003949 -0.005127 8.507e-05 -0.0007028 -2.612e-05 -0.002051
1341845845.887653 -0.006336 -0.01173 0.0006486 0.004332 -0.0007055 0.00487
1341845845.949895 0.0004381 -0.006455 -0.00105 0.0004009 -0.005269 -0.003476
1341845845.981855 0.001076 -0.00671 0.003139 0.002116 -0.004954 -0.0005678
1341845846.017822 0.0007995 0.00132 -0.003564 0.004304 -0.001838 0.000343
1341845846.049788 0.001047 -0.003997 0.0002098 -0.003301 -0.001836 -0.001425
1341845846.081697 0.00317 -0.008864 0.002618 -0.001469 -0.0003328 -0.001144
1341845846.117753 -0.0008213 -0.004916 -0.0009639 0.003459 0.001764 0.002438
1341845846.149729 0.001048 -0.00234 -0.0004956 0.001525 0.001307 -0.002737
1341845846.185551 -5.515e-05 -0.006662 0.0009595 0.002388 0.003078 -0.005575
1341845846.217670 -0.002358 -0.005125 0.001234 0.002909 0.000321 -0.001863
1341845846.249670 0.001684 -0.003999 0.0005862 0.008103 -0.00113 -0.004697
1341845846.285621 9.745e-06 -0.0002676 0.000189 0.004831 0.001509 -0.002566
1341845846.318706 -0.002449 -0.005835 0.002697 0.005232 -0.001913 0.001408
1341845846.349746 0.001808 -0.0003251 -0.001052 0.007682 -0.002131 -0.002585
1341845846.385823 -0.001462 -0.004075 0.0007238 0.003723 0.001575 -0.004341
1341845846.417804 -0.002514 -0.004893 0.002236 0.005645 -0.003 0.0003432
1341845846.453757 0.004736 0.0005247 0.0002823 0.00774 -0.002087 -0.005598
1341845846.485915 -0.003728 -0.003628 0.001191 0.004301 0.003546 -0.002811
1341845846.517804 -0.00364 -0.003728 0.003154 0.00385 -0.004826 0.001666
1341845846.553866 0.003641 -0.002049 0.00228 0.009523 -0.003656 -0.0007709
1341845846.585802 -0.003698 0.003559 -0.001076 0.004039 0.003087 0.0001781
1341845846.621952 -0.001773 -0.004999 0.003975 0.001369 -0.002862 0.00179
1341845846.653735 0.0008966 0.002894 -0.0007326 0.006675 -0.0005672 0.0007237
1341845846.687048 -0.004833 0.001288 -6.515e-05 0.0006353 0.0004023 0.003897
1341845846.721930 0.0004565 0.001481 0.002042 0.0004176 -0.004269 0.003049
1341845846.755684 0.001668 0.004464 0.0007906 0.001065 0.0001578 -0.0002866
1341845846.785987 -0.003029 0.004405 6.728e-06 -0.002236 0.001023 -8.02e-05
1341845846.821760 0.001085 0.002715 0.002744 -0.002613 -0.00425 0.003448
1341845846.853756 0.005278 0.008617 -0.0002329 -0.001645 -0.001954 0.001659
1341845846.889724 0.001656 0.006185 0.001328 -0.0105 0.002491 -0.0006225
1341845846.921756 0.0004029 0.004799 0.002215 -0.007599 -0.001181 0.00262
1341845846.953776 0.003174 0.007733 0.0002128 -0.003712 -0.001803 0.001495
1341845846.989607 0.002234 0.008836 0.0005201 -0.008355 0.003103 -0.001811
1341845847.021791 2.514e-05 0.005442 0.002208 -0.009962 0.001961 0.00133
1341845847.053671 0.00233 0.004989 0.002495 -0.002556 -0.0001833 0.001977
1341845847.089677 0.002332 0.01385 -0.001937 0.0005146 0.006023 0.004099
1341845847.121825 -0.00155 0.005167 0.001632 -0.01296 0.003468 0.005078
1341845847.157737 -0.001376 0.004421 0.001636 -0.007624 -0.001913 0.000231
1341845847.189613 -0.0008704 0.006806 0.001215 -0.007551 -0.00121 -0.003114
1341845847.221790 -0.003329 0.00626 0.002118 -0.007866 -0.003036 -0.001484
1341845847.257718 0.001751 0.01032 0.002479 -0.003907 -0.004444 -0.001776
1341845847.289652 -4.292e-05 0.01209 0.001081 -0.00208 0.001028 -0.002274
1341845847.321777 -0.003734 0.00782 0.002528 -0.004952 -0.0005874 0.003296
1341845847.357899 0.001367 0.01235 0.001008 -0.00131 -0.00316 0.002623
1341845847.390176 -0.000953 0.009457 0.002987 -0.002995 0.0004265 0.001857
1341845847.425786 -0.003941 0.007932 0.001903 -0.0005316 -0.001995 0.004021
1341845847.489945 0.005247 0.01928 0.005063 -0.00235 -0.00171 -0.0006211
1341845847.525805 0.0006844 0.006914 0.004801 0.0006431 0.003231 0.002321
1341845847.557741 0.0001566 0.003599 0.00685 0.006549 0.002982 0.01004
1341845847.593782 -0.003023 0.0134 -0.001302 0.00668 0.004461 0.005779
1341845847.625656 -0.002122 0.008384 0.003763 -0.007236 0.001221 -0.001873
1341845847.657670 0.0008212 0.007085 0.005882 -0.004028 -0.0001454 -0.004529
1341845847.693751 -0.003717 0.007011 0.003767 -0.0007854 0.0006161 -0.001622
1341845847.725684 -0.001107 0.007712 0.00285 0.000338 -0.002292 0.0012
1341845847.757787 0.004493 0.01179 0.001764 -0.001896 -0.00116 -0.005895
1341845847.793826 0.001781 0.003936 0.006694 -0.002322 0.003466 -0.004146
1341845847.825684 -0.003358 0.007354 -0.0004185 0.002396 0.002142 0.001832
1341845847.861928 0.005374 0.005873 0.004069 -1.786e-05 -0.0001583 -0.0006455
1341845847.893697 0.001715 0.009597 -0.002025 0.001169 0.005724 -0.006761
1341845847.925644 -0.00593 0.001246 0.004217 -0.006559 0.005938 -0.003154
1341845847.961946 -0.00125 0.003852 0.0007189 0.001078 -0.001696 0.001176
1341845847.993685 0.006492 0.007897 0.001731 -0.001411 0.0006151 -0.003904
1341845848.025620 -0.005091 0.002822 0.001089 -0.001293 0.004043 -0.002599
1341845848.061715 0.001316 0.007807 0.001207 -0.001122 -0.000656 -0.0004635
1341845848.093689 0.004241 0.002986 0.003748 0.0006942 0.001688 -0.0001699
1341845848.132119 -0.001837 0.008331 -0.0007529 0.001763 0.00607 0.001285
1341845848.167711 -0.004788 0.003343 0.002438 -0.0009827 0.0007997 0.005646
1341845848.200502 0.006205 0.006248 0.002318 0.00118 -0.002851 0.001863
1341845848.232265 -0.0003128 0.006391 0.0006937 0.0009674 0.004466 -0.002113
1341845848.267873 -0.00433 0.006336 0.002381 -0.002124 0.001473 -0.0002295
1341845848.301135 0.0023 -0.001145 0.007165 0.0001153 -0.002332 0.000442
1341845848.335735 0.00341 0.005502 0.00115 0.008358 0.002801 -0.002296
1341845848.367757 -0.004824 0.008685 -0.0002176 0.003177 0.004198 0.003353
1341845848.399644 0.004475 0.002693 0.004442 2.699e-05 -0.0002935 0.0008512
1341845848.435802 0.003087 0.004459 0.002475 0.001881 0.007942 -0.004058
1341845848.467705 -0.01427 0.001155 0.004134 0.0012 0.00478 0.003743
1341845848.503759 0.004446 0.004965 0.000161 0.001917 -0.008341 0.002641
1341845848.536036 0.006217 0.005968 0.0002284 0.001421 0.0003622 -0.004572
1341845848.567958 -0.004147 0.001802 0.002415 -0.001526 0.004538 -0.003033
1341845848.603657 -0.001445 0.003268 0.001687 0.001147 -0.001307 0.002069
1341845848.635797 0.005651 0.005632 0.000791 0.001504 -0.0002402 -0.0003788
1341845848.671815 -0.001163 0.01226 -0.002391 -0.0004827 0.003709 -0.002091
1341845848.703677 -0.002668 0.004191 0.002174 -0.01016 -0.001026 -0.0005419
1341845848.735781 0.003268 0.002926 0.002455 -0.007319 -0.003201 -0.00367
1341845848.771647 0.0007017 0.003421 0.0007516 -0.004357 0.0003599 -0.005724
1341845848.803783 -0.004985 0.001066 0.0032 -0.004579 -0.001622 -0.001006
1341845848.839757 0.0006498 -0.004692 0.005627 0.001227 -0.006734 0.004822
1341845848.871829 -0.0006284 0.00401 -0.006203 0.009468 -0.005247 0.003856
1341845848.903622 -0.007281 0.02079 -0.009823 -0.0006599 -0.005748 -0.0007595
1341845848.940608 -0.0009811 0.001187 -0.003246 -0.01862 -0.01084 -0.007533
1341845848.972843 0.005713 -0.007987 0.0002522 -0.01161 -0.007849 -0.003732
1341845849.008613 -0.002872 -0.0002509 -0.004498 -0.003392 -0.003545 0.005033
1341845849.072005 0.00721 -0.001188 -0.00946 -0.006728 -0.01061 0.001462
1341845849.133777 -0.0156 -0.003616 -0.0107 0.002659 -0.008765 0.01018
1341845849.165908 0.01065 0.001792 -0.007055 -0.0002759 -0.01067 -0.0002998
1341845849.201651 0.002886 0.000944 -0.005933 -0.00418 -0.0002584 -0.004398
1341845849.233648 -0.005929 -0.004666 -0.005416 -0.002583 -0.0003628 0.001624
1341845849.265690 0.003726 -0.003762 -0.005236 0.002044 -0.005999 0.003959
1341845849.301701 0.007006 0.001043 -0.007919 0.004373 -0.001142 0.0002208
1341845849.333730 0.0001994 -0.000205 -0.008483 0.001261 0.003747 0.0004939
1341845849.369727 0.0001886 -0.001724 -0.0081 0.002329 0.001132 0.001679
1341845849.401811 0.001699 0.004874 -0.01114 0.000879 0.00154 -0.0005254
1341845849.433692 -0.002512 -0.003837 -0.005962 -0.003737 0.0001669 0.001047
1341845849.469648 0.006399 0.0001406 -0.008548 0.002534 -0.002223 0.0001232
1341845849.501641 -0.002527 0.002066 -0.009858 0.001384 0.002835 -0.0009658
1341845849.533689 0.0002863 0.0001845 -0.008664 -0.0007362 -0.002193 0.001515
1341845849.569780 0.005155 -0.004026 -0.007441 0.002159 -0.002234 0.001523
1341845849.601759 -0.004294 0.004997 -0.01206 0.004508 0.0007149 0.0003386
1341845849.637837 0.0002283 0.001497 -0.009868 -0.002311 -0.004804 -3.371e-05
1341845849.669719 0.003413 -0.002255 -0.00865 -0.001359 -0.004099 -0.0002304
1341845849.701927 -0.002087 -0.0002185 -0.00969 0.000815 -0.002957 0.001771
1341845849.737804 0.002155 0.001887 -0.01133 0.0004946 -0.006447 0.001493
1341845849.769688 0.01043 -0.001674 -0.00917 -0.000303 -0.00407 -0.001285
1341845849.805874 0.0009466 0.001714 -0.01064 0.0007842 0.004289 -0.001472
1341845849.838002 -0.006877 -0.00323 -0.007006 -0.0002478 0.002387 0.004041
1341845849.873756 0.004388 -0.0007803 -0.009006 0.004754 -0.004819 0.004934
1341845849.905773 0.00396 0.00396 -0.01091 0.002757 0.0007127 -0.00164
1341845849.942380 -0.01023 0.001911 -0.008056 -0.002661 0.002125 0.0001188
1341845849.969808 0.00591 -0.005162 -0.006156 -0.0009657 -0.00818 0.003305
1341845850.006040 0.006301 0.002041 -0.009366 0.00246 -0.001264 0.002374
1341845850.038041 -0.002149 0.002231 -0.008484 0.001061 0.002423 0.003358
1341845850.073843 -0.0003549 0.00194 -0.007676 -0.002223 -0.0008678 0.001079
1341845850.137727 0.01268 -0.005019 -0.01272 0.002722 -0.0003427 0.007408
1341845850.173748 -0.001995 0.002739 -0.009122 0.00352 0.00606 0.002624
1341845850.205888 -5.507e-05 0.0009095 -0.007346 0.000599 0.002415 -0.0001079
1341845850.242190 0.003306 -0.0008957 -0.007491 0.0008531 0.001945 -0.00118
1341845850.276369 -0.002159 0.001289 -0.008316 0.001779 0.004487 0.00204
1341845850.311979 0.002827 -0.001109 -0.006948 0.0008635 0.0008545 0.003634
1341845850.343827 -0.000701 -0.0008001 -0.007103 0.004244 0.003498 0.002541
1341845850.380151 -0.002525 0.005395 -0.00924 0.003767 0.001239 0.001615
1341845850.412359 -0.001747 0.0006799 -0.006949 -0.002423 -0.001353 -0.001111
1341845850.447279 0.0008401 -0.0007229 -0.006649 -0.0007872 -0.003108 -0.004743
1341845850.511722 -0.006727 0.003168 -0.0142 -0.007548 -0.003155 -0.01108
1341845850.573894 0.002854 0.002591 -0.01324 -0.003071 -0.005233 -0.001851
1341845850.609794 0.0005823 -0.002826 -0.004484 -0.00438 -0.0009268 6.222e-05
1341845850.641744 0.001581 0.002073 -0.006722 0.0008427 0.001131 0.001747
1341845850.673755 -0.007705 0.0009889 -0.005524 -0.003705 0.002852 0.002488
1341845850.709784 0.003502 -0.00152 -0.004885 -0.001071 -0.005138 0.00177
1341845850.741802 0.00655 0.002079 -0.006626 -0.001321 6.077e-06 -0.002277
1341845850.777740 -0.007893 -0.001455 -0.005177 -0.0008957 0.004679 -0.0009088
1341845850.841900 0.004108 -0.004186 -0.0111 -0.001524 -0.001913 0.0007173
1341845850.877766 -0.004119 0.00186 -0.006749 0.002792 0.002944 0.001115
1341845850.909781 -0.002286 -0.001889 -0.005602 0.0001566 -0.001266 0.0006328
1341845850.941758 0.005101 -0.0009729 -0.006818 0.002298 -0.00332 -0.0009225
1341845850.977762 0.002898 0.00119 -0.0073 0.0009234 0.0008161 -0.004433
1341845851.009834 -0.00436 -0.004014 -0.004818 -0.001048 0.003224 -0.004543
1341845851.045751 -0.001019 7.805e-05 -0.006586 0.003343 -0.0008454 -0.002699
1341845851.077894 0.001619 0.003863 -0.007753 -0.0007176 -0.001421 -0.004282
1341845851.109747 0.00115 -0.008236 -0.004107 -0.003939 0.000479 -0.001279
1341845851.145889 -0.002776 -0.003612 -0.005589 0.004893 0.003785 0.004166
1341845851.177904 -0.006003 0.0006392 -0.006657 0.003184 0.0002164 0.006287
1341845851.209882 0.01245 -0.00441 -0.005949 0.001604 -0.005769 0.004124
1341845851.251733 0.0002844 0.003172 -0.007136 0.005392 0.007051 0.001201
1341845851.313813 -0.001671 -0.0006446 -0.008576 -0.006325 -0.005136 0.0002499
1341845851.345834 0.008964 0.00248 -0.005855 -0.001082 0.001451 -0.005473
1341845851.377718 -0.007219 -0.004459 -0.003392 -0.006027 0.007491 -0.005205
1341845851.413805 -0.001413 -0.007961 -0.002244 -0.0009998 0.001101 0.001144
1341845851.445896 0.01052 0.003138 -0.006708 0.007606 0.0007055 0.004134
1341845851.478163 -0.004047 -0.0009635 -0.002614 -0.0001569 0.008214 -0.001514
1341845851.514640 -0.007322 -0.004398 -0.0008665 0.002564 0.002146 -0.0004403
1341845851.546201 0.006247 0.0007712 -0.004584 0.005548 -0.004137 -0.000913
1341845851.581975 -0.0014 0.006052 -0.004844 0.002845 0.0006762 -0.007588
1341845851.616214 -0.000834 -0.004525 -0.001605 -0.007237 -0.00169 -0.01058
1341845851.681977 -0.0027 0.004068 -0.007303 0.004512 0.005215 -0.003644
1341845851.714139 0.002841 -0.00441 -0.001811 -0.00461 -0.002941 -0.0005118
1341845851.745927 0.005115 -0.001727 -0.002926 0.001205 0.002378 -0.002016
1341845851.781911 -0.01105 0.002273 -0.003696 0.001982 0.007606 0.002683
1341845851.813848 -0.002994 0.001259 -0.002091 -0.001545 -0.002601 0.004643
1341845851.849910 0.006603 -0.0003577 -0.00229 7.461e-05 -0.00272 0.003379
1341845851.881832 -0.00932 0.01314 -0.001703 -0.001582 0.005041 0.002668
1341845851.913735 -0.007144 -0.01175 0.004468 -0.01093 -0.003382 0.005608
1341845851.949904 0.005678 0.004555 -0.003118 0.005074 -0.0046 0.007354
1341845851.982005 -0.008308 0.002196 0.002558 -0.005078 0.001054 0.004336
1341845852.017909 -0.0003432 -0.003764 0.00297 -0.002857 -0.005488 0.001458
1341845852.050012 -0.006154 0.0005403 0.002758 0.001424 -0.002386 0.003787
1341845852.082035 0.0008269 0.003328 0.0007685 0.001021 -0.007829 0.002108
1341845852.121076 -0.002222 -0.003573 0.005539 -0.003221 -0.00537 -0.002195
1341845852.163838 -0.00199 0.003608 0.001549 0.003385 -0.006686 -0.001589
1341845852.190660 0.005497 -0.0009023 0.004529 -0.002908 -0.007479 -0.002907
1341845852.223981 0.0026 0.003601 0.00295 0.002355 -0.001399 -0.002181
1341845852.286726 0.003149 -0.003771 0.01056 -0.003916 0.0001689 -0.001779
1341845852.349834 -0.002385 0.005206 0.00784 0.005539 0.007452 -0.005043
1341845852.385657 0.007898 0.0006796 0.005043 -0.0003932 0.0008754 -0.004932
1341845852.417731 -0.007769 -0.002637 0.007111 0.002574 0.008956 -0.0001224
1341845852.449741 0.000804 0.005203 0.004534 0.003413 -0.001114 0.00292
1341845852.485861 0.006205 -0.004248 0.007959 -0.00059 0.0005972 0.00387
1341845852.517876 0.001678 0.003022 0.005826 0.006444 0.004167 0.003016
1341845852.553887 0.001429 0.0028 0.006619 -0.00302 0.002725 -0.005715
1341845852.617891 0.004773 -0.002566 0.01552 0.002129 0.006646 -0.00275
1341845852.653840 -0.004181 -0.002433 0.009788 -0.0004183 0.003366 0.001394
1341845852.685926 0.007712 0.0008619 0.007381 0.002489 -0.003521 0.001469
1341845852.717821 0.005363 0.0008835 0.007919 0.0009806 0.002244 -0.006404
1341845852.753958 -0.0122 -0.003341 0.01035 -0.001866 0.004754 -0.005163
1341845852.785766 0.005075 -0.001464 0.00813 0.003349 -0.007008 0.0004545
1341845852.822784 0.00685 0.002822 0.006728 0.0004495 -0.0004165 -0.003204
1341845852.885924 -0.005198 -0.001706 0.01721 0.001426 -0.002466 0.00145
1341845852.921581 0.004435 -0.002374 0.008292 -0.001575 -0.001665 0.0001676
1341845852.953977 -0.006253 0.006 0.006321 -0.0004789 -0.0003832 0.001189
1341845852.989721 0.009149 -0.01023 0.009867 -0.007828 -0.0068 0.002724
1341845853.021716 0.008866 -0.002935 0.006906 0.007164 0.002837 0.005051
1341845853.053750 -0.003365 0.002063 0.005322 -0.001338 0.005203 0.0003264
1341845853.089814 0.001754 -0.007724 0.01018 -0.0007512 0.0002983 0.001214
1341845853.121864 0.002742 0.00503 0.004446 0.006655 0.002084 0.001919
1341845853.159690 -0.00218 0.003142 0.00719 -0.003414 0.001225 -0.002877
1341845853.195824 0.004353 -0.004137 0.00931 -0.004314 -0.0007979 -0.002019
1341845853.227731 -0.001223 -0.0008247 0.008364 0.00202 0.002611 0.0009888
1341845853.263703 -0.001862 0.006303 0.006931 -0.0007246 -0.0007271 0.0009045
1341845853.296490 0.006104 -0.002216 0.009177 -0.005508 -0.003829 0.0001505
1341845853.327753 0.005104 -0.001791 0.009573 -0.001847 0.002375 -0.001051
1341845853.363891 -0.007973 0.004084 0.007928 -0.0003715 0.004267 -0.001539
1341845853.395726 0.0004755 -0.003955 0.01137 -0.004912 -0.00463 0.002199
1341845853.463774 0.009053 0.002551 0.01572 0.001249 0.001915 0.001144
1341845853.525799 0.008739 -0.004371 0.01859 0.002656 -0.002392 0.005734
1341845853.557770 -0.001928 0.001473 0.00822 -0.001274 0.005377 -0.002067
1341845853.589705 -0.001496 -0.003436 0.009388 -0.002008 0.000747 -0.0005832
1341845853.625908 0.006424 -0.002282 0.00904 -5.098e-06 -0.0005988 -0.0006724
1341845853.657783 -0.001708 0.001033 0.007536 0.0009157 0.003169 -0.001934
1341845853.689930 -0.00182 0.0004828 0.009431 -0.003585 -0.00101 -0.00229
1341845853.725779 0.002816 -0.004732 0.01042 -0.002478 -0.002566 -0.001095
1341845853.757962 0.003417 0.002914 0.006791 0.000696 -0.00135 -0.00402
1341845853.793750 0.0001897 -0.0008501 0.009915 -0.004369 0.0001521 -0.00378
1341845853.825783 0.002019 -0.004326 0.009507 -0.0006599 -0.0006605 0.002206
1341845853.857700 0.006583 0.002389 0.006385 0.001573 0.000278 0.001511
1341845853.893805 0.0001064 -0.001334 0.008926 -0.002511 0.004742 0.002319
1341845853.925836 -0.00413 -0.006492 0.009935 0.002214 0.002402 0.00962
1341845853.957735 0.002131 0.004994 0.003361 0.004868 -0.003047 0.005924
1341845853.993852 0.00761 0.001639 0.00593 -0.004181 -0.001194 -0.00645
1341845854.025830 -0.004257 -0.007487 0.00888 -0.005005 0.004216 -0.002543
1341845854.061903 -0.003483 -0.005973 0.006629 0.004985 -0.001963 0.008553
1341845854.093760 0.0104 0.008433 0.00116 0.003672 -0.003923 0.00328
1341845854.125736 0.006808 -0.005242 0.009347 -0.005058 0.004605 -0.001899
1341845854.161837 -0.009479 -0.00665 0.008132 0.0001666 0.007378 0.0009542
1341845854.193844 -0.003181 -0.003022 0.005372 0.005181 -0.003852 0.004374
1341845854.229884 0.01224 0.001393 0.002354 0.00315 -0.004145 -0.004157
1341845854.261692 -0.0006262 -0.003417 0.006521 -0.0004102 0.00492 -0.009022
1341845854.293781 -0.007007 -0.00198 0.006056 0.0008283 0.001235 -0.005739
1341845854.330249 0.001687 -0.005438 0.008292 0.00204 -0.004389 -0.0001512
1341845854.361687 0.006737 0.001234 0.002307 0.006371 -0.001522 -0.001481
1341845854.393726 -0.003036 0.003898 0.003152 -0.0002279 0.003552 -0.005043
1341845854.429762 -0.00978 -0.006347 0.01042 -0.002303 -0.001838 0.00126
1341845854.462072 0.008349 0.003699 -0.002044 0.004461 -0.008118 0.0005826
1341845854.497796 0.002503 0.005489 0.001999 -0.005562 -0.0006671 -0.007853
1341845854.529719 -0.003979 -0.0071 0.007015 -0.006306 0.0004017 -0.000461
1341845854.561884 0.002182 -0.001165 0.002511 0.003454 -0.003242 0.006883
1341845854.597860 0.005864 0.004306 0.001021 0.001821 0.001325 0.007464
1341845854.629736 -0.003076 -0.001371 0.003249 -0.000525 0.004549 0.006512
1341845854.662835 -0.001349 0.00129 0.001088 0.001053 0.0003204 0.002733
1341845854.697815 0.0007055 0.003663 0.001195 -0.001463 0.0001811 -0.00205
1341845854.729806 0.0009065 0.0012 0.003989 -0.004872 0.001181 -0.001701
1341845854.765688 -0.004694 -0.004089 0.006422 -0.003904 0.002962 0.003044
1341845854.797997 -0.001474 0.0004287 0.00398 0.0008581 -0.00209 0.004808
1341845854.829779 0.007942 0.001456 0.00473 0.0001083 -0.0008207 0.001389
1341845854.865670 -0.005244 0.0006857 0.00698 -0.001074 0.005824 0.00317
1341845854.897712 -0.007803 -0.00508 0.008731 0.001615 -0.0004995 0.005978
1341845854.930302 0.005071 0.004939 0.001662 0.00389 -0.005443 -0.001199
1341845854.965801 0.00358 -0.000351 0.007816 -0.001711 0.0003826 -0.005022
1341845854.997629 -0.005738 -0.004406 0.008229 0.0003421 0.002074 -0.001448
1341845855.033841 0.0003446 0.001005 0.003902 0.00266 -0.004707 -0.001153
1341845855.065777 0.01257 0.001072 0.006222 -0.0007518 -0.001787 -0.006107
1341845855.097795 0.001105 -0.00575 0.009654 0.000234 0.008108 -0.003812
1341845855.133841 -0.00458 0.0004401 0.002901 0.003598 0.004056 0.002268
1341845855.165831 0.006476 -0.0005197 0.00411 0.002047 -0.0002559 0.002548
1341845855.201780 0.008398 0.0006101 0.003987 0.001419 0.006724 -0.001239
1341845855.233747 -0.006818 -0.001746 0.0037 0.001436 0.008889 0.0002803
1341845855.265823 -0.001688 0.004691 0.001153 0.0008438 -0.0005674 0.001171
1341845855.301716 0.005338 0.002051 0.00386 -0.003994 -0.0008592 -0.004993
1341845855.333726 0.002788 -0.0007078 0.005983 -0.005072 0.003111 -0.008554
1341845855.365773 -0.002044 -0.00376 0.006648 -0.002263 0.003931 -0.005689
1341845855.401892 -0.003099 0.002601 0.001875 0.0009966 -0.0002324 -0.001547
1341845855.433652 0.006465 0.001856 0.004976 -0.003305 -0.001025 -0.003555
1341845855.469817 0.0021 -0.002029 0.006407 -0.002886 0.004313 -0.004053
1341845855.502750 -0.002979 0.0002629 0.003994 -0.0005847 0.004097 -0.0002203
1341845855.533846 -0.002617 0.0003864 0.005141 -0.001033 -0.001018 0.006743
1341845855.569986 0.006447 0.001101 0.002894 0.0005515 -0.001991 0.004705
1341845855.601707 0.0029 0.005794 0.0003866 -0.00186 0.00345 -0.000119
1341845855.633953 -0.002525 -0.003953 0.005282 -0.006034 0.003241 0.002913
1341845855.669628 0.002323 -0.005876 0.004777 0.0007151 -0.0008454 0.006867
1341845855.701786 0.006123 0.00575 -0.002674 0.004368 0.002451 0.00276
1341845855.737762 -0.001715 0.003122 0.001735 -0.003784 0.004585 -0.001605
1341845855.769674 0.003844 -0.005002 0.005695 -0.002409 0.002905 -0.001758
1341845855.802152 -0.003851 -0.0006828 0.002822 0.001972 0.004599 0.002076
1341845855.837801 -0.000126 0.005281 -0.0007645 0.001705 9.663e-05 0.003249
1341845855.869788 3.732e-06 -0.000919 0.004391 -0.003346 -0.0004971 -3.863e-05
1341845855.901958 0.001067 -0.001737 0.004321 -0.000575 -0.0002708 -0.001653
1341845855.937711 -0.002717 0.002684 0.002321 0.0003103 0.0007857 -0.0005741
1341845855.969840 -0.0008985 -0.0004919 0.004273 -0.001845 -0.002758 0.0002622
1341845856.038077 -0.0002847 0.0008766 0.005384 -2.753e-05 -0.002609 -0.007975
1341845856.069815 -0.000858 -0.005278 0.007743 -0.003479 -0.001352 -0.004906
1341845856.105773 0.001768 -0.007284 0.004973 0.004231 -0.001057 -0.002781
1341845856.137725 -0.0002681 0.002989 0.0004582 0.005783 0.002008 -0.002473
1341845856.169966 -0.004047 -0.005333 0.005972 0.002769 -0.0003846 0.0008682
1341845856.205833 0.00276 0.0004755 0.0005665 0.00769 -0.003661 -0.0007465
1341845856.237587 0.002511 0.002604 0.001433 0.002022 0.001348 -0.00404
1341845856.273683 -0.004547 -0.004656 0.00448 0.0004598 0.00101 -0.0009716
1341845856.305723 0.001017 0.0009546 0.00236 0.001758 -0.003284 -0.001063
1341845856.337653 0.003022 -0.0006916 0.002269 0.001174 -0.0009259 -0.002465
1341845856.373714 0.001419 0.003388 0.001573 -0.001313 0.002442 -0.003164
1341845856.405678 -0.001252 -0.004988 0.006573 -0.002966 0.002076 -0.0004122
1341845856.441799 -0.0004044 -0.001588 0.002328 0.002419 -0.000152 0.004162
1341845856.473680 0.005032 0.00304 -6.647e-05 0.001721 0.0004493 0.003308
1341845856.505768 -0.002228 -0.002079 0.003676 -0.001286 0.003829 0.0007063
1341845856.541718 -0.004844 -0.00397 0.002944 0.002632 -0.001559 0.00309
1341845856.573678 0.006308 0.006107 -0.0033 0.002894 -0.003864 -0.0008097
1341845856.605758 0.001205 -0.001658 0.002918 -0.003045 0.002919 -0.004825
1341845856.641782 -0.006248 0.001513 2.511e-05 -0.001271 0.0009095 -0.002278
1341845856.673977 0.0006472 -0.005632 0.006755 -0.002694 -0.005413 0.001898
1341845856.709876 0.008785 0.0009392 -0.001525 0.004395 -0.00199 -0.001463
1341845856.741736 -0.003075 0.006029 -0.001505 -0.0038 0.005403 -0.005021
1341845856.773960 -0.007254 -0.01214 0.009862 -0.006301 -0.001907 0.003179
1341845856.809797 0.009147 -0.002239 0.0002892 0.006745 -0.004957 0.003496
1341845856.841746 -0.001144 0.003668 -0.0004913 0.002102 0.004436 6.12e-05
1341845856.873762 -0.004405 -0.003952 0.004148 0.0005016 0.0003492 0.0007036
1341845856.915904 0.000549 -0.001896 0.002524 0.004256 -0.002295 0.001182
1341845856.977900 7.879e-05 0.003262 0.0002272 0.006124 -0.00179 -0.003277
1341845857.009735 -0.001308 -7.722e-05 0.001677 -0.001258 0.0005761 -0.005904
1341845857.041737 -0.002745 0.0003166 0.002447 -0.002253 -0.000415 -0.00437
1341845857.077896 0.000422 -0.00308 0.005651 -0.002259 -0.002134 -0.0004574
1341845857.109633 0.0005125 -0.003064 0.005476 0.001756 -1.454e-05 0.002972
1341845857.141583 -0.003515 0.002448 0.001531 0.003461 0.0004376 0.004326
1341845857.178255 -0.00363 0.001243 0.004837 -0.0001632 -0.003455 0.007245
1341845857.209846 0.004212 -0.001817 0.006042 0.001351 -0.004503 0.004188
1341845857.245767 0.0007191 0.005163 0.0009597 0.001696 0.001368 0.0001312
1341845857.277737 -0.004742 -0.0007372 0.004768 -0.003115 1.625e-05 0.002161
1341845857.309994 0.001997 -0.0002455 0.004228 -0.002146 -0.002696 0.001296
1341845857.345862 0.001488 -0.003144 0.004829 0.0002233 -0.000509 0.001801
1341845857.377787 -0.0007445 0.006493 -0.0009498 0.0008599 0.0005091 0.0006621
1341845857.413693 0.002715 -0.005882 0.006412 -0.003472 -0.0001102 3.661e-06
1341845857.445790 0.0007684 -0.001932 0.001093 0.003849 0.001939 -0.0005414
1341845857.477853 -0.002672 0.006402 -0.001855 0.001607 0.003056 -0.0005726
1341845857.513902 -0.003041 -0.004661 0.00508 -0.00269 -0.001399 0.002776
1341845857.545992 0.001614 0.003313 -0.001403 0.002478 -0.001408 0.0004631
1341845857.613882 -0.00891 0.004534 0.002047 -0.006195 -0.002585 -0.002979
1341845857.646056 -0.0003295 -0.0006048 0.004389 -0.003697 -0.004875 -0.00302
1341845857.681834 -0.00465 0.001528 0.001443 -0.001572 -0.002954 -0.003818
1341845857.713765 -0.008101 0.005518 0.001783 -0.003053 -0.005764 0.0002692
1341845857.745825 0.003527 0.001309 0.005439 -0.004897 -0.00776 -0.001062
1341845857.781799 -0.0007973 -0.001546 0.006397 -0.002602 -0.001113 -0.0009049
1341845857.813817 -0.007573 0.0007918 0.002549 0.001109 -0.001513 0.00241
1341845857.846046 7.497e-05 0.002094 0.004014 -1.27e-05 -0.004517 -7.334e-05
1341845857.881939 0.001533 -0.004138 0.008053 0.001362 -0.001544 0.001131
1341845857.913666 -0.0006588 -0.001344 0.003446 0.008377 0.0004696 0.004819
1341845857.949845 -8.558e-05 0.00221 0.002287 0.006684 0.003022 0.002469
1341845857.982166 -0.0009882 0.0003527 0.002896 0.004259 0.004787 -0.000167
1341845858.013803 -0.001973 0.000286 0.001356 0.003399 0.005217 -0.00257
1341845858.050247 -0.003487 -0.001941 0.003801 0.0008138 0.003576 -0.002218
1341845858.081715 0.001914 -0.006645 0.004784 0.005314 0.0001144 0.002253
1341845858.113782 -0.0003999 0.001508 -0.0002647 0.008604 0.003383 -0.0006589
1341845858.149725 -0.002455 -0.002262 0.002619 0.005083 0.00262 -0.000756
1341845858.181831 0.0003023 0.002789 -0.0008511 0.006184 0.001121 -0.003203
1341845858.217730 0.001163 -0.0005679 0.002523 0.0004109 0.004819 -0.00337
1341845858.281842 -0.004469 -0.00141 0.002867 0.006376 -0.001108 0.01014
1341845858.317768 0.00511 0.001835 0.001937 -0.0005664 0.003573 -0.0002817
1341845858.349904 -0.00429 -0.003414 0.002655 -0.001293 0.005645 0.000737
1341845858.381855 -0.006211 -0.001591 0.001501 0.0004231 -0.0006445 0.003523
1341845858.417827 0.003878 0.004771 -0.0007772 -0.0001224 -0.004063 0.0003869
1341845858.449872 0.003264 -0.0008815 0.003935 -0.004318 0.002095 -0.0006593
1341845858.485842 -0.002628 -0.003779 0.002165 -0.0006414 0.00232 0.003428
1341845858.517682 0.0003711 0.003249 -0.0005736 0.0009863 0.0003775 0.003506
1341845858.549803 0.000863 0.0005033 0.001697 -0.001794 0.001487 0.001706
1341845858.585823 -0.0008193 -0.001212 0.002616 -0.001386 0.002612 0.0001666
1341845858.618138 -0.004563 -0.004264 0.003777 0.001553 -0.0007021 0.005004
1341845858.654134 0.003988 0.003892 -0.0003124 0.003374 -0.003287 0.0002307
1341845858.685756 0.001291 -0.0008465 0.00243 -0.0005545 0.002966 -0.004475
1341845858.717690 -0.006444 -0.001636 0.002294 -0.0005177 0.0007748 0.0005001
1341845858.753674 -0.0002296 -0.004825 0.005927 0.002211 -0.005551 0.003955
1341845858.785618 0.004394 0.003165 -0.0008141 0.006522 -0.002674 -0.001548
1341845858.817756 -0.002 0.005344 -0.001032 -0.001159 0.002697 -0.003788
1341845858.853864 -0.004315 -0.00521 0.005408 -0.003829 -0.0008229 0.0008185
1341845858.885702 0.002126 -0.001465 0.002484 0.003603 -0.003922 0.004722
1341845858.922000 0.000764 0.005113 -0.0008948 0.00269 0.0001192 0.001676
1341845858.954158 -0.004782 0.0008438 0.001824 -0.002674 0.0007413 0.00111
1341845858.985944 -0.001243 -0.004324 0.005922 -0.001003 -0.003938 0.001626
1341845859.021830 0.002639 -0.003012 0.003671 0.005818 -0.003002 0.002417
1341845859.053720 -0.002047 0.003533 -0.0004711 0.005138 -2.559e-05 0.001622
1341845859.085862 -0.00203 0.0006639 0.002603 0.0008439 -0.00104 -0.0007007
1341845859.121873 9.735e-05 -0.004195 0.004334 0.003089 -0.002332 0.0008283
1341845859.153800 -0.0009973 0.004505 -0.001182 0.004891 -0.001963 0.001935
1341845859.189853 0.0008116 0.00167 0.002156 -0.0003653 -0.0009532 5.292e-05
1341845859.221654 -0.001811 -0.001071 0.003066 0.0006931 -0.001273 0.003285
1341845859.253689 -0.001447 -0.0002954 0.002983 0.002882 -0.003345 0.007522
1341845859.289745 0.0007361 0.001159 0.001204 0.004201 -0.003257 0.006536
1341845859.321911 -0.0009807 0.004573 -0.0005277 0.001787 -0.0004051 0.002318
1341845859.353758 -0.004956 6.117e-05 0.001828 -0.001053 -0.001688 0.002459
1341845859.389950 0.00175 0.002028 0.0008963 -0.000381 -0.004898 0.0004743
1341845859.421715 -0.001138 0.0009609 0.002052 -0.0003075 -0.003319 0.003202
1341845859.457807 -2.96e-05 0.002222 0.001044 0.0007739 -0.005188 0.004369
1341845859.489859 0.00259 0.001923 0.001614 0.001056 -0.003907 0.0009735
1341845859.521735 6.041e-05 0.006235 -0.001616 0.001272 -0.002654 0.0008227
1341845859.557712 4.508e-07 0.002723 0.00283 -0.003435 -0.003125 0.001219
1341845859.589783 -0.0007451 -0.001649 0.00243 0.0001186 -0.003913 0.002149
1341845859.625646 -0.002476 0.00527 -6.821e-05 0.000975 -0.00393 0.001192
1341845859.657759 -0.00189 0.001325 0.004135 -0.001298 -0.007201 0.0005262
1341845859.689869 0.004861 0.002211 0.0005301 0.0006366 -0.00599 -0.003253
1341845859.725812 -0.001655 0.006372 0.0001101 -0.003949 0.0005636 -0.006449
1341845859.757824 -0.006063 -0.0045 0.00501 -0.005866 -0.003063 4.295e-05
1341845859.789818 0.002925 0.003092 0.0006541 -0.002047 -0.005528 -0.0001044
1341845859.825831 0.0004097 0.004276 0.002029 -0.005452 0.0007646 -0.003103
1341845859.857647 -0.004809 -0.004044 0.004809 -0.007664 0.001413 -0.002979
1341845859.893646 -0.003165 -0.004683 0.005096 -0.002054 -0.001964 0.0004984
1341845859.925740 0.0005644 0.0004838 0.002829 0.001236 -0.001003 0.003387
1341845859.957775 -0.001956 0.004252 0.002349 -0.000434 0.002851 0.002308
1341845859.993847 -0.007153 -0.0004083 0.005647 -0.006648 0.005707 0.0007611
1341845860.025774 -0.004485 -0.004745 0.00794 -0.003633 0.002896 0.002342
1341845860.057745 -0.0009581 0.001619 0.006371 -0.002017 0.008028 0.001348
1341845860.093794 -0.01029 -0.001431 0.003511 -0.002229 0.01048 0.001512
1341845860.125763 -0.00724 0.003144 0.004493 -0.003458 0.005466 0.001126
1341845860.161703 0.001406 -0.002758 0.009378 -0.003139 0.005659 0.0006784
1341845860.193724 -0.00467 0.007028 -0.0004756 -0.0009074 0.01098 0.003535
1341845860.225730 -0.00568 0.002437 0.004174 -0.005875 0.007529 0.006254
1341845860.261716 0.0005288 -0.001155 0.006025 -0.003838 0.004561 0.006441
1341845860.294553 0.003461 0.008777 0.0002884 -0.00304 0.008464 0.003766
1341845860.325872 -0.004898 -0.0007312 0.005878 -0.007963 0.01028 0.001645
1341845860.361673 -0.0008787 0.0008514 0.001052 -0.002087 0.004248 0.003389
1341845860.393714 0.002247 0.00378 0.002525 -0.004776 0.005394 0.001125
1341845860.429768 0.002451 -0.003727 0.005641 -0.001486 0.00634 0.00311
1341845860.461780 -0.001007 0.003459 -0.001338 0.001458 0.007272 0.001596
1341845860.493718 6.102e-05 0.0018 0.0002375 -0.0002841 0.00347 -0.0007769
1341845860.529831 0.002754 0.0001467 0.001059 0.0001726 0.003543 -0.001271
1341845860.567950 -1.548e-05 -0.001329 0.0008237 0.002961 0.002959 0.001501
1341845860.604131 -0.001163 0.002257 -0.001834 0.00438 0.001667 0.004453
1341845860.638227 0.001923 0.001334 -0.00136 0.002738 0.000911 0.000516
1341845860.668441 0.001096 0.001507 -0.001898 0.0005322 0.003818 -0.003551
1341845860.706028 -0.002575 -0.0009794 0.0001776 -0.002566 0.004167 -0.003701
1341845860.736338 0.003798 -0.005944 0.003857 0.0003492 0.002107 -0.002422
1341845860.772400 0.002545 0.001829 -0.003171 0.003852 0.00707 -0.002415
1341845860.803824 -0.006571 -0.00398 0.00195 0.0005823 0.007002 0.001141
1341845860.871717 0.006092 0.001964 -0.004343 0.005154 0.006103 -0.000651
1341845860.929775 -0.005706 -0.003803 0.0007663 0.000233 0.0058 0.004444
1341845860.965899 0.002458 0.004459 -0.003744 0.001124 0.001712 0.002373
1341845860.997827 -0.000843 0.0005568 -0.001643 -0.002643 0.003237 -0.0004338
1341845861.029961 -0.001566 -0.002052 0.001852 -0.003508 0.002318 -0.0002822
1341845861.065806 -0.001229 -0.003571 -0.000797 0.001968 -0.001289 0.003309
1341845861.097631 2.933e-05 0.006156 -0.003646 -0.000294 -0.0007654 0.00179
1341845861.133786 -0.0003788 -0.005531 0.001913 -0.00269 -0.001912 0.0009323
1341845861.165622 0.0005771 -0.002592 -0.00297 0.002167 -0.002468 0.0004455
1341845861.197704 -8.827e-05 0.003224 -0.00604 -0.0004242 -0.001601 -0.001313
1341845861.233683 8.808e-05 -0.006022 -0.0003247 -0.00322 -0.003051 0.0004604
1341845861.265692 0.004599 0.0003591 -0.004589 -0.0004417 -0.002321 -0.002621
1341845861.297700 -0.0009587 -0.004143 0.0002684 -0.002458 0.001557 -0.004028
1341845861.333616 -0.002248 -0.003233 -0.002592 0.001849 -0.002856 0.001895
1341845861.365694 0.005332 0.004522 -0.006834 0.0001516 -0.00221 -0.000853
1341845861.407792 -0.0001592 -0.005472 0.002022 -0.004459 0.002766 -0.003496
1341845861.440894 -0.002976 0.000795 -0.003406 0.0009118 0.0002528 -0.0006162
1341845861.472256 0.001529 0.0008349 -0.0004376 -0.002795 -0.0009735 0.001048
1341845861.507634 0.0005088 -0.003189 0.0003223 -0.0003072 0.0003347 0.001932
1341845861.539675 -0.001939 0.004882 -0.002453 -0.0003391 0.001299 0.0005215
1341845861.571790 -0.001362 -0.003665 0.002017 -0.002006 -0.001479 0.001329
1341845861.607759 0.001257 0.001208 -0.00153 0.001423 -0.0001104 0.0002373
1341845861.639739 -0.003425 0.004316 -0.001527 -0.001293 0.0007253 0.0001179
1341845861.671875 -0.001284 -0.00121 0.0002499 -0.003215 -0.0006683 -0.001412
1341845861.707829 -0.001258 0.004311 -0.001882 -0.002235 0.0004332 0.0007381
1341845861.739782 -0.004409 -0.004108 0.004596 -0.003291 -0.0007549 0.008706
1341845861.775717 -0.0006491 -0.0009292 -0.001896 0.003081 -0.003195 0.009047
1341845861.807676 0.001552 0.006228 -0.004928 0.0009498 -0.0001437 -5.08e-05
1341845861.839701 -0.0005454 -0.001272 0.001065 -0.004206 0.003003 -0.003534
1341845861.875772 -0.002583 -0.0007509 -0.0001123 -0.0007875 0.002859 -0.001589
1341845861.907742 -0.002395 0.0005481 -0.0006438 -0.0001631 0.0008072 -0.001294
1341845861.939697 0.001211 0.002034 -0.001145 -0.0005208 0.0006823 -0.001978
1341845861.975661 -0.001789 -0.0003091 0.00188 -0.001142 0.003046 0.002123
1341845862.007930 -0.005687 -0.001465 0.0005119 0.001342 -0.0005964 0.004067
1341845862.039647 6.43e-05 0.006117 -0.003777 -0.0008381 -0.002345 -0.002353
1341845862.075738 -0.002298 -0.0007401 0.00144 -0.005321 -0.001729 -0.00307
1341845862.107644 -0.002644 -0.002759 0.005256 -0.003443 -0.003572 0.002068
1341845862.143904 -4.108e-05 -0.005051 0.003761 0.002983 -0.007272 0.005163
1341845862.175702 0.004113 0.002752 -0.003263 0.005558 -0.003381 0.0005414
1341845862.207672 -0.004243 -0.002785 0.002759 0.002678 -0.0005963 0.003214
1341845862.243827 0.0005851 -0.002872 0.0005693 0.008051 -0.004628 0.002845
1341845862.275754 0.002566 0.006167 -0.004547 0.007615 -0.0005359 -0.003358
1341845862.311739 -0.003006 0.002754 -0.001458 -0.000908 0.002459 -0.007854
1341845862.343750 -0.004608 -0.001858 0.0009918 -0.002417 -0.0009463 -0.007061
1341845862.375792 -0.002747 0.0003503 -0.0002008 -0.00132 -0.00487 -0.004938
1341845862.411748 -0.002637 0.001927 -0.001804 -0.001972 -0.005544 -0.004377
1341845862.443696 -0.0001887 0.0007794 -0.0007786 -0.004487 -0.005758 -0.007055
1341845862.479688 -0.002057 -8.515e-05 0.0004806 -0.004933 -0.0034 -0.005427
1341845862.511723 -0.001983 -0.005444 0.005054 -0.002106 -0.006027 0.001697
1341845862.543776 0.003519 0.002439 -0.002144 0.002806 -0.005031 0.001428
1341845862.579869 -0.001018 0.001198 0.0003707 -0.002002 -0.0004039 -0.003106
1341845862.611759 -0.003163 -0.002531 0.001901 -0.001843 -0.002248 -0.002109
1341845862.647939 -0.0007864 -0.002193 0.002289 0.0006647 -0.004927 0.001837
1341845862.679727 0.002275 0.003088 -0.001461 0.001425 -0.003702 3.064e-05
1341845862.712299 -0.001738 -0.001527 0.002279 -0.002418 -0.0009371 -0.001421
1341845862.747743 -0.003225 -0.0006243 0.0003208 0.0004874 -0.003746 0.002437
1341845862.779732 0.003326 0.004626 -0.001574 -0.001087 -0.00457 0.001762
1341845862.815767 0.003496 -0.002042 0.002208 -0.003689 -0.0004899 0.001005
1341845862.847856 0.001085 -0.001533 -0.0001842 -0.0008403 0.001471 0.001115
1341845862.879714 0.001115 0.0006298 0.0003144 -0.0009017 0.001508 0.0006425
1341845862.915725 0.0003521 -0.001378 0.0006235 -0.0005779 0.002312 0.0001286
1341845862.947913 -0.004019 0.002784 -0.001426 -0.00164 0.001125 -0.001404
1341845862.983749 -0.000821 -0.004134 0.004042 -0.003594 -0.003154 -0.0004028
1341845863.015854 0.005132 -0.00172 0.001525 0.001719 -0.003325 0.001186
1341845863.048281 0.0002228 0.003123 -0.002236 0.0007137 0.001666 0.0002347
1341845863.083795 -0.001707 -0.003 0.002641 -0.002288 -0.0007097 0.002695
1341845863.115808 0.004571 -0.0004541 -0.0003066 0.002536 -0.001168 0.0009881
1341845863.151916 -0.0006057 0.003414 -0.001294 -0.0008391 0.003046 -0.001818
1341845863.183716 -0.0009792 -0.003623 0.001664 -0.001972 0.0009092 -0.0003697
1341845863.215844 0.000469 -0.0009097 0.0003983 0.000789 -0.0005764 0.0003036
1341845863.251883 6.728e-05 -0.001573 -0.0002932 0.001704 -0.0006283 0.0005783
1341845863.283627 0.0009053 0.001869 -0.00209 0.00118 -0.0007623 -0.0009337
1341845863.315718 0.001154 -0.002019 0.001526 -0.0008593 -0.0002842 -0.0008611
