1311876800.430058 -1.187e-05 5.298e-05 7.268e-05 1.458e-05 -2.295e-06 3.062e-05
1311876800.467526 -2.189e-05 -1.487e-05 4.024e-05 1.302e-06 -4.359e-05 -4.432e-05
1311876800.499177 -4.844e-06 -9.412e-06 -2.78e-05 -8.433e-06 8.07e-06 2.904e-06
1311876800.584578 3.944e-05 1.511e-05 -8.023e-05 1.293e-05 3.535e-05 1.422e-05
1311876800.626767 3.474e-05 -4.498e-05 -1.504e-05 -1.732e-05 2.381e-05 -5.602e-06
1311876800.669072 1.432e-06 9.794e-06 4.393e-05 1.246e-05 4.49e-06 -1.114e-05
1311876800.699136 -3.027e-05 -1.328e-05 1.367e-05 1.339e-06 -1.591e-06 2.244e-05
1311876800.730907 1.724e-05 6.069e-06 -3.744e-05 5.381e-06 -2.132e-05 -2.82e-05
1311876800.767879 -2.062e-05 9.578e-06 4.683e-05 -4.498e-07 9.881e-06 3.07e-05
1311876800.819443 1.333e-05 3.252e-06 -2.159e-05 6.893e-07 -3.697e-05 -1.198e-05
1311876800.862919 -8.074e-06 6.128e-05 6.151e-05 2.546e-05 1.402e-05 -1.717e-05
1311876800.894672 -4.851e-05 -4.728e-05 8.6e-05 -8.493e-06 3.313e-05 -1.351e-05
1311876800.930094 9.123e-07 -3.231e-05 -4.961e-05 -1.29e-05 -4.365e-06 -1.459e-05
1311876800.965940 3.939e-05 -5.447e-06 -4.417e-05 -3.665e-06 5.595e-06 3.699e-05
1311876801.000625 3.767e-05 -4.968e-05 -1.835e-05 -1.16e-05 -1.908e-05 -1.128e-05
1311876801.030613 -4.422e-05 5.846e-05 4.218e-05 1.782e-05 1.556e-05 2.757e-05
1311876801.094705 -3.071e-06 4.923e-05 3.203e-05 2.052e-05 -1.08e-06 -9.385e-06
1311876801.131759 7.364e-06 -8.7e-05 -6.258e-05 -2.532e-05 1.053e-05 -9.362e-06
1311876801.167161 6.229e-06 6.929e-05 4.023e-05 2.609e-05 4.801e-06 -1.122e-06
1311876801.226755 -1.483e-06 -2.921e-05 2.928e-05 -5.491e-06 -7.359e-06 3.634e-06
1311876801.269894 1.103e-05 6.537e-05 -7e-05 1.673e-05 -2.363e-06 -1.688e-05
1311876801.299344 1.426e-05 -3.398e-05 7.404e-06 -5.234e-06 7.091e-06 3.635e-05
1311876801.387394 1.712e-05 3.148e-05 3.333e-05 1.998e-07 7.578e-08 -3.505e-06
1311876801.432714 -5.334e-05 -2.005e-05 3.462e-05 -1.623e-06 6.172e-06 -2.039e-06
1311876801.495114 3.784e-05 -7.99e-05 -0.0001438 -2.919e-05 -2.005e-06 -1.842e-05
1311876801.587561 0.0001101 -0.0001474 -0.0001451 -9.979e-05 0.0001429 2.041e-05
1311876801.630278 -7.994e-05 0.0002785 0.0001347 0.000194 4.014e-05 9.222e-06
1311876801.688018 4.991e-06 -6.985e-05 4.273e-05 -5.103e-05 -4.717e-05 -1.128e-05
1311876801.763774 0.0003107 -5.809e-05 -0.0003751 7.152e-05 0.0003838 7.567e-06
1311876801.799465 0.0004175 -0.0003768 -0.0007987 -0.0002563 0.0007026 -0.0004529
1311876801.830965 0.0002984 -0.0003524 -0.00011 -0.0002498 0.002763 0.0003369
1311876801.867700 -0.0001578 0.0002315 0.0008799 0.0002293 0.002834 0.0006336
1311876801.919866 0.0003893 0.0008775 -0.0009118 -0.0002168 0.002191 -0.0003846
1311876801.987874 0.000558 -9.696e-05 -0.001087 -0.002092 0.006754 0.0004855
1311876802.151775 0.0009966 0.0008644 -0.006529 0.003451 0.02623 0.003031
1311876802.201191 0.0009793 0.001654 -0.004611 0.001056 0.01327 0.001329
1311876802.251654 0.0006741 0.001221 -0.001485 -0.001824 0.007103 0.001288
1311876802.319528 0.001068 -0.001007 -0.003302 -0.003448 0.01558 0.002629
1311876802.433363 -0.0005311 0.00108 -0.01114 0.002156 0.0369 0.00421
1311876802.494648 0.001452 0.005107 -0.01166 0.002933 0.01726 0.002144
1311876802.587849 0.0007734 0.002253 -0.008884 0.0001928 0.01508 0.001994
1311876802.694713 0.001855 0.0028 -0.01611 -0.001957 0.02755 0.004371
1311876802.755016 0.0001269 -0.0001083 -0.004107 -0.0004088 0.007391 0.0006747
1311876802.819205 -0.0002312 0.001775 -0.008481 -0.0006751 0.01478 0.0006971
1311876802.883942 0.0004099 0.001926 -0.007542 0.0005076 0.01543 0.00172
1311876802.916598 0.0004867 0.0006885 -0.00419 -0.0004814 0.007406 0.001148
1311876802.988212 0.0005632 0.004757 -0.008952 -0.006796 0.01571 0.001854
1311876803.054696 -0.0004428 -0.003424 -0.003796 -0.00175 0.0149 0.001066
1311876803.084170 -0.0005344 0.00293 -0.005437 0.004565 0.008908 0.0003721
1311876803.153709 0.0007159 0.0002871 -0.01265 -0.001187 0.01416 0.002064
1311876803.231775 0.0005161 0.004783 -0.0177 0.001989 0.02149 0.002158
1311876803.301791 0.0001493 0.001299 -0.01162 -0.00197 0.01364 0.001575
1311876803.362647 0.0004767 0.001549 -0.01276 0.0007342 0.01393 0.001809
1311876803.419612 0.0002273 0.001341 -0.006481 0.000487 0.006961 0.0007999
1311876803.462684 0.0006646 0.002023 -0.01352 0.002217 0.01439 0.002133
1311876803.494765 0.0001943 0.001749 -0.007386 -0.002222 0.008307 0.001712
1311876803.530164 0.0007781 -0.003049 -0.005481 -0.002442 0.006988 0.001726
1311876803.565720 0.000273 0.001266 -0.007365 0.001279 0.006937 0.000996
1311876803.619383 0.0003273 0.001106 -0.006796 0.0009587 0.007219 0.001498
1311876803.701165 0.001524 0.00406 -0.01993 0.004913 0.02135 0.003721
1311876803.727658 -6.713e-05 0.001456 -0.008146 -0.002131 0.008368 0.001112
1311876803.768974 0.000845 -0.002853 -0.005556 0.0001864 0.00688 0.001569
1311876803.799699 -0.0005073 0.006101 -0.007995 0.002793 0.008207 0.0005774
1311876803.854887 4.909e-05 0.000573 -0.006578 -0.002357 0.007336 0.001365
1311876803.920070 0.000692 0.002021 -0.01309 -0.00708 0.01463 0.001945
1311876804.033986 0.004059 0.004037 -0.03189 0.006149 0.03853 0.005583
1311876804.066072 -0.0009267 0.001255 -0.01198 -4.726e-05 0.01097 0.001671
1311876804.123566 -0.0009072 0.004239 -0.01053 -0.0004325 0.01149 0.001122
1311876804.754802 0.1222 0.3493 0.471 0.06087 -0.02005 -0.01403
1311876804.887607 0.006732 -0.008915 -0.0313 0.0007001 0.03632 0.01056
1311876804.955344 0.002072 0.004956 -0.01408 0.001592 0.02261 0.003656
1311876805.154541 -0.0009964 0.009104 -0.05848 -2.897e-05 0.07163 0.003687
1311876805.222317 0.001088 0.004517 -0.02027 0.008083 0.02201 0.001687
1311876805.289126 0.0007263 -0.0005134 -0.02054 0.002681 0.02274 0.005349
1311876805.651934 -0.9128 -0.1038 0.2207 -0.03028 0.258 0.03086
1311876805.752786 -0.02159 -0.1133 -0.03744 0.01758 0.03126 0.01465
1311876805.888938 0.01761 0.02945 -0.01902 -0.008411 0.05231 0.005512
1311876805.920134 0.00106 0.001461 -0.01582 -0.009635 0.02586 0.007316
1311876806.188453 -0.2642 -0.1706 -0.2036 -0.03655 0.1387 0.02875
1311876806.258302 0.0003509 -0.005205 -0.02003 0.002345 0.02791 0.006057
1311876806.321453 -0.002867 0.1526 0.006396 0.02959 0.03018 -0.01178
1311876806.355687 -0.0001716 0.01142 -0.01479 0.002467 0.02467 -0.001886
1311876806.387744 0.0002276 -0.01711 -0.005029 -0.006976 0.0101 0.003857
1311876806.457917 0.002724 0.0165 -0.01607 0.007769 0.0123 -0.004591
1311876806.487278 0.0004194 -0.004095 -0.01404 7.615e-05 0.02564 0.001981
1311876806.587473 0.002073 0.00736 -0.02178 -0.006031 0.0393 0.005837
1311876806.658065 -0.002134 -0.004182 0.0003732 -0.001784 0.01497 0.002088
1311876806.755702 0.01567 0.2081 -0.02393 0.03532 0.054 -0.01798
1311876806.855642 -0.002871 -0.002781 -0.005137 -0.005684 0.04086 0.005703
1311876806.955975 -0.0009796 0.005869 -0.03311 0.01302 0.04062 0.003083
1311876807.088849 0.002422 0.005896 -0.03431 0.000147 0.03482 0.006281
1311876807.220439 0.001271 0.005834 -0.03187 -0.00324 0.04467 0.005151
1311876807.288850 -9.494e-05 -0.0001899 -0.01338 -0.001703 0.04435 0.002948
1311876807.389007 0.005146 0.1628 -0.05488 0.02363 0.02849 -0.02249
1311876807.423021 0.002004 -0.08343 0.007154 -0.01612 0.02639 0.0124
1311876807.488789 -0.0002362 -0.001229 -0.007279 -0.001686 0.0133 0.001864
1311876807.556724 0.001011 0.006403 -0.01533 0.00156 0.0251 0.00309
1311876807.587013 0.001683 0.003123 -0.01379 0.00506 0.02822 0.004748
1311876807.722791 0.0002378 0.002891 -0.02208 3.858e-05 0.03883 0.003557
1311876807.788131 -0.03655 0.1626 -0.1386 0.01746 0.0244 -0.02363
1311876807.823106 0.000455 0.003633 -0.01354 0.001117 0.02593 0.003808
1311876807.855114 -0.0003183 -3.022e-05 -0.004737 -0.001887 0.01382 0.002384
1311876807.955190 -0.0002006 0.006901 -0.01727 0.004288 0.0379 0.004155
1311876807.986941 -0.001499 0.002675 -0.007221 -0.004696 0.01564 0.0005484
1311876808.022922 -9.606e-05 -0.002159 -0.007819 0.000416 0.01224 0.001182
1311876808.088456 0.001605 0.005778 -0.008115 0.004134 0.01275 0.00147
1311876808.156335 -0.0002165 0.005144 -0.01402 0.0002364 0.02523 0.002483
1311876808.225394 0.0004915 -0.001644 -0.01349 -0.007877 0.02801 0.004517
1311876808.287989 0.0009189 -0.001482 -0.01838 0.0009151 0.02534 0.003055
1311876808.323447 5.022e-05 0.002028 -0.01711 0.003718 0.02761 0.001109
1311876808.388632 -0.001055 0.00743 -0.01109 0.00869 0.01234 0.0003389
1311876808.457250 0.002057 -0.003121 -0.01587 -0.002423 0.02257 0.001744
1311876808.487179 -0.004279 0.004414 -0.0171 -0.008464 0.0291 0.004144
1311876808.622357 0.005408 0.03185 -0.03732 0.01909 0.03866 0.004347
1311876808.692502 0.005724 -0.0604 -0.0003037 -0.009688 0.01928 -0.01441
1311876808.722853 -0.01356 0.03092 -0.005227 -0.0112 0.02926 0.008293
1311876808.793360 0.006828 -0.01914 -0.01199 -0.005906 0.01889 0.001445
1311876808.955234 -0.008651 0.006941 -0.06826 0.01606 0.07115 0.003516
1311876809.055328 0.005295 0.008794 -0.03143 0.006223 0.02908 0.007002
1311876809.093309 0.003289 0.02138 -0.006906 -0.006229 0.01091 0.00524
1311876809.123380 -0.005269 -0.02278 -0.01072 -0.006236 0.01056 -0.003993
1311876809.193311 0.003926 0.0127 -0.005911 0.005057 0.01061 0.005306
1311876809.292889 -0.01319 0.0008162 -0.0439 -0.0003585 0.002824 -0.002272
1311876809.455256 0.002994 0.01083 -0.04971 0.0001078 -0.01341 0.003713
1311876809.491197 -0.001969 -0.003304 -0.008774 7.862e-05 -0.0006538 -0.001794
1311876809.556037 -0.001146 0.01235 -0.01182 0.002531 -0.00191 -0.0007239
1311876809.624594 -0.001873 -0.006352 -0.019 -0.003398 -0.007463 -0.00352
1311876809.693070 -0.002718 -0.0009965 -0.02169 0.0002829 -0.00515 0.001031
1311876809.892015 -0.0042 0.01158 -0.07218 0.001104 -0.0399 -0.004885
1311876809.990838 -0.0004202 0.00964 -0.03188 0.0008206 -0.02061 -0.0009716
1311876810.060792 -0.001808 -0.007901 -0.006409 -0.007157 -0.007392 -0.0005043
1311876810.125333 0.0006225 0.008149 -0.02268 0.004466 -0.01322 -0.002141
1311876810.193100 -0.002063 0.0007678 -0.02078 -0.000159 -0.01237 -0.003149
1311876810.259494 -0.003312 -5.353e-05 -0.02213 0.003352 -0.01226 -0.003199
1311876810.322953 -0.001379 0.005436 -0.0202 0.0004189 -0.01471 -0.001618
1311876810.461204 -0.001427 0.004744 -0.04962 -0.004815 -0.03591 -0.0006112
1311876810.559339 -0.001808 0.003551 -0.03013 -0.002459 -0.02042 -0.005422
1311876810.660169 -0.004972 0.008456 -0.02947 -0.0009706 -0.01623 -0.003276
1311876810.724214 -0.0004484 -0.0007771 -0.01918 -0.003703 -0.01482 -0.0008283
1311876810.792436 0.0003424 -0.003434 -0.009458 0.0001504 -0.007601 -0.0001294
1311876810.822783 -0.001404 -0.003548 -0.01922 -0.01112 -0.01601 0.0004386
1311876810.860238 0.003252 0.008647 -0.01095 0.007359 -0.00641 -0.0008278
1311876810.959917 -0.00393 0.009837 -0.03357 0.00618 -0.01659 -0.003782
1311876811.058858 -0.008436 -0.004001 -0.02862 -0.00274 -0.01671 -0.00379
1311876811.091062 0.004972 0.00216 -0.01166 0.004857 -0.01379 -0.0008484
1311876811.160044 0.000266 0.00188 -0.009347 -0.001133 -0.00365 0.0009557
1311876811.192260 0.0004888 0.002884 -0.0216 0.003713 -0.01763 -0.001399
1311876811.359774 -0.006974 0.01443 -0.04025 -0.01617 -0.0256 -0.004466
1311876811.391608 0.004285 -0.01448 -0.01706 0.001125 -0.01705 0.000548
1311876811.459864 0.002976 0.01197 -0.01252 0.007725 -0.004135 2.012e-05
1311876811.792077 -0.0005834 0.01075 -0.09953 0.002331 0.001971 0.003375
1311876812.026777 -0.003837 0.009719 -0.0814 0.001309 -0.02408 -0.0034
1311876812.161300 -0.002617 0.001675 -0.03004 -0.001582 -0.01532 -5.317e-05
1311876812.229314 -0.002138 0.007512 -0.02077 0.0006829 -0.01543 -0.002308
1311876812.329061 -0.004874 0.003267 -0.02898 -0.004753 -0.02723 -0.00631
1311876812.529686 0.04383 -0.1375 -0.06013 -0.08608 -0.03602 0.1474
1311876812.559129 0.0009899 -0.002855 -0.008843 -0.0008061 -0.01383 2.122e-05
1311876812.629523 0.00036 0.004003 -0.009428 -0.0009153 -0.01254 -0.0009737
1311876812.659573 0.1494 -0.2889 0.05002 -0.04738 -0.04626 0.01065
1311876812.698203 -0.002735 0.003086 -0.01884 -0.002211 -0.02478 -0.004581
1311876813.097188 -0.09517 -0.03764 0.4924 -0.05342 0.04698 -0.02378
1311876813.161662 -0.001633 0.003481 -0.03684 -0.0005482 -0.03994 -0.00679
1311876813.262804 -0.004748 -0.002418 -0.03405 -0.01323 -0.04062 -0.002475
1311876813.330603 0.001016 0.003966 -0.0197 0.0103 -0.02302 -0.003713
1311876813.398967 -0.003098 0.007071 -0.009051 0.004399 -0.01701 -0.002218
1311876813.461799 -0.002276 0.008149 -0.02809 0.002657 -0.04061 -0.009922
1311876813.497616 0.003105 -0.005735 -0.003043 -0.005678 -0.01178 0.0005119
1311876813.561890 0.01913 -0.0324 0.00549 0.000714 -0.03037 0.002423
1311876813.629992 0.002185 -0.004933 -0.007625 -0.007549 -0.01224 -0.0002125
1311876813.697882 -0.008095 0.00705 -0.02951 0.00305 -0.02732 -0.003328
1311876813.766032 -0.001509 0.003189 -0.02022 0.0007427 -0.02647 -0.00416
1311876814.230993 0.07091 0.5838 1.828 0.1605 0.08714 -0.02498
1311876814.263555 -0.0006381 0.006775 -0.008376 0.009558 -0.01125 -0.0051
1311876814.297333 -0.002755 -0.000419 -0.01363 -0.003134 -0.004917 0.0005412
1311876814.398237 -0.0001786 0.001525 -0.01546 -0.003455 -0.02392 -0.003907
1311876814.466784 -0.001768 0.009752 -0.02456 0.004711 -0.01771 -0.001466
1311876814.496017 0.002556 -0.004509 -0.01236 -0.001885 -0.01662 -0.002181
1311876814.566816 -0.0003115 0.006627 -0.02113 -0.0004572 -0.007596 0.0001608
1311876814.630351 -0.0005529 0.00199 -0.008982 -0.00203 -0.003557 -0.002473
1311876814.903039 0.002019 0.0189 -0.08688 0.005436 0.01745 0.001374
1311876815.134040 0.003627 0.004508 -0.03743 -0.003511 0.04602 0.003399
1311876815.198058 -0.009721 0.007187 -0.0332 0.005272 0.02806 0.0009847
1311876815.498137 0.3428 0.05029 0.7782 0.02284 -0.09057 -0.0961
1311876815.566491 -0.0002281 0.001602 -0.01167 0.001946 0.02509 0.002406
1311876815.797973 0.1597 0.7176 0.2622 0.04631 0.09698 -0.3396
1311876815.865742 0.001023 0.000362 -0.008661 0.002122 0.02811 0.00247
1311876815.933554 -0.0002958 0.0005041 -0.004856 0.0008831 0.01293 0.001226
1311876816.102108 0.5527 0.5004 -0.3522 0.03626 -0.06125 -0.2349
1311876816.165608 0.0005303 0.0009507 -0.006757 0.001658 0.02672 0.002916
1311876816.201250 -7.461e-05 0.001115 -0.002981 0.0004199 0.01359 0.001184
1311876816.365847 -0.0009806 0.005609 -0.006729 0.002187 0.05333 0.006718
1311876816.400017 -0.0008761 0.0005637 -0.002875 -0.0009011 0.02783 0.003316
1311876816.465009 0.0007921 0.0007762 -0.003239 0.001755 0.01269 0.001511
1311876816.533151 0.002458 0.127 -0.06318 0.01923 0.02349 -0.01618
1311876816.600822 -0.03418 -0.09812 0.06752 -0.01398 0.03794 0.01986
1311876816.864973 0.0164 0.2137 -0.1139 0.02255 -0.05464 -0.009757
1311876817.233331 0.3033 -0.3623 -0.07527 -0.05546 -0.08068 0.07044
1311876817.301716 0.0001527 0.002048 -0.004159 0.000339 0.02717 0.00295
1311876817.468954 0.001235 0.00279 -0.01144 0.001778 0.05343 0.005138
1311876817.566764 0.0009538 0.002525 -0.01078 -0.001289 0.0529 0.005665
1311876817.599626 -0.002101 -0.0003146 -0.003482 0.0006597 0.01366 0.0001849
1311876817.932941 0.151 0.03421 0.2312 -0.006082 -0.0203 -0.0627
1311876818.033258 -1.404e-05 0.000598 -0.007244 0.00103 0.02619 0.002098
1311876818.066746 0.002951 0.00252 -0.008496 0.001234 0.04015 0.005157
1311876818.133259 0.000109 0.001692 -0.002186 0.001071 0.01242 0.001479
1311876818.433567 -0.5902 0.1994 0.4749 0.03095 0.1486 0.02845
1311876818.501299 0.0005157 0.001628 -0.005942 0.0005675 0.02639 0.003079
1311876818.566813 0.001435 0.00281 -0.004192 -8.57e-05 0.01352 0.002083
1311876818.600789 0.003322 -0.0001605 -0.004475 -0.002401 0.02966 0.004154
1311876818.636339 -0.001775 0.002838 -0.006655 -0.002063 0.01728 0.0021
1311876818.666847 -0.003181 0.001265 -0.008677 -0.002859 0.01428 0.001003
1311876818.737792 -0.000291 0.000505 -0.007 -0.002868 0.01353 0.0001561
1311876818.799603 -0.001451 0.00129 -0.02793 0.004306 0.04435 0.003013
1311876818.869326 -0.000532 0.000856 -0.02234 0.003122 0.02557 0.003311
1311876818.938568 -0.001196 -0.004172 -0.02095 0.003334 0.02514 0.00353
1311876819.199388 -0.7687 0.2152 0.2975 0.03022 0.1679 0.03579
1311876819.235577 -0.001276 -0.01574 -0.006318 -0.003502 0.0123 0.001347
1311876819.302566 3.67e-05 0.02176 -0.02102 0.009348 0.02752 0.004667
1311876819.335257 0.001774 -0.006997 -0.006408 -0.00812 0.01018 0.001869
1311876819.401922 0.001118 0.00652 -0.01195 0.002953 0.01268 0.0001222
1311876819.468978 0.0008048 0.003903 -0.01724 0.002683 0.02902 0.00384
1311876819.538616 -0.007033 -0.07679 -0.03373 -0.0141 0.04222 -0.0001689
1311876819.601979 0.000714 0.001815 -0.02009 -0.002626 0.02689 0.002964
1311876819.670536 0.0007937 0.002958 -0.0204 0.001966 0.02695 0.004028
1311876819.738574 -0.001775 0.004884 -0.01996 0.001789 0.02384 0.002513
1311876819.767927 -0.003314 0.003972 -0.01919 0.002211 0.01441 -0.0006819
1311876819.838451 -0.002255 -0.003528 -0.009538 0.0007093 0.005628 -0.0005766
1311876819.905197 0.002516 0.007929 -0.02024 -0.002106 0.01003 0.00321
1311876819.936481 0.001674 -0.005132 -0.01543 -0.008549 0.009508 0.004497
1311876820.006400 -0.001152 0.005925 -0.01921 0.0002048 0.01346 0.002223
1311876820.070966 -0.0006297 0.00253 -0.02063 0.001568 0.007878 -0.002367
1311876820.170480 -0.002184 0.004591 -0.02037 0.004081 0.00576 0.001417
1311876820.237034 -0.0004448 0.003447 -0.01958 -0.0007784 -0.001241 0.003477
1311876820.306669 0.002304 0.002405 -0.01913 -0.002039 -0.004785 0.003624
1311876820.367749 -0.002469 0.0051 -0.0302 -0.001691 -0.00717 -0.0009227
1311876820.438217 -0.00203 -0.004172 -0.008475 -0.003401 -0.003237 -0.003869
1311876820.505077 -0.00442 0.0073 -0.02293 0.006048 -0.008314 -0.004837
1311876820.537045 -0.005213 -0.00381 -0.01718 -0.00249 -0.01446 -0.00336
1311876820.638640 6.524e-05 0.009407 -0.02272 -0.001993 -0.0174 -0.0001267
1311876820.704911 -0.002055 0.0009516 -0.0153 -0.01052 -0.01946 0.002389
1311876820.768296 0.002123 0.001199 -0.02089 6.158e-05 -0.02107 -0.002923
1311876820.837832 -0.003589 -0.004952 -0.0329 0.003539 -0.02686 -0.005269
1311876820.868597 0.0002084 0.00641 -0.01215 0.0043 -0.007439 -0.0001304
1311876820.937449 -0.002631 0.001828 -0.01032 -0.001605 -0.00882 0.0004091
1311876821.006295 -0.001489 0.002704 -0.01918 -0.002565 -0.02123 -0.001625
1311876821.035439 -0.002821 0.001057 -0.01673 -0.003236 -0.02468 -0.002053
1311876821.072549 0.000883 0.002945 -0.008647 0.001309 -0.01428 -0.00147
1311876821.137758 0.0001886 0.006633 -0.01076 -3.908e-05 -0.0128 -0.0001441
1311876821.205013 0.001221 0.01049 -0.02497 -0.0004004 -0.03804 0.001428
1311876821.371074 0.003115 -0.007958 -0.0276 -0.01383 -0.04873 -0.006411
1311876821.403570 0.0005087 -0.004675 -0.0162 -0.006498 -0.01272 -0.0007839
1311876821.435172 0.0004109 0.01155 -0.01236 0.01138 -0.008089 -0.002219
1311876821.505586 0.0001538 0.00924 -0.01041 0.006918 -0.006949 -0.000676
1311876821.571169 -0.002539 -0.009106 -0.02031 -0.007158 -0.01864 -0.001235
1311876821.603022 0.004349 0.007175 -0.01135 0.004776 -0.008175 0.00156
1311876821.673480 0.004926 0.009313 -0.02368 0.01833 -0.009321 0.001765
1311876821.737890 0.003833 -0.004728 -0.01575 -0.004655 -4.929e-05 -0.0003924
1311876821.804768 -0.01169 0.01228 -0.01897 -0.007717 0.004203 -0.008577
1311876821.836158 -0.00232 -0.006852 -0.01162 -0.01276 0.0001969 -0.01272
1311876821.871301 0.002798 0.001782 -0.007114 0.004737 0.006889 -0.0005385
1311876821.934555 0.002329 0.1823 0.009189 -0.000671 0.009692 0.008617
1311876822.004624 0.008138 -0.05277 -0.01419 0.04002 -0.002205 -0.002026
1311876822.073411 0.009654 -0.05232 -0.005423 -0.07251 -0.02177 -0.0006607
1311876822.137715 -0.02056 0.08885 -0.02465 0.06124 0.004795 0.009689
1311876822.205708 -0.0001759 -0.06447 -0.02215 -0.03371 0.006594 -0.006168
1311876822.274024 -0.001472 0.02233 -0.01975 0.02008 0.004572 -0.004678
1311876822.341173 0.0001852 0.001547 -0.01762 -0.002723 -0.005933 -0.0009032
1311876822.405635 -0.004012 0.00163 -0.02234 -0.00154 0.0005098 0.001332
1311876822.473455 0.001362 -0.0006963 -0.01829 0.0002237 -0.0004724 0.0003359
1311876822.541855 0.000237 0.004868 -0.02084 0.003916 -0.00183 0.0005185
1311876822.605520 0.0004783 0.006082 -0.02269 0.004707 -0.000528 0.002692
1311876822.640013 0.005513 -0.00885 -0.01879 0.005256 -0.003959 0.003524
1311876822.705520 -0.003964 0.01364 -0.01457 0.004984 0.004714 0.001587
1311876822.739152 0.006608 -0.003952 -0.01275 -0.002643 -0.005759 -0.0005548
1311876822.772840 -0.006838 0.01042 -0.01493 0.001695 0.007408 0.0009899
1311876822.842077 -0.002756 -0.0003239 -0.009357 -0.007035 -0.003079 -0.0006407
1311876822.904715 0.002695 -0.001483 -0.01265 -0.005351 0.001224 -0.002093
1311876822.970991 -0.00174 0.0001031 -0.0194 -0.00352 -0.0004077 0.0007957
1311876823.003344 0.001155 0.004138 -0.02003 0.002716 -0.0005311 0.001859
1311876823.040825 0.0004222 0.0003164 -0.01005 0.003338 -0.001086 0.0001381
1311876823.173108 -0.0009307 0.007085 -0.02993 0.002395 5.183e-05 -0.001146
1311876823.241664 -0.000639 0.0009524 -0.01977 -0.003058 0.000955 0.0006915
1311876823.305941 0.0005932 0.006273 -0.03149 0.003659 -0.00123 0.003295
1311876823.403179 0.002774 0.0002924 -0.0198 0.00469 -0.001353 0.003003
1311876823.473732 0.0005988 0.002092 -0.02082 -0.0003666 -0.001281 0.003409
1311876823.541365 0.001775 0.00788 -0.02001 0.002772 0.001455 0.003242
1311876823.571250 0.003873 0.002833 -0.01629 -9.854e-05 0.002911 0.001556
1311876823.608392 -0.00211 0.0004878 -0.01089 -0.0041 0.004408 0.0008428
1311876823.640286 0.0008723 2.056e-05 -0.008077 0.001523 0.0009623 -0.0001267
1311876823.740011 -0.003103 0.002033 -0.02925 0.0004028 0.01292 -0.002101
1311876823.807147 -0.0008165 -0.0002688 -0.009816 0.00337 0.003549 -0.002063
1311876823.840589 -0.002479 0.002696 -0.01952 -0.003713 0.005572 -0.0003977
1311876823.909357 0.00291 0.007007 -0.01931 0.001904 0.01206 0.004619
1311876823.974333 0.0002952 0.001511 -0.008198 0.0006507 0.004231 0.001639
1311876824.039354 0.0004222 0.00262 -0.01798 -0.002157 0.009602 0.001447
1311876824.109974 0.0007562 0.001002 -0.01859 0.001171 0.0151 0.0003863
1311876824.244384 -0.002953 0.003518 -0.04754 0.006322 0.0358 -0.001742
1311876824.307250 0.001172 0.017 -0.01515 0.004446 0.02069 0.003465
1311876824.372907 -0.004813 -0.003602 -0.003419 -0.02167 0.008215 0.006053
1311876824.407373 0.01814 0.009484 -0.005192 0.01864 0.00806 -0.002538
1311876824.474272 -0.008725 0.01155 -0.004092 -0.01907 0.01601 0.005401
1311876824.542706 0.006936 -0.0336 -0.008158 0.01389 0.03906 0.001149
1311876824.617044 0.003863 0.02079 -0.006199 0.01552 0.006954 0.008974
1311876824.678891 0.001413 -0.006074 -0.005083 -0.002613 0.03096 0.000822
1311876824.739557 -0.002304 0.006129 -0.001583 -0.0006406 0.03187 0.004154
1311876825.311160 -0.01174 0.02947 -0.1057 -0.000573 0.01581 -0.008398
1311876825.379202 0.002726 -0.001535 -0.001402 -0.004419 0.02311 0.002275
1311876825.443001 0.002646 -0.002261 -0.00291 0.002716 0.02841 0.004459
1311876825.511318 0.003378 0.002787 -0.00767 0.009239 0.02929 0.003937
1311876825.578755 0.002193 0.004727 -0.00972 -0.002135 0.0319 0.00395
1311876825.608336 0.003857 -0.0007587 -0.002565 -0.004432 0.03238 0.003752
1311876825.679433 -0.002207 0.003202 -0.006256 -0.002465 0.01845 0.001662
1311876825.743788 0.002331 -0.004588 -0.008592 0.0009876 0.03692 0.002562
1311876825.911335 0.0015 0.002682 -0.02278 0.009191 0.0515 0.00797
1311876825.943821 0.00198 0.004346 -0.01301 0.0009529 0.02561 0.004388
1311876826.010922 0.002434 0.0004501 -0.01226 -0.003446 0.02629 0.003667
1311876826.079837 0.0001101 0.0001654 -0.003132 0.002864 0.01165 0.001227
1311876826.146339 0.001971 0.0006379 -0.0153 0.001708 0.02866 0.003175
1311876826.347083 0.003668 0.008617 -0.03432 0.00522 0.07676 0.009657
1311876826.411962 0.002993 -0.0004216 -0.008948 -0.0005296 0.02409 0.00303
1311876826.444175 -0.0001498 0.001969 -0.01041 0.000633 0.02758 0.004456
1311876826.510393 0.001519 0.002956 -0.004948 0.0008293 0.01238 0.001559
1311876826.544142 -0.0001569 0.0003077 -0.008975 0.001196 0.02724 0.002436
1311876826.611600 0.0003544 0.003947 -0.004679 0.001077 0.01341 0.000957
1311876826.643909 2.753e-05 0.002018 -0.008577 0.000842 0.02708 0.002388
1311876826.711604 -0.0006901 0.001307 -0.004556 -0.0002349 0.01347 0.001475
1311876826.779027 0.0001505 0.001548 -0.008482 -0.001006 0.02533 0.002921
1311876826.808383 0.001523 0.004954 -0.007932 -0.002925 0.02459 0.003914
1311876826.946959 0.002589 0.006371 -0.01199 -0.001318 0.04993 0.007749
1311876826.976088 0.00115 -0.0001693 -0.003413 -0.001982 0.01292 0.001456
1311876827.147419 0.0007069 0.00837 -0.02373 -0.01069 0.05521 0.005771
1311876827.347425 0.0008679 0.006541 -0.0528 0.00978 0.08269 0.009584
1311876827.376114 0.00259 0.0008028 -0.01659 -0.002492 0.02303 0.003694
1311876827.415464 0.0002032 0.001934 -0.009612 0.0008982 0.01242 0.0009491
1311876827.512142 0.0008664 0.003376 -0.02879 0.001009 0.03925 0.003826
1311876827.545558 0.0008054 0.000449 -0.008569 0.001529 0.01241 0.001596
1311876827.576094 -0.0005937 0.006394 -0.01303 0.001921 0.01356 0.0009362
1311876827.855201 0.002856 0.005078 -0.06343 -0.003677 0.09154 0.01096
1311876827.915041 -0.001205 0.004738 -0.02194 0.000588 0.02737 0.002523
1311876828.012929 -0.001487 0.01527 -0.0434 0.002671 0.04631 0.005469
1311876828.079003 0.002857 -0.01983 -0.00815 -0.00692 0.008264 0.004193
1311876828.214514 0.0009436 0.01404 -0.04264 0.008627 0.04802 0.002737
1311876828.375770 -0.007165 0.01216 -0.06223 -0.00217 0.02987 0.0032
1311876828.412337 0.001206 -0.01129 -0.009552 -0.005632 0.002598 0.002578
1311876828.614645 -0.002296 0.01673 -0.05022 0.0072 0.007563 -0.0006842
1311876828.644487 -0.0006898 0.0009042 -0.02092 -0.000704 0.001217 0.002128
1311876828.711214 0.0006233 0.006235 -0.01015 9.715e-05 -0.0005763 0.001721
1311876828.983144 -0.003 0.007266 -0.07658 -0.004585 -0.01272 0.001906
1311876829.114189 -0.005849 0.007576 -0.05197 -0.0004499 -0.03629 -0.0003066
1311876829.245910 -0.001329 0.004747 -0.0291 0.001936 -0.0305 -0.002093
1311876829.314543 -0.001084 0.005601 -0.02062 -7.426e-05 -0.02036 -0.003124
1311876829.343898 -0.001126 -0.0007194 -0.01738 -0.00375 -0.01962 -0.003246
1311876829.414782 -0.001807 0.005002 -0.01051 0.0007719 -0.008822 -0.001885
1311876829.483385 -0.001345 0.005253 -0.01943 -0.002808 -0.01926 -0.001904
1311876829.580003 0.001325 0.0007942 -0.03716 -0.004041 -0.0399 -0.001208
1311876829.715270 0.001288 0.003305 -0.02805 -0.001791 -0.02164 -0.004906
1311876829.915125 -0.00672 0.00579 -0.06318 0.001661 -0.03067 -0.007766
1311876829.948768 0.002199 -0.0007884 -0.01909 0.001407 -0.009579 -0.001703
1311876829.980008 -0.001817 0.005985 -0.01188 0.002286 -0.002398 -0.001521
1311876830.012707 -0.0008066 9.115e-05 -0.0101 -0.00175 -0.003271 -0.0007156
1311876830.050411 -0.0006655 0.001627 -0.009675 0.001106 -0.00377 -0.002227
1311876830.183368 -0.002115 0.002407 -0.04245 0.0031 -0.0118 -0.003223
1311876830.315118 0.002402 -0.00258 -0.03178 0.005065 -0.006849 0.002084
1311876830.482671 -0.00199 0.01144 -0.05738 0.009057 -0.006775 -0.001893
1311876830.682875 -0.006665 0.01074 -0.06549 0.008352 -0.01729 -0.006217
1311876830.750625 4.507e-05 0.001447 -0.02013 -0.001094 -0.008894 0.00119
1311876830.781545 0.001247 -9.99e-05 -0.0176 -0.001923 -0.01084 0.0005837
1311876830.812157 0.001199 -0.0005164 -0.008535 0.0001076 -0.004683 0.0002988
1311876830.848273 -0.001692 0.002785 -0.01117 0.001912 -0.003817 -0.001373
1311876830.983467 -0.003892 0.001529 -0.03029 0.0001773 -0.01793 -0.003573
1311876831.051517 -0.002679 0.008092 -0.0192 0.0007217 -0.01314 -0.001426
1311876831.080323 -0.001516 0.004427 -0.01949 -0.001436 -0.01533 -0.003323
1311876831.150778 -0.0002869 -0.004174 -0.005982 -0.004541 -0.006523 0.0002749
1311876831.219111 -0.004889 0.007912 -0.02259 -0.0003235 -0.01508 -0.003056
1311876831.419530 -0.007213 0.00441 -0.05245 -0.005318 -0.06808 -0.007489
1311876831.448298 0.0007031 0.001636 -0.006263 -0.004335 -0.02679 -0.004086
1311876831.519307 -0.006027 0.003334 -0.02337 3.091e-05 -0.01194 -0.004045
1311876831.619334 0.001592 0.004853 -0.03413 0.004762 -0.05463 -0.00259
1311876831.750770 0.0003208 0.0039 -0.03071 0.0002766 -0.04259 -0.00264
1311876831.818456 -0.002131 0.002154 -0.02144 -0.001231 -0.0263 -0.004193
1311876832.147726 0.2651 -0.1846 -0.4133 -0.05717 -0.09583 -0.005112
1311876832.183676 -0.0003919 0.002633 -0.02022 -0.001243 -0.02725 -0.004365
1311876832.318316 -0.002647 -0.003394 -0.02625 -0.006133 -0.03863 -0.00419
1311876832.415602 -0.002108 0.01128 -0.04114 0.002103 -0.05275 -0.005228
1311876832.447942 -0.00184 -0.004522 -0.006579 -0.003859 -0.01373 -0.0002551
1311876832.483927 0.0009254 0.004821 -0.01294 0.002437 -0.01388 -0.002425
1311876832.517325 0.000735 -0.001925 -0.008345 -0.000645 -0.01244 0.0003776
1311876832.683787 -0.001734 0.009262 -0.05106 0.00336 -0.05441 -0.004715
1311876832.751428 -0.000902 -0.001314 -0.007225 0.0002959 -0.01024 -0.0008578
1311876832.818449 -0.002463 0.005744 -0.02024 0.0008388 -0.01979 -0.003248
1311876832.884226 -0.001651 0.0004284 -0.02705 0.002317 -0.03077 -0.005282
1311876832.987081 -0.001071 0.005395 -0.03298 0.003099 -0.02013 -0.005391
1311876833.118121 -0.0003494 0.005042 -0.02969 -0.008306 -0.01297 -0.003772
1311876833.249876 0.00115 0.001517 -0.03666 -0.0009463 -0.006947 -0.001326
1311876833.352535 0.0001907 0.00378 -0.04111 -0.00115 0.01748 -0.003111
1311876833.617011 0.006793 0.006554 -0.07263 -0.005199 0.05629 0.002751
1311876833.684380 -0.0003095 0.001241 -0.0152 0.0002902 0.02345 0.00204
1311876833.717606 0.00114 0.002727 -0.01934 0.002327 0.027 0.003742
1311876833.788166 0.0004745 -0.001351 -0.009093 -0.0009905 0.0134 0.00254
1311876833.918246 0.00702 0.008143 -0.04132 -0.001746 0.04988 0.01172
1311876834.115924 -0.0003309 0.006329 -0.05847 0.004935 0.07984 0.006747
1311876834.151762 0.001598 0.00212 -0.02104 -0.002555 0.02724 0.004069
1311876834.286773 0.001075 0.003302 -0.02791 -0.001636 0.0374 0.005689
1311876834.451832 -0.0001846 0.007105 -0.06162 0.006476 0.07987 0.007538
1311876834.519657 2.976e-05 0.001775 -0.0114 -0.0006954 0.01393 0.002454
1311876834.621245 -0.0009953 0.0009197 -0.02764 0.00255 0.0394 0.003649
1311876834.651623 -0.0009256 0.00412 -0.0205 0.00252 0.02537 0.001232
1311876834.722807 0.0005364 0.004511 -0.01247 0.001558 0.0123 0.001443
1311876834.751968 0.002272 0.001507 -0.01818 -0.001631 0.02564 0.005641
1311876834.823310 0.001624 -9.95e-05 -0.0135 -0.001603 0.02585 0.004456
1311876834.952931 -0.0001672 0.005266 -0.03266 0.004854 0.0404 0.002144
1311876834.983986 0.0003126 0.001638 -0.0176 0.0004017 0.02719 0.002498
1311876835.019946 -0.00189 0.005445 -0.01815 -0.002139 0.01392 0.00175
1311876835.083898 0.002122 -0.001875 -0.002331 -0.001539 0.01151 0.001369
1311876835.155540 0.001867 0.001346 -0.01991 -0.001939 0.02589 0.003128
1311876835.251682 -0.001027 0.006698 -0.05076 0.009684 0.05319 0.003224
1311876835.322923 0.00318 0.000172 -0.002257 0.002097 0.01277 0.0002408
1311876835.419867 0.001023 0.006138 -0.04157 -0.003413 0.05189 0.007413
1311876835.583797 0.002787 0.007659 -0.0499 0.0005707 0.06365 0.007636
1311876835.622782 0.001503 0.0006361 -0.01112 0.0001681 0.01289 0.001802
1311876835.652936 -0.0004008 0.0029 -0.01267 0.001855 0.01306 0.001912
1311876835.754370 0.002572 0.001977 -0.02152 -0.0009751 0.02611 0.00408
1311876835.783625 0.0008958 0.0006592 -0.02037 -0.0006998 0.02644 0.00333
1311876835.854693 0.0001262 0.003471 -0.01195 0.0008861 0.0131 0.0014
1311876835.887979 0.0005775 0.002342 -0.02006 -0.0007918 0.0267 0.00209
1311876835.920645 -0.0008264 0.0006771 -0.009771 0.00101 0.01322 0.0008579
1311876835.954148 0.0003165 0.003025 -0.01044 -0.0007208 0.01303 0.00127
1311876836.022210 0.001854 0.003647 -0.01904 -0.001769 0.02629 0.00441
1311876836.151774 0.000922 0.003082 -0.02978 -0.0007443 0.04003 0.005738
1311876836.255202 -0.001441 0.006521 -0.03532 0.002036 0.05259 0.001129
1311876836.352795 0.00295 0.0005791 -0.02833 -0.002781 0.03788 0.009235
1311876836.453447 0.0008239 0.005645 -0.03139 -0.0002501 0.03693 0.004102
1311876836.489051 0.001229 -0.001266 -0.0102 -0.001181 0.01375 0.0006592
1311876836.621202 -0.002682 0.005516 -0.03084 0.001939 0.04299 0.003096
1311876836.652213 -9.444e-05 0.002198 -0.01884 -0.0007263 0.02566 0.002542
1311876836.790543 -0.00235 0.003328 -0.02961 -0.000382 0.03445 0.003568
1311876836.855230 0.0002166 0.003601 -0.01929 0.0005442 0.02 0.00237
1311876836.887657 0.001751 -0.001294 -0.01765 0.0008335 0.02022 0.003774
1311876837.090694 0.0004409 0.007638 -0.05236 0.002407 0.05238 0.006493
1311876837.119886 -0.001773 0.0007362 -0.02145 0.001295 0.01697 0.001659
1311876837.322918 0.004178 0.01191 -0.05903 -0.004093 0.01772 0.01499
1311876837.390707 9.321e-05 0.001352 -0.01058 -0.002384 0.001156 0.001564
1311876837.591280 -0.006383 0.004951 -0.0645 0.007263 -0.009444 -0.004421
1311876837.690738 -0.002353 0.004115 -0.03276 0.004285 -0.01813 -0.001335
1311876837.828893 0.000211 0.00596 -0.03767 0.004999 -0.01858 -0.001042
1311876837.987366 -0.00434 0.02513 -0.04382 0.006388 0.003582 -0.007303
1311876838.058848 0.001085 -0.02199 0.0002258 -0.01767 -0.004937 0.001997
1311876838.087736 0.004611 0.005164 -0.004935 0.009591 0.0007898 0.0002033
1311876838.158818 -0.0007382 -0.002467 -0.002336 -0.001583 -0.001031 0.001293
1311876838.188212 0.0002133 0.0001264 -0.001036 -0.0005058 0.0001364 -2.45e-05
1311876838.259327 0.0009655 0.002283 0.0008037 1.555e-05 -0.001082 -0.001258
1311876838.491253 0.001551 0.001601 0.001185 -0.0157 0.001682 0.0005442
1311876838.523433 -0.0007247 -0.0005416 -0.007093 -0.002547 0.0005328 0.0008255
1311876838.591497 -0.0005476 0.0001812 -0.004794 0.0002277 0.001763 -0.000534
1311876838.658875 -0.0003137 0.003428 -0.01169 0.0003523 0.00217 2.082e-05
1311876838.927475 0.004653 0.004397 -0.06958 0.01043 0.02502 -0.0005919
1311876839.161470 0.001808 0.01269 -0.08504 0.008641 0.08982 0.0048
1311876839.256977 -0.000533 0.004277 -0.02765 9.722e-05 0.04093 0.002157
1311876839.327293 -0.0002097 0.001953 -0.009681 0.0004898 0.01385 0.0007474
1311876839.558065 0.002388 0.006883 -0.0846 -0.003689 0.1053 0.01281
1311876839.627172 0.001876 0.001531 -0.009769 0.003964 0.01128 0.002637
1311876839.655735 0.001983 0.006903 -0.02052 -0.003699 0.02596 0.004541
1311876839.695293 0.001077 -0.004649 -0.007749 -0.0001681 0.01254 0.002777
1311876839.758810 0.000429 0.02171 -0.00979 0.00295 0.01357 0.0007196
1311876839.859812 -0.002494 -0.007081 -0.04029 -0.009197 0.05634 0.005203
1311876840.026827 0.007347 0.002399 -0.03897 0.007194 0.05017 0.006855
1311876840.095299 -0.002192 0.003825 -0.01791 -0.0008991 0.02667 0.004776
1311876840.194715 0.0003039 0.002383 -0.02828 0.008197 0.03889 0.0004269
1311876840.259263 0.0018 -0.001062 -0.01796 -0.0004811 0.02801 0.001295
1311876840.326455 0.008577 0.04506 -0.02088 -0.003723 0.02633 0.00935
1311876840.394576 -0.004712 -0.03177 -0.008065 -0.004171 0.0207 0.003177
1311876840.558754 1.648 0.1209 0.05941 -0.004678 -0.1793 -0.03679
1311876840.827096 0.0003163 0.01989 -0.06558 0.02706 0.03572 0.01234
1311876841.024251 0.00106 0.02639 -0.07089 0.00781 0.003325 -0.002012
1311876841.061571 0.003753 -0.01329 -0.01248 -0.01379 -0.005613 -0.0001088
1311876841.160910 -0.001153 0.002973 -0.02922 0.007142 0.002724 -6.895e-05
1311876841.194533 0.002753 0.008442 -0.00986 0.003373 -0.001273 -0.002623
1311876841.262922 -0.003995 -0.02059 -0.01152 -0.008472 0.001913 0.001294
1311876841.391903 0.004364 0.02799 -0.04659 0.00553 0.003618 0.004818
1311876841.563014 0.001611 0.001878 -0.03981 -0.003958 0.0001425 -0.0002665
1311876841.663394 0.0009152 0.001307 -0.03395 0.008148 0.009399 -0.001393
1311876841.692947 -0.001082 0.002151 -0.01908 -0.01331 0.003061 0.002397
1311876841.724190 0.00633 0.001107 -0.01004 0.008525 0.001409 -0.001529
1311876841.795458 -0.001196 -0.001892 -0.01056 0.002215 0.01044 0.00338
1311876841.863854 0.00225 -0.0003357 -0.01773 -0.00947 0.008652 0.001744
1311876841.894458 -0.001762 -0.0005339 -0.02231 0.003126 0.02077 -0.001239
1311876841.995490 0.002881 0.01049 -0.02421 0.007957 0.02463 0.001005
1311876842.095665 0.008084 0.01562 -0.04216 0.005662 0.04878 0.01112
1311876842.195307 -0.00024 -0.01164 -0.01604 -0.0039 0.02629 0.004531
1311876842.227674 -0.003179 0.005613 -0.01814 -0.008364 0.02581 0.002907
1311876842.463217 0.002448 0.01055 -0.0637 0.008589 0.08439 0.006255
1311876842.561297 0.005241 -0.005223 -0.04025 -0.0001423 0.04396 0.01074
1311876842.660602 -0.001752 0.01233 -0.02249 0.004062 0.0228 0.004091
1311876842.828441 -0.01657 0.02115 -0.05738 -0.04643 0.05538 -0.004447
1311876842.859715 0.008869 -0.1002 -0.004765 -0.02609 -0.009634 0.004724
1311876842.891709 0.006584 0.1195 0.005457 0.08578 -0.003242 -0.006558
1311876842.927402 -0.01732 -0.01825 -0.02748 -0.03758 0.005948 0.00483
1311876842.959227 0.02754 -0.02683 0.006461 -0.04266 -0.02274 0.01111
1311876842.991425 -0.0004696 -0.003231 -0.01629 0.06613 0.01053 -0.009254
1311876843.028317 -0.02505 0.0499 -0.0115 -0.002867 0.00234 0.00219
1311876843.094543 0.01966 0.01705 0.0001022 -0.01974 -0.01824 -0.005571
1311876843.398607 -0.01163 -0.02647 -0.1085 0.0086 0.01768 0.001981
1311876843.431438 0.003321 0.0005585 -0.009583 -0.01081 -0.004719 -0.001304
1311876843.459717 0.00301 -0.002999 -0.00808 0.006016 0.002898 0.0011
1311876843.496963 -0.003984 0.002047 -0.01221 0.001817 0.003426 0.002933
1311876843.563112 0.0008406 0.002589 -0.01055 0.002553 -0.003744 -0.001047
1311876843.595414 -0.004073 0.01042 -0.02167 -0.008904 0.002403 -0.001489
1311876843.628163 0.005163 -0.01663 -0.004836 -0.0003363 -0.004456 -0.002601
1311876843.828774 -0.008013 0.011 -0.06622 -0.0009229 0.007977 -0.001261
1311876844.059758 -0.01181 0.02378 -0.078 -0.004087 0.03326 -0.003311
1311876844.159693 -0.001643 0.02611 -0.02873 0.01277 0.02056 -0.00117
1311876844.195860 -0.0008118 -0.03564 -0.005907 -0.0206 -0.001786 0.001364
1311876844.231225 0.01465 -0.0053 -0.01149 0.008729 0.005521 0.0009393
1311876844.296922 -0.005827 0.0153 -0.01196 0.02547 0.01745 0.002083
1311876844.327395 -0.001895 -0.004469 -0.02334 -0.0002586 0.0142 -0.000596
1311876844.397581 -0.0007125 0.01435 -0.01117 0.01433 0.008403 0.001557
1311876844.465041 0.0005056 -0.01793 -0.01919 -0.02672 0.01319 0.003808
1311876844.566201 0.001851 0.01594 -0.03571 0.007772 0.02975 0.004475
1311876844.767830 0.001685 0.01185 -0.05294 0.001051 0.04011 0.009298
1311876844.830166 -0.001556 -0.001805 -0.01769 -0.001722 0.01826 0.001421
1311876844.929990 -0.008061 0.006642 -0.03366 -0.02456 0.02831 0.0004941
1311876845.029583 0.003454 0.005006 -0.02352 0.01336 0.02506 0.004563
1311876845.065309 0.002711 -0.006729 -0.02115 -0.003066 0.01098 0.002801
1311876845.130145 0.001221 0.009382 -0.007528 0.009637 0.007889 -0.001383
1311876845.163110 -0.004111 -0.01039 -0.02446 -0.00169 0.01766 -0.003143
1311876845.395473 0.0001095 0.01017 -0.07637 -0.001071 0.05669 0.005474
1311876845.495295 -0.002904 -0.008359 -0.03161 0.001876 0.02659 -0.0004102
1311876845.566229 0.002507 0.01738 -0.01568 0.01771 0.00581 -0.001479
1311876845.665781 0.0001527 0.0008893 -0.04035 -0.01057 0.03185 0.009009
1311876845.766257 0.001934 0.01219 -0.02462 -0.001266 0.01635 -0.0003253
1311876845.833490 0.004476 -0.01003 -0.02063 0.002101 0.01343 0.001582
1311876845.932752 -0.001889 0.004799 -0.04016 0.003994 0.03468 0.003868
1311876846.034688 0.001092 0.001297 -0.01821 -0.008233 0.01482 0.001768
1311876846.595264 0.008125 -0.03031 -0.1781 -0.006114 0.03662 0.01286
1311876846.695140 0.001262 0.007868 -0.03583 -0.00512 -0.0001881 0.002475
1311876846.732539 -0.001332 0.0001393 -0.007253 -0.005305 -0.0005983 -0.002199
1311876846.763049 -0.00122 -0.002037 -0.007087 -0.002409 -0.00106 -0.002055
1311876846.834162 -0.004798 0.003653 -0.01709 -0.006212 0.002924 -0.001179
1311876846.863269 0.001135 -0.002244 -0.009418 -0.0001921 -0.006724 0.004163
1311876846.934546 0.006304 0.005506 -0.01099 -3.331e-05 -0.004157 0.005862
1311876847.067005 0.005615 0.004189 -0.04138 -0.003892 -0.01211 0.01046
1311876847.137919 -0.01088 0.002073 -0.0329 0.01869 0.008567 -0.02164
1311876847.202083 -0.002519 0.0005591 -0.02082 -0.005684 0.005755 0.0005404
1311876847.465862 -0.002054 0.01034 -0.09143 0.003042 -0.02754 0.001909
1311876847.506796 -0.0003483 0.0008199 -0.009787 0.003103 -0.002371 0.0006461
1311876847.536993 -0.0001142 0.002918 -0.01127 -0.002737 -0.0005784 -0.0002159
1311876847.569130 -0.0005324 0.006301 -0.01057 0.0008802 -0.001931 0.001504
1311876847.633685 0.0009423 -0.009718 -0.0264 0.02142 -0.002947 -0.0008573
1311876847.701652 0.000232 0.05093 -0.0006264 0.01168 0.00641 -0.005612
1311876847.764899 -0.02248 -0.07975 -0.0002529 -0.05575 -0.01169 0.005016
1311876847.833646 0.004869 0.005243 -0.03641 0.007691 -0.005517 0.01819
1311876848.001994 -0.0003622 0.007398 -0.03366 0.02574 -0.0004308 -0.006177
1311876848.099157 -0.0002344 0.01184 -0.03443 0.0008812 -0.004153 -0.004502
1311876848.234415 -0.006686 0.07125 -0.02642 0.01474 -0.0005406 -0.005916
1311876848.302357 -0.0003794 0.0004486 -0.01982 -0.002411 -8.699e-05 0.0009991
1311876848.370376 0.002067 0.00852 -0.01123 0.008785 -0.0007162 0.0002358
1311876848.534934 -0.002788 0.002669 -0.05761 -0.02879 -0.008818 -0.004457
1311876848.602463 0.002054 -0.0032 -0.02333 0.01625 -0.0003813 0.004236
1311876848.670580 0.004417 -0.001773 -0.01878 0.006894 0.008989 0.00295
1311876848.802866 0.0005492 -0.002152 -0.03184 -0.003103 0.001547 -0.002015
1311876848.901982 -0.002335 -0.002863 -0.02749 -0.004752 -0.002485 -0.0009024
1311876848.970179 -0.0007717 -0.0007707 -0.01745 -0.01057 -0.001947 -0.00164
1311876848.999333 -0.001792 0.01323 -0.01712 0.009223 0.01195 -0.004797
1311876849.134760 -0.007341 0.007033 -0.02916 -0.0293 0.01171 -0.02098
1311876849.202528 0.0003199 -0.005867 -0.006071 -0.006903 0.007756 -9.495e-05
1311876849.371023 0.02612 0.01195 -0.05806 0.01562 -0.0002115 0.0498
1311876849.438105 -0.001725 0.00428 -0.005543 -0.007835 -0.002957 -0.002794
1311876849.601825 -0.01181 -0.004257 -0.07682 0.02997 0.01537 -0.01725
1311876849.671478 0.005944 0.005727 -0.01266 0.0007345 -0.01124 0.00382
1311876849.770426 -0.001736 0.006277 -0.03692 -0.01291 -0.01085 -0.001136
1311876849.840247 -0.007064 0.01448 -0.0109 0.00758 0.002438 -0.005838
1311876850.007562 0.004343 -0.006411 -0.03878 8.835e-05 -0.01647 -0.001412
1311876850.070552 0.00982 0.06892 -0.02499 0.05048 0.004382 0.01522
1311876850.270196 0.02004 -0.4101 -0.07437 -0.07706 -0.003211 0.03226
1311876850.570090 0.006687 0.01679 -0.1011 -0.004598 0.008404 0.004848
1311876850.670332 -0.001205 2.493e-05 -0.02628 -0.001872 0.01069 0.001754
1311876850.769666 0.001882 0.003885 -0.03385 0.006175 0.01615 0.0002093
1311876850.806661 -0.003552 0.001962 -0.01737 0.001441 0.01196 -0.002283
1311876851.135830 0.00233 0.01431 -0.1002 -0.000735 0.04961 0.004653
1311876851.270876 -0.0024 0.007679 -0.02083 0.001177 0.01548 0.003412
1311876851.338544 0.004487 0.006523 -0.03118 -0.001629 0.01308 0.005101
1311876851.506443 -0.00231 0.008615 -0.04301 0.0004061 0.02438 0.002822
1311876852.039562 -0.01112 0.03066 -0.1486 0.01859 0.08468 0.0007485
1311876852.239443 -0.007122 0.007455 -0.04538 -0.008022 0.03218 0.002374
1311876852.306716 0.004737 0.00929 -0.03222 0.01165 0.008757 0.002622
1311876852.374664 0.002798 0.004295 -0.02165 -0.001601 0.00732 0.003517
1311876852.674397 -0.003889 0.02095 -0.07012 -0.001621 0.04997 0.007009
1311876852.739144 0.001115 0.0012 -0.01977 -0.001175 0.0101 0.002988
1311876853.080784 -0.002729 0.0242 -0.07625 0.003923 0.04469 0.004979
1311876853.105035 0.001877 0.0008746 -0.01313 -0.0008331 0.009979 0.005205
1311876853.171852 0.0008138 0.006793 -0.02123 0.006018 0.00932 0.00163
1311876853.507892 -0.001649 0.01192 -0.07964 0.01273 0.01613 -0.0007299
1311876853.573340 0.002214 0.009741 -0.008949 0.001644 0.00278 0.003091
1311876853.642747 -0.001269 0.004681 -0.005496 0.007794 0.003677 -0.003326
1311876853.974425 -0.0001691 -0.01105 0.002175 -0.0125 -0.001542 0.001192
1311876854.074383 0.0002959 -0.000288 0.0006092 -0.0005487 -0.0005921 0.0005089
1311876854.142288 -0.000189 -0.000125 -0.0002854 0.0002366 0.0003632 -0.0004497
1311876854.274107 0.000195 -4.754e-05 4.636e-05 -0.0001519 -0.0001408 0.0003205
1311876854.342671 -0.0001633 1.474e-06 4.732e-05 0.0001042 8.716e-05 -0.0002578
1311876854.410197 -7.899e-05 -2.496e-05 -6.893e-05 7.217e-05 1.711e-05 -0.0001115
1311876854.441567 0.0001447 0.0001109 8.091e-05 -5.889e-05 -0.0001028 0.0002222
1311876854.540143 -0.0001285 3.202e-06 7.411e-05 0.0001097 -1.379e-05 -0.0002129
1311876854.640374 0.000109 -1.459e-05 -6.867e-05 -5.153e-05 1.964e-06 0.0001772
1311876854.711030 -6.296e-05 2.708e-06 0.000127 1.768e-05 3.576e-05 -9.132e-05
1311876854.774641 -1.848e-05 1.464e-05 -1.219e-06 6.323e-05 -2.671e-05 -4.96e-05
1311876854.942654 6.097e-05 -0.0001094 -1.878e-05 -5.207e-05 -1.079e-05 7.032e-05
1311876854.971459 -3.46e-05 5.753e-05 -1.757e-05 7.007e-05 9.776e-06 -5.315e-05
1311876855.010905 -2.148e-06 -1.759e-05 8.098e-06 2.122e-05 2.179e-05 -4.251e-06
1311876855.041049 -1.603e-05 7.3e-05 0.0001246 -4.956e-06 -1.826e-05 -1.681e-05
1311876855.071619 4.158e-05 -1.755e-05 -0.0001489 -2.62e-05 2.099e-05 4.987e-05
1311876855.242653 -3.04e-05 4.435e-05 0.0001269 6.101e-05 -2.328e-05 -1.953e-05
1311876855.310197 1.483e-05 -0.0001678 -3.952e-05 -4.826e-05 4.896e-06 -2.777e-05
1311876855.411518 -4.307e-05 6.524e-05 -2.436e-05 4.794e-05 1.616e-05 -1.18e-05
1311876855.474041 6.652e-05 -5.084e-05 -3.697e-05 -6.25e-06 -0.0001082 3.941e-06
1311876855.542633 -1.31e-05 8.246e-05 7.16e-05 5.456e-05 -3.52e-05 -8.408e-06
1311876855.678995 5.946e-06 -5.784e-05 -0.0001362 -1.148e-06 -7.76e-05 -3.971e-05
1311876855.742040 -6.087e-05 -1.428e-06 0.0001556 -3.856e-07 -9.259e-06 -1.056e-05
1311876855.810710 4.008e-05 -5.174e-05 -9.362e-05 7.131e-06 -4.665e-05 -1.669e-05
1311876855.839122 -8.511e-06 5.905e-05 0.0001223 3.206e-05 -1.719e-05 2.419e-05
1311876855.978639 2.472e-05 0.0001151 -0.0001528 4.527e-05 -0.0001318 -3.964e-05
1311876856.079088 -2.443e-06 -7.561e-05 0.0002149 8.795e-06 -6.281e-05 -2.06e-05
1311876856.142181 1.816e-05 2.868e-05 -1.267e-05 -6.335e-06 -3.297e-05 2.737e-05
1311876856.310274 -7.518e-05 -0.0001431 4.996e-05 0.0002246 -0.002014 -0.000138
1311876856.340464 -0.0004461 -2.803e-06 0.0002096 0.000327 -0.003867 -0.0004873
1311876856.375995 7.078e-06 -3.501e-05 0.0001887 0.0003121 -0.002769 -0.0001276
1311876856.441504 0.0003921 0.002586 -0.001967 -0.0005548 -0.003498 6.362e-05
1311876856.510859 -0.001295 -0.001859 0.001351 -0.004526 -0.01129 -0.001553
1311876856.608950 0.00084 0.005482 -0.01108 -0.002214 -0.007604 -0.001114
1311876856.678185 -0.0004719 -0.0005553 -0.001525 -0.005433 -0.003068 -0.0006234
1311876856.810757 -0.0001486 0.003548 -0.02007 -0.001841 -0.004274 0.0003548
1311876856.910157 -0.001721 0.004243 -0.02096 -0.003682 -0.0002161 -0.00106
1311876856.944746 -0.002496 0.001332 -0.0162 0.008467 0.000279 -0.001717
1311876857.010538 -0.0001329 0.003641 -0.01229 0.00301 0.001894 0.0006381
1311876857.078875 0.0004958 0.005035 -0.01861 0.007451 0.0006601 0.001866
1311876857.145927 0.002131 0.01239 -0.02127 -0.01408 -0.0005122 -0.0001434
1311876857.210212 -0.004049 -0.005456 -0.008861 -0.001652 -0.002589 -0.004575
1311876857.410310 -0.004321 0.003799 -0.04574 -0.01119 -0.03626 -0.004537
1311876857.478223 0.002959 0.01589 -0.02533 0.01039 -0.02161 -0.001232
1311876857.507932 -0.01284 -0.01967 0.01004 0.001356 -0.01512 -0.005817
1311876857.578396 0.009872 0.01569 -0.03106 0.01233 -0.009164 0.0003569
1311876857.646130 -0.007637 -0.004248 0.0004874 -0.003307 -0.02866 -0.005468
1311876857.675924 -0.0007893 0.003922 -0.00899 0.004409 -0.02508 -0.0006244
1311876857.709018 -0.001036 -0.002013 -0.002124 -0.000989 -0.008496 -0.001942
1311876857.744937 0.001192 0.000941 -0.003864 0.001533 -0.009448 -0.0008311
1311876857.778187 0.0004943 -0.003745 -0.002319 -0.00117 -0.003212 -0.002591
1311876857.846362 0.0009167 0.001437 -0.001433 0.001052 0.001174 0.0008715
1311876857.876062 -0.001274 0.0003413 0.002825 -0.001982 -0.0006362 -0.001024
1311876857.945964 0.0001179 0.001155 0.0009079 -0.0008878 -0.0008736 -0.000587
1311876858.079010 -0.001773 -0.005186 0.005365 -0.005166 -0.00494 0.001117
1311876858.145958 0.00349 0.005226 -0.007475 0.003691 0.001902 -0.00186
1311876858.279263 -0.0003018 0.0004356 0.002553 0.0001183 0.0033 0.002252
1311876858.414276 -0.0007873 -0.003324 0.001425 -0.002144 0.00392 -7.609e-05
1311876858.479515 0.0004921 0.0006422 -0.00061 0.001002 0.00171 0.0001796
1311876858.512991 9.456e-05 -1.737e-05 0.0005701 -0.0004219 0.004349 0.0008318
1311876858.545283 -0.0003783 -0.001226 0.0006093 0.0009301 0.001433 -0.000486
1311876858.575458 0.002999 0.001245 -0.006013 -0.0008564 0.004361 -0.0007509
1311876858.614856 -0.001349 -0.002003 0.004211 -0.002799 0.009926 0.002292
1311876858.778778 0.002272 0.0005075 -0.0003944 0.002556 0.04148 0.002812
1311876858.847145 0.0003624 -0.0005023 0.005536 -0.0003961 0.02709 0.003631
1311876858.914881 0.002277 0.0006493 -0.002111 0.000542 0.02516 0.002032
1311876859.011597 0.002232 -0.002323 0.003909 -0.0003855 0.04696 0.00497
1311876859.078696 0.0008559 0.001327 0.0006233 0.003098 0.01219 0.001446
1311876859.146710 0.001852 0.0004784 0.00232 -0.00103 0.02508 0.002692
1311876859.214656 0.0008365 0.0003594 0.007037 -0.0004089 0.04022 0.003979
1311876859.380353 -0.2831 0.3885 0.0253 0.06261 0.06764 0.01264
1311876859.411647 -0.001023 0.0002836 -0.001745 -0.002045 0.009152 -0.001002
1311876859.482807 0.0001139 0.00244 0.003645 -0.00338 0.005686 -0.0005438
1311876859.546487 0.002786 -0.005958 0.00862 -0.008576 0.01912 0.00666
1311876859.578973 0.002851 -0.0006704 0.004713 0.009803 0.02379 0.005098
1311876859.682826 -0.0003907 0.005129 -0.003742 0.006491 0.03022 0.003578
1311876859.814738 0.00268 7.959e-07 0.01087 -0.003645 0.06188 0.006647
1311876859.843623 0.01291 -0.01548 0.01971 -0.004355 0.02376 0.003241
1311876859.913945 0.0045 -0.0009469 0.009598 -0.0007836 0.02316 0.00346
1311876859.982243 0.001601 -0.001049 0.002721 -0.0001737 0.0104 0.001327
1311876860.011157 0.0007238 0.001627 0.001791 -0.002105 0.01968 0.0008531
1311876860.082196 0.004647 -0.002022 0.007439 -0.001011 0.01122 0.002959
1311876860.146788 0.003945 0.001295 0.0006775 0.008185 0.03968 0.006385
1311876860.212932 -0.0003127 0.001956 -0.0003169 0.0007862 0.01344 0.0009966
1311876860.282185 0.001031 -0.000102 0.001489 -0.00247 0.02645 0.002218
1311876860.346047 0.001422 0.0002395 0.001625 -0.00393 0.02266 0.001977
1311876860.414273 0.007327 -0.001221 0.01035 0.0002315 0.02375 0.003579
1311876860.482217 -0.001081 0.001767 -0.003641 0.006484 0.02914 0.003429
1311876860.550197 -0.00068 0.0003354 -0.0007566 0.001078 0.04114 0.00407
1311876860.681293 0.0006991 0.0005912 0.001115 -0.0006315 0.03945 0.005038
1311876860.779283 0.003558 -8.443e-06 0.0002381 0.0009678 0.0517 0.005954
1311876860.849732 -0.0001089 -0.0002357 -0.001353 -0.0001869 0.01339 0.001428
1311876860.913768 0.001847 -0.000294 0.0003702 0.001173 0.02527 0.002753
1311876861.011741 0.001522 0.000784 -0.001153 0.001353 0.05326 0.005592
1311876861.081508 0.0003391 -0.0003495 0.0008231 -0.0003923 0.01281 0.001091
1311876861.149463 0.001271 0.0003115 0.0009382 0.0003083 0.02658 0.002442
1311876861.213429 0.001191 -5.916e-05 -0.0006145 0.0006322 0.02646 0.00287
1311876861.246251 0.0003356 0.001025 -0.0005663 0.0001804 0.02642 0.002491
1311876861.313164 0.0009297 0.0001219 0.002245 0.0003201 0.02599 0.002571
1311876861.348623 0.0009224 -0.0002531 0.001118 -0.0001315 0.01289 0.001336
1311876861.413024 0.0009112 0.0005233 0.001008 0.0008382 0.01364 0.001523
1311876861.481014 0.0003709 0.001344 0.001535 -1.67e-05 0.02847 0.003061
1311876861.546103 0.0001508 0.0003835 0.001116 -0.0007624 0.02538 0.002167
1311876861.610298 0.001575 -0.001623 -0.0001615 -0.0008549 0.02538 0.002625
1311876861.679735 0.000643 -0.0009269 -0.001057 0.0004102 0.02587 0.003142
1311876861.710418 0.0009787 -0.0002924 -0.0005805 0.0003765 0.02464 0.002197
1311876861.848267 0.001984 0.0001146 0.0008924 0.000486 0.03902 0.003752
1311876861.916645 0.0008412 0.000413 0.000278 0.0006158 0.02693 0.002886
1311876861.980341 0.0005107 0.0002642 0.000415 -0.0004927 0.0254 0.002138
1311876862.047268 0.00199 -0.0007442 -0.0001963 -0.0009077 0.02578 0.003057
1311876862.116338 0.001251 4.844e-05 -0.001502 0.0001777 0.02649 0.002901
1311876862.180485 -0.0183 0.3253 -0.003048 0.03942 0.03085 -0.03502
1311876862.248152 0.004787 0.1621 -0.04605 0.01945 0.02261 -0.01514
1311876862.315936 0.003072 9.487e-05 -0.000843 0.002182 0.02559 0.003855
1311876862.347808 0.002887 -0.0003577 -0.0002063 0.0004028 0.02875 0.003702
1311876862.416120 -0.0002695 1.631e-05 -0.002182 0.0004508 0.01559 0.001318
1311876862.449567 -0.07071 0.1259 -0.1755 0.012 0.03011 -0.008541
1311876862.479667 0.001546 -0.0001788 0.0004903 -0.0001479 0.01161 0.001811
1311876862.579624 0.004088 -0.0004044 -0.0007673 0.001053 0.03905 0.007033
1311876862.715050 0.003181 -0.0003721 -0.001161 0.003459 0.03846 0.004688
1311876862.777911 -0.0722 0.05977 -0.0968 0.005213 0.03691 0.000557
1311876862.849418 0.003041 0.001397 4.917e-05 -0.0008935 0.03045 0.00375
1311876862.914851 -0.001994 -0.001013 -0.004864 -0.004509 0.02942 0.002634
1311876862.984320 0.004198 -0.00189 -0.002959 0.003768 0.02635 0.003568
1311876863.013979 -0.002917 0.004555 -0.009249 0.004752 0.03123 0.00247
1311876863.045871 -0.01095 0.1208 -0.1748 0.02032 0.002137 0.01782
1311876863.187463 -0.003967 0.001591 -0.01363 -0.006093 0.03562 0.002514
1311876863.281806 0.000448 0.00726 -0.02771 -0.01108 0.02743 0.002005
1311876863.315616 -0.001279 -0.004197 -0.01023 -0.004258 0.005244 0.002222
1311876863.345746 0.002902 -0.00153 -0.012 0.001114 0.004632 0.0009547
1311876863.381947 -3.121e-05 0.001654 -0.01563 0.00572 0.005836 -0.0004007
1311876863.448204 -0.001063 -0.006891 -0.01195 0.007389 0.003848 0.002061
1311876863.515836 -0.02947 0.04474 0.01186 0.01872 0.01575 0.004324
1311876863.583982 0.1054 -0.05762 -0.1139 -0.005025 -0.01372 -0.01373
1311876863.613847 -0.0002772 -0.0157 -0.01994 -0.02176 9.296e-05 0.0101
1311876863.682520 0.001679 0.003323 -0.01293 0.004116 0.001035 0.002393
1311876863.748458 -0.004041 -0.003433 -0.02269 0.007158 -0.01295 -0.004011
1311876863.814439 -0.00395 0.009915 -0.03143 0.0006932 -0.008764 -0.005135
1311876863.845816 0.0001428 -0.002001 -0.0107 0.001603 -0.005673 -0.000785
1311876863.983840 -0.00675 0.001316 -0.03427 0.004397 -0.02188 -0.003159
1311876864.048295 -0.002767 0.009448 -0.02191 -0.00149 -0.02346 -0.002732
1311876864.114348 -0.0008676 0.00372 -0.03287 0.01416 -0.04058 -0.003074
1311876864.182286 -0.001683 -0.01041 -0.007775 -0.001403 -0.01722 -0.003792
1311876864.251318 -0.0003876 0.006939 -0.0192 -0.003697 -0.02701 -0.003503
1311876864.316233 -0.001482 0.008688 -0.01897 -0.003034 -0.02406 -0.004421
1311876864.683894 -0.6334 0.07876 1.898 0.01434 0.131 -0.07959
1311876864.714409 -0.0009168 -0.003148 -0.006616 -0.000185 -0.00887 -0.001528
1311876864.851565 -0.005087 0.006361 -0.03208 0.006334 -0.02615 -0.008299
1311876864.882633 -0.003013 0.005985 -0.0245 0.003493 -0.01672 -0.004016
1311876865.016308 0.002839 0.003029 -0.02363 -0.001723 -0.009922 -0.0004966
1311876865.083866 -0.0006183 0.001797 -0.01564 -0.003797 0.001074 -0.001197
1311876865.115507 -0.001849 0.004999 -0.02006 -0.001791 0.002554 -0.003308
1311876865.184147 -0.00101 -0.000825 -0.008471 -0.0021 0.001631 6.684e-05
1311876865.251649 -0.001745 0.004639 -0.02236 0.002622 0.001192 0.000119
1311876865.314565 0.0005157 0.002693 -0.01996 0.0009976 -0.00289 0.0006288
1311876865.414585 0.001985 0.00373 -0.02747 -0.001119 -0.003098 0.004181
1311876865.482884 0.0003296 0.003625 -0.01817 -0.001884 0.0003375 0.001038
1311876865.551010 -0.000913 0.003571 -0.01956 -0.001423 0.0003659 -0.0006967
1311876865.651502 -0.0005744 0.004357 -0.03267 -0.002448 -0.0004698 0.002529
1311876865.720034 3.722e-06 0.00428 -0.0141 -0.0001977 -0.000201 0.0002167
1311876865.783571 0.001098 0.001718 -0.01616 -0.004195 -0.002852 0.002899
1311876865.882062 0.0004041 0.009422 -0.04293 -0.001194 0.0006868 0.003203
1311876865.950807 0.0009145 0.003119 -0.01392 0.003288 -0.002451 -0.0007909
1311876866.018051 0.0002499 0.001427 -0.01893 -0.0005125 -0.001343 0.002571
1311876866.150629 -0.000897 0.003209 -0.03313 -0.002076 0.0009612 -0.0009537
1311876866.217864 0.0002263 0.001113 -0.02033 0.001719 0.001817 0.002645
1311876866.282206 -0.0009993 0.003643 -0.0197 -0.001829 0.0009649 0.0008095
1311876866.318747 -0.0009749 0.00204 -0.0177 -0.006346 -0.001072 -0.0007968
1311876866.551995 0.001295 0.008735 -0.05656 0.001587 -0.0003375 0.003053
1311876866.582051 -0.0003408 0.002244 -0.01852 -0.002548 0.0004699 0.0004969
1311876866.649886 3.683e-05 0.001984 -0.009981 -0.001494 0.001491 -0.0008827
1311876866.851196 0.001601 0.003542 -0.05568 0.001882 0.01927 0.005147
1311876866.919899 0.0002612 0.005412 -0.0239 0.0006084 0.009129 0.00168
1311876866.988231 0.001534 0.003346 -0.0192 -0.006805 0.008752 0.003573
1311876867.123047 0.004333 0.005337 -0.03227 0.001149 0.02752 0.005202
1311876867.317708 0.00182 0.00827 -0.05396 -0.0001888 0.04473 0.009204
1311876867.388199 -0.002912 0.008281 -0.03375 0.002228 0.02336 -0.001936
1311876867.418227 -0.001928 -0.005257 -0.003904 -0.002317 0.008164 0.001518
1311876867.488300 0.005328 0.001412 -0.01222 0.01107 0.005104 -0.00276
1311876867.788205 0.7544 0.1975 -0.1436 -0.01847 -0.1618 0.02901
1311876867.850249 0.001053 0.01113 -0.01886 -0.003036 0.01455 0.001984
1311876867.920305 0.0003781 0.002601 -0.02048 0.004337 0.01543 0.002003
1311876867.988252 -0.001613 -0.001427 -0.01823 -0.005255 0.01457 0.001411
1311876868.056492 0.001619 0.007288 -0.028 0.002725 0.02318 0.00285
1311876868.086285 2.332e-05 0.002213 -0.01043 0.002637 0.007513 0.001402
1311876868.118520 -0.3623 0.5707 0.1075 0.1012 0.06448 0.008955
1311876868.153782 -1.661e-05 0.006951 -0.009753 -0.0003565 0.007469 0.0007906
1311876868.220531 -0.002059 -0.007357 -0.008223 -0.002851 0.007311 -0.00144
1311876868.288345 0.001043 0.01101 -0.01829 0.003429 0.01652 0.0005918
1311876868.355815 0.002581 0.01164 -0.0195 0.009074 0.01579 0.002116
1311876868.455750 -0.003383 -0.02151 -0.02285 -0.007606 0.01882 -0.001511
1311876868.520546 -0.008395 0.01747 -0.02127 -0.001822 0.0214 -0.0007296
1311876868.685913 0.002043 0.007919 -0.06091 0.01315 0.04338 0.004649
1311876868.717973 -0.000388 -0.003734 -0.007964 -0.006568 0.004533 0.001262
1311876868.819158 0.0003771 0.004167 -0.03064 0.001644 0.01005 -7.847e-05
1311876868.920404 0.0002587 0.006373 -0.03132 0.003315 0.01131 0.00136
1311876868.956445 -0.0008363 0.002751 -0.01133 0.001676 0.005006 -0.0006246
1311876869.020160 -0.001565 -0.006214 -0.008385 -0.004204 0.003564 0.0008805
1311876869.054791 -0.001046 0.005022 -0.0215 0.002193 0.006866 -0.0002922
1311876869.086043 -0.00114 0.004503 -0.01134 0.002267 0.001917 -0.001232
1311876869.118788 -0.002134 -0.0004569 -0.009049 -0.001339 0.0009503 -0.0006704
1311876869.185601 -0.001049 0.004797 -0.01103 0.0003329 -0.0006575 -0.0003491
1311876869.224112 -0.001741 -0.006849 -0.01841 -0.0005463 -0.004918 -0.000635
1311876869.288014 -0.001087 0.01606 -0.01475 0.009565 -0.003016 -9.821e-05
1311876869.424283 -0.004507 0.0002248 -0.05018 -0.009915 -0.03667 -0.0001974
1311876869.524311 0.001276 -0.001129 -0.02015 0.0008149 -0.02 -0.0008976
1311876869.824216 0.1662 0.009322 0.04701 -0.036 -0.0331 0.08227
1311876870.023939 0.3809 -0.03257 0.7227 -0.006828 -0.07092 -0.03686
1311876870.088441 -0.002344 0.01177 -0.0219 0.01088 -0.003657 -0.002461
1311876870.122324 -0.004177 -0.009367 -0.01698 -0.01928 -0.0108 -0.005798
1311876870.154541 0.002558 0.00052 -0.01186 0.008996 -0.001429 -0.001497
1311876870.224154 -0.007 0.007218 -0.008823 0.002094 0.0005354 -8.413e-05
1311876870.253875 0.003275 0.002499 -0.01835 -0.002716 -0.0128 7.776e-05
1311876870.287658 -0.0004196 -0.002627 -0.009452 0.0008869 -0.003612 0.001808
1311876870.490934 0.004533 0.0116 -0.06726 0.01438 0.004718 -0.003421
1311876870.592832 -0.001515 -0.001586 -0.03042 0.0001823 0.01838 -0.001049
1311876870.754494 0.004036 0.009983 -0.04671 -0.002447 0.04199 0.007001
1311876870.824185 0.00148 0.004584 -0.01119 0.002451 0.01108 0.0002479
1311876870.891887 -0.0008284 0.002589 -0.01719 -0.005106 0.02644 0.000378
1311876870.921734 -0.005706 -0.003222 -0.0179 -0.02181 0.02461 -0.00413
1311876871.056270 0.001528 0.01593 -0.02151 0.0408 0.04472 0.01332
1311876871.089984 -0.1349 0.5054 -0.1851 0.06931 0.01353 -0.01918
1311876871.156239 0.002394 -0.009425 -0.007641 0.006325 -0.006501 -0.0028
1311876871.292499 0.001627 -0.003929 -0.01939 0.004482 0.0003331 -0.002925
1311876871.521907 -0.001117 0.0162 -0.001431 -0.001777 0.003607 0.002525
1311876871.591747 -0.001368 -0.003524 -5.438e-06 -0.0007523 0.0006946 1.399e-05
1311876871.689806 0.0005044 0.00201 -0.0005544 0.001319 -0.0001336 -0.0001811
1311876871.760180 0.0001474 3.743e-05 0.0002722 -0.0002906 -8.68e-05 0.0001483
1311876871.823864 0.0001518 -0.0003932 -0.000244 0.0002474 -0.0002656 -0.000107
1311876871.892506 -0.0002261 0.0002485 -0.0001522 0.0003758 4.179e-05 -1.574e-06
1311876872.060374 3.665e-05 -2.32e-05 -5.139e-05 -9.665e-05 8.891e-05 5.014e-05
1311876872.123899 -0.0001482 -2.523e-05 -1.668e-05 -8.969e-05 6.154e-05 -3.89e-05
1311876872.159852 -2.756e-05 -0.0001402 0.000119 -0.0001523 4.464e-05 -2.241e-05
1311876872.360270 7.801e-05 2.812e-05 -0.0001597 4.5e-05 -5.662e-05 2.7e-05
1311876872.492280 4.865e-05 2.443e-05 8.659e-05 2.916e-05 0.000118 0.0001164
