1305031453.391690 0.002375 -0.001094 0.009403 0.004401 -0.0169 -0.02127
1305031453.423683 -0.005158 -0.002319 0.008098 -0.002413 -0.007827 -0.01868
1305031453.459685 -0.006318 -0.004698 0.01046 -0.008413 -0.01101 -0.01806
1305031453.491698 5.39e-05 -0.003673 0.01127 -0.00814 -0.01624 -0.01905
1305031453.523684 0.0004844 -0.004962 0.01315 -0.014 -0.01193 -0.01746
1305031453.559753 -0.002321 -0.003519 0.01414 -0.01355 -0.004861 -0.0137
1305031453.591640 -0.0001146 -0.007916 0.01589 -0.01692 -0.006087 -0.008762
1305031453.627706 0.008011 -0.003162 0.01603 -0.01214 -0.006537 -0.007403
1305031453.659600 0.004879 -0.007988 0.01717 -0.01661 0.007237 0.002817
1305031453.691678 0.000978 -0.01167 0.01722 -0.01622 0.01335 0.007052
1305031453.727652 0.007421 -0.00744 0.01601 -0.008377 0.009808 0.009454
1305031453.759694 0.01241 -0.004626 0.01331 -0.007854 0.01506 0.01523
1305031453.791716 -0.0006435 -0.01014 0.01663 -0.01051 0.02513 0.01241
1305031453.827773 0.01165 -0.004399 0.01232 -0.003735 0.01396 0.01238
1305031453.859705 0.01417 -0.006614 0.01235 -0.003339 0.02419 0.01378
1305031453.891710 0.01048 -0.005963 0.01178 0.001773 0.03436 0.01166
1305031453.927723 0.01121 -0.002748 0.0074 0.007148 0.03828 0.006076
1305031453.959641 2.899e-05 -0.001096 0.008774 0.007851 0.04185 0.01343
1305031453.991624 0.008445 0.002168 -0.001092 0.006933 0.02758 0.01986
1305031454.027662 0.01248 -0.0001514 0.004642 -0.002243 0.02596 0.01882
1305031454.059654 0.009926 -0.004417 0.003926 -0.00132 0.02668 0.02213
1305031454.091651 0.01502 0.001657 -0.004527 0.002574 0.02372 0.0265
1305031454.127701 0.01585 0.0004443 0.0009902 -0.004492 0.028 0.0272
1305031454.159672 0.01407 -0.005207 0.0009517 -0.002337 0.03164 0.02379
1305031454.191658 0.01171 -0.0002384 -0.004486 0.005507 0.03629 0.02606
1305031454.227671 0.007049 0.01023 -0.00811 0.002982 0.0396 0.03327
1305031454.259627 0.004212 -0.003614 0.002454 -0.01038 0.03 0.03048
1305031454.291639 0.01098 -0.004378 -0.002122 0.003384 0.01605 0.02276
1305031454.327699 0.00993 0.011 -0.005471 0.005719 0.02406 0.02997
1305031454.359636 0.006295 -0.002205 -0.001595 -0.01208 0.02577 0.03081
1305031454.391677 0.01203 -0.003673 -0.0002228 -0.002159 0.01525 0.02421
1305031454.427465 0.01016 0.002228 -0.002251 -0.0006076 0.02821 0.0299
1305031454.459913 -0.0007506 -0.004474 -0.002788 -0.005031 0.0278 0.03131
1305031454.491617 0.008718 -0.002458 -0.0009124 0.0009487 0.01239 0.03339
1305031454.527700 0.009069 -0.006403 0.0007932 0.002464 0.01565 0.03123
1305031454.559575 0.0102 -0.003737 -0.0006098 0.007748 0.01501 0.02484
1305031454.591635 0.009924 -0.0009668 -0.002058 0.007655 0.026 0.03307
1305031454.627580 0.005268 -0.004064 0.0006214 0.001106 0.03133 0.02503
1305031454.659528 0.006361 -0.007586 0.002892 0.005519 0.02919 0.0111
1305031454.691884 0.002193 -0.003272 -0.002217 0.008026 0.0363 0.01061
1305031454.727659 -0.003591 -0.005343 0.001671 0.001622 0.03345 0.006373
1305031454.759732 -0.003726 -0.007106 0.003119 0.004364 0.01743 -0.01177
1305031454.791641 -0.0005809 -0.006847 0.00227 0.003219 0.007537 -0.01742
1305031454.827570 -0.001996 -0.01154 0.002993 0.002013 0.004844 -0.01572
1305031454.859620 -0.0007592 -0.006912 0.0007975 0.008772 -0.003788 -0.01807
1305031454.891764 0.001919 -0.007853 0.001852 0.00563 -0.01015 -0.01722
1305031454.927567 0.004916 -0.008431 0.002201 0.006311 -0.0127 -0.01519
1305031454.959648 0.007717 -0.005442 0.002062 0.006855 -0.01279 -0.0147
1305031454.991937 0.011 -0.003963 0.00165 0.004721 -0.009312 -0.01308
1305031455.027799 0.00766 -0.009837 0.002101 -0.001896 -0.002441 -0.006192
1305031455.059636 0.008093 -0.003652 -0.0009522 0.003977 -0.006504 -0.005091
1305031455.091700 0.01089 -0.004772 0.000763 -0.002802 -0.009732 6.636e-05
1305031455.127695 0.0131 -0.00722 0.001126 -0.001607 -0.01273 -0.002415
1305031455.159720 0.01513 -0.003095 0.0001079 0.00313 -0.01229 -0.009171
1305031455.191655 0.01377 -0.002299 -0.002189 0.006214 -0.008394 -0.01335
1305031455.227581 0.01285 -0.0008961 -0.001104 0.0006196 -0.008444 -0.0119
1305031455.259631 0.01338 -0.009328 0.0006343 0.001172 -0.01091 -0.01395
1305031455.291831 0.01515 0.003363 -0.002848 0.01703 -0.01189 -0.02333
1305031455.327766 0.01807 -0.003365 0.001365 0.006358 -0.007987 -0.02378
1305031455.359630 0.009416 -0.007237 -0.001972 0.01142 -0.0003668 -0.01635
1305031455.391665 0.01196 0.004315 -0.003557 0.02165 -0.01262 -0.02174
1305031455.427642 0.01754 0.002375 -0.0002714 0.01365 -0.01511 -0.02432
1305031455.459589 0.01595 0.005456 -0.0005672 0.009269 -0.007929 -0.0201
1305031455.491637 0.01622 -0.0007935 0.001555 0.004413 -0.008287 -0.02361
1305031455.527610 0.01915 0.007754 -0.0006224 0.007989 -0.008241 -0.02899
1305031455.559669 0.02167 0.003139 0.002836 -0.001144 -0.001984 -0.02699
1305031455.591645 0.01807 -0.002022 0.005187 -0.00275 0.0008644 -0.02863
1305031455.627617 0.01412 0.008595 -0.002766 0.007865 -0.0003045 -0.02781
1305031455.659615 0.01945 0.006579 0.003344 -0.00582 -0.006423 -0.01038
1305031455.691605 0.02012 0.0005821 0.005381 -0.008096 -0.00674 0.00394
1305031455.727628 0.01732 0.004925 0.0043 -0.001398 -0.008191 0.009839
1305031455.759683 0.01894 0.004156 0.005518 -0.0008724 -0.01386 0.006535
1305031455.791666 0.01843 0.01187 0.005784 0.0001804 -0.01269 -0.002107
1305031455.827590 0.02157 0.004366 0.009932 -0.005779 -0.01109 0.0005063
1305031455.859526 0.01546 0.007457 0.006765 0.001364 -0.004567 0.00222
1305031455.891657 0.01455 0.005355 0.007285 -3.308e-05 -0.006748 0.0004687
1305031455.927955 0.01301 0.008255 0.005181 0.003714 -0.007351 0.0008347
1305031455.959716 0.01516 0.002109 0.007851 -0.00158 -0.009831 0.004821
1305031455.991694 0.0116 0.004718 0.005442 0.00582 -0.009554 0.003541
1305031456.027770 0.01511 -0.002088 0.007427 0.008856 -0.01498 0.006633
1305031456.059713 0.01364 0.01232 0.001338 0.02536 -0.01083 0.0122
1305031456.091707 0.01076 0.01281 0.0007336 0.01611 -0.008207 0.007512
1305031456.127645 0.01118 0.009418 0.002728 0.005264 -0.009737 0.00166
1305031456.159731 0.004969 0.01266 -0.001066 0.00611 -0.008775 -0.001008
1305031456.191658 0.00829 0.01114 0.002091 -0.006939 -0.01757 -0.004832
1305031456.227678 0.01116 -0.004473 0.004155 -0.0103 -0.02305 -0.005851
1305031456.291675 0.01922 0.02162 -0.00918 0.004027 -0.04634 -0.01707
1305031456.327718 0.008856 0.008223 -0.003551 -0.00705 -0.02216 -0.01418
1305031456.391619 0.02041 0.009286 -0.01099 -0.006885 -0.05199 -0.02051
1305031456.427662 0.01637 0.003253 -0.004663 -0.01193 -0.02476 -0.01272
1305031456.491677 0.0377 -0.009676 -0.01617 0.005238 -0.01833 -0.02466
1305031456.527641 0.009912 0.002889 -0.01178 0.01213 0.005373 -0.01171
1305031456.591651 0.01837 0.002027 -0.01722 0.004354 -0.00794 -0.02394
1305031456.627612 0.0131 -0.006771 -0.009974 0.02342 -0.01187 -0.01288
1305031456.691612 0.02403 0.01703 -0.02713 0.02578 -0.01518 -0.03557
1305031456.727693 0.0165 -0.01417 -0.01082 0.002102 -0.003252 -0.02073
1305031456.791649 0.02621 0.01404 -0.02449 0.008967 0.0235 -0.02833
1305031456.827603 0.00609 -0.01645 -0.0104 -0.00613 0.009549 -0.01684
1305031456.891672 0.01463 0.01257 -0.02566 0.02487 -0.002739 -0.02392
1305031456.927690 0.01253 -0.006399 -0.008438 -0.01332 -0.01225 -0.01294
1305031456.959667 0.0139 -0.01528 -0.006817 -0.003605 -0.01379 -0.01096
1305031456.991709 0.01399 0.004845 -0.008483 0.01938 -0.01155 -0.004894
1305031457.027648 0.01253 0.0001713 -0.004759 0.003512 -0.009108 -0.008184
1305031457.091655 0.02402 -0.005672 -0.005159 0.02418 -0.02236 -0.02128
1305031457.127632 0.01107 0.008717 -3.436e-05 0.01046 -0.01157 -0.009404
1305031457.191735 0.02755 -0.007628 0.009516 -0.008662 -0.03125 -0.02882
1305031457.227543 0.01389 0.002841 0.004734 0.009785 -0.01435 -0.01256
1305031457.291656 0.02527 0.005241 0.01728 -0.01776 -0.02841 -0.02822
1305031457.327548 0.01371 -0.007033 0.01082 -0.00901 -0.02123 -0.01221
1305031457.391684 0.03047 0.008814 0.02233 -0.006009 -0.04623 -0.03024
1305031457.427641 0.02002 -0.0056 0.01322 -0.008825 -0.02026 -0.01646
1305031457.491705 0.02948 0.00879 0.02486 0.001971 -0.01186 -0.01786
1305031457.527638 0.01103 0.00351 0.01363 -0.006819 -0.005574 -0.007605
1305031457.559685 0.01243 0.0003478 0.01304 -0.008039 -0.009585 -0.009107
1305031457.591678 0.01642 -0.004318 0.01256 -0.008871 -0.01092 -0.00875
1305031457.627526 0.01529 0.00792 0.009739 0.002786 -0.006135 -0.005584
1305031457.659632 0.01267 -0.009219 0.01281 -0.01158 -0.003478 -0.01007
1305031457.691570 0.01443 0.002761 0.008644 0.01151 -0.003094 -0.004362
1305031457.727669 0.01394 0.01666 0.008714 0.009097 -0.003677 0.002786
1305031457.759556 0.01373 0.007875 0.009828 -0.005104 -0.004854 0.002547
1305031457.791567 0.009184 0.01588 0.01001 -0.01061 -0.006168 0.0007978
1305031457.827699 0.01143 -0.00827 0.01238 -0.02708 -0.01412 -0.004462
1305031457.859623 0.01429 0.005903 0.008628 -0.005484 -0.0174 -0.002249
1305031457.891593 0.01928 0.01943 0.007479 -0.009421 -0.01698 -0.003155
1305031457.927633 0.01931 -0.004284 0.009423 -0.02977 -0.009496 -0.0121
1305031457.991644 0.02755 0.009515 0.01043 -0.02171 -0.002456 -0.01354
1305031458.027845 0.01306 0.008009 0.001993 -0.01726 -0.00537 -0.002841
1305031458.059689 0.01497 -0.01297 0.003108 -0.02418 -0.009505 -0.007904
1305031458.091690 0.01705 -0.004265 -0.001298 -0.002273 -0.01076 -0.004198
1305031458.127605 0.02142 0.007771 -0.004314 0.004642 -0.01144 2.169e-05
1305031458.159638 0.02258 0.005181 -0.004228 -0.002016 -0.007869 -0.003795
1305031458.191646 0.0183 -0.01096 -0.005415 -0.003949 -0.000343 -0.009209
1305031458.227611 0.01683 0.0023 -0.01056 0.0164 0.004456 -0.0005034
1305031458.259934 0.02587 0.03078 -0.0147 0.01664 0.001442 0.007631
1305031458.291664 0.0183 -0.006618 -0.003845 -0.02145 0.01097 -0.002771
1305031458.327628 0.01626 0.0003224 -0.01181 -0.002 0.01244 -0.004946
1305031458.359590 0.01862 0.01644 -0.01625 -0.007795 0.009281 -0.002412
1305031458.391626 0.01042 -0.01099 -0.008865 -0.02854 0.01074 -0.01049
1305031458.427598 0.007795 -0.001619 -0.01376 -0.01398 0.003757 -0.01914
1305031458.459637 0.002432 0.01243 -0.01685 -0.01701 -0.003224 -0.01715
1305031458.491696 0.009903 0.0003033 -0.01571 -0.04479 -0.01524 -0.002244
1305031458.527737 0.01267 -0.0305 -0.009789 -0.05168 -0.01705 0.001251
1305031458.559628 0.0112 -0.01081 -0.01627 -0.02015 -0.01687 0.002808
1305031458.591641 0.01858 -0.01049 -0.01528 -0.02449 -0.01242 0.009666
1305031458.627659 0.01118 -0.03711 -0.0129 -0.01946 0.0005475 0.007478
1305031458.659623 0.02036 -0.009714 -0.02197 0.01335 0.002519 0.001327
1305031458.691674 0.008077 -0.008906 -0.02174 0.01276 0.03229 0.01227
1305031458.727650 -0.001639 0.004606 -0.02486 0.008767 0.03608 0.01553
1305031458.759945 0.006441 -0.01083 -0.01307 -0.01368 0.03396 0.01777
1305031458.791632 -0.006097 -0.01564 -0.01116 -0.00065 0.03988 0.01429
1305031458.827564 -0.004654 0.001163 -0.01585 0.01633 0.02173 0.003671
1305031458.891665 -0.001852 0.003486 -0.02 -0.01341 0.01357 0.01802
1305031458.927621 0.0114 -0.00927 -0.005081 -8.359e-05 -0.01778 -0.009628
1305031458.959617 0.008551 0.005747 -0.009009 0.01908 -0.01571 -0.02398
1305031458.991647 0.01685 0.02516 -0.007204 0.006833 -0.01041 -0.008184
1305031459.027665 0.02357 -0.001436 -0.003369 -0.02252 0.001918 -0.001499
1305031459.059631 0.02544 0.004858 -0.006684 -0.01167 0.009725 -0.02178
1305031459.127618 0.04878 0.003337 -0.01825 -0.03584 0.07623 -0.04097
1305031459.159639 0.008752 -0.001802 -0.004779 -0.01145 0.05534 -0.01137
1305031459.191674 0.007118 -0.005087 -0.006189 -0.007098 0.04055 -0.0183
1305031459.227607 0.005447 -0.004684 -0.006497 -0.0004654 0.02588 -0.02575
1305031459.259760 -0.00467 -0.007447 -0.008444 0.001457 0.009766 -0.02246
1305031459.327632 0.007437 -0.01099 -0.01766 0.001128 -0.0693 -0.05327
1305031459.359651 0.01251 -0.01226 -0.002535 -0.01684 -0.05527 -0.03461
1305031459.391667 0.005122 -0.03178 -0.001357 -0.011 -0.06117 -0.04338
1305031459.427646 -0.002452 -0.00583 -0.01036 0.0163 -0.07754 -0.06372
1305031459.459679 0.01942 -0.005066 0.007317 -0.004759 -0.08892 -0.07115
1305031459.527594 0.01978 -0.03336 0.004361 0.02097 -0.1167 -0.1163
1305031459.559647 0.0127 0.005407 0.01472 0.018 -0.03913 -0.05392
1305031459.591695 0.012 -0.01201 0.00721 0.004797 -0.02026 -0.03459
1305031459.627608 0.01067 -0.00436 6.05e-05 0.01038 -0.009844 -0.01872
1305031459.659641 0.007766 -0.01248 -0.000906 -0.008104 -0.01299 -0.0003756
1305031459.691604 0.01693 -0.009656 0.003688 0.00212 -0.03138 -0.007319
1305031459.727551 0.02122 0.002117 0.005898 0.00812 -0.02455 -0.003641
1305031459.791650 0.04569 -0.005129 0.01451 -0.01198 -0.02309 0.01287
1305031459.827664 0.01975 -0.004277 0.004674 -0.0003752 -0.001822 0.005628
1305031459.859660 0.02134 -0.004792 0.003586 0.006669 -0.001771 0.005425
1305031459.891596 0.01775 0.002995 0.0007844 0.01567 0.004471 -0.003196
1305031459.927607 0.01676 0.00279 0.000933 0.006053 0.004274 -0.005558
1305031459.991725 0.03462 -7.058e-05 0.0003845 0.01384 -0.001451 -0.01257
1305031460.027565 0.01575 0.006984 -0.0007118 0.006481 -0.001146 -0.006881
1305031460.059659 0.01987 0.0009818 0.0009052 -0.001403 -0.003237 -0.003525
1305031460.091717 0.02256 0.001907 0.0008311 0.00283 0.004064 -0.01341
1305031460.127690 0.01458 0.006553 -0.002394 0.00423 0.0189 -0.02222
1305031460.159678 0.0133 -0.002643 -0.001934 -0.004244 0.01721 -0.01842
1305031460.191559 0.009375 0.001582 -0.006054 0.00941 0.01187 -0.01526
1305031460.227761 0.003186 0.01073 -0.01031 0.005166 0.004003 -0.009405
1305031460.291689 0.02035 0.007311 -0.007728 -0.01833 -0.02929 -0.0005668
1305031460.327512 0.01153 0.004478 -0.001846 -0.008522 -0.01669 -0.003877
1305031460.391611 0.01997 0.00671 -0.009698 -0.006413 -0.0434 -0.01229
1305031460.427477 0.01099 0.004969 -0.002948 -0.004731 -0.02336 -0.01036
1305031460.459620 0.006934 0.002038 -0.004024 -0.006399 -0.0267 -0.008679
1305031460.491504 0.009439 0.0003573 0.002515 0.0008529 -0.03397 -0.01142
1305031460.527570 0.009723 0.006389 -0.001569 0.008937 -0.02985 -0.0179
1305031460.559647 0.008739 0.006962 -0.003751 0.005115 -0.02392 -0.006031
1305031460.591855 0.01147 0.002095 0.0002114 -0.002376 -0.02188 -0.0007107
1305031460.627625 0.01052 0.005142 -0.001556 -0.0007661 -0.01943 -0.004809
1305031460.659764 0.01322 0.0006047 0.0003706 -0.006089 -0.01806 0.001019
1305031460.691671 0.01539 -0.001879 0.0007777 -0.0002119 -0.01447 -0.001221
1305031460.727675 0.01159 0.002584 -0.003605 0.006374 -0.009284 0.002145
1305031460.759667 0.01217 0.004755 -0.002487 9.503e-05 -0.01261 0.003864
1305031460.791660 0.01666 -0.0001389 -0.0007127 -0.001402 -0.01297 0.003117
1305031460.827660 0.01158 0.0003662 -0.004212 0.003748 -0.006481 0.007839
1305031460.859714 0.009496 0.002921 -0.004625 0.005745 -0.01096 0.008396
1305031460.891774 0.01485 0.005258 -0.003215 0.0065 -0.01664 0.009108
1305031460.927562 0.01458 0.003649 -0.003351 0.006952 -0.009916 0.003758
1305031460.991668 0.02379 0.02185 -0.009585 0.007939 -0.01346 -0.004135
1305031461.027620 0.01346 0.007786 -0.003561 -0.002054 -0.004882 -0.003818
1305031461.091728 0.02114 0.005154 -0.008205 -0.004137 0.003417 -0.0005562
1305031461.127586 0.007045 0.011 -0.006982 0.004253 0.0002222 0.005382
1305031461.159720 0.01167 0.008991 -0.004713 -0.004509 -0.002115 0.002537
1305031461.192013 0.004902 0.001587 -0.00437 -0.009824 0.004777 0.006618
1305031461.227607 0.007112 0.004111 -0.004559 -0.003203 -0.001656 0.004338
1305031461.259642 0.008447 0.006947 -0.005498 -0.003897 0.0007381 0.006097
1305031461.291656 0.00397 0.002175 -0.005602 -0.009008 0.003964 0.011
1305031461.327751 0.0004632 0.002615 -0.006622 -0.007234 0.0002024 0.007882
1305031461.359709 0.003349 -0.005566 -0.004875 -0.002779 -0.008653 0.008859
1305031461.391708 0.007968 0.01164 -0.009631 0.01709 -0.007925 0.003706
1305031461.427624 0.001677 0.005316 -0.006208 -0.001036 -0.0006299 0.003729
1305031461.459781 -0.0006341 -0.002133 -0.00425 0.005575 -0.002299 -0.001376
1305031461.491677 0.002401 0.01785 -0.006375 0.01269 -0.003696 -0.0001309
1305031461.527705 -0.002726 -0.001025 -0.001137 -0.01431 0.003375 0.0002405
1305031461.559677 -0.009714 0.002036 -0.002977 -0.002276 0.0007 0.006538
1305031461.591690 -0.004422 0.00205 0.0002951 -0.008704 -0.01384 0.005343
1305031461.627541 -0.004136 -3.531e-05 -0.001814 -0.0003898 -0.01407 0.0004735
1305031461.659622 -0.003331 0.0007383 -0.00245 -9.469e-06 -0.01204 0.0002098
1305031461.691563 -0.004621 -0.003454 -0.0008869 0.00344 -0.009164 -0.01154
1305031461.727602 -0.007957 0.003107 -0.005132 0.01007 -0.004226 -0.008913
1305031461.759684 -0.009314 -0.003277 0.000945 0.000826 -0.0046 -0.006123
1305031461.791612 -0.0101 -0.002459 -0.002573 0.008985 -0.008904 -0.006408
1305031461.827615 -0.009484 -0.0008198 -0.002805 0.004165 -0.01226 -0.008588
1305031461.859767 -0.009637 -0.008082 0.001863 0.002781 -0.01252 -0.01516
1305031461.891723 -0.006247 -0.007939 -0.001132 0.01489 -0.0141 -0.02072
1305031461.927758 -0.007906 -0.0009365 -0.00604 0.02237 -0.007328 -0.01379
1305031461.959703 -0.01651 -0.001605 -0.003111 0.009176 -0.01043 -0.002505
1305031461.991590 -0.002476 -0.0128 0.002267 0.009907 -0.02927 -0.01202
1305031462.027675 0.003903 -0.001194 -0.002829 0.02962 -0.01975 -0.01559
1305031462.059837 -0.00148 -0.002359 -0.002146 0.02394 -0.001855 -0.02008
1305031462.091777 -0.007896 -0.002021 -0.001729 0.02172 0.005402 -0.01859
1305031462.127739 -0.008233 -0.004718 -0.001321 0.01677 0.0003871 -0.01476
1305031462.159646 -0.004213 -0.003286 -0.0006033 0.01484 -0.00363 -0.00963
1305031462.191641 -0.007896 -0.008611 -0.001123 0.004542 -0.0004531 0.003952
1305031462.227633 -0.003913 -0.008022 0.0001935 0.01014 -0.008389 0.001937
1305031462.259765 -0.0004812 -0.00638 -0.0004217 0.01229 -0.007157 0.008106
1305031462.291629 -0.002329 -0.008441 -0.0009843 0.01051 -0.001303 0.01413
1305031462.327540 -0.005152 -0.006322 -0.0005282 0.01305 -0.000664 0.01628
1305031462.359732 -0.0004919 -0.01263 -0.001271 0.006193 -0.006335 0.01869
1305031462.391695 -0.0002751 -0.01203 -0.001946 0.0146 -0.0004372 0.0172
1305031462.427635 0.0007585 -0.007815 -0.0004436 0.01994 0.0009667 0.01747
1305031462.459897 -0.0006921 -0.0114 0.002308 0.01683 0.006985 0.01992
1305031462.492008 -0.005123 -0.007173 -0.0003024 0.02385 0.008904 0.01884
1305031462.527670 0.001918 -0.00548 0.001712 0.01786 0.005565 0.01435
1305031462.559862 -0.009282 -0.006204 0.001695 0.01235 0.01937 0.02209
1305031462.591862 -0.006375 -0.006046 0.003292 0.004485 0.008094 0.02253
1305031462.627851 -0.007162 -0.008689 0.003259 -0.001342 0.00686 0.02488
1305031462.659660 -0.005459 -0.005195 0.004981 -0.002623 0.00373 0.02304
1305031462.692548 0.0006201 -0.007753 0.007174 -0.006873 0.0008434 0.02062
1305031462.727652 -0.004626 -0.009305 0.005421 -0.002567 0.01172 0.02585
1305031462.759782 -0.009575 -0.009688 0.005119 -0.001471 0.01636 0.02742
1305031462.791943 -0.00967 -0.008079 0.005981 0.001094 0.01131 0.02033
1305031462.827816 -0.00954 -0.01015 0.005964 0.002524 0.01001 0.0149
1305031462.859782 -0.01759 -0.006559 0.003727 0.0083 0.01288 0.01699
1305031462.891847 -0.01392 -0.006303 0.006121 0.001279 0.001091 0.009494
1305031462.927607 -0.01239 -0.004713 0.007725 0.001383 0.0007039 0.004324
1305031462.959676 -0.01176 -0.004052 0.007739 0.0002089 0.005644 0.00585
1305031462.995550 -0.01587 -0.001529 0.006995 -0.004471 0.01345 0.01011
1305031463.027667 -0.007953 9.675e-05 0.01214 -0.007529 0.005421 0.01197
1305031463.059810 -0.01317 -0.009671 0.008576 -0.01476 0.01515 0.01609
1305031463.095809 -0.01999 -0.003032 0.006998 -0.00125 0.01682 0.02142
1305031463.127550 -0.01367 -0.0008462 0.00895 -0.008599 0.007038 0.01876
1305031463.159787 -0.01514 -0.00835 0.008163 -0.01782 0.009232 0.01889
1305031463.195657 -0.01359 -0.006843 0.008407 -0.004341 0.003799 0.01558
1305031463.227784 -0.01893 0.001707 0.003942 0.003853 0.009614 0.01138
1305031463.260034 -0.01187 -3.49e-05 0.009093 -0.01083 0.001602 0.007611
1305031463.295737 -0.01396 -0.008635 0.005396 -0.01233 0.003444 0.01199
1305031463.327739 -0.01542 0.001377 0.002391 0.003662 0.009323 0.008855
1305031463.359750 -0.01473 0.000787 0.004579 -0.009174 0.01282 0.004963
1305031463.395630 -0.01945 -0.008574 0.002182 -0.01388 0.01654 0.007653
1305031463.427716 -0.01962 -0.0002607 0.001848 0.001118 0.01029 0.008762
1305031463.459756 -0.01964 -0.003337 0.0009523 -0.004774 0.004136 0.006116
1305031463.495629 -0.02005 -0.004542 -0.002251 -0.004659 -0.001849 0.005243
1305031463.527670 -0.01432 0.0006333 -0.000701 -0.007225 -0.01208 0.004069
1305031463.559751 -0.01178 -0.00327 0.004581 -0.01129 -0.007716 -0.002053
1305031463.595600 -0.01603 -0.001059 0.001949 -0.000776 0.004158 0.0007824
1305031463.627588 -0.01941 0.007696 0.0006798 -0.00112 0.006079 0.004279
1305031463.659766 -0.01361 0.0001449 0.00657 -0.02186 -0.002925 0.004368
1305031463.695640 -0.01433 -0.006099 0.007771 -0.01616 -7.229e-05 0.007457
1305031463.727588 -0.02113 0.01115 0.002496 0.003101 0.00334 0.007339
1305031463.759674 -0.01603 0.01083 0.00681 -0.01409 -0.005272 0.01108
1305031463.795647 -0.01504 0.002025 0.01132 -0.01987 -0.003851 0.01882
1305031463.827761 -0.01989 0.01098 0.008374 -0.00326 0.001665 0.02119
1305031463.859910 -0.01728 0.01534 0.009619 -0.005722 -0.001913 0.01985
1305031463.895648 -0.01642 0.005313 0.01151 -0.01477 -0.0007093 0.01693
1305031463.927664 -0.01369 0.008841 0.008594 -0.003893 0.002933 0.01153
1305031463.959680 -0.01629 0.01503 0.009432 -0.0009419 0.01079 0.01163
1305031463.995821 -0.01838 0.01049 0.0117 -0.009239 0.01187 0.01174
1305031464.027703 -0.01567 0.005681 0.01139 -0.007237 0.008425 0.01641
1305031464.059652 -0.01719 0.01717 0.01058 -2.561e-05 0.004838 0.01766
1305031464.095634 -0.01144 0.008751 0.01185 -0.01244 -0.001307 0.01628
1305031464.127681 -0.005101 0.005166 0.01092 -0.009771 -2.117e-06 0.008791
1305031464.159817 -0.005192 0.015 0.009098 -0.005672 0.008286 0.002269
1305031464.195585 -0.006301 0.01075 0.009813 -0.0176 0.0174 0.004922
1305031464.227624 -0.006687 -0.001196 0.01229 -0.0227 0.02421 0.00321
1305031464.259644 -0.008105 -0.001375 0.01146 -0.01179 0.03286 0.001306
1305031464.295667 -0.01345 0.004216 0.00828 -0.002133 0.03794 0.009435
1305031464.327866 -0.01801 0.006633 0.008225 -0.001643 0.03209 0.01223
1305031464.359684 -0.01597 0.01137 0.008338 -0.004743 0.023 0.009643
1305031464.395611 -0.0217 0.000827 0.009364 -0.01363 0.01781 0.01523
1305031464.427634 -0.01598 0.00305 0.01039 -0.006955 0.004427 0.01838
1305031464.459689 -0.01046 0.01094 0.01109 -0.00402 0.00528 0.01706
1305031464.495633 -0.02207 0.004958 0.01118 -0.006151 0.01055 0.01189
1305031464.527574 -0.01374 0.001257 0.01243 -0.007139 0.001401 0.01534
1305031464.559703 -0.01828 0.008443 0.01102 0.002995 0.006786 0.0243
1305031464.595698 -0.0256 0.02643 0.01452 -0.001605 -0.002002 0.0219
1305031464.627672 -0.01675 0.008563 0.01369 -0.02444 -0.02 0.01542
1305031464.659749 -0.0138 0.007394 0.009978 -0.02462 -0.02089 0.02386
1305031464.695663 -0.01202 0.01961 0.005367 -0.02831 -0.01787 0.02927
1305031464.727652 -0.00324 0.003146 0.006396 -0.04338 -0.01055 0.02658
1305031464.759740 -0.009689 -0.006791 0.005606 -0.03459 0.00652 0.03194
1305031464.796021 0.001049 0.008624 -0.002787 -0.01761 0.01062 0.03325
1305031464.827759 0.0007445 -0.001687 -0.004738 -0.02723 0.02591 0.02236
1305031464.859654 -0.01689 -0.01127 0.003404 -0.02106 0.04219 0.02452
1305031464.895817 -0.01884 -0.002291 -0.001608 -0.002023 0.04083 0.03758
1305031464.927799 -0.01938 0.02089 -0.01073 0.007143 0.03155 0.04132
1305031464.959763 -0.01918 0.01388 -0.009749 -0.006652 0.01718 0.03475
1305031464.995687 -0.01873 -0.004731 -0.007823 -0.01766 0.009216 0.03497
1305031465.027823 -0.004722 -0.004066 -0.01684 -0.01208 0.002088 0.04259
1305031465.059749 0.008207 -0.02433 -0.0173 -0.02377 0.009038 0.03668
1305031465.095700 -0.0005095 -0.05351 -0.007809 -0.01174 0.02576 0.02988
1305031465.127664 -0.009592 -0.01467 -0.01514 0.03024 0.03293 0.03144
1305031465.159842 -0.007073 -0.004801 -0.02136 0.03279 0.02761 0.01951
1305031465.195564 -0.0103 -0.007333 -0.01949 0.02333 0.02538 0.01592
1305031465.227907 -0.008177 -0.01945 -0.01678 0.0181 0.02034 0.01277
1305031465.259807 -0.009206 -0.002031 -0.02182 0.02547 0.02007 0.0019
1305031465.295623 -0.005267 -0.01368 -0.01419 0.00799 0.0166 -0.01608
1305031465.327674 -0.004231 -0.01534 -0.01404 0.01123 0.02185 -0.02322
1305031465.359948 -0.00815 -0.002842 -0.01429 0.009775 0.02891 -0.02228
1305031465.395586 -0.02451 -0.008126 -0.003128 -0.004061 0.03874 -0.02288
1305031465.427697 -0.02723 -0.01263 0.00058 -0.008191 0.03125 -0.02259
1305031465.460125 -0.02246 -0.01914 0.002661 -0.01096 0.0244 -0.02771
1305031465.495703 -0.02571 -0.02183 0.002987 -0.002202 0.02557 -0.02109
1305031465.527622 -0.02086 0.001984 -0.0003029 0.008624 0.02051 -0.007483
1305031465.559812 -0.02472 -0.01115 0.006923 -0.01355 0.02011 -0.01126
1305031465.595599 -0.02788 -0.0191 0.008531 -0.01551 0.01422 -0.01828
1305031465.627688 -0.01343 -0.01615 0.007864 -0.0116 0.005567 -0.01875
1305031465.660060 -0.01858 -0.01363 0.008656 -0.01021 0.01945 -0.01721
1305031465.695668 -0.03461 -0.0159 0.009813 -0.01424 0.0234 -0.01535
1305031465.727682 -0.02202 -0.01659 0.01004 -0.01703 0.007698 -0.01798
1305031465.759766 -0.02375 -0.02037 0.01142 -0.01813 0.0112 -0.01797
1305031465.795937 -0.02724 -0.01664 0.008687 -0.01251 0.009932 -0.01307
1305031465.827996 -0.02244 -0.009549 0.009122 -0.01577 0.007193 -0.01082
1305031465.859861 -0.0262 -0.02712 0.01468 -0.02788 0.006775 -0.00855
1305031465.895494 -0.02793 -0.0228 0.007858 -0.009494 -0.005784 -0.003985
1305031465.927495 -0.02167 -0.007129 0.007648 -0.008032 -0.01462 -0.001722
1305031465.959710 -0.01628 -0.01707 0.01459 -0.02214 -0.01783 0.005241
1305031465.995753 -0.009014 -0.02097 0.01323 -0.0164 -0.01735 0.01088
1305031466.027644 -0.01202 -0.02157 0.01348 -0.01362 -0.006602 0.005282
1305031466.059757 -0.0117 -0.02459 0.01203 -0.0003598 -0.006328 -0.0003367
1305031466.095840 -0.01048 -0.01414 0.01103 0.0107 0.0007719 -0.002274
1305031466.127640 -0.01441 -0.01405 0.01145 0.01224 0.009286 -0.001868
1305031466.160428 -0.01035 -0.01273 0.0139 0.01113 0.008674 -0.0057
1305031466.195833 -0.009033 -0.01538 0.01535 0.01453 0.01514 -0.003203
1305031466.227951 -0.01631 -0.005877 0.01365 0.02501 0.01987 0.006684
1305031466.259815 -0.02291 0.003163 0.01231 0.01171 0.01162 0.01324
1305031466.295737 -0.01766 -0.009944 0.0158 -0.004574 -0.006666 0.02449
1305031466.327702 -0.01024 -0.01095 0.01873 -0.0007695 -0.02101 0.02059
1305031466.359829 -0.008827 -0.005076 0.01611 0.01298 -0.019 0.01216
1305031466.395784 -0.008435 0.009699 0.01367 0.008212 -0.008318 0.008376
1305031466.427819 -0.007048 -0.01158 0.01788 -0.01528 0.001675 0.009557
1305031466.459790 -0.01483 -0.01265 0.01383 -0.001454 0.01173 0.007754
1305031466.495809 -0.02187 -0.00676 0.009731 0.008456 0.01201 0.0008306
1305031466.527538 -0.02528 -0.00276 0.007864 0.005962 0.001597 -0.0002897
1305031466.560353 -0.01326 -0.01304 0.01182 0.00131 -0.009726 0.004047
1305031466.595936 -0.01667 -0.01036 0.007626 0.01596 -0.0007516 0.005117
1305031466.627549 -0.02816 0.0105 0.003344 0.02069 0.002202 0.005644
1305031466.659688 -0.01569 -0.005138 0.009941 -0.01171 -0.007863 0.01166
1305031466.695822 -0.0108 -0.0195 0.009171 -0.007304 -0.001592 0.01675
1305031466.728074 -0.02204 -0.00308 0.00339 0.01552 0.009167 0.01726
1305031466.759637 -0.02273 0.006915 0.003453 0.002463 0.00326 0.01555
1305031466.795604 -0.009267 -0.01442 0.01078 -0.01762 -0.001802 0.01429
1305031466.827879 -0.01488 -0.01157 0.006149 0.001862 0.009358 0.006689
1305031466.859665 -0.01273 0.005647 0.004669 0.008855 0.01091 -0.002191
1305031466.895694 -0.01078 -0.006197 0.008362 -0.01017 0.02117 0.002036
1305031466.927756 -0.01761 -0.005914 0.008189 -0.003846 0.03154 0.004018
1305031466.959728 -0.02352 -0.001242 0.007832 -0.001792 0.02648 0.001152
1305031466.995712 -0.019 -0.005222 0.007352 -0.00328 0.01346 0.005227
1305031467.027843 -0.01505 -0.003174 0.007179 -0.0007545 0.009417 0.008636
1305031467.059700 -0.01796 -0.00544 0.007034 -0.001701 0.008223 0.006342
1305031467.095687 -0.01276 -0.003569 0.006881 0.005254 0.002618 0.01005
1305031467.128974 -0.01326 0.0001694 0.004687 0.002596 0.007346 0.02052
1305031467.159660 -0.01208 -0.004153 0.006156 -0.003251 0.006531 0.0169
1305031467.195663 -0.008601 -0.003802 0.006613 -0.002575 0.007785 0.009404
1305031467.227704 -0.01286 -0.003699 0.006247 -0.002179 0.01533 0.01074
1305031467.259694 -0.01423 -0.002978 0.006598 -0.003582 0.01293 0.009586
1305031467.295846 -0.01115 -0.005338 0.007597 -0.00522 0.01108 0.01329
1305031467.328008 -0.01088 -0.006341 0.008985 -0.004407 0.01164 0.01091
1305031467.359654 -0.009345 -0.009233 0.009521 0.001319 0.01276 0.003655
1305031467.395756 -0.01304 -0.002991 0.00768 0.01132 0.01817 0.00712
1305031467.427783 -0.01364 -0.0001355 0.007715 0.004824 0.01424 0.006317
1305031467.459692 -0.009704 -0.006093 0.01063 -0.003077 0.01277 0.00399
1305031467.496058 -0.01328 -0.009969 0.01067 0.004484 0.01783 0.008396
1305031467.527663 -0.01708 -0.0008875 0.00653 0.01317 0.0126 0.01064
1305031467.559763 -0.01451 0.0003577 0.005798 0.002035 0.004 0.005362
1305031467.595989 -0.009387 -0.003829 0.007006 -0.001223 0.001517 -0.001706
1305031467.627532 -0.013 0.009025 0.001933 0.001128 0.01007 -0.004589
1305031467.659626 -0.01535 0.002011 0.003909 -0.0147 0.01132 -0.004782
1305031467.695886 -0.01415 -0.006329 0.002462 -0.01103 0.008605 0.005028
1305031467.727535 -0.01604 0.006471 -0.004125 -0.004188 0.006259 0.01066
1305031467.759907 -0.01249 0.002014 -0.003058 -0.01255 0.002819 0.007488
1305031467.796075 -0.01227 -0.001832 -0.005453 -0.01053 0.005129 0.007876
1305031467.827800 -0.01479 0.007459 -0.01233 -0.008078 0.005388 0.003471
1305031467.859729 -0.01133 0.002879 -0.009229 -0.01779 0.00562 -0.002721
1305031467.895947 -0.009685 -0.002622 -0.006981 -0.01547 0.01209 0.00177
1305031467.927754 -0.01843 0.00511 -0.01351 -0.00675 0.01869 0.006114
1305031467.959826 -0.01817 0.004837 -0.01287 -0.01433 0.01161 0.004216
1305031467.995754 -0.01192 -0.01206 -0.01112 -0.01444 0.003456 0.008634
1305031468.028107 -0.01334 0.005873 -0.02301 0.004804 0.001398 0.00567
1305031468.059850 -0.01211 0.00745 -0.016 -0.009488 0.002647 0.00796
1305031468.095867 -0.01221 -0.00339 -0.01025 -0.008811 0.006029 0.006113
1305031468.127816 -0.01763 0.007807 -0.01824 0.003228 0.006854 0.0009071
1305031468.159864 -0.0143 0.004194 -0.01406 -0.004677 0.003523 0.007406
1305031468.195985 -0.01533 0.002877 -0.01342 7.197e-05 0.002002 0.007557
1305031468.228158 -0.01483 0.00907 -0.01605 0.003579 -0.002301 -0.0008561
1305031468.259754 -0.01414 0.006498 -0.01325 -0.000841 -0.005316 -0.002775
1305031468.295830 -0.01235 0.008474 -0.01406 0.001995 -0.006496 0.0005805
1305031468.327847 -0.01379 0.01346 -0.01551 -0.002328 -0.006603 -0.003659
1305031468.359787 -0.0102 0.005193 -0.004814 -0.01002 -0.01006 -0.005776
1305031468.395860 -0.008992 0.00657 -0.006323 0.003771 -0.004104 -0.0005363
1305031468.428025 -0.01426 0.02033 -0.01076 0.01176 0.002193 -0.003144
1305031468.459759 -0.01362 0.0125 -0.005786 0.0004625 0.001914 -0.005729
1305031468.495809 -0.012 0.01158 -0.007583 0.005605 -0.001337 -5.759e-05
1305031468.527756 -0.007699 0.0193 -0.01341 0.00462 -0.002496 0.009662
1305031468.559739 -0.00532 0.01638 -0.006353 -0.009016 -0.0005646 0.01918
1305031468.595768 -0.003114 0.00986 0.001786 -0.003991 0.0002313 0.01351
1305031468.627626 -0.004172 0.01669 -0.008496 0.01343 0.00416 -0.0001247
1305031468.659579 -0.002551 0.02182 -0.01192 0.003077 0.008003 0.001527
1305031468.695835 -0.003722 0.01796 -0.006949 -0.008563 0.01238 0.008462
1305031468.727785 -0.004234 0.01218 -0.005443 -0.01073 0.0119 0.003963
1305031468.759628 -0.005319 0.01309 -0.006728 -0.003831 0.009748 0.001086
1305031468.795796 -0.006654 0.02098 -0.009185 -0.002872 0.006061 0.009843
1305031468.829247 -0.002 0.01239 -0.004795 -0.01428 0.002173 0.01634
1305031468.859659 -0.006581 0.001216 -0.004945 -0.006268 0.001076 0.01033
1305031468.895873 -0.005331 0.01173 -0.007511 0.009241 -0.007612 0.002753
1305031468.928141 -0.001784 0.007753 -0.006409 0.008396 -0.01134 -0.007283
1305031468.959594 0.002551 0.002417 -0.002012 0.01214 -0.01231 -0.008706
1305031468.995711 0.006964 -0.008585 -0.003133 0.02395 -0.004551 0.002369
1305031469.027699 -0.003714 0.01286 -0.011 0.04378 0.003352 0.003558
1305031469.059832 0.001523 0.01396 -0.009702 0.03217 0.002177 0.007627
1305031469.095723 -0.008858 8.286e-05 -0.009554 0.02423 0.007758 0.016
1305031469.127679 -0.01063 0.008204 -0.01247 0.03321 -0.003095 0.01469
1305031469.159703 -0.005067 0.007207 -0.0123 0.02767 -0.01172 0.009728
1305031469.195540 -0.002148 0.01125 -0.01278 0.02497 -0.01522 0.006718
1305031469.227754 0.004236 0.007243 -0.01039 0.01446 -0.0132 0.004026
1305031469.259586 -0.00298 0.0006533 -0.01152 0.01144 -0.002141 0.00551
1305031469.296754 -0.002351 0.003705 -0.01246 0.01381 -0.006765 0.002507
1305031469.327618 0.001284 -0.001552 -0.01139 0.01145 -0.005184 0.0009695
1305031469.359592 -0.01107 0.0001907 -0.01532 0.01772 -0.001066 0.006584
1305031469.395695 -0.005868 0.004002 -0.01477 0.01294 -0.01947 0.00907
1305031469.427651 0.001488 -0.004273 -0.01187 0.005473 -0.02502 0.01181
1305031469.459668 0.00516 -0.002201 -0.01459 0.008663 -0.02113 0.01374
1305031469.495744 0.01008 -0.0004874 -0.01462 0.006752 -0.01506 0.006674
1305031469.527622 0.004805 -0.008331 -0.01272 0.004237 0.0007382 -0.0003148
1305031469.559645 0.0003997 -0.007838 -0.01501 0.01033 0.006159 -0.001047
1305031469.595755 0.001032 -0.008494 -0.01491 0.01346 0.006014 -0.003833
1305031469.627752 0.0002984 -0.005531 -0.01505 0.01945 0.003506 -0.003182
1305031469.659590 0.005214 -0.001205 -0.01674 0.01606 -0.006049 -0.001612
1305031469.695613 0.003127 -0.00812 -0.01452 0.008931 -0.004079 -0.004147
1305031469.727679 0.005669 -0.004806 -0.01506 0.01406 -0.006896 -0.004737
1305031469.759599 0.008613 -0.008179 -0.01416 0.01211 -0.006665 -0.007974
1305031469.795621 0.01375 -0.005942 -0.01672 0.0135 -0.003744 -0.006799
1305031469.827526 0.008487 -0.004814 -0.01257 0.01143 0.005923 -0.004967
1305031469.859574 0.01309 -0.006961 -0.01462 0.01225 0.004219 -0.005933
1305031469.895755 0.01346 -0.006011 -0.01341 0.009683 0.002903 -0.006178
1305031469.927854 0.01586 -0.005486 -0.01473 0.007262 0.002508 -0.006922
1305031469.959805 0.01394 -0.005165 -0.01164 0.003421 0.006563 -0.004334
1305031469.995551 0.01482 -0.006448 -0.01049 0.002596 0.003847 -0.00418
1305031470.027694 0.01481 -0.006395 -0.008662 0.003882 0.005354 -0.001755
1305031470.059638 0.0172 -0.005897 -0.009439 0.004349 0.000473 -0.001435
1305031470.095944 0.01612 -0.005336 -0.00703 0.003379 4.185e-06 -0.004301
1305031470.127633 0.01662 -0.006796 -0.006208 0.006704 0.001739 -0.006091
1305031470.159626 0.01827 -0.004924 -0.008788 0.006416 0.002615 -0.007517
1305031470.196092 0.0156 -0.003938 -0.003918 0.004377 0.005365 -0.006443
1305031470.227618 0.01595 -0.004976 -0.00376 0.007022 0.002954 -0.007802
1305031470.259965 0.01605 -0.004086 -0.004315 0.009235 0.002304 -0.007255
1305031470.295718 0.01575 -0.0042 -0.003994 0.01169 0.002187 -0.006567
1305031470.327644 0.0166 -0.003578 -0.006215 0.01346 0.003744 -0.008644
1305031470.359624 0.01667 -0.002763 -0.005046 0.01053 0.005995 -0.01102
1305031470.395823 0.01531 -0.002505 -0.004269 0.007846 0.007126 -0.00823
1305031470.427641 0.01554 -0.002251 -0.004929 0.002812 0.005684 0.0008595
1305031470.459721 0.01613 -0.002524 -0.003903 -0.002682 0.002892 -2.986e-05
1305031470.495686 0.01414 -0.001901 -0.002298 -0.003372 0.005049 -0.003009
1305031470.527689 0.01214 -0.001901 -0.001817 -0.00152 0.005159 8.529e-05
1305031470.559677 0.01395 -0.002415 -0.003283 0.0002447 -0.0006804 -0.002586
1305031470.595760 0.01304 -7.597e-05 -0.002294 0.001731 0.0004871 -0.00719
1305031470.627729 0.01213 -0.001553 -0.003463 0.002727 0.001791 -0.01007
1305031470.659690 0.01174 0.0002507 -0.002994 0.002952 0.001751 -0.009042
1305031470.695630 0.01194 -0.001263 -0.004274 0.00251 0.003328 -0.007647
1305031470.727654 0.009765 0.001485 -0.004549 -0.0004559 0.003767 -0.004733
1305031470.759682 0.005896 -0.00318 -0.0006001 -0.003625 0.0002016 -0.008015
1305031470.795615 0.01113 0.003379 -0.003199 0.01012 -0.009613 -0.01102
1305031470.827831 0.009263 0.002117 -0.001879 -0.006883 -4.391e-05 -0.008113
1305031470.859645 0.008176 7.462e-05 -0.0006095 -0.01405 0.002562 -0.007692
1305031470.895722 0.009341 -0.001174 0.0004448 -0.01402 0.002671 -0.009387
1305031470.927684 0.005983 -0.0003508 -0.0009303 -0.0154 0.01062 -0.005095
1305031470.959647 0.006946 0.001263 4.734e-05 -0.02512 0.007641 -0.001569
1305031470.995996 0.007162 -0.0006838 0.0004894 -0.02316 0.0007666 -0.002995
1305031471.027644 0.005723 0.00144 6.537e-06 -0.02182 -0.002213 -0.003132
1305031471.059636 0.008117 0.0005774 0.001758 -0.02467 -0.007524 -0.008281
1305031471.095777 0.008633 -9.818e-05 0.002281 -0.02175 -0.004063 -0.01361
1305031471.127663 0.006646 0.002715 0.001065 -0.01487 0.001084 -0.01222
1305031471.159649 0.005991 -0.001341 0.001274 -0.01841 -0.001668 -0.01103
1305031471.195703 0.006525 0.0002126 0.001016 -0.008014 -0.006404 -0.01202
1305031471.227569 0.008316 0.00207 0.0002564 -0.0006998 -0.008305 -0.01087
1305031471.259722 0.006234 0.004399 -0.0008652 0.003104 -0.003349 -0.007231
1305031471.296068 0.004569 0.003999 -0.0006965 -0.001463 -0.003148 -0.00917
1305031471.327642 0.003229 0.0008247 0.002631 -0.008356 -0.007447 -0.005836
1305031471.359615 0.004885 -0.0008523 0.002011 -0.002636 -0.01678 -0.005914
1305031471.395730 0.007259 0.007979 -0.0004826 0.005776 -0.01665 -0.01163
1305031471.427704 0.008587 0.001269 0.003157 -0.008986 -0.008901 -0.01473
1305031471.459647 0.005379 -0.0005045 0.002555 -0.003877 0.0001832 -0.01043
1305031471.496491 0.004104 0.001476 0.001038 0.001801 -0.0001875 -0.008838
1305031471.527624 0.004745 0.001527 0.002047 0.0003864 -0.001424 -0.009464
1305031471.559671 0.00221 -0.00106 0.002222 -0.001411 -0.001875 -0.004363
1305031471.595702 0.00304 0.0008837 0.002372 0.0009733 -0.008812 -0.005116
1305031471.627621 0.003098 0.0006211 0.002659 -8.456e-05 -0.009643 -0.004139
1305031471.659642 0.003214 0.001016 0.002557 -0.002161 -0.01078 -0.006992
1305031471.695609 0.004483 -0.001648 0.003834 -0.005322 -0.0105 -0.01041
1305031471.727501 0.002367 -0.002292 0.002682 0.0002852 -0.007037 -0.009644
1305031471.759702 -0.0006917 0.0009242 0.000445 0.003368 -0.00571 -0.01319
1305031471.795801 0.002292 -0.003349 0.003083 -0.004199 -0.01354 -0.01693
1305031471.827639 0.005046 -0.004296 0.001625 0.004427 -0.01222 -0.01472
1305031471.859665 0.00162 -0.0002517 -0.0008727 0.008604 -0.004898 -0.01336
1305031471.895604 0.002651 -0.004733 0.0007425 0.003604 -0.007627 -0.01483
1305031471.927651 0.0008547 -0.002346 -0.001772 0.01115 -0.007143 -0.008743
1305031471.959643 0.001981 0.003708 -0.002126 0.008708 -0.01311 -0.004213
1305031471.995573 0.006143 -0.009669 0.002871 -0.008049 -0.01885 -0.00937
1305031472.027638 0.005227 -0.002086 -0.001941 0.01588 -0.01211 -0.007132
1305031472.059668 0.004461 0.003246 -0.002467 0.01007 -0.009621 -0.006227
1305031472.095601 0.005783 -0.005546 0.001137 -0.004684 -0.01167 -0.01231
1305031472.127594 0.006523 -0.004592 -0.001742 0.008453 -0.007133 -0.00727
1305031472.159645 0.003898 0.006445 -0.003459 0.01426 -0.001324 -0.00395
1305031472.195682 0.00382 0.0003541 0.0002922 -0.006875 -0.002061 -0.009864
1305031472.227626 0.002184 -0.003301 0.0006664 -0.007813 -0.0006827 -0.005723
1305031472.263840 0.001848 0.005905 -0.0003843 0.001924 -0.00267 -0.001744
1305031472.295671 0.001798 0.0008425 0.001707 -0.0137 -0.004038 -0.005072
1305031472.327678 0.002428 -0.004718 0.002432 -0.01599 -0.003524 -0.003764
1305031472.363577 0.00216 -0.001812 0.000971 -0.003008 -0.0008227 -0.002346
1305031472.395599 0.002321 0.004537 -0.0004276 0.004093 0.002433 -0.002854
1305031472.427686 -0.0004484 0.003057 0.000258 -0.002686 0.007596 -0.0005421
1305031472.463603 -0.002347 0.00183 0.001003 -0.003614 0.004866 0.002203
1305031472.495626 -0.001485 0.001352 0.001021 -0.0001763 -0.002366 0.001351
1305031472.527625 0.001139 0.006931 -0.0008047 0.004292 -0.005701 -0.002283
1305031472.563587 -3.777e-05 0.004771 0.001076 -0.008264 0.0008859 -0.00359
1305031472.595675 -0.002824 -0.003353 0.002153 -0.01479 0.005352 -0.00457
1305031472.627701 -0.002251 0.003134 -0.0001131 0.0009924 0.003228 -0.003575
1305031472.663575 -0.002 0.005084 -0.0006291 0.001311 0.002074 -0.002846
1305031472.695755 -0.001645 0.00383 -0.0001316 -0.002607 0.002031 -0.002573
1305031472.727628 -0.002188 0.003858 -8.163e-05 -0.003719 0.002544 0.0004722
1305031472.763578 -0.002644 0.0022 3.516e-05 -0.004297 0.001014 0.002909
1305031472.795640 -0.0008772 0.003876 -0.0009489 -0.002261 -0.002744 0.003123
1305031472.827627 -0.0001507 0.002275 -0.0005961 -0.005233 -0.002533 0.0002531
1305031472.863598 0.0006083 0.001115 -0.0003848 -0.004548 -0.0007622 -0.00219
1305031472.895713 -0.0003593 0.000603 -0.000642 -0.0008687 0.00323 -0.004208
1305031472.927685 -0.002169 0.002835 -0.001605 0.002401 0.004193 -0.003262
1305031472.963756 -0.000531 0.0002914 -0.0004519 -0.00158 -3.267e-05 -0.002373
1305031472.995704 0.001133 0.0007251 -0.001102 0.001792 0.0003832 -0.002026
1305031473.027638 -0.0005962 0.0005939 -0.000708 0.001281 0.003522 0.0001529
1305031473.063684 -0.001253 0.001798 -0.001154 0.002667 0.002013 0.002421
1305031473.095695 -0.0007684 0.0006902 -0.0001102 -0.000962 -0.00145 0.00405
1305031473.127744 0.001348 0.001016 -0.0007206 0.000787 -0.003861 0.002596
1305031473.167060 0.001457 0.001618 -8.522e-05 -0.0006614 -0.0003456 0.0005569
1305031473.196069 -0.001024 0.000708 0.0005281 -0.002031 0.002467 0.0004319
