1305031910.797230 0.01026 0.001849 6.204e-05 -0.008072 0.00602 0.01616
1305031910.835210 0.006098 0.004212 -0.00536 -0.0008811 0.01278 0.01189
1305031910.865030 0.008195 0.00306 -0.004113 -0.002853 0.01364 0.01542
1305031910.897220 0.003467 0.004055 -0.007556 0.0005451 0.0206 0.01719
1305031910.935210 -0.0005538 0.007431 -0.0104 -0.004263 0.01427 0.01214
1305031910.965250 0.01534 0.002642 -0.002259 -0.01241 0.004521 0.008725
1305031910.997330 0.01211 -0.004877 -0.0007281 -0.005742 0.01747 0.01819
1305031911.035050 0.009137 0.007893 -0.009355 0.007035 0.02249 0.01737
1305031911.065270 0.01573 0.00125 -0.004181 -0.002097 0.03026 0.02003
1305031911.097200 -0.002219 0.004395 -0.00788 0.003089 0.04506 0.02223
1305031911.135660 0.001702 0.005445 -0.007456 -0.005364 0.03031 0.02224
1305031911.165180 0.009154 0.002747 -0.001232 -0.009132 0.02381 0.01511
1305031911.197210 0.00322 -0.0002351 -0.003455 -0.006721 0.02622 0.01367
1305031911.235650 0.005721 0.00529 -0.005776 -0.003779 0.02304 0.01407
1305031911.265100 0.002916 -0.0008865 -0.002517 -0.005823 0.02519 0.01787
1305031911.297330 0.004705 0.005192 -0.00787 0.000172 0.01892 0.01381
1305031911.333190 0.003339 0.003721 -0.005783 -0.005124 0.02079 0.0126
1305031911.365240 -0.002141 0.003079 -0.007119 -0.005834 0.01765 0.01255
1305031911.397330 0.005667 0.004719 -0.005975 -0.007715 0.008281 0.009756
1305031911.433260 0.008603 -0.0006186 -0.004212 -0.01136 0.01088 0.006295
1305031911.465250 0.006605 0.001634 -0.006901 -0.006497 0.01531 0.0006353
1305031911.497290 0.005091 0.001647 -0.006623 -0.008488 0.02321 0.000901
1305031911.533250 -0.0005961 0.000895 -0.005803 -0.008037 0.02559 0.001652
1305031911.565340 0.002662 0.002642 -0.009614 -0.008796 0.01929 -0.001516
1305031911.597300 0.003324 0.0003938 -0.004599 -0.01533 0.02582 0.006628
1305031911.633340 -0.006655 -0.008265 -0.004237 -0.01307 0.02931 0.01397
1305031911.665120 0.002474 -0.0009606 -0.006582 -0.004321 0.01958 0.01632
1305031911.697170 0.001099 -0.002015 -0.005969 -0.002338 0.02105 0.01606
1305031911.733200 -0.0005404 -0.00391 -0.006329 -0.001104 0.01936 0.01779
1305031911.765280 0.001483 -0.003578 -0.00641 0.001942 0.01583 0.01735
1305031911.797300 0.001184 -0.002954 -0.005764 0.003377 0.01273 0.01405
1305031911.833340 0.00829 -0.0008809 -0.004792 0.00815 0.01109 0.01276
1305031911.865270 0.003913 -0.002952 -0.005173 0.007187 0.01977 0.009022
1305031911.897160 0.00238 0.0009 -0.005559 0.01019 0.02188 0.006082
1305031911.933060 0.003505 -0.0009919 -0.00425 0.009564 0.02711 0.007718
1305031911.965140 0.003153 -0.0007452 -0.004916 0.01003 0.03519 0.008323
1305031911.997250 0.002158 -0.003451 -0.001742 0.009577 0.03947 0.007287
1305031912.033130 -0.003423 0.00129 -0.003526 0.01539 0.03501 0.00143
1305031912.065370 -0.006303 0.003057 -0.002538 0.01116 0.02892 -8.772e-05
1305031912.096950 -0.006142 0.001069 -0.0008385 0.009259 0.02049 0.009104
1305031912.133280 -0.005344 0.006472 -0.003087 0.009124 0.01627 0.01718
1305031912.165140 -0.002199 -0.0007532 0.0009411 -0.001785 0.01303 0.02668
1305031912.197360 -0.001858 0.0007904 0.0003328 0.003095 0.008574 0.02803
1305031912.233270 -0.00149 0.0008775 0.001074 0.0002952 0.004776 0.02536
1305031912.265090 -0.004365 0.005622 -0.001025 -0.0004477 0.004878 0.02021
1305031912.297250 -0.004535 0.004953 -1.226e-06 -0.01737 0.003948 0.01679
1305031912.333270 0.003575 -0.01121 0.004939 -0.02892 0.0009412 0.01368
1305031912.365250 -0.000516 -0.001933 0.002103 -0.01309 0.004308 0.005971
1305031912.397200 0.005319 -0.004343 0.003587 -0.01334 0.008634 0.009611
1305031912.433290 -0.002131 -0.003791 0.003067 -0.003691 0.01762 0.0162
1305031912.465140 -0.001442 -0.0006631 0.002237 -0.001356 0.01754 0.01461
1305031912.497120 -0.0009558 -0.008026 0.004065 0.0009432 0.01516 0.01353
1305031912.533110 -0.003766 0.002863 -0.0005646 0.009818 0.01313 0.004095
1305031912.565150 -0.001769 -0.001175 0.001756 0.003804 0.01523 0.0003487
1305031912.597090 -0.006635 0.0005066 0.001134 0.006078 0.01609 -0.002977
1305031912.633130 -0.004847 -0.0002673 0.000321 0.002762 0.01198 0.001755
1305031912.665220 -0.0005169 -0.0005785 0.00139 0.00499 0.01268 0.007902
1305031912.697180 -0.001374 0.001135 -0.0009322 0.00564 0.01858 0.01015
1305031912.733130 -0.001665 -0.001943 0.0004125 0.003988 0.0211 0.01457
1305031912.765190 -0.00655 -0.001502 -0.0006597 0.002691 0.0152 0.01262
1305031912.797150 -0.001289 -0.004841 0.001066 0.0009848 0.001999 0.007363
1305031912.833080 -0.004902 -0.001698 -0.001951 0.004116 -0.001809 0.004072
1305031912.865150 -0.003916 0.001566 -0.002004 0.003488 -0.005641 0.003418
1305031912.897200 -0.001997 -0.001942 0.0001366 -0.002064 -0.0105 0.0007768
1305031912.933120 -0.002007 0.001334 0.001652 0.0006099 -0.01292 -0.004388
1305031912.965030 -0.005708 0.003935 -0.002372 -0.003051 -0.005754 0.004677
1305031912.997050 0.0002516 -0.003593 0.004405 -0.01068 -0.01345 0.005775
1305031913.033130 0.00235 0.001373 0.004932 -0.004825 -0.01147 -0.003427
1305031913.065210 -0.00228 -0.001586 0.001417 -0.007507 -0.006699 -0.00801
1305031913.097040 -0.002339 -0.004446 0.001533 -0.008929 -0.01354 -0.016
1305031913.133150 -0.004375 -0.003216 1.872e-05 -0.006675 -0.0208 -0.01884
1305031913.165210 -0.0001197 -0.002481 0.0004722 -0.007032 -0.03011 -0.02559
1305031913.197110 -0.002802 -0.002398 0.0007176 -0.005496 -0.02766 -0.02698
1305031913.233130 -0.00226 -0.0003187 0.0004959 -0.004831 -0.02864 -0.03091
1305031913.265020 -0.003255 -0.004508 0.0005098 -0.008176 -0.03055 -0.03496
1305031913.297160 -0.00801 -0.004806 -0.0001921 -0.007537 -0.03126 -0.03204
1305031913.333120 -0.001778 -0.003287 0.002476 -0.005776 -0.0363 -0.02904
1305031913.365070 -0.005739 -0.002756 0.0007617 -0.004323 -0.02953 -0.02201
1305031913.397100 -0.004217 -0.004566 0.002079 -0.005866 -0.03293 -0.01915
1305031913.433080 -0.006057 -0.001435 0.0007376 -0.005384 -0.03892 -0.02049
1305031913.465230 -0.005469 -0.007901 0.006366 -0.009741 -0.05062 -0.02469
1305031913.497230 -0.002897 -0.006165 0.001609 -0.003413 -0.06151 -0.0346
1305031913.533300 -0.002042 -0.007485 0.005278 -0.003658 -0.05673 -0.03104
1305031913.565260 -0.00409 -0.0004096 0.001891 0.00202 -0.05186 -0.0255
1305031913.597140 -0.001425 -0.0009718 0.004138 -0.005378 -0.05198 -0.02418
1305031913.633290 -0.001306 -0.00747 0.01591 -0.005237 -0.0514 -0.02149
1305031913.665420 0.002772 -0.004171 0.009393 0.006727 -0.05557 -0.03019
1305031913.697240 -0.006067 -0.002544 0.00717 0.009842 -0.0471 -0.03536
1305031913.733100 -0.005386 -0.003832 0.01012 0.01106 -0.04794 -0.02755
1305031913.765030 -0.002491 -0.001798 0.009126 0.01533 -0.04787 -0.02717
1305031913.797110 -0.001909 -0.00334 0.008928 0.01577 -0.04212 -0.02934
1305031913.833140 -0.007554 0.001938 0.005145 0.0169 -0.03593 -0.02938
1305031913.865060 -0.006076 -0.002013 0.008171 0.006611 -0.03766 -0.03133
1305031913.897120 -0.004704 -0.003983 0.008782 0.007232 -0.03815 -0.0336
1305031913.933120 -0.008201 0.001087 0.006725 0.006493 -0.02955 -0.03068
1305031913.965130 -0.008728 -0.0046 0.01028 -0.003142 -0.02637 -0.02093
1305031913.997120 -0.008332 -0.004223 0.008524 0.003126 -0.02994 -0.02815
1305031914.033440 -0.01319 0.0001511 0.006163 -0.0001038 -0.02462 -0.03237
1305031914.065070 -0.01026 -0.007305 0.0129 -0.004975 -0.02852 -0.02393
1305031914.097130 -0.01301 -0.001535 0.006891 0.002832 -0.02633 -0.01929
1305031914.133250 -0.01247 -0.002138 0.006504 -0.0005742 -0.0251 -0.02072
1305031914.165010 -0.0155 -0.002099 0.007066 -0.003635 -0.02243 -0.01917
1305031914.197110 -0.01572 -0.002866 0.007182 -0.004945 -0.02252 -0.01244
1305031914.233110 -0.02102 0.002354 -0.0001882 -0.00782 -0.02296 -0.0146
1305031914.265070 -0.01715 -0.001557 0.008705 -0.02032 -0.02884 -0.006335
1305031914.297170 -0.01298 -0.00637 0.01181 -0.01726 -0.02635 0.0006618
1305031914.333150 -0.01075 -0.009694 0.01119 -0.003915 -0.02169 0.003597
1305031914.365060 -0.01141 -0.004989 0.005984 0.01028 -0.01115 0.005083
1305031914.397210 -0.01853 -0.001028 0.004044 0.01463 0.000877 0.002239
1305031914.433060 -0.02229 -0.001255 0.004634 0.01067 0.001652 0.002557
1305031914.465050 -0.02058 -0.002183 0.004888 0.008361 -0.001038 0.003519
1305031914.497130 -0.02412 -0.003535 0.006253 0.00623 -0.002895 0.008445
1305031914.533110 -0.01728 -0.002502 0.006863 0.008486 -0.009285 0.009647
1305031914.565000 -0.01912 -0.001702 0.006941 0.005497 -0.002901 0.007416
1305031914.597120 -0.02093 -0.006164 0.007741 0.005207 -0.004152 0.01004
1305031914.633060 -0.01885 -0.004723 0.004805 0.01116 -0.008737 0.01148
1305031914.665020 -0.01926 -0.002164 0.003003 0.01256 -0.01108 0.004575
1305031914.697130 -0.01676 0.002342 0.003418 0.01045 -0.01305 0.002592
1305031914.733080 -0.01772 -0.002541 0.005267 0.0004458 -0.009175 0.007352
1305031914.764900 -0.01543 -0.008902 0.004345 0.003258 -0.01005 0.003526
1305031914.797120 -0.01215 0.0004609 0.00233 0.0127 -0.0045 0.0007358
1305031914.833130 -0.01534 0.002999 0.002219 0.007835 0.002574 0.003684
1305031914.865130 -0.01525 -0.001336 0.003414 0.001007 0.006215 0.008021
1305031914.897190 -0.01769 -0.0001953 0.002245 0.002057 0.009954 0.003863
1305031914.933100 -0.01341 0.005007 0.003805 -0.001061 0.009865 0.002673
1305031914.964980 -0.02443 -0.006618 0.003202 -0.01185 0.01911 0.009015
1305031914.997080 -0.02214 -0.006437 0.003004 -0.005014 0.009704 0.003374
1305031915.033150 -0.01519 0.002043 0.002837 0.001753 0.005533 0.0004283
1305031915.065010 -0.02263 -0.003795 0.002811 -0.004179 0.01062 0.002092
1305031915.097020 -0.01798 0.00245 0.003064 0.0003142 0.005013 0.007895
1305031915.133210 -0.02074 0.001568 0.002972 -0.005976 0.007299 0.01583
1305031915.165020 -0.01832 0.000927 0.003223 -0.01002 0.003369 0.02037
1305031915.197110 -0.01623 -0.001249 0.0032 -0.01557 0.006717 0.02259
1305031915.233110 -0.02087 -0.01176 0.002681 -0.0168 0.01122 0.01951
1305031915.264980 -0.01595 -0.0005474 0.001558 -0.002009 0.008888 0.01618
1305031915.297150 -0.01401 -0.00197 0.001289 -0.003984 0.01521 0.01303
1305031915.333210 -0.0193 -0.0009515 0.001838 -0.001341 0.0246 0.0125
1305031915.365050 -0.02046 0.0006282 0.001959 -0.0007472 0.02499 0.01469
1305031915.397170 -0.0194 -0.001264 0.002393 -0.0004595 0.02309 0.01532
1305031915.432960 -0.02023 0.005241 0.001335 0.002184 0.02429 0.01939
1305031915.464920 -0.01771 -0.002124 0.004097 -0.00548 0.02333 0.03174
1305031915.497120 -0.01579 -0.003205 0.005018 0.001273 0.02593 0.03096
1305031915.533060 -0.0205 0.003299 0.002573 0.007515 0.02787 0.02122
1305031915.564990 -0.02611 0.0004543 0.004699 -0.001624 0.02379 0.02438
1305031915.601160 -0.0259 -0.001535 0.004774 -0.0009676 0.01163 0.02757
1305031915.633060 -0.02003 0.0008544 0.003854 0.001505 -0.0006098 0.01833
1305031915.665000 -0.01484 0.003867 0.002356 -0.00106 -0.003654 0.01165
1305031915.701110 -0.01107 -0.004193 0.003269 -0.008822 0.0003969 0.01092
1305031915.733050 -0.007208 -0.004782 0.0005517 -0.003647 0.01044 0.006949
1305031915.765010 -0.01312 -0.005024 0.001191 0.003438 0.03045 0.008399
1305031915.801240 -0.01674 0.004485 -0.002345 0.007756 0.03451 0.01048
1305031915.833050 -0.01889 -0.002982 0.00304 -0.005915 0.0344 0.01756
1305031915.865070 -0.01891 -0.008102 0.001905 0.0001157 0.03216 0.02058
1305031915.901230 -0.01757 -0.001982 0.001684 0.005369 0.02834 0.01949
1305031915.933060 -0.0209 -0.004429 0.001331 0.006934 0.02611 0.01797
1305031915.965060 -0.02039 0.004506 0.0008182 0.006016 0.01858 0.01148
1305031916.001230 -0.01857 -0.009589 0.003299 -0.004393 0.01325 0.01626
1305031916.033040 -0.0194 0.003389 -0.0003108 0.01047 0.01258 0.019
1305031916.065060 -0.02064 0.02115 0.001039 -0.002092 0.01178 0.0197
1305031916.101120 -0.01114 0.005662 0.007354 -0.03517 0.008998 0.0182
1305031916.133090 -0.01173 0.003241 0.006605 -0.04498 0.01925 0.01397
1305031916.165160 -0.008287 -0.01693 0.01088 -0.05677 0.02271 0.01412
1305031916.201030 -0.01445 -0.01369 0.01077 -0.0304 0.03562 0.01135
1305031916.233050 -0.02669 0.006296 0.006244 -0.01717 0.03686 0.009162
1305031916.265060 -0.02088 -0.001875 0.009033 -0.03066 0.02234 0.01935
1305031916.301080 -0.01711 -0.002198 0.009297 -0.02732 0.01547 0.02076
1305031916.333430 -0.02098 0.006875 0.007319 -0.02747 0.0108 0.01874
1305031916.365120 -0.02119 -0.001764 0.008838 -0.03761 0.002313 0.02569
1305031916.401010 -0.01237 0.001348 0.01285 -0.03166 -0.009602 0.01899
1305031916.433170 -0.006347 0.005074 0.009249 -0.02906 -0.009965 0.003254
1305031916.465120 -0.005989 0.002344 0.007181 -0.03054 -0.003013 -0.002246
1305031916.501030 -0.002189 0.004081 0.006659 -0.02608 0.005198 -0.005006
1305031916.533270 -0.007886 0.007332 0.004934 -0.0298 0.01815 -0.003288
1305031916.565140 -0.009915 -0.002535 0.007988 -0.03429 0.0226 -0.0004772
1305031916.601240 -0.01166 -0.00153 0.004541 -0.02043 0.02577 -7.712e-05
1305031916.633160 -0.01808 0.006913 0.002115 -0.01885 0.02724 -0.001028
1305031916.665140 -0.02106 0.0003195 0.002102 -0.02103 0.02169 0.003873
1305031916.701050 -0.01605 0.002137 -0.000344 -0.0212 0.01464 0.00621
1305031916.733060 -0.01136 0.001072 -0.0002729 -0.01981 0.01498 0.003604
1305031916.765080 -0.01936 0.003102 -0.003758 -0.01972 0.01764 -0.003586
1305031916.801090 -0.01646 -0.0006345 -0.0007789 -0.02418 0.01493 -0.007093
1305031916.833270 -0.01802 -0.0008024 -0.002442 -0.0218 0.01582 -0.002768
1305031916.865080 -0.0134 0.00328 -0.002062 -0.0178 0.01477 -0.002714
1305031916.901020 -0.005822 0.01055 -0.001727 -0.02013 0.01472 -0.005889
1305031916.933090 -0.01745 -0.002471 -0.00204 -0.02419 0.01732 -0.003153
1305031916.965050 -0.01506 -0.003515 -0.00195 -0.02154 0.01348 -0.0009296
1305031917.001130 -0.01317 0.0112 -0.00455 -0.0191 0.0127 -0.005119
1305031917.033160 -0.01533 0.01358 -0.00471 -0.03004 0.01251 -0.002139
1305031917.065140 -0.0141 0.002316 0.000955 -0.03544 0.01087 0.005935
1305031917.101130 -0.01179 0.006915 -0.0003647 -0.03147 0.009576 0.01331
1305031917.133110 -0.01237 -0.008287 -0.0008993 -0.04009 0.005868 0.01413
1305031917.165050 -0.01229 0.004488 2.776e-05 -0.03942 0.003327 0.007291
1305031917.201180 -0.01132 -0.01955 0.004503 -0.03885 0.001945 0.006245
1305031917.233100 -0.0107 0.003509 -0.0009433 -0.02789 -0.001145 -0.0009828
1305031917.265160 -0.01268 0.02342 -0.005588 -0.02002 0.003469 -0.003624
1305031917.301110 -0.01175 -0.01188 0.007391 -0.02163 0.006746 -0.001567
1305031917.333230 -0.009672 -0.01664 0.008186 -0.01291 0.006977 -0.004325
1305031917.365140 -0.009843 0.004129 0.0009948 0.0004226 0.009321 -0.003077
1305031917.401070 -0.009433 0.003416 0.001226 0.008839 0.00854 -0.001881
1305031917.433140 -0.01045 -0.01547 0.003555 0.01057 0.004543 -0.001674
1305031917.465080 -0.01049 0.004707 0.0006203 0.02776 0.0003663 -0.005587
1305031917.501160 -0.01261 -0.007352 -0.001471 0.03377 0.001868 -0.005913
1305031917.533060 -0.009518 0.003345 -0.0001321 0.03608 0.003367 -0.001953
1305031917.565200 -0.01282 -0.009113 -0.0006182 0.03168 0.007667 0.004817
1305031917.601070 -0.01214 -0.009561 0.0002112 0.03174 0.008217 0.002101
1305031917.633090 -0.01405 -0.00755 -0.0008247 0.02824 0.009852 -0.0006507
1305031917.665060 -0.01209 -0.003886 0.001202 0.02735 0.01033 -0.002025
1305031917.701100 -0.01279 -0.005631 0.001619 0.02679 0.01079 -0.008289
1305031917.733000 -0.01478 -0.009216 0.002963 0.02521 0.01318 -0.009471
1305031917.765110 -0.0121 -0.01539 0.004345 0.02867 0.01348 -0.006347
1305031917.801050 -0.01276 -0.009168 0.002361 0.03806 0.01201 -0.01081
1305031917.833090 -0.01436 -0.007927 0.001786 0.03775 0.01312 -0.009673
1305031917.865110 -0.01713 -0.008828 0.004329 0.03984 0.01409 -0.002843
1305031917.901060 -0.01453 -0.008375 0.004136 0.03879 0.008133 0.001795
1305031917.932950 -0.007857 -0.01224 0.006623 0.03991 0.00459 -0.00295
1305031917.965350 -0.02006 0.007291 -0.00174 0.04792 0.009567 -0.004624
1305031918.001100 -0.01241 -0.002922 0.003649 0.03605 0.005199 0.0007169
1305031918.033140 -0.006918 -0.01506 0.005387 0.0339 0.005088 0.006273
1305031918.065140 -0.01827 0.01083 -0.001448 0.0447 0.01395 0.006999
1305031918.101060 -0.01435 -0.001447 0.001732 0.02493 0.01534 0.008208
1305031918.133050 -0.01288 -0.01126 0.004821 0.0237 0.01441 0.01588
1305031918.165020 -0.02131 -0.0001936 0.001511 0.02821 0.01074 0.007647
1305031918.201090 -0.01399 -0.007708 0.003459 0.01984 0.001479 0.005234
1305031918.233040 -0.01513 -0.008992 0.002853 0.02471 0.001877 0.007881
1305031918.265260 -0.01743 -0.006028 0.001657 0.02804 0.0005607 0.009616
1305031918.301120 -0.01542 -0.008969 0.001271 0.02917 -0.001484 0.01209
1305031918.333170 -0.01923 -0.003614 -0.001027 0.03513 -0.001176 0.01342
1305031918.365070 -0.02114 -0.002447 -0.0009248 0.02758 -0.002674 0.0101
1305031918.401030 -0.01718 -0.01312 -0.0001561 0.02381 -0.008584 0.008545
1305031918.433040 -0.01974 -0.004489 -0.002876 0.03612 -0.006107 0.006966
1305031918.465090 -0.02351 -0.0005974 -0.003984 0.02993 -0.006289 0.004409
1305031918.501130 -0.02236 -0.001454 -0.002534 0.02111 -0.01234 0.005049
1305031918.533130 -0.01776 -0.004973 -0.0008411 0.01514 -0.0135 0.004535
1305031918.565020 -0.02142 -0.00628 -0.003426 0.01752 -0.006004 0.0008385
1305031918.601030 -0.02298 0.003252 -0.00362 0.0183 -0.004662 0.0002312
1305031918.633030 -0.01951 -0.004157 -0.0001392 0.009861 -0.003336 0.005732
1305031918.665110 -0.0197 -0.0006961 -0.001605 0.01373 0.001713 0.00855
1305031918.701020 -0.01961 -0.0001125 -0.001134 0.01146 0.005997 0.005102
1305031918.765150 -0.05411 0.00387 0.0003695 0.01408 0.01505 0.02727
1305031918.801100 -0.02141 0.0001489 0.000406 -0.0005988 -0.005876 0.03012
1305031918.833120 -0.01533 -0.001477 0.0003738 -0.002547 -0.007245 0.02676
1305031918.865120 -0.01658 0.0002361 -0.0002326 -0.003358 0.0005653 0.02863
1305031918.901080 -0.01384 -0.002406 -0.0007709 -0.008667 0.004365 0.03167
1305031918.933070 -0.01491 -0.003209 -0.0007318 -0.009412 0.01366 0.0301
1305031918.965060 -0.0186 -0.002916 7.115e-05 -0.007856 0.01842 0.03199
1305031919.001050 -0.01444 -0.001001 -0.00247 -0.007483 0.01539 0.03099
1305031919.033080 -0.01423 -0.009481 0.000514 -0.0135 0.02038 0.02295
1305031919.065150 -0.01718 -0.004433 -0.002812 -0.00133 0.02476 0.02294
1305031919.101030 -0.01926 -0.002917 -0.001411 -0.002539 0.02448 0.02442
1305031919.133130 -0.01774 -0.006359 -0.001313 -0.004149 0.02001 0.02247
1305031919.165110 -0.01477 -0.006177 -0.00218 -0.003027 0.01768 0.01868
1305031919.201120 -0.01353 -0.007642 -0.00181 -0.002983 0.02067 0.01983
1305031919.233090 -0.01356 -0.002753 -0.002203 -0.001652 0.02662 0.02733
1305031919.265130 -0.01734 -0.008446 0.00239 -0.009227 0.03087 0.03293
1305031919.301120 -0.01381 -0.00443 0.001079 -0.007208 0.02631 0.02963
1305031919.333120 -0.01453 -0.01352 0.00743 -0.01753 0.02832 0.01625
1305031919.364950 -0.01829 -0.01172 0.006582 -0.005674 0.03087 0.01775
1305031919.401120 -0.01394 -0.007473 0.006469 -0.003045 0.02482 0.01611
1305031919.433260 -0.01572 -0.01124 0.009067 -0.005368 0.02791 0.0142
1305031919.465070 -0.01863 -0.01027 0.01076 -0.001686 0.02574 0.01748
1305031919.501050 -0.01887 -0.008433 0.01064 0.0008174 0.01847 0.01331
1305031919.533110 -0.02012 -0.003084 0.009318 -0.0001901 0.01032 0.008663
1305031919.565170 -0.009741 -0.0067 0.01292 -0.009874 -0.0003728 0.007906
1305031919.601090 -0.01239 -0.00357 0.009053 -0.005236 0.006878 0.005918
1305031919.633130 -0.01507 0.001953 0.009633 -0.01122 0.0118 0.005629
1305031919.665040 -0.019 -0.008548 0.0126 -0.0225 0.01349 0.005422
1305031919.701090 -0.0247 -0.002015 0.007091 -0.01409 0.0097 0.002064
1305031919.733120 -0.01353 0.0003062 0.009111 -0.01853 -0.00463 0.00227
1305031919.765060 -0.005614 -0.004407 0.007421 -0.01909 -0.00111 -0.003734
1305031919.801130 -0.008417 0.002137 0.002681 -0.01572 0.0139 -0.006612
1305031919.833070 -0.008932 -0.005826 0.004706 -0.01976 0.02522 -0.00573
1305031919.865180 -0.01944 -0.0002462 0.0005759 -0.005447 0.03881 -0.008501
1305031919.901070 -0.02633 0.009547 -0.0004892 -0.005631 0.03358 -0.006786
1305031919.933100 -0.01444 0.0007011 0.0006782 -0.0151 0.01766 -0.007239
1305031919.965130 -0.01939 0.002722 -0.002454 -0.01135 0.02056 -0.01076
1305031920.001050 -0.01207 0.005639 -0.001548 -0.01406 0.01349 -0.009762
1305031920.033120 -0.007139 -0.003213 -0.001778 -0.01557 0.02097 -0.006264
1305031920.065140 -0.01965 0.005462 -0.006917 -0.006904 0.03343 -0.006763
1305031920.101060 -0.01767 0.0008131 -0.003585 -0.01529 0.02674 -0.0002894
1305031920.132990 -0.01793 -0.002264 -0.005204 -0.009543 0.0216 0.002915
1305031920.165140 -0.02155 -0.0003157 -0.004988 -0.006683 0.0157 0.003622
1305031920.201170 -0.02253 -0.001718 -0.006668 -0.001682 0.002597 0.003785
1305031920.233080 -0.01802 0.005245 -0.009993 -0.001259 -0.01247 -0.003768
1305031920.265120 -0.01449 0.001464 -0.005796 -0.008416 -0.01996 -0.002535
1305031920.301100 -0.0146 0.004833 -0.008841 -0.005218 -0.02606 -0.008508
1305031920.333120 -0.01029 0.003912 -0.007339 -0.01187 -0.03221 -0.01567
1305031920.365130 -0.00959 0.0001358 -0.007048 -0.009171 -0.03368 -0.01545
1305031920.401120 -0.01015 0.008235 -0.009894 -0.005275 -0.03488 -0.01751
1305031920.433120 -0.006831 0.003686 -0.006694 -0.0124 -0.03448 -0.0128
1305031920.465150 -0.006868 0.007435 -0.006966 -0.008809 -0.02871 -0.01081
1305031920.501110 -0.006055 0.006911 -0.006214 -0.01264 -0.02644 -0.00741
1305031920.533110 -0.001889 0.004577 -0.005215 -0.0138 -0.02349 -0.00551
1305031920.565150 -0.004119 0.007541 -0.005293 -0.009659 -0.01323 -0.003496
1305031920.633110 -0.02018 0.01444 -0.01199 -0.02606 -0.02523 -0.01715
1305031920.665130 -0.01507 0.00409 -0.004234 -0.009418 -0.02517 -0.01436
1305031920.701150 -0.0101 0.008242 -0.007932 -0.007618 -0.0404 -0.01767
1305031920.733090 -0.007015 0.005837 -0.004416 -0.01499 -0.04257 -0.01347
1305031920.765150 -0.00589 0.003993 -0.003813 -0.01244 -0.04244 -0.01333
1305031920.801030 -0.0009207 0.005867 -0.004657 -0.01258 -0.04315 -0.01344
1305031920.833130 -0.003555 0.004052 -0.004007 -0.0123 -0.03126 -0.008663
1305031920.865160 -0.006498 0.006846 -0.00362 -0.009965 -0.02862 -0.00809
1305031920.901040 -0.006667 0.005952 -0.003406 -0.01098 -0.02928 -0.01493
1305031920.933080 -0.008589 0.002685 -0.002789 -0.007022 -0.03025 -0.01838
1305031920.965220 -0.008125 0.008189 -0.005419 -0.001121 -0.03143 -0.01398
1305031921.001110 -0.006873 0.00885 -0.006872 -0.001297 -0.03167 -0.01166
1305031921.033110 -0.006882 0.003958 -0.005293 -0.004098 -0.02919 -0.00478
1305031921.065150 -0.003265 0.005636 -0.003604 0.002796 -0.02873 -0.002529
1305031921.101110 -0.003567 0.004437 -0.003651 0.00457 -0.02627 -0.007735
1305031921.133160 -0.008201 0.004891 -0.005379 0.01006 -0.02209 -0.003368
1305031921.165120 -0.008111 0.006876 -0.007665 0.01361 -0.02541 -8.119e-05
1305031921.201160 -0.008831 0.01336 -0.01057 0.009781 -0.025 0.003747
1305031921.233190 -0.006219 0.009425 -0.00626 0.0007411 -0.02492 0.001992
1305031921.265160 -0.000769 0.006561 -0.005289 -0.003377 -0.02416 0.0004402
1305031921.301190 -0.002241 0.003495 -0.001889 -0.003383 -0.01716 -0.002421
1305031921.333160 -0.004153 0.006233 -0.00446 0.0003407 -0.01454 -0.008589
1305031921.365110 -0.005518 0.005515 -0.004754 3.139e-05 -0.01113 -0.009783
1305031921.401110 -0.01161 0.0069 -0.004418 0.0003563 -0.01088 -0.007795
1305031921.433140 -0.00433 0.004967 -0.002807 -0.0007067 -0.01828 -0.009986
1305031921.465010 -0.005642 0.005268 -0.002841 0.00106 -0.01748 -0.01568
1305031921.501100 -0.01141 0.005716 -0.004785 0.0007553 -0.01861 -0.01522
1305031921.533100 -0.01069 0.006526 -0.005561 0.001299 -0.02356 -0.009697
1305031921.565120 -0.007992 0.01117 -0.01021 -0.003616 -0.02929 -0.01058
1305031921.601110 -0.001841 -0.005207 0.003286 -0.01278 -0.0317 -0.00666
1305031921.633110 -0.006907 0.001236 -0.002411 0.005255 -0.03037 -0.01114
1305031921.701070 -0.01972 0.007473 -0.01731 0.006137 -0.07697 -0.02796
1305031921.733070 -0.005194 -0.001273 -0.004573 0.002661 -0.04679 -0.0101
1305031921.765060 0.001435 0.001414 -0.006858 0.006567 -0.04582 -0.01012
1305031921.801030 0.002163 0.0009917 -0.004484 0.006115 -0.03544 -0.00784
1305031921.833120 0.002569 0.004036 -0.005878 0.01108 -0.02551 -0.008409
1305031921.865150 -0.001199 0.006464 -0.01059 0.006162 -0.0137 -0.007241
1305031921.901120 -0.004736 -0.009172 -0.002803 -0.0008266 -0.01458 -0.004341
1305031921.933130 0.002059 0.007514 -0.01232 0.01335 -0.02118 -0.006782
1305031921.965110 0.001152 0.002804 -0.01067 0.003309 -0.02461 -0.01241
1305031922.001100 -0.005626 -0.002692 -0.003849 0.001584 -0.02666 -0.01248
1305031922.033170 0.0009154 0.001403 -0.005741 0.00665 -0.02815 -0.008583
1305031922.101030 0.007854 0.007393 -0.0141 0.01383 -0.04799 -0.02077
1305031922.133250 0.004494 0.0006741 -0.004675 0.003637 -0.02165 -0.009436
1305031922.165060 0.000159 -0.001696 -0.003231 0.005049 -0.0204 -0.01141
1305031922.201060 0.002844 0.007171 -0.006252 0.0101 -0.01827 -0.006714
1305031922.233250 0.003391 -0.001103 -0.002107 0.00277 -0.01933 -0.00467
1305031922.265180 0.002491 -0.002289 -0.002315 0.006225 -0.02023 -0.006298
1305031922.301140 -8.562e-05 -0.00213 -0.00242 0.009495 -0.02003 -0.00292
1305031922.333220 0.005217 0.003298 -0.002747 0.01458 -0.0248 -0.001211
1305031922.365140 0.00811 0.003144 -0.003056 0.01158 -0.02075 -0.001831
1305031922.401140 0.000222 -0.004856 -0.0008449 0.007061 -0.01539 -0.002938
1305031922.465220 0.01274 0.005059 -0.007174 0.03068 -0.04153 -0.00763
1305031922.501310 -0.0007207 -0.003559 -0.0006786 0.007011 -0.01249 -0.004964
1305031922.533140 0.005831 0.0005189 -0.003752 0.01449 -0.01609 -0.006288
1305031922.565030 -0.0009156 0.002057 -0.0002139 0.009714 -0.01076 0.001016
1305031922.601110 0.002164 -6.621e-05 -0.002222 0.01159 -0.01914 -7.397e-05
1305031922.665320 0.002877 -0.001089 -0.004012 0.01444 -0.02905 -0.001931
1305031922.701360 0.003481 0.002206 -0.005758 0.009068 -0.02321 -0.004218
1305031922.733240 0.003773 0.001253 -0.00562 0.0004593 -0.01955 -0.007767
1305031922.765370 -0.001029 -0.0001229 0.000149 -0.002936 -0.0159 -0.01068
1305031922.801220 -0.001105 -0.0005786 0.0002646 -0.002719 -0.01686 -0.01193
1305031922.833260 -0.002856 -0.0001083 0.0005139 -0.002637 -0.01582 -0.008776
1305031922.865050 -0.0007939 0.0004668 -0.001504 -0.002867 -0.021 -0.01
1305031922.901110 -0.002129 -0.0003443 0.001076 -0.006019 -0.01754 -0.007328
1305031922.965220 -0.005099 -0.002523 0.003467 -2.381e-05 -0.02541 -0.01538
1305031923.001050 -0.005243 0.0003577 0.002252 0.003165 -0.005192 -0.006072
1305031923.065080 -0.005654 -0.0006276 -0.002086 0.005951 -0.02017 -0.01711
1305031923.101060 -0.005548 -0.0006569 0.003635 0.0008251 -0.006601 -0.005044
1305031923.133240 -0.003396 -0.0001991 -0.0004045 0.003925 -0.01441 -0.005664
1305031923.165170 -0.0008505 0.001518 -0.007533 -0.002668 -0.0146 -0.005537
1305031923.201180 -0.004459 0.000337 0.002175 -0.01364 -0.0146 -0.001427
1305031923.265160 -0.007785 -0.0034 0.01843 -0.004047 -0.03638 -0.01479
1305031923.301180 -0.001062 -0.0003151 0.0002268 0.007642 -0.01749 -0.01599
1305031923.333170 -0.003274 -0.001397 0.002383 0.004409 -0.0133 -0.01343
1305031923.365230 -0.00476 -0.003285 0.007722 0.005072 -0.01342 -0.01128
1305031923.401140 -0.005722 -0.001488 0.003863 0.01468 -0.01355 -0.01441
1305031923.433110 -0.006449 0.001359 0.001743 0.009967 -0.01637 -0.01548
1305031923.465290 -0.005806 0.0008594 0.005631 0.005598 -0.01847 -0.01528
1305031923.501150 -0.005634 0.00313 0.0004205 -0.003202 -0.01496 -0.01435
1305031923.533200 -0.00522 -0.002202 0.0089 -0.01452 -0.01292 -0.009318
1305031923.565200 -0.005936 -0.002162 0.008821 -0.008476 -0.008393 -0.01144
1305031923.601070 -0.008251 -0.002021 0.008957 -0.009177 -0.004782 -0.009645
1305031923.633240 -0.007392 -0.002954 0.01223 -0.002991 -0.00657 -0.01207
1305031923.665140 -0.0106 -0.0006616 0.00724 -0.001589 -0.003854 -0.01462
1305031923.701140 -0.00926 -0.005069 0.01453 -0.006977 -0.005897 -0.007073
1305031923.733150 -0.01003 -0.002715 0.01027 0.001731 -0.004353 -0.006846
1305031923.765180 -0.01117 -0.004174 0.01054 -0.005547 -0.004716 -0.001323
1305031923.801150 -0.009221 -0.005145 0.01553 0.001997 -0.00846 0.004071
1305031923.833050 -0.009575 0.0002629 0.004096 0.001842 -0.00493 -0.004448
1305031923.865160 -0.0107 -0.005943 0.01232 -0.01314 -0.0008715 0.004602
1305031923.901120 -0.01061 -0.006224 0.01214 -0.0117 -0.002253 0.01231
1305031923.933140 -0.009259 -0.008493 0.01719 -0.01049 -0.005731 0.01338
1305031923.965200 -0.009914 -0.007216 0.01566 0.007344 -0.006408 0.01125
1305031924.001100 -0.01106 -0.00116 -0.001 0.006229 -0.00433 0.0008902
1305031924.033250 -0.01101 -0.007887 0.0131 -0.01569 -0.008032 0.004828
1305031924.065220 -0.01061 -0.01048 0.01948 0.001295 -0.009978 -0.001185
1305031924.101180 -0.009029 -0.004176 0.004713 0.01155 -0.005265 -0.002247
1305031924.133290 -0.009466 -0.006798 0.008431 -0.004778 -0.001193 0.00564
1305031924.165590 -0.009914 -0.007516 0.01589 0.004269 0.00108 0.002859
1305031924.201130 -0.009067 -0.004716 0.003364 0.004813 0.007862 0.002304
1305031924.233240 -0.01018 -0.008095 0.01283 -0.004086 0.00973 0.008897
1305031924.265340 -0.00854 -0.006148 0.006779 0.001352 0.006608 0.003293
1305031924.301100 -0.009982 -0.00826 0.01289 0.0006978 0.006221 0.000803
1305031924.333110 -0.00846 -0.006603 0.008477 0.005299 0.006205 0.0001635
1305031924.365170 -0.007456 -0.006982 0.01012 -7.024e-05 0.009894 0.003738
1305031924.401090 -0.007852 -0.007234 0.01253 0.0003726 0.01425 0.004413
1305031924.433070 -0.006861 -0.006056 0.008152 0.002329 0.01182 0.00278
1305031924.465390 -0.004072 -0.005532 0.008198 -0.002522 0.009374 0.004747
1305031924.501120 -0.004523 -0.005297 0.01215 -0.005383 0.01448 0.004664
1305031924.533250 -0.003342 -0.00428 0.009715 -0.00357 0.0177 -0.0003355
1305031924.565260 -0.003574 -0.003929 0.007666 -0.01049 0.02198 0.0008648
1305031924.601160 -0.007541 -0.005468 0.009231 -0.01231 0.01946 0.001324
1305031924.633220 -0.003128 -0.003069 0.006225 -0.01162 0.009619 -0.004416
1305031924.665190 -0.006525 -0.007524 0.01164 -0.01622 0.01294 -0.003866
1305031924.701170 -0.00451 -0.00492 0.006822 -0.01079 0.009802 -0.0008202
1305031924.733170 -0.005631 -0.006373 0.009214 -0.01351 0.009162 0.0006273
1305031924.765170 -0.007408 -0.008345 0.009541 -0.008328 0.005307 0.002322
1305031924.801060 -0.004114 -0.005735 0.006644 -0.00226 -0.002201 -0.001094
1305031924.833190 -0.005033 -0.008065 0.009959 -0.005744 -0.001722 -2.261e-05
1305031924.865170 -0.002999 -0.0106 0.0131 0.002209 -0.002396 0.0004894
1305031924.901110 -0.001283 -0.005058 0.007099 0.01161 0.002601 -0.001005
1305031924.933190 -0.001759 -0.005981 0.00545 0.0008311 0.008523 0.003264
1305031924.969060 -0.002566 -0.007747 0.008391 -0.001904 0.008109 0.004699
1305031925.001100 -0.001418 -0.006073 0.006964 -0.003883 0.006489 0.004422
1305031925.033150 -0.00157 -0.006198 0.007077 -0.00718 0.004571 0.004018
1305031925.069090 -0.001718 -0.005913 0.008551 -0.01165 0.001644 0.004875
1305031925.101110 -0.002438 -0.01119 0.01463 -0.007164 0.003077 0.001585
1305031925.133210 -0.0005488 -0.008061 0.01051 0.01005 0.003385 -0.003719
1305031925.169080 0.0007294 -0.001799 0.004223 0.00782 0.004993 -0.001978
1305031925.201120 -0.001832 -0.005473 0.009388 -0.004019 0.008335 0.002887
1305031925.233190 -0.00155 -0.009832 0.01394 -6.151e-05 0.007883 0.004009
1305031925.269160 -0.0007798 -0.005485 0.00836 0.005751 0.009065 0.008546
1305031925.301280 -0.002764 -0.007994 0.01107 0.003672 0.006241 0.009334
1305031925.333140 -0.001041 -0.009286 0.01044 0.008667 0.002615 0.006251
1305031925.369110 -0.0008533 -0.006974 0.007269 0.009227 0.003605 0.01156
1305031925.401460 -0.0006355 -0.007152 0.006437 0.005319 0.002082 0.011
1305031925.433410 -0.001167 -0.005803 0.006212 -0.0001009 0.004157 0.006544
1305031925.469100 -0.006634 -0.007951 0.008497 -0.006481 0.0003025 0.00394
1305031925.501270 -0.004608 -0.007066 0.00797 -0.008989 -0.01042 -0.001412
1305031925.533320 -0.005443 -0.009173 0.01366 -0.01211 -0.0135 -0.006298
1305031925.569130 -0.006012 -0.008714 0.01091 -0.00649 -0.01375 -0.0119
1305031925.601220 -0.008689 -0.00917 0.01376 -0.005329 -0.01262 -0.008856
1305031925.633430 -0.007141 -0.009265 0.01331 -2.368e-06 -0.01373 -0.007386
1305031925.669140 -0.003504 -0.007929 0.007725 0.006627 -0.009495 -0.008487
1305031925.701320 -0.004807 -0.006903 0.006172 0.004565 -0.001682 -0.003872
1305031925.733170 -0.009045 -0.008445 0.007849 0.003999 0.001978 -0.001782
1305031925.769250 -0.01008 -0.009312 0.007316 0.009034 -0.00126 -0.005507
1305031925.801210 -0.00997 -0.008652 0.006584 0.01305 -0.006256 -0.004384
1305031925.833150 -0.008007 -0.008346 0.005544 0.0177 -0.01022 -0.005849
1305031925.869200 -0.006922 -0.005619 0.004171 0.01964 -0.01207 -0.003448
1305031925.901180 -0.007268 -0.006702 0.004482 0.01724 -0.01237 -0.007082
1305031925.933170 -0.004073 -0.005759 0.004058 0.01664 -0.0111 -0.01221
1305031925.969200 -0.006645 -0.007661 0.006565 0.01801 -0.006423 -0.009627
1305031926.001190 -0.00404 -0.003902 0.004195 0.01684 -0.006209 -0.007988
1305031926.033160 -0.006905 -0.006326 0.007273 0.009786 -0.002982 -0.01014
1305031926.069080 -0.009556 -0.008413 0.008484 0.008887 -0.004147 -0.006781
1305031926.101110 -0.007038 -0.006307 0.006728 0.006354 -0.00988 -0.0009452
1305031926.133180 -0.01054 -0.008198 0.01193 0.003662 -0.009501 -0.002454
1305031926.169100 -0.007362 -0.007439 0.0076 0.009436 -0.01418 -0.004075
1305031926.201140 -0.005234 -0.005452 0.007033 0.001717 -0.01575 -0.004743
1305031926.233130 -0.01197 -0.008368 0.01467 0.001911 -0.01206 -0.005474
1305031926.269140 -0.008456 -0.007311 0.008629 0.005207 -0.01386 -0.0009693
1305031926.301050 -0.007702 -0.007033 0.009597 0.001042 -0.01673 -0.001317
1305031926.333160 -0.0102 -0.007055 0.01099 0.002161 -0.02 -0.005019
1305031926.369060 -0.007166 -0.004533 0.008633 0.001554 -0.02227 -0.006258
1305031926.401170 -0.005809 -0.003597 0.01328 0.0004827 -0.02041 -0.008235
1305031926.433160 -0.008391 -0.00407 0.01226 0.002451 -0.01798 -0.008868
1305031926.469090 -0.006991 -0.004039 0.008223 0.001731 -0.01842 -0.008966
1305031926.501080 -0.00465 -0.003992 0.01034 -0.002846 -0.02114 -0.01242
1305031926.533180 -0.006162 -0.002959 0.013 -0.002413 -0.02125 -0.01386
1305031926.569120 -0.005392 -0.001478 0.01111 -0.0006356 -0.02006 -0.01647
1305031926.601170 -0.003633 -0.002639 0.01214 0.0003365 -0.01972 -0.01721
1305031926.633130 -0.004211 -0.002822 0.01092 0.002576 -0.01871 -0.01906
1305031926.669140 -0.004848 -0.002431 0.007242 0.00333 -0.01855 -0.02019
1305031926.701040 -0.005935 -0.007111 0.004565 -0.001829 -0.02147 -0.01349
1305031926.733210 -0.002292 -0.00395 0.008303 0.001738 -0.03 -0.01137
1305031926.769140 0.001064 0.001928 0.007877 0.007999 -0.03452 -0.01925
1305031926.801340 -0.0006364 -0.002494 0.003783 0.00634 -0.03311 -0.02156
1305031926.833210 -0.001827 -0.002727 0.003899 0.005612 -0.03534 -0.02335
1305031926.869330 0.001517 0.0003664 0.004241 0.01021 -0.04194 -0.0288
1305031926.901100 -0.002743 -0.005899 -0.00105 0.005696 -0.04274 -0.0292
1305031926.933350 -0.00711 -0.002761 0.002018 0.005737 -0.04317 -0.02565
1305031926.969120 -0.002719 0.001538 0.007345 0.01222 -0.04577 -0.02146
1305031927.001570 -0.0005207 -0.002359 0.004414 0.01425 -0.04383 -0.0199
1305031927.033930 0.0002696 -0.002729 -0.004217 0.01244 -0.04169 -0.02187
1305031927.070530 -0.00724 -0.002489 0.004001 0.01248 -0.03578 -0.02449
1305031927.101270 -0.00756 -0.0008105 0.003434 0.01782 -0.02977 -0.02349
1305031927.133470 -0.002643 -0.003216 -0.001817 0.01672 -0.03229 -0.01873
1305031927.169160 -0.008556 -0.0008596 8.306e-05 0.01878 -0.02861 -0.01854
1305031927.201210 -0.01611 -0.002559 0.003436 0.02151 -0.02019 -0.01785
1305031927.233490 -0.01977 -0.01025 0.003626 0.02516 -0.01107 -0.01457
1305031927.269150 -0.0005117 -0.01468 -0.008172 0.0191 -0.01575 -0.01009
1305031927.301140 -0.004449 -0.006413 -0.004391 0.02157 -0.01609 -0.01112
1305031927.333140 -0.001508 -0.007944 -0.006613 0.01702 -0.01834 -0.01678
1305031927.369150 -0.01021 -0.000735 -0.001509 0.02072 -0.01661 -0.0163
1305031927.401160 -0.007591 -0.006098 -0.0052 0.0166 -0.01862 -0.01398
1305031927.433270 -0.01023 -0.006568 -0.003301 0.0133 -0.01266 -0.01264
1305031927.469110 -0.01101 -0.005379 -0.002232 0.01556 -0.009629 -0.006932
1305031927.501140 -0.006688 -0.004318 -0.004624 0.01539 -0.01026 -0.002667
1305031927.533180 -0.006797 -0.005472 -0.003953 0.008989 -0.007695 -0.001315
1305031927.569230 -0.01126 -0.007039 -0.001321 0.008981 -0.002309 0.002188
1305031927.601130 -0.01034 -0.005089 -0.002108 0.01491 -0.0005341 0.007777
1305031927.633200 -0.003606 -0.003887 -0.005868 0.01547 -0.001697 0.01016
1305031927.669160 -0.008624 -0.005343 -0.003847 0.00607 0.005195 0.01792
1305031927.701130 -0.007472 -0.002171 -0.003264 0.01045 0.002725 0.02272
1305031927.733220 -0.005389 -0.002661 -0.005078 0.00932 0.0008713 0.01992
1305031927.769160 -0.005926 -0.001546 -0.004707 0.008612 0.001714 0.01747
1305031927.801110 -0.005006 -0.001665 -0.005888 0.004682 -0.0003947 0.01196
1305031927.833280 -0.01261 -0.003468 -0.002071 0.003827 0.002618 0.008202
1305031927.869140 -0.008448 -0.001547 -0.004811 0.007949 -0.001964 0.003465
1305031927.901130 -0.004844 0.001956 -0.00685 0.00439 -0.005021 0.003601
1305031927.933470 -0.01649 -0.006771 -0.001354 -0.004084 0.001042 0.003121
1305031927.969180 -0.01388 -0.00422 -0.002636 0.002409 0.00184 0.0003228
1305031928.001130 -0.01079 0.0003366 -0.003512 0.004012 -0.002273 -0.000522
1305031928.033190 -0.0188 -0.005265 -0.0004028 -0.0003759 0.001473 0.0001832
1305031928.069130 -0.01452 -0.002886 -0.001772 0.007189 -0.002739 -0.001382
1305031928.101110 -0.009619 -0.0002996 -0.003703 0.005895 -0.005407 -0.00234
1305031928.133200 -0.01592 -0.001365 -0.001051 0.003983 -0.002625 -0.0007363
1305031928.169020 -0.009657 0.001778 -0.002039 0.004229 -0.01073 -0.0001124
1305031928.201100 -0.009178 -0.0008463 -0.0004317 0.0002133 -0.01491 -0.001409
1305031928.233130 -0.01385 -0.004038 0.001521 0.0004331 -0.01463 -0.005939
1305031928.269220 -0.004313 0.001083 -0.003292 0.00458 -0.01884 -0.01073
1305031928.301260 -0.009686 -0.0001766 0.0004947 0.0004749 -0.01318 -0.01203
1305031928.333610 -0.008898 -0.0001736 0.0007226 0.0009009 -0.01401 -0.01383
1305031928.369520 -0.004558 0.00197 -0.0009378 0.0006953 -0.01658 -0.0186
1305031928.401120 -0.007691 0.003338 0.001683 -0.0009551 -0.01612 -0.0221
1305031928.433540 -0.006982 0.002672 0.001918 -0.003542 -0.02178 -0.02757
1305031928.469230 -0.008932 0.001712 0.002825 -0.004952 -0.0228 -0.03213
1305031928.501430 -0.005418 0.009036 -0.0001647 -0.00359 -0.02491 -0.03539
1305031928.533980 -0.009219 0.003099 0.0015 -0.0122 -0.01826 -0.03386
1305031928.569300 -0.01194 0.001327 0.004032 -0.01322 -0.01657 -0.02753
1305031928.601270 -0.01005 0.005176 0.0008379 -0.01441 -0.02218 -0.02979
1305031928.633600 -0.01153 0.005877 0.001584 -0.02039 -0.02178 -0.02417
1305031928.669150 -0.007334 0.005138 0.005265 -0.02396 -0.02412 -0.01722
1305031928.701110 -0.005181 0.004868 0.006068 -0.02378 -0.02246 -0.01431
1305031928.733190 -0.002936 0.00436 0.005593 -0.02371 -0.02255 -0.01422
1305031928.769200 -0.005551 0.008119 0.005497 -0.02194 -0.02054 -0.01736
1305031928.801120 -0.003717 0.006878 0.004429 -0.0247 -0.01826 -0.01432
1305031928.833190 -0.0006665 0.005415 0.005861 -0.02687 -0.02009 -0.01349
1305031928.869150 -0.002518 0.007568 0.004665 -0.02588 -0.01855 -0.01407
1305031928.901200 -0.001593 0.006745 0.005754 -0.02765 -0.01914 -0.01278
1305031928.933210 -0.003484 0.008409 0.004318 -0.03075 -0.0171 -0.01403
1305031928.969100 -0.0008285 0.005097 0.006584 -0.03683 -0.02086 -0.007728
1305031929.001160 -0.002207 0.007639 0.006276 -0.0308 -0.02376 -0.007795
1305031929.033640 -0.003494 0.007431 0.004383 -0.03226 -0.02299 -0.01105
1305031929.069090 -0.002605 0.007119 0.00604 -0.03577 -0.02541 -0.007577
1305031929.101210 -0.002938 0.007052 0.006509 -0.03283 -0.02727 -0.008463
1305031929.133200 -0.002871 0.007447 0.005195 -0.03406 -0.02534 -0.01134
1305031929.169200 -0.002138 0.007721 0.006679 -0.03209 -0.02393 -0.0109
1305031929.201160 -0.002596 0.006319 0.006513 -0.02915 -0.02358 -0.01277
1305031929.233290 -0.001014 0.01168 0.002451 -0.03035 -0.02396 -0.01738
1305031929.269210 -0.001379 0.00986 0.004922 -0.0335 -0.02154 -0.01667
1305031929.301290 -2.274e-05 0.01058 0.007482 -0.02896 -0.02273 -0.01177
1305031929.333530 0.002074 0.009405 0.003292 -0.02692 -0.02195 -0.0143
1305031929.369190 0.0025 0.009369 0.003508 -0.02598 -0.01676 -0.01509
1305031929.401370 0.003162 0.01103 0.004861 -0.0216 -0.01143 -0.01465
1305031929.433240 0.002854 0.01313 0.007779 -0.0217 -0.009221 -0.01056
1305031929.469220 0.003932 0.009604 0.008521 -0.02243 -0.01105 -0.008688
1305031929.501200 0.004651 0.01014 0.007313 -0.02028 -0.009631 -0.009015
1305031929.533260 0.00369 0.01035 0.008763 -0.02119 -0.009505 -0.007725
1305031929.569170 0.003901 0.01056 0.007738 -0.02017 -0.009026 -0.005332
1305031929.601100 0.004677 0.01098 0.00796 -0.02126 -0.007128 -0.001799
1305031929.634450 0.003034 0.01033 0.009955 -0.02285 -0.007869 0.0001538
1305031929.669290 0.005355 0.006845 0.008453 -0.0237 -0.007521 0.001162
1305031929.701270 0.005746 0.002504 0.009163 -0.02572 -0.006159 0.0003617
1305031929.733620 0.004378 0.003138 0.008499 -0.02305 -0.001111 -0.002019
1305031929.769190 0.0049 0.002185 0.008444 -0.01804 0.005589 -0.001579
1305031929.801230 0.003514 0.00789 0.005713 -0.01829 0.007385 -0.001495
1305031929.833360 0.0004921 0.004969 0.00962 -0.01833 0.007744 -0.001557
1305031929.869240 0.003993 0.005134 0.00618 -0.01536 0.007418 -0.0004872
1305031929.901290 -0.001084 0.006551 0.007087 -0.01375 0.008828 -0.000564
1305031929.933180 -0.001311 0.007488 0.007308 -0.01204 0.004816 0.001508
1305031929.969180 -0.002079 0.008337 0.007457 -0.007046 -0.0004556 0.002862
1305031930.001350 -0.002834 0.00543 0.007656 -0.00531 -0.005249 -0.001247
1305031930.033650 -0.005471 0.002804 0.008514 -0.001806 -0.006525 -0.005076
1305031930.069290 -0.006007 0.002032 0.005508 0.002504 -0.006434 -0.005707
1305031930.101130 -0.00724 0.001637 0.00583 0.005505 -0.005378 -0.0017
1305031930.134160 -0.005078 0.000762 0.005269 0.008488 -0.009144 0.003733
1305031930.169120 -0.001428 0.001472 0.004416 0.006751 -0.01712 0.002113
1305031930.201150 -0.01199 -0.0009924 0.006477 0.007319 -0.0172 0.001983
1305031930.233360 -0.006642 -0.002084 0.001873 0.01086 -0.02042 0.005761
1305031930.269060 -0.005177 -0.003098 0.000889 0.009123 -0.02324 0.003974
1305031930.301110 -0.01399 -0.002756 0.007222 0.01261 -0.02056 0.0001493
1305031930.333140 -0.01067 -0.003674 -0.0006798 0.01606 -0.02116 0.005399
1305031930.369790 -0.005278 -0.003033 0.001159 0.01427 -0.02593 0.004661
1305031930.401080 -0.009114 -0.002769 0.002726 0.0158 -0.02293 -0.0003997
1305031930.433290 -0.01548 -0.002398 0.002119 0.01855 -0.01789 0.002925
1305031930.469130 0.01376 0.003062 0.006142 0.02534 -0.02684 -0.001364
1305031930.501040 -0.003112 0.0003249 0.0008141 0.02897 -0.01672 -0.004898
1305031930.533070 -0.0114 -0.001523 -0.004107 0.02672 -0.01147 0.0003454
1305031930.569010 -0.007946 -0.003124 0.0001063 0.0223 -0.01352 0.004704
1305031930.601040 -0.002706 -0.002722 0.007541 0.02695 -0.01665 0.003446
1305031930.633130 -0.003021 -0.001443 0.001716 0.03129 -0.01076 0.003234
1305031930.668930 -0.001254 -0.002257 0.001088 0.03194 -0.005565 0.002337
1305031930.701010 -0.002021 -0.002106 -0.001679 0.03119 0.0008717 -0.001794
1305031930.733200 -0.004673 -0.006583 -0.001162 0.02934 0.003319 0.002512
1305031930.769070 -0.003973 -0.006818 -0.001076 0.02925 0.001737 0.006279
1305031930.801060 -0.004221 -0.004553 -0.00208 0.02568 0.0007618 0.002528
1305031930.833090 -0.006006 -0.004343 -0.001499 0.02086 -0.001566 0.002415
1305031930.869070 -0.003145 -0.007067 0.000348 0.02173 -0.005639 0.004266
1305031930.900830 -0.001645 -0.005462 -0.0003124 0.02263 -0.006475 0.002414
1305031930.933330 -0.002489 -0.005196 -0.00112 0.02276 -0.005641 8.608e-05
1305031930.969060 -0.003693 -0.006916 -0.001139 0.02311 -0.005766 -0.0002404
1305031931.000800 -0.002978 -0.006195 -0.001538 0.02702 -0.006969 0.0003339
1305031931.033020 -0.00359 -0.003172 -0.00312 0.02795 -0.006649 0.001258
1305031931.068910 -0.002103 -0.005493 -0.002949 0.02839 -0.008945 -0.0004407
1305031931.100820 -0.003268 -0.00204 -0.004325 0.02978 -0.009287 -0.004548
1305031931.133040 -0.006194 -0.004021 -0.00378 0.02645 -0.009835 -0.004715
1305031931.168900 -0.005996 -0.003632 -0.005058 0.02701 -0.01584 -0.005098
1305031931.200700 -0.003168 -0.004703 -0.004327 0.02811 -0.02255 -0.006207
1305031931.233050 -0.001479 -0.0009425 -0.00616 0.03154 -0.0269 -0.004656
1305031931.268950 -0.001449 -0.002474 -0.004998 0.02644 -0.02712 -0.007218
1305031931.300960 -0.002239 -0.0008092 -0.006919 0.0256 -0.02833 -0.008082
1305031931.332990 -0.0006794 -0.000685 -0.006029 0.02043 -0.03182 -0.00979
1305031931.369800 0.002951 4.138e-07 -0.003922 0.0192 -0.03141 -0.01486
1305031931.401340 0.001383 -0.0004556 -0.005711 0.01741 -0.02564 -0.01771
1305031931.432890 0.002083 0.000655 -0.006852 0.01521 -0.02431 -0.01718
1305031931.469080 0.003115 0.001001 -0.007214 0.01037 -0.0221 -0.01662
1305031931.500850 0.001825 -0.002752 -0.00516 0.008626 -0.01991 -0.01666
1305031931.532870 0.00477 0.001204 -0.00757 0.01347 -0.02061 -0.01871
1305031931.569730 0.007856 0.006663 -0.007633 0.008343 -0.01869 -0.02179
1305031931.601200 0.005987 -0.000899 -0.005118 0.0008899 -0.01409 -0.01679
1305031931.633000 0.006744 0.001436 -0.006578 0.003981 -0.01255 -0.01105
1305031931.669060 0.005826 0.0007505 -0.006063 9.699e-05 -0.01142 -0.006448
1305031931.701060 0.008375 -0.001741 -0.004889 0.0002244 -0.01477 -0.006431
1305031931.732990 0.01016 0.0004667 -0.005703 0.002638 -0.01271 -0.005817
1305031931.768910 0.00908 -0.002738 -0.005332 0.005227 -0.009217 -0.002183
1305031931.800960 0.009078 -0.0002312 -0.007181 0.00861 -0.00587 -0.007871
1305031931.832930 0.007279 -0.004203 -0.006464 0.007185 -0.003748 -0.01472
1305031931.868990 0.008361 -0.0006376 -0.007446 0.01534 -0.004446 -0.02001
1305031931.900960 0.005134 0.0004391 -0.009693 0.01025 -0.0002071 -0.01445
1305031931.932910 0.00761 0.0003188 -0.00636 0.002294 -0.002607 -0.01416
1305031931.968900 0.006124 -0.001854 -0.007751 0.002693 0.000624 -0.01186
1305031932.000830 0.004421 -0.001219 -0.007648 -0.001144 -0.0009167 -0.01245
1305031932.032910 0.007625 0.001113 -0.005901 5.538e-05 -0.0039 -0.01643
1305031932.068920 0.005574 -0.00132 -0.006846 -0.002519 -0.0008924 -0.01111
1305031932.101290 0.008256 0.000798 -0.004705 0.0047 -0.004385 -0.01179
1305031932.132900 0.0105 0.005851 -0.005805 0.006114 0.005556 -0.01341
1305031932.169080 0.006154 0.001058 -0.005474 0.002979 0.01526 -0.001344
1305031932.200950 0.005706 0.004459 -0.008041 0.005224 0.01717 0.004228
1305031932.232820 0.005954 0.003642 -0.006734 0.001654 0.01886 0.008624
1305031932.268820 0.003966 0.004627 -0.009582 0.0009754 0.02053 0.01001
1305031932.300950 0.00238 0.003919 -0.008808 -0.004891 0.01768 0.0104
1305031932.333180 0.002481 0.004253 -0.009128 -0.004223 0.01251 0.007005
1305031932.368840 0.004065 0.006245 -0.008261 -0.006806 0.0148 0.007987
1305031932.401680 0.004222 0.005046 -0.006737 -0.00887 0.0172 0.008214
1305031932.432990 0.004455 0.004733 -0.006607 -0.005667 0.0181 0.006107
1305031932.469020 0.003338 0.00605 -0.008608 -0.003183 0.02076 0.006691
1305031932.500890 0.00257 0.005202 -0.00776 -0.004054 0.02081 0.01046
1305031932.532960 0.00234 0.006369 -0.009177 -0.003864 0.02035 0.01033
1305031932.568970 0.002092 0.00527 -0.007045 -0.007571 0.02152 0.01271
1305031932.600960 0.003983 0.005233 -0.006491 -0.006824 0.02345 0.01838
1305031932.632930 -0.000589 0.004731 -0.008728 -0.008629 0.02883 0.01971
1305031932.669240 0.001723 0.00501 -0.006496 -0.009231 0.02529 0.01785
1305031932.700810 0.0004472 0.007347 -0.009038 -0.008754 0.02641 0.01959
1305031932.732850 0.001 0.005107 -0.005937 -0.01211 0.02313 0.01933
1305031932.768760 0.005137 0.009478 -0.007086 -0.01084 0.0208 0.01536
1305031932.800820 0.001852 0.006607 -0.005905 -0.01653 0.02479 0.01407
1305031932.832890 -0.001245 0.004232 -0.006025 -0.01649 0.02235 0.01504
1305031932.869020 0.001708 0.009882 -0.008626 -0.01616 0.01643 0.01506
1305031932.901210 0.002416 0.005768 -0.005442 -0.02419 0.0145 0.01298
1305031932.932930 0.001917 -5.628e-05 -0.001361 -0.01905 0.01558 0.008949
1305031932.968790 -0.001804 0.006308 -0.007883 -0.007958 0.01535 0.01326
1305031933.001960 -0.000864 0.008983 -0.009413 -0.01214 0.005906 0.01308
1305031933.033050 0.0002203 0.004269 -0.006265 -0.01562 -0.0011 0.007812
1305031933.068880 0.0002195 0.0009008 -0.004614 -0.008355 -0.004813 0.004382
1305031933.100910 -0.002268 0.008536 -0.01159 -0.002781 -0.007904 -0.003127
1305031933.132910 -0.004795 0.003535 -0.005467 -0.01439 -0.01658 -0.00613
1305031933.169450 0.000603 -0.0002225 -0.001986 -0.01046 -0.02512 -0.008722
1305031933.200950 0.001314 0.000392 -0.00521 -0.008029 -0.02476 -0.00866
1305031933.233370 0.0032 0.0002958 -0.003661 -0.007135 -0.02148 -0.005719
1305031933.269080 -3.347e-06 0.001447 -0.004867 -0.007624 -0.01586 -0.003498
1305031933.300870 0.000172 -0.004335 0.0003112 -0.009484 -0.01625 -0.005833
1305031933.332880 -0.001475 -0.002171 -0.0008809 -0.00151 -0.01373 -0.009613
1305031933.368980 -0.001764 0.001893 -0.003537 0.000318 -0.01362 -0.008429
1305031933.400930 -0.001191 -0.005024 0.0002166 -0.004695 -0.01358 -0.01069
1305031933.432910 -0.002949 -0.001688 -0.0007414 0.004637 -0.01201 -0.01137
1305031933.469490 -0.002665 0.001502 -0.002478 0.003157 -0.01358 -0.011
1305031933.500810 -0.004087 -0.001894 -0.0002357 -0.002028 -0.01425 -0.01084
1305031933.533070 -0.004432 -0.001191 -0.000676 0.0006432 -0.01708 -0.008779
1305031933.568860 -0.00197 -0.001232 -0.0004164 -0.001084 -0.02111 -0.01258
1305031933.600900 -0.004725 -0.002088 -0.0004099 -0.00279 -0.02226 -0.0161
1305031933.632950 -0.005582 -0.002504 0.0004461 -0.002127 -0.02671 -0.01627
1305031933.669110 -0.00406 -0.003831 0.002863 -0.001725 -0.03088 -0.01891
1305031933.700930 -0.004338 -0.003211 0.001888 -0.0003936 -0.03152 -0.01961
1305031933.732900 -0.003402 -0.003885 0.003553 0.0007123 -0.03045 -0.02007
1305031933.768930 -0.006043 -0.002456 0.001105 0.001343 -0.02733 -0.01791
1305031933.800880 -0.006578 -0.003856 0.003476 -0.0007311 -0.02674 -0.01404
1305031933.833130 -0.004761 -0.006563 0.006835 0.001368 -0.02759 -0.0115
1305031933.868860 -0.004418 -0.003939 0.003172 0.005813 -0.02489 -0.01111
1305031933.900940 -0.00456 -0.004362 0.003834 0.006139 -0.02197 -0.008569
1305031933.932930 -0.005414 -0.004163 0.004456 0.00611 -0.01967 -0.0072
1305031933.968840 -0.003235 -0.004871 0.004984 0.007513 -0.0187 -0.00671
1305031934.000840 -0.005045 -0.004731 0.004195 0.008038 -0.01314 -0.004274
1305031934.033000 -0.00761 -0.00556 0.003803 0.007801 -0.01189 -0.002244
1305031934.068950 -0.007892 -0.006106 0.00427 0.006335 -0.01322 -0.001464
1305031934.100920 -0.008693 -0.00698 0.004185 0.006646 -0.01498 -0.002739
1305031934.132850 -0.009044 -0.005256 0.004348 0.007813 -0.01688 -0.005049
1305031934.169180 -0.008456 -0.005006 0.006049 0.005349 -0.01628 -0.003219
1305031934.200810 -0.009856 -0.006394 0.005417 0.006323 -0.01555 -0.002337
1305031934.232870 -0.009282 -0.003638 0.005691 0.007499 -0.01601 -0.006214
1305031934.269300 -0.008217 -0.001759 0.007272 0.006063 -0.01233 -0.006517
1305031934.300930 -0.008577 -0.00464 0.008684 0.006658 -0.008821 -0.002617
1305031934.336870 -0.009821 -0.0009785 0.005408 0.01198 -0.004375 -0.001233
1305031934.368910 -0.009682 -0.0003413 0.006523 0.006801 -0.0007188 0.001956
1305031934.400930 -0.01086 -0.001777 0.006119 0.005743 0.002739 0.006053
1305031934.436870 -0.01198 0.0001274 0.004542 0.003077 0.004981 0.01035
1305031934.469290 -0.01256 -0.00207 0.005811 -0.005106 0.004974 0.01874
1305031934.501240 -0.0151 -0.004985 0.005261 -0.003303 0.0006231 0.02218
1305031934.536880 -0.01416 0.001347 0.004435 0.0003174 -0.002528 0.01375
1305031934.569100 -0.0135 -0.001122 0.00638 -0.005724 -0.001913 0.007896
1305031934.600850 -0.01238 -0.001439 0.007947 -0.002589 -0.002139 0.006903
1305031934.637030 -0.01315 0.00277 0.005194 0.002902 0.004533 0.007033
1305031934.668980 -0.01531 -0.001255 0.004242 -0.007954 0.007065 0.01301
1305031934.700950 -0.0139 -0.002698 0.006409 -0.006335 0.00202 0.01334
1305031934.736900 -0.0147 0.001723 0.005407 -0.001996 0.006211 0.01177
1305031934.769120 -0.01494 -0.001608 0.005189 -0.007125 0.008165 0.01645
1305031934.801630 -0.01537 -0.00109 0.005271 -0.004313 0.006401 0.01438
1305031934.836770 -0.01603 0.001046 0.005504 -0.004528 0.008278 0.01243
1305031934.869120 -0.01586 -0.001197 0.00644 -0.008778 0.008619 0.01714
1305031934.901010 -0.01684 0.0008344 0.005923 -0.005885 0.01157 0.01618
1305031934.937230 -0.01752 -0.0002349 0.004688 -0.01256 0.01236 0.01792
1305031934.969080 -0.01786 0.0009432 0.006059 -0.01522 0.009305 0.01962
1305031935.001270 -0.01623 -0.001211 0.007657 -0.01849 0.007963 0.01919
1305031935.036850 -0.01702 0.002103 0.006273 -0.01373 0.008148 0.01032
1305031935.069720 -0.01611 0.001198 0.006728 -0.0161 0.01074 0.00596
1305031935.100910 -0.01612 -0.001039 0.006822 -0.01189 0.008268 0.005952
1305031935.136850 -0.01638 0.002785 0.003709 -0.004536 0.003574 0.004496
1305031935.169280 -0.01452 0.004588 0.003626 -0.006774 0.004216 0.001828
1305031935.200950 -0.01375 0.0006212 0.004781 -0.008145 0.005938 -0.003562
1305031935.237100 -0.01342 0.00207 0.003418 -0.002549 0.008681 -0.007075
1305031935.268970 -0.01451 0.003825 0.00158 -0.0009995 0.009782 -0.005986
1305031935.300810 -0.01597 0.001596 0.002607 -0.002273 0.004615 -0.003624
1305031935.336810 -0.01445 0.005662 0.001201 -0.0004009 -0.002941 -0.007347
1305031935.368830 -0.01416 0.002463 0.002969 -0.001508 -0.005946 -0.01322
1305031935.400850 -0.01271 0.005449 0.0002444 0.0007694 -0.009774 -0.0187
1305031935.436890 -0.01155 0.005685 0.0002407 7.631e-05 -0.009514 -0.02146
1305031935.468890 -0.01305 0.007522 -0.0007718 -0.000797 -0.006702 -0.01935
1305031935.500860 -0.01261 0.01024 -0.001307 -0.006626 -0.008802 -0.01578
1305031935.536900 -0.01157 0.007869 -8.03e-05 -0.01226 -0.008395 -0.01651
1305031935.568780 -0.01327 0.01037 0.0006668 -0.01455 -0.009663 -0.01499
1305031935.600960 -0.01315 0.01127 0.0001701 -0.01973 -0.01742 -0.0136
1305031935.636920 -0.01246 0.01218 -0.0005055 -0.02608 -0.02152 -0.01173
1305031935.669100 -0.01291 0.009438 0.0018 -0.03273 -0.02692 -0.007148
1305031935.700950 -0.01353 0.0107 0.002821 -0.03225 -0.03227 0.0007153
1305031935.736900 -0.01422 0.01173 0.002297 -0.03387 -0.03991 0.003552
1305031935.768970 -0.01148 0.0075 0.001806 -0.03377 -0.04543 0.003539
1305031935.801180 -0.01113 0.005406 -0.002111 -0.02721 -0.04094 -0.0009026
1305031935.836880 -0.009689 0.006141 -0.005915 -0.02248 -0.03252 -0.003094
1305031935.869030 -0.008264 0.005893 -0.004015 -0.01986 -0.02743 -0.00347
1305031935.901140 -0.00814 0.008215 -0.005229 -0.01742 -0.02284 -0.003485
1305031935.936830 -0.009227 0.01133 -0.006098 -0.01943 -0.01851 0.001811
1305031935.969110 -0.006198 0.008384 -0.003865 -0.02142 -0.01535 0.006646
1305031936.000820 -0.005951 0.006127 -0.003575 -0.02204 -0.01419 0.007399
1305031936.036960 -0.004008 0.001482 -0.002529 -0.02261 -0.01541 0.006573
1305031936.068810 -0.001831 0.0006476 8.697e-05 -0.01908 -0.0171 0.003291
1305031936.100720 -0.005685 0.00252 -0.004998 -0.01691 -0.01792 -4.827e-05
1305031936.137490 -0.001117 0.0007571 0.0004255 -0.01628 -0.01916 -0.003593
1305031936.168900 -0.002964 0.001465 -0.002813 -0.009157 -0.01524 -0.00603
1305031936.200870 -0.00722 0.006333 -0.009832 -0.01029 -0.01449 -0.007872
1305031936.237550 -0.005503 0.003876 -0.004133 -0.01532 -0.01451 -0.006819
1305031936.268980 -0.004623 0.0002776 -0.001301 -0.01479 -0.01537 -0.007494
1305031936.300820 -0.004482 0.004336 -0.004101 -0.01304 -0.01458 -0.01585
1305031936.336860 -0.004942 0.002899 -0.002793 -0.01435 -0.01139 -0.02155
1305031936.368930 -0.007434 0.000533 -0.002283 -0.01278 -0.009847 -0.01917
1305031936.400840 -0.008409 0.001401 -0.004663 -0.01159 -0.01227 -0.01646
1305031936.436780 -0.008518 0.00356 -0.005931 -0.009537 -0.009905 -0.01236
1305031936.468790 -0.007045 0.003128 -0.005909 -0.009482 -0.008655 -0.01116
1305031936.500750 -0.008029 0.001786 -0.005211 -0.01114 -0.006195 -0.01121
1305031936.536850 -0.004791 0.00141 -0.00371 -0.009108 -0.004959 -0.006607
1305031936.569450 -0.002867 0.002724 -0.004607 -0.006524 -0.001984 -0.009828
1305031936.600820 -0.006089 -0.001505 -0.004689 -0.007059 0.001517 -0.01109
1305031936.636880 -0.008968 -0.00456 -0.005368 -0.004783 0.001482 -0.004028
1305031936.668890 -0.01467 -0.003499 -0.01091 -0.004808 -0.002168 0.0002107
1305031936.700880 -0.004342 -0.001526 -0.004286 -0.006671 -0.009938 -0.00437
1305031936.737500 0.00131 -0.003174 0.00138 0.00159 -0.005605 -0.006528
1305031936.768830 -0.0122 -0.003212 -0.01149 0.00722 0.002104 -1.314e-05
1305031936.800860 -0.002059 -0.001401 -0.003635 0.009236 -0.002062 -0.007629
1305031936.836840 -0.007933 -0.002718 -0.006051 0.01618 0.005328 -0.009975
1305031936.868890 -0.01096 -0.003183 -0.00958 0.02378 0.008013 -0.002729
1305031936.900830 -0.01184 -0.0008095 -0.01043 0.02682 0.01209 -0.004514
1305031936.936910 -0.01155 -0.007148 -0.01023 0.02847 0.01156 0.006132
1305031936.968820 -0.008125 -0.002695 -0.01071 0.03362 0.007659 0.003264
1305031937.001120 -0.0146 0.00202 -0.01274 0.02955 0.01184 -0.002418
1305031937.036870 -0.01039 0.002353 -0.007338 0.03024 0.01574 0.0001697
1305031937.068760 -0.01081 0.0005927 -0.01004 0.0346 0.02048 -0.003715
1305031937.100720 -0.01014 -0.001462 -0.01109 0.02709 0.01808 0.002262
1305031937.136840 -0.007957 -0.00525 -0.007188 0.02481 0.01167 0.002273
1305031937.168860 -0.01554 -0.002168 -0.01283 0.02963 0.01166 -0.00257
1305031937.200810 -0.01158 0.0003616 -0.009833 0.03087 0.01215 -0.004415
1305031937.236890 -0.008743 -0.004775 -0.008822 0.03055 0.01366 -0.005763
1305031937.268820 -0.009997 -0.008956 -0.01106 0.03023 0.01022 -0.002845
1305031937.300780 -0.01021 -0.001996 -0.008798 0.03123 0.01004 -0.008883
1305031937.336860 -0.008938 -0.01185 -0.01107 0.02634 0.008492 -0.001395
1305031937.368730 -0.009133 -0.01686 -0.01188 0.01994 -0.0007856 0.001259
1305031937.400800 -0.006667 -0.003743 -0.00616 0.0241 -0.003385 -0.004801
1305031937.438210 -0.006807 -0.0005298 -0.006317 0.02794 0.001696 -0.002001
1305031937.468820 -0.006885 -0.005968 -0.007877 0.02568 0.004109 0.002106
1305031937.500800 -0.005288 -0.008102 -0.007786 0.02884 0.001766 0.00553
1305031937.536930 -0.005873 -0.008422 -0.009232 0.03192 0.0007229 0.002406
1305031937.568830 -0.00606 -0.007325 -0.009073 0.03234 0.001461 -0.003224
1305031937.600750 -0.00582 -0.0154 -0.01014 0.02733 -0.001343 0.003857
1305031937.636890 -0.004793 -0.01255 -0.009157 0.0239 -0.006625 0.002108
1305031937.668800 -0.005935 -0.01144 -0.009016 0.02672 -0.007575 -0.001228
1305031937.700840 -0.00732 -0.01283 -0.01014 0.01919 -0.009124 -0.0003518
1305031937.736900 -0.006439 -0.002155 -0.00713 0.02289 -0.007148 -0.004173
1305031937.768920 -0.006186 -0.01427 -0.009511 0.01399 -0.008076 0.002925
1305031937.800830 -0.005859 -0.01165 -0.008821 0.00783 -0.01248 0.002827
1305031937.836880 -0.001275 0.001333 -0.002883 0.0171 -0.01449 -0.004718
1305031937.868810 -0.004061 -0.00819 -0.008219 0.01195 -0.01516 -0.004528
1305031937.900820 -0.004084 -0.006066 -0.006797 0.01051 -0.01835 -0.008194
1305031937.936960 -0.001605 -0.001765 -0.00455 0.01634 -0.02319 -0.01206
1305031937.968830 -0.00692 -0.00465 -0.01079 0.01153 -0.02279 -0.01305
1305031938.000820 -0.00431 0.0008279 -0.005166 0.01301 -0.02331 -0.01309
1305031938.036950 -0.007695 -0.003064 -0.01226 0.0104 -0.02236 -0.01254
1305031938.068760 -0.005697 -0.001289 -0.006071 0.005754 -0.02291 -0.01305
1305031938.100740 -0.001884 0.0009324 -0.0009738 0.01155 -0.02389 -0.01273
1305031938.136890 -0.002854 -0.001484 -0.006285 0.01251 -0.02613 -0.01858
1305031938.168910 -0.003992 0.004685 -0.001414 0.0183 -0.02136 -0.02579
1305031938.200880 -0.006995 0.0002182 -0.009437 0.01814 -0.016 -0.0215
1305031938.236880 -0.007233 -0.004568 -0.01171 0.01023 -0.01897 -0.01951
1305031938.268810 -0.009117 0.0002096 -0.01088 0.007694 -0.02014 -0.02304
1305031938.300840 -0.01035 -0.0009594 -0.008148 0.0005286 -0.02149 -0.01763
1305031938.336900 -0.003161 0.002713 -0.004297 0.001579 -0.02526 -0.01432
1305031938.368910 -0.00561 0.003046 -0.005135 0.001001 -0.02093 -0.01439
1305031938.400840 -0.004946 0.001038 -0.00443 -0.002619 -0.02218 -0.011
1305031938.436890 -0.002964 0.002925 -0.006657 -0.006178 -0.02454 -0.01413
1305031938.468780 -0.005814 0.004679 0.0005128 -0.006983 -0.0206 -0.0123
1305031938.501290 -0.004932 0.003143 -0.002448 -0.006039 -0.01824 -0.007335
1305031938.537030 -0.001835 0.003415 -0.003768 -0.01426 -0.02149 -0.006805
1305031938.569000 -0.006151 0.00455 0.003089 -0.0186 -0.02029 -0.001412
1305031938.601010 -0.001893 0.00298 0.0007126 -0.01741 -0.02101 -0.001513
1305031938.637300 -0.003644 -0.001083 -0.0009744 -0.02625 -0.02011 -0.003121
1305031938.668750 -0.005685 0.006614 0.002687 -0.02396 -0.01665 -0.002503
1305031938.700850 -0.003289 -0.003718 0.003467 -0.03117 -0.01729 0.0008572
1305031938.736860 -0.002049 -0.007654 0.004039 -0.04164 -0.02116 0.0009132
1305031938.769070 -0.002816 0.007732 0.00624 -0.0283 -0.02046 0.001522
1305031938.800780 -0.001144 -0.004099 0.00749 -0.04134 -0.02236 0.002839
1305031938.836750 -0.002524 -0.001694 0.008058 -0.03957 -0.02225 0.002046
1305031938.869060 -0.001966 0.003436 0.008607 -0.03682 -0.02249 0.003951
1305031938.900980 -0.002824 0.007013 0.008558 -0.03604 -0.02467 0.002881
1305031938.936830 -0.004347 0.006655 0.006279 -0.03396 -0.02065 -0.005596
1305031938.969030 -0.006254 0.01195 0.00705 -0.02984 -0.01452 -0.007796
1305031939.001030 -0.005896 0.01101 0.007538 -0.02597 -0.0104 -0.007135
1305031939.037090 -0.003285 0.008268 0.00715 -0.02388 -0.009997 -0.003631
1305031939.069380 -0.00478 0.007658 0.006929 -0.02533 -0.008142 -0.006508
1305031939.101370 -0.002891 0.004786 0.006987 -0.02743 -0.007923 -0.01013
1305031939.137140 -0.004542 0.005078 0.006657 -0.03005 -0.007534 -0.005609
1305031939.168820 -0.00502 0.00739 0.007205 -0.03215 -0.004926 -0.005234
1305031939.200870 -0.003063 0.00591 0.006988 -0.03195 -0.00584 -0.00536
1305031939.237170 -0.004095 0.008101 0.006557 -0.03225 -0.005611 -0.006558
1305031939.268820 -0.002977 0.004876 0.006495 -0.03412 -0.00619 -0.001303
1305031939.300840 -0.002342 0.00878 0.005983 -0.03544 -0.008819 -0.0005222
1305031939.336730 -0.001252 0.0006152 0.005433 -0.04462 -0.01081 -0.002222
1305031939.368970 -0.002318 0.00771 0.006233 -0.04761 -0.00971 -0.001595
1305031939.400850 -0.0009431 -6.459e-05 0.005786 -0.04625 -0.00785 -0.003951
1305031939.436850 -0.002855 0.007006 0.005643 -0.03177 -0.002555 -0.004933
1305031939.468850 -0.003049 0.0009566 0.005513 -0.03029 -0.0003642 -0.004199
1305031939.500840 -0.002933 0.00663 0.004719 -0.02165 0.002056 -0.005408
1305031939.536760 -0.003344 0.01004 0.005461 -0.01662 -0.001496 -0.002363
1305031939.568770 -0.002552 0.00431 0.005636 -0.01922 -0.006686 -0.003657
1305031939.600840 -0.002602 0.005081 0.005592 -0.01486 -0.006397 -0.00468
1305031939.636790 -0.003808 0.003154 0.005657 -0.01228 -0.006037 -0.005651
1305031939.668870 -0.004958 0.002606 0.006097 -0.008079 -0.003925 -0.008805
1305031939.700830 -0.005295 0.003282 0.005884 -0.000856 -0.005088 -0.008301
1305031939.736750 -0.004188 0.003754 0.001799 0.0008937 -0.01061 -0.008865
1305031939.768920 -0.006878 0.002751 0.004439 0.0006562 -0.01046 -0.008591
1305031939.803670 -0.005576 0.004236 0.004836 0.004875 -0.01658 -0.006519
1305031939.837150 -0.00218 -0.0002575 0.0006595 0.003803 -0.02545 -0.008368
1305031939.869220 -0.007526 0.0003829 0.0008534 0.003936 -0.02386 -0.008405
1305031939.903630 -0.006864 -0.001082 0.003675 0.005712 -0.02462 -0.00819
1305031939.937190 -0.01031 -0.002128 0.005164 0.01378 -0.02223 -0.008911
1305031939.968900 -0.00717 -0.001229 -0.001393 0.02227 -0.02512 -0.003982
1305031940.005580 -0.001601 0.000971 -0.006639 0.02529 -0.03171 -0.003303
1305031940.037090 -0.0008197 0.001235 -0.007687 0.02236 -0.03357 -0.002139
1305031940.068780 0.0001175 0.0006315 -0.01264 0.01693 -0.03545 0.003649
1305031940.104270 0.0002704 -0.000269 -0.01141 0.006651 -0.03599 0.004658
1305031940.136750 0.001658 -0.001241 -0.008115 0.003229 -0.03391 0.001842
1305031940.168740 0.002058 -0.002525 -0.009275 0.000576 -0.03078 -0.001348
1305031940.200830 0.0002967 -0.005651 -0.005911 7.885e-05 -0.02378 -0.007668
1305031940.236740 0.0007372 -0.001027 -0.008018 0.007073 -0.02035 -0.009947
1305031940.269040 0.001656 0.0006596 -0.008416 0.01035 -0.02443 -0.01073
1305031940.301150 0.00345 0.00329 -0.01034 0.01212 -0.03074 -0.01225
1305031940.336730 0.0002201 0.0001868 -0.005664 0.009957 -0.03569 -0.009446
1305031940.369240 -0.0005478 -0.003446 -0.005049 0.0188 -0.04015 -0.01282
1305031940.403670 0.005663 -0.002766 -0.01157 0.02113 -0.04456 -0.01731
1305031940.436760 0.005749 -0.003698 -0.01007 0.0185 -0.04252 -0.01929
1305031940.468750 0.003915 -0.006099 -0.008453 0.0175 -0.03696 -0.01913
1305031940.503800 0.01036 -0.004745 -0.02008 0.01326 -0.03528 -0.01468
1305031940.536720 0.002947 -0.008456 -0.00869 0.007424 -0.02642 -0.01372
1305031940.568760 0.002495 -0.006405 -0.007962 0.01058 -0.02244 -0.01027
1305031940.603360 0.008815 -0.0008932 -0.01637 0.009491 -0.02484 -0.002493
1305031940.636760 0.001945 -0.001285 -0.008565 0.001577 -0.02628 -0.005526
1305031940.668760 -0.001647 -0.005861 -0.003692 0.003142 -0.02485 -0.007216
1305031940.703220 0.003458 -0.001341 -0.009808 0.006597 -0.02427 0.00274
1305031940.736950 0.002268 -0.003504 -0.008429 0.004306 -0.02314 -0.001036
1305031940.768770 0.0005836 -0.003252 -0.007321 0.006337 -0.02004 -0.003392
1305031940.803050 0.0006154 -0.003444 -0.00838 0.009514 -0.01924 -0.0009928
1305031940.836760 0.002849 -0.002554 -0.01067 0.009864 -0.01808 0.0008077
1305031940.869690 0.0004624 -0.003876 -0.009432 0.01271 -0.01503 0.00387
1305031940.903310 0.001726 -0.00322 -0.01248 0.01681 -0.01637 0.00675
1305031940.937030 0.003031 -0.002798 -0.0139 0.01576 -0.01679 0.005556
1305031940.968760 0.001837 -0.002524 -0.0143 0.01566 -0.01633 0.004849
1305031941.003160 0.00179 -0.002785 -0.01761 0.01356 -0.01544 0.00448
1305031941.036780 0.003401 -0.0009243 -0.01545 0.01046 -0.01308 0.007143
1305031941.071060 0.003801 -0.003111 -0.01623 0.009551 -0.01044 0.004256
1305031941.103420 0.002126 -0.0009654 -0.01784 0.01012 -0.008764 0.00366
1305031941.136770 0.002408 -0.0002109 -0.01696 0.009501 -0.01146 0.001377
1305031941.171140 0.00272 -0.0001834 -0.019 0.008717 -0.01297 -0.006893
1305031941.203510 -0.0009182 0.003684 -0.02132 0.00523 -0.01234 -0.007418
1305031941.236710 0.003433 0.0009452 -0.01644 0.003646 -0.01824 -0.006495
1305031941.271130 0.003349 0.001296 -0.01816 0.004121 -0.01856 -0.009868
1305031941.303360 7.277e-05 0.00396 -0.02085 0.002575 -0.01871 -0.01103
1305031941.336730 0.007022 0.003861 -0.01313 0.002422 -0.02426 -0.01602
1305031941.371610 0.008956 0.002759 -0.01077 0.005763 -0.01926 -0.02141
1305031941.403850 0.005588 0.002969 -0.01443 0.01045 -0.0119 -0.0254
1305031941.436800 0.003173 0.007424 -0.01767 0.01336 -0.009303 -0.03356
1305031941.469610 0.003732 0.004088 -0.01448 0.006913 -0.00556 -0.03833
1305031941.501460 0.002407 -0.001334 -0.0162 0.005595 -0.005898 -0.02532
1305031941.537220 -0.001525 0.004526 -0.02079 0.006147 -0.01177 -0.01372
1305031941.570290 0.002946 0.003531 -0.01363 0.002311 -0.023 -0.01201
1305031941.603050 0.006038 0.0004675 -0.00841 0.00486 -0.02877 -0.01263
1305031941.636820 0.007321 0.002405 -0.009783 0.01159 -0.02839 -0.01012
1305031941.671550 0.005299 0.005299 -0.01711 0.01186 -0.02527 -0.01585
1305031941.703760 0.005929 0.004386 -0.01415 0.0007081 -0.02193 -0.01301
1305031941.736870 0.00892 -0.001097 -0.006836 -0.00216 -0.02054 -0.004107
1305031941.768820 0.009768 0.001177 -0.01063 0.003276 -0.01867 -0.0007109
1305031941.800820 0.00918 0.002278 -0.01302 0.0005902 -0.01486 0.003831
1305031941.836850 0.01172 0.002027 -0.01159 -0.003929 -0.01456 0.003256
1305031941.871810 0.01161 -0.0003443 -0.01083 -0.005638 -0.01149 0.001521
1305031941.902980 0.0113 0.004237 -0.01384 -0.009597 -0.01016 -0.000334
1305031941.936760 0.01321 -0.002899 -0.007384 -0.01584 -0.01082 -0.0001907
1305031941.971060 0.01177 -0.0001419 -0.01099 -0.01279 -0.009465 -0.004259
1305031942.003140 0.01462 -0.002472 -0.005441 -0.01528 -0.01036 -0.004033
1305031942.036730 0.01564 0.001725 -0.008957 -0.009749 -0.004416 -0.0029
1305031942.071080 0.01465 -0.007225 -0.001917 -0.01398 0.001969 0.0006011
1305031942.100690 0.01128 -0.01056 -0.005443 0.006791 0.0005269 0.004709
1305031942.136760 0.008305 -0.00132 -0.01618 0.01518 -0.0009023 0.0058
1305031942.170750 0.01139 -0.002404 -0.009186 0.002002 -0.005278 0.006871
1305031942.203110 0.01155 -0.007258 -0.006012 0.007605 -0.006001 0.003868
1305031942.238990 0.006265 -0.001319 -0.01572 0.009823 -0.004683 0.005552
1305031942.271110 0.01189 -0.005548 -0.003284 0.006138 -0.009971 -0.0007877
1305031942.303260 0.006331 -0.00544 -0.01066 0.01924 -0.002993 -0.004182
1305031942.337050 0.006247 -0.002349 -0.01105 0.014 -0.000741 -0.004496
1305031942.370760 0.006374 -0.004321 -0.0082 0.01633 0.00141 -0.006443
1305031942.402940 0.002795 -0.002268 -0.01443 0.01445 0.007693 0.001709
1305031942.439260 0.002013 0.003861 -0.02027 0.006372 0.008498 0.006768
1305031942.471960 0.004878 0.0005774 -0.008557 -0.005958 0.001332 0.004169
1305031942.503550 0.007249 -0.0007652 -0.00384 0.0001698 -0.001063 -0.001959
1305031942.539450 0.003331 0.004642 -0.01388 0.0008349 0.005963 -0.0009785
1305031942.571870 0.005597 0.0009539 -0.005167 -0.005206 0.007126 0.003488
1305031942.601450 0.004243 0.001338 -0.008423 -0.001803 0.008985 0.002792
1305031942.639940 0.003705 0.0008777 -0.006789 -0.001234 0.007964 0.004864
1305031942.669010 0.006454 -0.0001282 -0.003177 0.005216 0.007967 0.007421
1305031942.704020 -0.0001736 0.0007546 -0.0136 0.007876 0.01281 0.01128
1305031942.739810 0.002264 0.001132 -0.009023 0.006774 0.005472 0.01089
1305031942.771710 -0.0006196 0.001839 -0.01306 0.006448 0.004392 0.002746
1305031942.801560 -0.002226 0.002568 -0.0118 0.001456 0.001608 0.006024
1305031942.841040 0.004837 0.003956 -0.00668 0.00458 -0.001926 0.003347
1305031942.868830 0.002592 0.003609 -0.01129 0.003207 0.006534 0.002791
1305031942.903960 0.002645 0.004026 -0.005994 0.00463 0.006924 0.004009
1305031942.936820 -0.002442 0.0009383 -0.01273 0.002729 0.009333 0.003174
1305031942.970940 -0.003427 0.004087 -0.008486 -0.0008413 0.003731 0.006147
1305031943.001100 0.001527 0.003082 -0.007865 -0.0006947 0.000399 0.002891
1305031943.039960 -0.0006359 0.004672 -0.006842 -0.00537 0.008665 0.008273
1305031943.071740 0.001572 0.003005 -0.002663 -0.002003 0.007012 0.008048
1305031943.104180 -0.002204 0.003793 -0.009024 0.001645 0.006487 0.004188
1305031943.139520 -0.005206 0.006987 -0.007794 -0.0008997 0.004699 -0.001197
1305031943.171910 -0.003304 0.00433 -0.006218 -0.002854 0.00191 -0.004705
1305031943.201560 -0.005988 0.003592 -0.007263 -0.004549 0.002742 -0.002404
1305031943.240000 -0.003187 0.003867 -0.00484 -0.006548 -0.0009163 -0.001387
1305031943.271810 -0.00315 0.003725 -0.006558 -0.007672 -0.0007595 -0.00449
1305031943.303970 -0.004132 -0.001554 -0.005708 -0.01932 0.001818 -0.002022
1305031943.339940 -0.003953 0.001884 -0.003362 -0.02192 0.00176 0.001317
1305031943.371770 -0.002748 0.003016 -0.002147 -0.02221 -0.0003507 -0.0006987
1305031943.404250 -0.005048 0.003767 -0.002776 -0.02137 0.001309 -0.004024
1305031943.440150 -0.00425 0.004361 -0.001899 -0.02444 0.0003116 -1.056e-06
1305031943.471430 -8.812e-05 0.003853 0.001955 -0.02152 -0.004762 0.004469
1305031943.501110 -0.004071 0.00799 -0.00176 -0.01257 -0.003245 -0.001191
1305031943.539530 -0.003853 0.006567 -0.000346 -0.01864 -0.003458 -1.771e-05
1305031943.570020 0.0005612 0.004203 0.003233 -0.01664 -0.007051 -0.0009568
1305031943.607470 -3.9e-05 0.005059 0.003918 -0.007029 -0.005807 -0.002207
1305031943.638030 -0.006646 0.00687 -0.001312 0.0007571 -0.003177 0.0003425
1305031943.671500 -0.007753 0.006892 -0.003525 -0.01019 -0.004653 0.001209
1305031943.707250 -0.002961 0.005676 0.001043 -0.0258 -0.004992 0.003089
1305031943.739430 0.001726 0.003266 0.004981 -0.02696 -0.006616 0.006834
1305031943.771330 -0.002068 0.006497 0.001375 -0.01545 -0.001983 0.00663
1305031943.806820 -0.00114 0.004752 0.001741 -0.01592 -2.274e-05 0.007862
1305031943.837750 -0.001507 0.006436 0.0001261 -0.01176 0.001148 0.00621
1305031943.868870 -0.004062 0.006864 -0.001228 -0.02061 0.005709 0.008066
1305031943.907220 0.0004145 0.002082 0.001949 -0.02545 0.002976 0.007056
1305031943.936770 -0.003686 0.009551 -0.001828 -0.01882 0.008166 0.001205
1305031943.971280 -0.004336 0.004578 0.001687 -0.0327 0.005784 0.003988
1305031944.007760 -0.001673 0.002209 0.004302 -0.02173 -0.006063 0.002314
1305031944.040490 -0.005984 0.01206 -0.002616 -0.01712 -0.01116 -0.007431
1305031944.070890 -0.003843 0.004191 0.002087 -0.02615 -0.01767 -0.004879
1305031944.107390 0.0009 0.004258 0.002392 -0.02157 -0.02135 -0.008687
1305031944.139660 0.002425 0.001626 0.004067 -0.0207 -0.01731 -0.01141
1305031944.171370 -0.001103 0.002663 0.003716 -0.01579 -0.01148 -0.009173
1305031944.207000 0.002504 -0.00326 0.005267 -0.01504 -0.01132 -0.007534
1305031944.239330 -0.002267 0.002486 0.003559 -0.006853 -0.006376 -0.007456
1305031944.270960 -0.004678 -0.001816 0.005118 -0.007687 -0.00918 -0.006984
1305031944.306930 -0.002968 0.002934 0.003759 -0.003722 -0.01412 -0.009606
1305031944.339310 -0.003807 -0.001707 0.005783 -0.006055 -0.01761 -0.008637
1305031944.370750 0.002092 -0.001467 0.006569 -0.002754 -0.02249 -0.01304
1305031944.406230 -0.005788 -0.001924 0.005423 -0.0004216 -0.01856 -0.01639
1305031944.438720 -0.009718 -0.01049 0.008464 0.001108 -0.02419 -0.01781
1305031944.471300 -0.005867 0.006534 0.000486 0.0131 -0.03251 -0.02273
1305031944.506950 -0.006852 0.002002 0.005244 0.002511 -0.03399 -0.01497
1305031944.539070 0.001515 -0.004596 0.01011 0.00427 -0.03694 -0.01024
1305031944.571530 -0.0002938 -0.001338 0.004941 0.009173 -0.02825 -0.01038
1305031944.607230 -0.00212 3.583e-05 0.0076 0.01436 -0.02437 -0.006986
1305031944.639630 -0.004659 0.0002834 0.005524 0.0165 -0.02322 -0.004131
1305031944.671780 -0.00886 -0.001816 0.008002 0.01684 -0.02362 -0.0005096
1305031944.707770 -0.002616 0.0004947 0.003737 0.02427 -0.03355 -0.002154
1305031944.739940 -0.004704 0.006266 -0.00351 0.01737 -0.0321 -0.007039
1305031944.769060 -0.004934 -0.0008889 0.006166 0.006024 -0.03009 -0.002634
1305031944.807920 0.0007321 -2.391e-05 0.004542 0.01035 -0.02752 -0.0001198
1305031944.839960 -0.0007251 -0.001975 0.003845 0.01297 -0.01988 -0.003364
1305031944.875720 -0.005197 0.002914 -0.001147 0.01468 -0.0154 -0.007022
1305031944.904670 -0.006127 -0.000659 0.001562 0.006953 -0.01547 -0.002801
1305031944.939700 -0.005603 -0.000173 -0.0001119 0.01087 -0.01777 0.0002145
1305031944.969080 -0.005144 0.008988 -0.007207 0.005362 -0.01769 -0.008374
1305031945.007440 -0.003314 0.01283 -0.004013 -0.01767 -0.01484 -0.0155
1305031945.039940 -0.002527 0.002896 0.002733 -0.04026 -0.01051 -0.01292
1305031945.069180 0.0005404 -0.0001407 0.004254 -0.03714 -0.004739 -0.01379
1305031945.107520 -0.00625 0.006822 -4.796e-05 -0.03782 0.005914 -0.01054
1305031945.136770 -0.006664 0.0006379 0.003635 -0.04743 0.00542 -0.002617
1305031945.168990 -0.004207 0.003818 0.002428 -0.03712 0.006321 -0.002943
1305031945.207110 -0.01147 0.001267 0.002443 -0.0367 0.00873 0.005718
1305031945.238860 -0.01073 -0.002222 0.001948 -0.02337 -0.002226 0.0133
1305031945.269070 -0.003852 0.002468 0.001244 -0.01174 -0.008454 0.008551
1305031945.306360 -0.0004077 0.009891 -0.0005401 -0.01228 -0.00458 0.0002901
1305031945.338940 -0.004514 0.00354 0.0007376 -0.02435 0.004182 -0.005296
1305031945.369060 -0.005138 0.0001562 0.0008102 -0.01724 0.008807 -0.00516
1305031945.406660 -0.005827 0.008684 -0.0006378 -0.01577 0.01265 -0.005993
1305031945.436820 -0.01051 0.006786 0.001203 -0.02846 0.01494 0.0006914
1305031945.469170 -0.01073 -0.00342 0.001889 -0.02458 0.008557 0.006983
1305031945.506440 -0.01155 0.002273 0.001244 -0.009875 0.005035 0.008399
1305031945.538420 -0.01138 0.01538 0.002804 -0.01091 -0.003223 0.009606
1305031945.569070 -0.01988 -0.008222 0.005886 -0.02003 -0.01044 0.002424
1305031945.606030 -0.01209 -0.007187 0.004413 -0.002849 -0.014 -0.002257
1305031945.638300 -0.01276 -0.003467 -0.002556 0.002334 -0.005815 -0.00121
1305031945.669120 -0.01573 -0.01013 0.0008433 0.00395 -0.002395 -0.001197
1305031945.706220 -0.01365 -0.004655 -0.0005853 0.01279 -0.003293 0.0008683
1305031945.738670 -0.01236 0.0002224 -0.0005491 0.0129 -0.007186 0.004562
1305031945.769050 -0.01701 -0.01165 0.003221 0.01421 -0.01102 -0.0002459
1305031945.806240 -0.01115 -0.005192 0.001361 0.0256 -0.01126 -0.002127
1305031945.838270 -0.01301 -0.004026 0.001494 0.02631 -0.008868 0.001032
1305031945.869260 -0.01564 -0.0108 0.004075 0.03154 -0.009954 -0.004772
1305031945.909180 -0.01177 -0.006447 -0.000325 0.04211 -0.0119 -0.005684
1305031945.936810 -0.01055 -0.005147 -0.004459 0.03825 -0.01729 -0.003756
1305031945.969300 -0.01014 -0.006143 -0.000986 0.03626 -0.02171 -0.003522
1305031946.005980 -0.009356 -0.00613 -0.0004336 0.03818 -0.02527 -0.004821
1305031946.037280 -0.005976 -1.362e-05 -0.003269 0.03881 -0.02618 -0.006395
1305031946.069060 -0.007719 0.0002373 -0.002009 0.02953 -0.02185 -0.008505
1305031946.107140 -0.006351 -0.001659 -0.0001917 0.02327 -0.02141 -0.008416
1305031946.137050 -0.005669 0.001689 -3.592e-05 0.01769 -0.01626 -0.002324
1305031946.168870 -0.006677 -0.005238 0.004698 0.008975 -0.01263 0.0001419
1305031946.207040 -0.004092 -0.006774 0.004678 0.01257 -0.01318 -0.003508
1305031946.237370 -0.001775 -0.004842 0.004755 0.01512 -0.009159 -0.003268
1305031946.268900 -0.0007221 -0.006155 0.006474 0.01525 -0.0003631 0.0004943
1305031946.306780 -0.001865 -0.006751 0.007909 0.01657 0.008801 0.006321
1305031946.337040 -0.005736 -0.005843 0.01055 0.01807 0.0126 0.00679
1305031946.369020 -0.004777 -0.007684 0.01213 0.01589 0.007457 0.005646
1305031946.406520 -0.002223 -0.004207 0.01208 0.01642 0.005367 0.006284
1305031946.437150 -0.002822 -0.005571 0.01428 0.01011 0.006891 0.001207
1305031946.468960 -0.00356 -0.009353 0.01572 0.006005 0.007376 -0.001252
1305031946.506590 -0.005395 -0.008435 0.01536 0.007783 0.007112 -0.0003038
1305031946.537150 -0.005477 -0.005677 0.01556 0.006663 0.003158 -0.001373
1305031946.569240 -0.005658 -0.00859 0.016 0.002413 -0.001199 -0.004015
1305031946.606470 -0.00513 -0.008381 0.01562 0.003644 -0.006246 -0.00484
1305031946.637160 -0.004147 -0.006765 0.01625 0.001366 -0.009672 -0.002838
1305031946.669090 -0.003784 -0.007933 0.01619 0.0007821 -0.01069 -0.0004408
1305031946.706520 -0.001208 -0.007371 0.01755 -0.0003533 -0.01311 0.003014
1305031946.737130 0.0001794 -0.01066 0.01738 0.0016 -0.009722 0.002796
1305031946.769060 -0.004937 -0.007748 0.01559 0.008109 -0.004797 0.002279
1305031946.806650 -0.003021 -0.005171 0.01484 0.009573 -0.008927 0.0004301
1305031946.837100 -0.002054 -0.004575 0.01516 0.007801 -0.007423 -0.001672
1305031946.869090 -0.0008304 -0.001798 0.01471 0.004162 -0.004334 0.001905
1305031946.906600 0.001931 -0.006223 0.01501 -0.001554 0.001184 -0.0001847
1305031946.937150 -0.006633 -0.009139 0.0143 -0.0002865 0.0104 -0.001203
1305031946.969060 -0.006913 -0.008093 0.01293 0.006782 0.00577 0.0005013
1305031947.006830 -0.002445 -0.0009002 0.01142 0.01241 0.004608 0.002437
1305031947.037000 -0.009588 -0.003792 0.0104 0.005755 0.009722 0.0006807
1305031947.068970 -0.01122 -0.002441 0.008947 0.004408 0.002942 -0.0001833
1305031947.106640 -0.008892 -0.0006381 0.008999 -0.00148 -0.0007691 0.006726
1305031947.137040 -0.01091 -0.0101 0.006903 -0.005101 -0.005167 0.004627
1305031947.169120 -0.006756 -0.004155 0.005273 0.00392 -0.008665 -0.003921
1305031947.204980 -0.00839 -0.0001701 0.003841 0.002914 -0.002061 -0.001074
1305031947.237000 -0.008986 -0.003422 0.003286 0.0002021 -0.0004142 0.002909
1305031947.269080 -0.008581 -0.006433 0.001633 0.002424 0.003949 0.01043
1305031947.304950 -0.01419 -0.007167 -0.0009178 0.01106 0.007385 0.007891
1305031947.336950 -0.01025 0.00504 -0.001851 0.01808 0.005007 0.009227
1305031947.368990 -0.01335 0.002201 -0.002442 0.007292 0.009629 0.01933
1305031947.405010 -0.01345 -0.00356 -0.002072 0.0002819 0.009341 0.01541
1305031947.437040 -0.01443 0.003236 -0.003227 0.003731 0.01257 0.004731
1305031947.469270 -0.01479 0.00617 -0.0006254 -0.006795 0.01494 0.006352
1305031947.504990 -0.01404 -0.004118 -0.0002062 -0.01568 0.01813 0.0141
1305031947.537020 -0.01536 -0.008541 0.000198 -0.01275 0.0208 0.01253
1305031947.568990 -0.01514 0.0005744 9.955e-05 -0.0009537 0.0252 0.01207
1305031947.605180 -0.02284 -0.002605 6.113e-05 -0.004578 0.03013 0.02562
1305031947.637080 -0.01921 0.0004251 0.001139 -0.005905 0.0209 0.02314
1305031947.669010 -0.01334 0.0003992 0.002958 -0.01007 0.02025 0.01626
1305031947.705150 -0.02114 -0.002268 0.002408 -0.01551 0.03043 0.02485
1305031947.736980 -0.01953 -0.006626 0.003508 -0.01769 0.02531 0.02849
1305031947.769040 -0.0223 -0.00345 0.003943 -0.01887 0.02441 0.02439
1305031947.804940 -0.02048 -0.01652 0.005099 -0.01782 0.01474 0.01876
1305031947.837020 -0.01429 0.003493 0.00208 -0.002644 0.01349 0.01719
1305031947.868990 -0.01856 -0.01221 0.005179 -0.01757 0.01836 0.02274
1305031947.905000 -0.01317 -0.004829 0.002028 -0.001441 0.01361 0.01805
1305031947.937030 -0.01418 -0.006025 0.003382 -0.007064 0.01795 0.01756
1305031947.968980 -0.01665 -0.01078 0.002957 -0.001722 0.01658 0.014
1305031948.004910 -0.01342 -0.0002904 0.0004949 0.007289 0.01276 0.01045
1305031948.037000 -0.01649 0.0006471 0.001335 0.0003854 0.01318 0.006919
1305031948.068970 -0.01733 -0.004619 0.002 -0.006416 0.007257 0.003989
1305031948.104990 -0.009951 -0.002219 0.000588 -0.004116 0.0035 0.004079
1305031948.136950 -0.01279 -0.003515 -0.0002036 -0.003393 0.01112 0.002452
1305031948.168950 -0.01442 0.0009208 -0.001402 -0.003197 0.01517 0.006652
1305031948.204990 -0.01611 -0.004211 -0.001265 -0.00662 0.01664 0.01155
1305031948.237000 -0.01407 -0.004646 -0.002166 -0.003425 0.01453 0.01088
1305031948.269040 -0.01435 -0.0009156 -0.00383 0.0001471 0.01672 0.00597
1305031948.304940 -0.02086 -0.00362 -0.003174 -0.002139 0.0183 0.0001524
1305031948.337100 -0.02601 -0.00758 -0.004339 0.0002285 0.01023 -0.002001
1305031948.368970 -0.01834 0.001809 -0.007695 0.009 -0.002299 -0.001231
1305031948.404990 -0.01797 -0.002629 -0.005904 0.001813 -0.004075 0.001535
1305031948.436940 -0.01726 -0.006915 -0.008359 0.008279 -0.007781 0.001403
1305031948.469170 -0.01363 0.00556 -0.009123 0.01612 -0.006718 -0.002033
1305031948.505020 -0.0184 -0.0001856 -0.008598 0.008401 -0.001276 0.0003436
1305031948.537020 -0.02002 0.000271 -0.009408 0.01002 -0.003991 0.002957
1305031948.568890 -0.01738 0.004637 -0.009137 0.009032 -0.008949 0.003646
1305031948.605000 -0.01704 -0.002928 -0.007964 0.00212 -0.009058 0.008614
1305031948.636910 -0.01608 0.003216 -0.008234 0.01062 -0.009938 0.009696
1305031948.669040 -0.01646 0.002852 -0.005711 0.005621 -0.007931 0.009728
1305031948.705080 -0.01701 -0.002572 -0.005722 0.006369 -0.01119 0.0116
1305031948.737060 -0.01342 0.003267 -0.006804 0.01214 -0.01429 0.004169
1305031948.768900 -0.01591 -0.002331 -0.00631 0.006472 -0.00679 -0.002852
1305031948.804980 -0.01785 -0.001023 -0.00659 0.01271 -0.006906 -0.004185
1305031948.837070 -0.01617 -0.001917 -0.006492 0.01344 -0.007781 -0.007749
1305031948.868830 -0.01769 -0.005796 -0.007555 0.01814 -0.00467 -0.008935
1305031948.905080 -0.0137 0.001366 -0.009254 0.02759 -0.005967 -0.01071
1305031948.937000 -0.01423 -0.001941 -0.008374 0.02101 0.0003643 -0.01179
1305031948.968950 -0.0147 -0.006825 -0.009258 0.02465 0.004927 -0.005075
1305031949.005010 -0.01477 -0.0009334 -0.01104 0.03543 0.007558 -0.001401
1305031949.037090 -0.01694 -0.001356 -0.01038 0.03276 0.005032 -0.00164
1305031949.069060 -0.01067 -0.0009418 -0.01097 0.03484 -0.003082 -0.001053
1305031949.105080 -0.007792 -0.002688 -0.01043 0.02715 0.003219 0.000214
1305031949.137260 -0.01078 -0.0003196 -0.0103 0.03199 0.01287 0.005553
1305031949.168950 -0.009749 0.0005869 -0.009081 0.02476 0.01481 0.008133
1305031949.204940 -0.01081 -0.001966 -0.007743 0.01929 0.0201 0.01356
1305031949.237010 -0.01254 -0.0003447 -0.007071 0.02023 0.02322 0.01926
1305031949.268990 -0.01263 7.078e-05 -0.006743 0.0169 0.02226 0.01763
1305031949.305250 -0.01381 0.003215 -0.00509 0.01317 0.02029 0.01778
1305031949.337230 -0.01368 -0.003117 -0.002651 0.002821 0.01694 0.02196
1305031949.368900 -0.01483 -0.001763 -0.002467 0.01065 0.01434 0.02553
1305031949.405060 -0.01365 0.003904 -0.002684 0.01373 0.005483 0.0256
1305031949.437090 -0.01131 0.002404 0.0004042 -0.001983 0.003201 0.02183
1305031949.468900 -0.01155 -0.002211 0.002475 -0.006776 0.00857 0.01999
1305031949.505000 -0.01148 0.002044 0.002114 -0.0006915 0.01111 0.01568
1305031949.537020 -0.01002 0.00555 0.002685 -0.004403 0.01006 0.01309
1305031949.568990 -0.009741 0.005765 0.005478 -0.01505 0.01242 0.01524
1305031949.604800 -0.01105 0.001958 0.005972 -0.02211 0.01367 0.02024
1305031949.637170 -0.007835 0.008744 0.004696 -0.01769 0.007594 0.01727
1305031949.668960 -0.01033 0.007987 0.006767 -0.02829 0.01053 0.01312
1305031949.705000 -0.008879 0.001969 0.007244 -0.03489 0.004359 0.01446
1305031949.736950 -0.007681 0.006346 0.005267 -0.02763 0.0007445 0.00759
1305031949.768990 -0.006658 0.01187 0.006057 -0.02679 -0.0001345 0.001579
1305031949.804940 -0.006904 0.007657 0.007063 -0.03564 -0.0003905 0.004716
1305031949.836960 -0.005136 0.007543 0.005947 -0.03611 -0.002446 0.00789
1305031949.868950 -0.003718 0.012 0.00576 -0.03405 -0.001458 0.004521
1305031949.904850 -0.009459 0.008664 0.006635 -0.0423 0.002623 0.005411
1305031949.936860 -0.009387 0.005121 0.007155 -0.04265 -0.004688 0.007744
1305031949.968880 -0.008979 0.008022 0.006183 -0.03482 -0.01168 0.002866
1305031950.004950 -0.005886 0.008688 0.004812 -0.03552 -0.01777 -0.002567
1305031950.036990 -0.008165 0.01048 0.003952 -0.03552 -0.01773 -0.01009
1305031950.069080 -0.005808 0.008637 0.00391 -0.03743 -0.0207 -0.01287
1305031950.104970 -0.005138 0.0134 0.0008406 -0.03638 -0.01975 -0.01609
1305031950.137000 -0.006305 0.02143 -0.0003291 -0.04726 -0.01734 -0.01811
1305031950.168910 -0.006643 0.00836 0.001247 -0.06332 -0.01554 -0.01839
1305031950.204930 -0.007829 0.008358 0.001517 -0.06011 -0.01622 -0.01329
1305031950.237030 -0.004433 0.007949 -0.0004962 -0.06089 -0.01897 -0.006143
1305031950.269030 -0.004683 0.005831 -0.0004196 -0.04902 -0.01577 -0.002907
1305031950.304980 -0.003541 0.00615 -0.00112 -0.03839 -0.01522 0.0007801
1305031950.337200 -0.001578 0.01165 -0.003366 -0.03426 -0.01348 0.003095
1305031950.368910 -0.0009525 0.009477 -0.003626 -0.03842 -0.00897 0.001669
1305031950.404940 -0.0003572 0.008552 -0.002328 -0.03498 -0.004135 0.002143
1305031950.436980 -0.0009282 0.01034 -0.001587 -0.03246 0.00238 0.002424
1305031950.468980 -0.003238 -0.002789 -0.001572 -0.03316 0.006258 0.0009555
1305031950.504940 -0.001634 -0.008424 -0.001374 -0.02692 0.004074 0.0003597
1305031950.536890 -0.0002094 -0.0176 0.0006833 -0.0192 0.0002495 -0.002597
1305031950.568880 0.00229 -0.01872 0.003817 -0.0113 -0.005227 -0.002043
1305031950.604860 0.004611 -0.01759 0.002208 -0.003146 -0.009974 -0.00739
1305031950.637010 0.001418 -0.01981 -2.826e-05 0.003976 -0.008323 -0.01007
1305031950.668910 0.002386 -0.00948 -0.003446 0.01578 -0.004729 -0.007072
1305031950.704870 6.915e-05 -0.009187 -0.004297 0.0202 0.002037 -0.004482
1305031950.736890 0.0001321 -0.01936 -0.003969 0.02359 0.005797 -0.0001784
1305031950.768900 -0.0006467 -0.008912 -0.005046 0.03375 0.008146 -0.0003047
1305031950.804900 -0.004891 -0.01292 -0.00561 0.03361 0.009892 0.000496
1305031950.837140 -0.00294 -0.01259 -0.005355 0.03674 0.00559 0.001414
1305031950.869010 -0.004309 0.000543 -0.003652 0.03982 0.006309 -0.004532
1305031950.904880 -0.0061 -0.01146 -0.003308 0.03204 0.007108 -0.003342
1305031950.936970 -0.005102 -0.004592 -0.002355 0.03629 0.006511 -0.002266
1305031950.968900 -0.007317 0.001376 -0.002846 0.03441 0.009436 0.0003315
1305031951.004840 -0.008829 0.00225 -0.002538 0.02757 0.009267 0.003624
1305031951.036930 -0.008059 -0.005695 0.000263 0.01425 0.008569 0.00683
1305031951.069010 -0.00945 -0.0124 0.001804 0.01414 0.008168 0.008269
1305031951.104800 -0.006344 -0.00531 0.001722 0.02176 0.006219 0.007651
1305031951.136890 -0.006333 -0.005356 0.00277 0.01978 0.0108 0.007001
1305031951.168910 -0.007831 -0.01145 0.004392 0.01687 0.01444 0.009878
1305031951.204910 -0.005423 -0.01739 0.005938 0.02172 0.01693 0.01221
1305031951.236960 -0.0104 -0.007195 0.004357 0.03388 0.02158 0.01848
1305031951.268910 -0.01163 -0.001751 0.003569 0.03125 0.01635 0.02307
1305031951.304860 -0.009513 -0.00709 0.004857 0.01825 0.01291 0.02562
1305031951.336940 -0.01173 -0.01646 0.005564 0.01591 0.01291 0.02691
1305031951.368840 -0.01149 -0.006975 0.003089 0.0272 0.009733 0.02487
1305031951.404870 -0.01252 -0.008195 0.003702 0.01984 0.008709 0.02167
1305031951.436900 -0.01465 -0.01338 0.003586 0.01884 0.003914 0.01662
1305031951.468860 -0.0116 -0.008344 0.001951 0.02272 -0.001552 0.007794
1305031951.504920 -0.01456 -0.01113 0.002012 0.01948 0.0008621 -0.0002477
1305031951.536890 -0.01558 -0.00822 0.0001866 0.02242 -0.00255 -0.004747
1305031951.569010 -0.01431 -0.009132 -0.0001749 0.01903 -0.005771 -0.008688
1305031951.604930 -0.01413 -0.006767 -0.001219 0.01891 -0.003492 -0.0071
1305031951.636940 -0.01944 -0.008973 -0.001432 0.01526 0.0006218 -0.002284
1305031951.668930 -0.01709 -0.009178 -0.003835 0.01816 -0.007346 0.001482
1305031951.704880 -0.0138 -0.007988 -0.005598 0.01933 -0.008501 -0.003708
1305031951.736830 -0.01731 -0.009037 -0.0057 0.02235 -0.003182 -0.008316
1305031951.768930 -0.01599 -0.002603 -0.008096 0.02791 -0.004904 -0.005563
1305031951.804890 -0.01785 -0.003906 -0.007672 0.02 -0.004717 -0.006392
1305031951.836930 -0.01879 -0.006473 -0.006834 0.01882 -0.006915 -0.006745
1305031951.868910 -0.01461 -0.002776 -0.008853 0.02341 -0.01055 -0.005784
1305031951.904910 -0.01508 -0.0006845 -0.00915 0.02036 -0.007814 -0.008194
1305031951.936960 -0.01517 -0.002339 -0.00853 0.01515 -0.007717 -0.007884
1305031951.968840 -0.01097 -0.002606 -0.008184 0.01087 -0.005039 -0.008858
1305031952.004840 -0.01315 1.11e-05 -0.00876 0.0111 0.006823 -0.006149
1305031952.037100 -0.01377 0.003012 -0.008444 0.007752 0.01112 0.0007467
1305031952.068890 -0.01331 0.005158 -0.007268 0.0009402 0.01189 0.005585
1305031952.105140 -0.01307 0.002698 -0.006102 -0.009992 0.01295 0.01071
1305031952.136940 -0.01022 -0.004133 -0.005047 -0.02063 0.01684 0.01599
1305031952.168930 -0.01189 -0.003015 -0.004148 -0.01197 0.02872 0.01903
1305031952.204910 -0.01413 0.005152 -0.005124 -1.577e-05 0.03152 0.02622
1305031952.236880 -0.01071 0.008218 -0.003492 -0.004243 0.02454 0.03659
1305031952.268900 -0.01119 -0.001506 -0.001106 -0.01372 0.02446 0.02973
1305031952.304890 -0.01437 0.009467 -0.003089 0.005246 0.0228 0.02759
1305031952.336990 -0.01404 0.009873 -0.001228 -0.00528 0.01067 0.02786
1305031952.368960 -0.01475 0.001073 -0.0006309 -0.01258 0.004103 0.01643
1305031952.404920 -0.01292 0.006095 -0.002932 -0.0002989 -0.002309 0.001177
1305031952.437050 -0.01156 0.005097 -0.002454 -0.003733 -0.003173 -0.007608
1305031952.468940 -0.01132 0.006083 -0.002934 -0.002624 -0.001501 -0.006857
1305031952.504870 -0.01189 0.004869 -0.002487 -0.005768 -0.000181 -0.003275
1305031952.536950 -0.01076 0.005959 -0.003408 -0.004431 -0.002043 -0.002671
1305031952.568930 -0.008105 0.007333 -0.003726 -0.009366 -0.004014 -0.002415
1305031952.604930 -0.007659 0.001937 -0.002881 -0.01575 -0.000639 -0.001113
1305031952.636990 -0.005765 0.004695 -0.004342 -0.0125 0.0005122 -0.002247
1305031952.668900 -0.004361 0.006271 -0.004357 -0.01591 0.001968 -0.0004278
1305031952.704920 -0.002742 0.002768 -0.004257 -0.02331 0.005673 -0.005233
1305031952.736940 -0.002593 0.001604 -0.003705 -0.02608 0.01075 -0.003631
1305031952.768960 -0.0009616 0.0004425 -0.002581 -0.02426 0.01641 0.001081
1305031952.804920 -0.0008669 0.006097 -0.004665 -0.02283 0.02427 0.005824
1305031952.836930 -0.001986 0.001151 -0.001614 -0.03303 0.02821 0.006424
1305031952.868990 -0.004469 0.0009592 -0.001201 -0.02738 0.03177 0.00612
1305031952.904920 -0.00557 0.009581 -0.003389 -0.0267 0.031 0.01295
1305031952.936980 -0.004987 -0.005274 0.004519 -0.04209 0.02898 0.01589
1305031952.972900 -0.004323 -0.0007776 0.00151 -0.01473 0.03024 0.01192
1305031953.004870 -0.009584 0.0103 -0.002571 -0.009455 0.03014 0.006631
1305031953.036940 -0.009814 -0.000399 0.001747 -0.02091 0.02172 0.0114
1305031953.073130 -0.006197 0.003009 0.002098 -0.01112 0.01363 0.01227
1305031953.104910 -0.005123 0.003796 0.002052 -0.007592 0.0136 0.009165
1305031953.137100 -0.007651 0.003891 0.0002531 -0.006202 0.01524 0.007695
1305031953.173000 -0.005919 0.004732 0.001383 -0.007848 0.009518 0.01053
1305031953.204990 -0.003802 0.003682 0.001902 -0.008663 0.008901 0.01414
1305031953.237100 -0.001237 0.003391 0.002664 -0.009939 0.009754 0.01688
1305031953.273090 -0.001956 0.00452 0.001504 -0.007904 0.01442 0.01561
1305031953.304970 -0.003715 0.004746 0.0003468 -0.009882 0.01206 0.01246
1305031953.337010 0.001023 0.004329 0.002259 -0.0118 0.007444 0.01272
1305031953.372960 0.002152 0.00536 0.002376 -0.01135 0.009814 0.007115
1305031953.404920 0.004376 0.002645 0.003067 -0.01307 0.01188 0.00475
1305031953.436880 0.004391 -0.00086 0.0029 -0.00982 0.01574 0.002136
1305031953.473260 0.002108 0.003897 0.001114 0.000574 0.01353 -0.003716
1305031953.504920 0.005675 0.004949 0.002987 -0.0009559 0.009375 -0.008133
1305031953.536950 0.005864 -0.003628 0.003677 -0.001422 0.01078 -0.006185
1305031953.572860 0.001935 0.003463 0.001625 0.009767 0.009117 -0.002143
1305031953.604880 0.004957 -0.00198 0.004098 0.006312 0.002159 -0.0008708
1305031953.636960 0.005698 -0.0006144 0.002776 0.01702 0.001607 -0.009146
1305031953.673020 0.001263 0.004638 -0.0002807 0.01478 5.639e-05 -0.01725
1305031953.704930 0.005801 -0.002769 0.00389 0.004991 -0.007493 -0.01479
1305031953.736980 0.007671 -0.003833 0.003776 0.0121 -0.006257 -0.009889
1305031953.772890 0.00318 0.002084 -7.113e-06 0.01442 -0.003365 -0.01589
1305031953.804860 0.003729 -0.005095 0.002606 0.00588 -0.007441 -0.02204
1305031953.836840 0.002774 -0.003739 0.0005718 0.01743 -0.01279 -0.0215
1305031953.872990 0.001966 0.0001694 -0.00125 0.01442 -0.0172 -0.02384
1305031953.904910 0.003725 -0.006263 0.002294 0.008976 -0.02429 -0.01998
1305031953.936920 0.00348 -0.002277 -0.0005136 0.01972 -0.03004 -0.01412
1305031953.972860 0.003004 0.001275 -0.0008445 0.01353 -0.03208 -0.0109
1305031954.004850 0.004253 -0.004413 0.004076 0.004909 -0.03707 -0.004917
1305031954.036920 0.009062 -0.002054 0.004937 0.01548 -0.04059 0.001087
1305031954.072920 0.008456 0.002494 0.001897 0.01596 -0.0334 -0.0003298
1305031954.104930 0.004824 0.0003513 0.003432 0.008647 -0.02969 -0.0007047
1305031954.136940 0.007174 0.001381 0.004266 0.008169 -0.03338 -0.0004521
1305031954.173000 0.01028 0.002055 0.005418 0.006426 -0.03247 -0.002564
1305031954.204840 0.008587 0.005421 0.005452 0.004074 -0.02757 -0.004129
1305031954.237020 0.01176 0.004009 0.00606 -0.002978 -0.02631 -0.001581
1305031954.272870 0.01254 0.002652 0.00761 -0.009041 -0.02077 -0.001803
1305031954.304870 0.0118 -0.002029 0.009811 -0.01098 -0.0173 -0.004098
1305031954.336920 0.01409 -0.0005955 0.008585 -0.001605 -0.0164 -0.005844
1305031954.372870 0.01364 0.001621 0.007757 0.001861 -0.01215 -0.003613
1305031954.404710 0.01221 0.004401 0.007606 0.001333 -0.008898 0.003196
1305031954.436900 0.01213 -0.002541 0.00999 -0.003516 -0.01217 0.003603
1305031954.472970 0.01646 -0.0002527 0.008501 0.006223 -0.01559 -0.004662
1305031954.504830 0.01482 0.003569 0.007587 0.009741 -0.01297 -0.01201
1305031954.536930 0.01069 -0.00254 0.009199 0.003973 -0.0114 -0.01185
1305031954.572950 0.01638 0.0005811 0.007207 0.01351 -0.01898 -0.01423
1305031954.604890 0.01744 0.01211 0.004911 0.01129 -0.01544 -0.02152
1305031954.636860 0.01126 0.00558 0.00797 -0.01043 -0.009682 -0.01168
1305031954.672890 0.01878 -0.006763 0.008278 -0.01971 -0.01279 -0.002996
1305031954.704890 0.01634 -0.004868 0.007371 -0.01028 -0.001745 -0.001583
1305031954.736940 0.01218 0.001119 0.005476 -0.002019 0.0001646 0.002681
1305031954.773180 0.01576 0.002894 0.004619 -0.004674 -0.00144 0.004215
1305031954.804830 0.009511 -0.002418 0.006699 -0.007977 0.0008161 -0.0002829
1305031954.836920 0.01233 -0.0004007 0.004245 -0.0002402 -0.00663 -0.003293
1305031954.873000 0.008734 0.003052 0.004581 -0.002277 -0.00564 -0.00138
1305031954.904870 0.01095 -0.006026 0.005223 -0.003213 -0.01388 -0.007253
1305031954.937020 0.01301 0.002557 0.002641 0.006364 -0.01277 -0.01047
1305031954.972930 0.005858 -0.003066 0.004268 -0.001044 -0.006628 -0.002457
1305031955.004940 0.0102 -0.001858 0.002826 0.003659 -0.01311 -0.001141
1305031955.036970 0.009959 -0.001874 0.002462 0.003222 -0.01005 -0.00181
1305031955.073050 0.007187 -0.0074 0.002422 0.003238 -0.008398 0.0004977
1305031955.104930 0.01175 -0.002181 6.923e-06 0.01159 -0.009754 -0.002374
1305031955.136880 0.007038 -0.003975 0.0002708 0.008458 -0.002288 -0.0001846
1305031955.173000 0.007402 -0.005386 -0.0005438 0.01099 -0.003423 -0.0004638
1305031955.204960 0.007716 -0.0006683 -0.001618 0.0144 -0.0005809 -0.0005652
1305031955.236860 0.002465 -0.001479 -0.0006065 0.009633 0.002555 0.006104
1305031955.272910 0.005006 -0.003252 -0.001562 0.009196 -0.003483 0.003214
1305031955.304880 0.0049 0.001554 -0.002207 0.01148 -0.002521 -0.001407
1305031955.337030 0.000756 -0.001927 -0.0007488 0.004799 -0.001652 -0.002921
1305031955.372860 0.003312 -0.0006558 -0.002056 0.009 -0.006043 -0.006396
1305031955.404930 0.0009087 0.0006822 -0.0009382 0.00645 -0.004107 -0.008994
1305031955.436910 0.001481 -0.0003698 -0.000835 0.005956 -0.005658 -0.009182
1305031955.472930 0.002072 0.00134 -0.0005219 0.005089 -0.003736 -0.003832
1305031955.504890 0.0004602 -0.002313 4.649e-05 0.001749 -0.00147 -0.001694
1305031955.536890 0.00237 0.001932 -0.001078 0.00617 -0.002563 -0.005309
1305031955.572890 -0.001061 0.003468 0.0004226 0.001002 0.001792 -0.001076
1305031955.604940 -0.0001966 -0.002493 0.0004183 -0.003207 -0.00164 -0.0001189
1305031955.636880 0.00201 -0.0006521 0.0003336 -0.0006755 -0.001718 -0.004668
1305031955.672840 -0.0009831 -3.934e-06 0.0004491 0.000712 0.002488 -0.002397
1305031955.704890 -0.001215 0.001523 1.431e-05 0.001083 0.0002656 -0.002315
1305031955.736900 0.0001864 1.473e-06 0.0007498 -0.001601 -0.001146 -0.003714
1305031955.772960 -0.0006021 7.786e-06 0.0005243 -0.001171 0.000218 -0.003489
1305031955.804900 -0.0009828 0.0004999 0.0008873 -0.001445 -0.0003031 -0.004483
1305031955.837020 -0.0002649 -0.0006922 0.0008351 -0.001547 -0.0006843 -0.002392
1305031955.872920 -0.0003061 0.0009113 0.0008718 -0.001549 0.0002181 -0.00304
1305031955.904910 -0.0008288 -0.003266 0.001556 -0.00269 0.000146 -0.004178
1305031955.937290 0.0009711 0.00202 0.0005465 0.002353 0.0002672 -0.002332
1305031955.973190 -0.001434 0.001052 0.001065 -0.001391 0.003174 -0.001136
1305031956.004870 -0.002938 -0.0007909 0.001395 -0.00278 0.0004486 -0.002024
1305031956.036940 0.0007226 0.00105 0.0008603 -0.0009207 -0.003876 -0.001805
1305031956.073040 0.0005164 0.0007623 0.0008258 -0.002981 -0.001109 -0.002162
1305031956.104900 -0.002514 -0.002177 0.001724 -0.005107 -0.000462 -0.002787
