1305033527.701984 0.001828 -0.006918 0.005505 0.005959 -0.006933 -0.004347
1305033527.733905 0.002129 -0.008196 0.005509 0.007488 -0.004588 -0.001382
1305033527.769943 -0.0005157 -0.004635 0.004888 0.01056 -0.001604 0.001049
1305033527.801981 -1.017e-05 -0.004781 0.004601 0.007716 -0.003856 0.001713
1305033527.833907 0.001024 -0.004405 0.004578 0.007272 -0.004656 -0.002001
1305033527.869941 -0.0003545 -0.003631 0.003918 0.005613 -0.003567 -0.006762
1305033527.901960 -0.001022 -0.00229 0.003192 0.00511 -0.00465 -0.01024
1305033527.933929 -3.069e-06 -0.003291 0.002855 0.002307 -0.005361 -0.009884
1305033527.969980 -9.257e-05 -0.002249 0.002173 0.003467 -0.004184 -0.008201
1305033528.002019 0.0001131 -0.002779 0.001959 0.001564 -0.003461 -0.005468
1305033528.034009 0.0007306 -0.001096 0.001224 0.003972 -0.002717 -0.003689
1305033528.070091 0.0007568 -0.0003351 0.0004107 0.00232 -0.001615 -0.00229
1305033528.102036 -0.0004094 0.001003 -0.0003992 0.002688 -0.0002559 -0.002084
1305033528.133965 -0.0003439 0.003613 -0.001306 0.002095 -0.001141 -0.001801
1305033528.169886 0.0005235 0.002874 -0.001774 -0.002225 -0.001731 -0.002292
1305033528.202011 0.0009759 0.002516 -0.002564 -0.003154 -0.0005043 -0.00392
1305033528.234026 -0.0004887 0.002474 -0.003732 -0.002882 0.002977 -0.003034
1305033528.269953 -0.004914 0.001951 -0.00468 -0.002106 0.005251 0.001534
1305033528.301989 -0.003417 0.004316 -0.005049 -0.0007416 -0.001104 0.005007
1305033528.333973 0.0005512 0.002354 -0.004842 -0.001669 -0.00458 0.004052
1305033528.369960 -0.0007371 0.006014 -0.005251 0.001622 -0.0005398 0.001362
1305033528.402061 -0.002749 0.005672 -0.005679 -0.001893 0.001208 0.001478
1305033528.433944 -0.002149 0.005436 -0.006243 -0.002527 -0.0004169 0.001429
1305033528.470018 -0.0005847 0.005484 -0.006804 -0.002368 -0.0009377 0.001155
1305033528.502260 -0.0009364 0.004886 -0.007144 -0.001631 0.001894 -9.499e-05
1305033528.534014 -0.002789 0.007602 -0.008013 0.0003268 0.004599 0.00111
1305033528.570001 -0.003019 0.008498 -0.00851 -0.001524 0.004858 0.003728
1305033528.601902 -0.002987 0.00789 -0.008632 -0.00365 0.005074 0.006019
1305033528.633991 -0.002742 0.006186 -0.008618 -0.004246 0.005499 0.004728
1305033528.669999 -0.005398 0.006688 -0.008574 -4.905e-05 0.006488 -0.001354
1305033528.702008 -0.006381 0.0111 -0.009061 0.002069 0.003239 -0.004378
1305033528.734048 -0.00445 0.00693 -0.009045 -0.00244 0.001145 -0.002733
1305033528.770045 -0.006371 0.009558 -0.009061 0.001607 0.002846 -0.001085
1305033528.801994 -0.005691 0.008428 -0.008858 -0.0006645 -0.0004532 -0.002981
1305033528.834358 -0.003926 0.00826 -0.00902 0.0004055 -0.001647 -0.005682
1305033528.870165 -0.005215 0.009022 -0.009367 0.00146 0.0009088 -0.00515
1305033528.902092 -0.005111 0.01135 -0.009716 0.001639 0.001104 -0.003111
1305033528.934258 -0.006458 0.006968 -0.009674 -0.00318 0.002323 -0.0001818
1305033528.969917 -0.007818 0.009956 -0.01004 0.0006065 -0.000341 0.0004292
1305033529.002386 -0.00346 0.006933 -0.009866 -0.002714 -0.005667 0.0008151
1305033529.033896 -0.002619 0.01 -0.01005 0.001571 -0.002777 0.001027
1305033529.069872 -0.003778 0.01164 -0.009748 -0.0003347 0.0004127 0.003869
1305033529.101938 -0.002935 0.009898 -0.009429 -0.004313 0.0008905 0.00453
1305033529.133980 -0.003005 0.01065 -0.009515 -0.004162 0.001365 0.002365
1305033529.170050 -0.004142 0.008865 -0.009444 -0.005358 0.001891 -0.0005684
1305033529.201938 -0.005599 0.01064 -0.009841 -0.002462 0.0001271 -0.001244
1305033529.233933 -0.002376 0.01269 -0.0105 -0.002802 -0.004454 0.0009475
1305033529.270157 -0.0008675 0.009676 -0.01033 -0.006219 -0.003838 -0.0003745
1305033529.302066 -0.002906 0.01168 -0.01075 -0.002976 -0.0002019 -0.001557
1305033529.333974 -0.004507 0.0115 -0.01037 -0.005933 -0.0009318 0.00134
1305033529.369872 -0.001079 0.009111 -0.01049 -0.006864 -0.004313 0.001061
1305033529.402096 -0.00165 0.01001 -0.01062 -0.004258 -0.002021 0.000316
1305033529.434347 -0.00123 0.01007 -0.01077 -0.003103 -0.001915 -0.000296
1305033529.470113 -0.001593 0.01224 -0.01123 -0.002534 -0.0004617 0.001104
1305033529.502276 -0.001634 0.01045 -0.01058 -0.0053 -0.0008267 0.002301
1305033529.534027 -0.001601 0.009238 -0.01079 -0.004078 -0.001794 -0.0006004
1305033529.569932 -5.62e-05 0.009353 -0.01137 -0.003266 -0.003493 -0.003208
1305033529.601908 0.0005602 0.009092 -0.01247 -0.0006964 -0.001816 -0.003614
1305033529.634597 -0.004889 0.01073 -0.01314 0.0003415 0.00152 0.001077
1305033529.670029 -0.002195 0.007419 -0.01231 -0.001328 -0.006701 0.00214
1305033529.701928 0.001805 0.0121 -0.01328 0.003809 -0.008774 -0.0008648
1305033529.735154 0.001047 0.01137 -0.01276 -0.000215 -0.006136 -0.002654
1305033529.769985 0.003041 0.01263 -0.01293 -0.001721 -0.006196 -0.008111
1305033529.801904 0.002219 0.009112 -0.01301 -0.005139 -0.00233 -0.01295
1305033529.835176 -0.001412 0.01027 -0.01324 -0.00162 0.0002514 -0.01333
1305033529.870052 -0.001202 0.008111 -0.01254 -0.001664 -0.002417 -0.007972
1305033529.902039 0.001734 0.01168 -0.0128 0.001941 -0.004117 -0.002095
1305033529.934438 0.002029 0.007048 -0.01234 -0.001588 -0.0005736 0.002394
1305033529.969975 -0.0001458 0.01199 -0.01302 0.00287 0.001924 0.003423
1305033530.002319 0.0002468 0.01067 -0.01265 -0.002716 0.0009051 0.003825
1305033530.034539 0.0002883 0.008249 -0.01258 -0.002288 0.0005337 -0.0007985
1305033530.070092 -0.001153 0.01101 -0.0135 -7.203e-06 0.002132 -0.00164
1305033530.102640 -0.002315 0.01146 -0.01418 -0.0007969 0.001623 0.001776
1305033530.133963 -0.001331 0.008951 -0.01353 -0.002079 0.0001417 0.002696
1305033530.169975 -5.193e-05 0.01044 -0.01468 -0.0006327 0.0001324 0.001272
1305033530.202533 -0.002784 0.007953 -0.01486 -0.001203 0.003889 0.0009998
1305033530.234343 -0.003961 0.01038 -0.01581 0.001633 0.002542 0.001407
1305033530.270089 -0.00175 0.01041 -0.01626 0.0003406 0.0006419 0.001975
1305033530.302540 -0.002264 0.01038 -0.01637 -0.0009736 0.002257 0.0007575
1305033530.334417 -0.002902 0.00927 -0.01643 -0.001285 0.003913 -0.0008319
1305033530.369991 -0.007034 0.008438 -0.01635 -0.0002287 0.005714 0.002054
1305033530.402280 -0.006992 0.008974 -0.01495 0.002175 0.0003913 0.003672
1305033530.433939 -0.002099 0.01078 -0.01517 0.003961 -0.004351 0.0009225
1305033530.470001 -0.002971 0.009784 -0.01522 0.002735 0.0005653 -0.001403
1305033530.503176 -0.00603 0.01018 -0.01502 0.003067 0.002859 -0.0008714
1305033530.534056 -0.004973 0.009345 -0.01493 0.002809 -5.297e-05 0.0005296
1305033530.570011 -0.004031 0.01056 -0.01488 0.003231 -0.0004416 0.004092
1305033530.603079 -0.004398 0.009681 -0.01427 0.002352 0.0002092 0.006764
1305033530.634562 -0.002803 0.009561 -0.01373 0.001922 -0.001914 0.006278
1305033530.670053 -0.001614 0.01195 -0.01352 0.001641 -0.0008175 0.004641
1305033530.702904 -0.002633 0.008163 -0.01233 -0.001363 0.0009101 0.001339
1305033530.733843 -0.002368 0.01204 -0.0125 0.001392 -9.499e-05 -0.0009929
1305033530.770069 -0.002036 0.01072 -0.01203 -0.001852 5.689e-05 -0.0008724
1305033530.802640 -0.001865 0.01126 -0.01137 -0.003276 7.426e-05 0.0001408
1305033530.834043 -0.001012 0.01145 -0.01125 -0.004451 -0.0004677 0.0001864
1305033530.869990 -0.00146 0.01089 -0.01072 -0.007511 0.001027 0.001771
1305033530.903177 -0.002395 0.007834 -0.009547 -0.008917 0.0003465 0.001288
1305033530.935393 -0.0009872 0.008661 -0.009466 -0.006259 -0.00245 -0.001359
1305033530.969918 -0.0003081 0.007247 -0.008935 -0.006436 -0.002332 -0.002753
1305033531.001895 -0.0001836 0.00614 -0.008266 -0.005516 -0.0007358 -0.001582
1305033531.035071 -0.0001574 0.005202 -0.007064 -0.004796 0.0006657 0.001086
1305033531.070068 0.0005783 0.002881 -0.005636 -0.004152 0.0008279 0.0009129
1305033531.103063 -0.0003131 0.00282 -0.004281 -0.0008241 0.001656 4.731e-05
1305033531.134773 0.001339 0.004253 -0.003707 -0.0003261 -0.0006372 0.000312
1305033531.169952 0.002528 1.437e-05 -0.001868 -0.003952 0.00119 0.000382
1305033531.203418 -5.443e-05 -0.002097 -0.0002602 -0.001141 0.00363 -0.001781
1305033531.234207 0.0004092 -0.0003975 -0.0004163 0.002805 -0.0007871 -0.003988
1305033531.272671 0.002152 -0.002206 0.000217 0.00196 -0.001913 -0.004091
1305033531.303205 0.0003628 -0.002678 0.001261 0.002573 0.0002817 -0.001787
1305033531.335001 0.0008861 -0.003477 0.00195 0.00326 -0.002396 -0.002794
1305033531.370504 0.001154 -0.004672 0.00255 0.004731 -0.004105 -0.005588
1305033531.403347 0.0007427 -0.002481 0.002789 0.005985 -0.003396 -0.004544
1305033531.435427 -0.001102 -0.004014 0.004084 0.003889 -0.003878 -0.002663
1305033531.470310 0.001634 -0.003692 0.004538 0.003688 -0.008276 -0.003757
1305033531.503808 0.00102 -0.005072 0.005167 0.003078 -0.00604 -0.005088
1305033531.534928 -0.001145 -0.003373 0.005714 0.00408 -0.005542 -0.002744
1305033531.571452 0.0002926 -0.005847 0.006712 0.0009963 -0.009078 -0.001859
1305033531.603611 0.0005298 -0.00471 0.007145 0.003399 -0.01002 -0.003232
1305033531.635605 -0.0001415 -0.006484 0.008077 0.001954 -0.01005 -0.003453
1305033531.671650 -0.0008038 -0.003049 0.008615 0.004354 -0.01277 -0.003563
1305033531.703406 0.003593 -0.005647 0.009875 -0.0003242 -0.01827 -0.00922
1305033531.735412 0.003931 -0.005771 0.01008 0.0004286 -0.01572 -0.01649
1305033531.771384 0.0005176 -0.004721 0.009708 0.0006558 -0.01134 -0.01754
1305033531.802701 -0.0001685 -0.005428 0.0102 -0.002266 -0.0125 -0.01333
1305033531.833841 0.003354 -0.007983 0.01093 -0.003047 -0.01543 -0.01113
1305033531.872625 0.003916 -0.007147 0.01038 -0.0004892 -0.01117 -0.009211
1305033531.902835 -0.000117 -0.007935 0.009563 -0.000482 -0.006401 -0.004339
1305033531.933904 0.0007342 -0.00646 0.009455 0.0005895 -0.01167 -0.004148
1305033531.971524 0.004141 -0.005366 0.009659 -0.001348 -0.01393 -0.006731
1305033532.003220 0.002157 -0.009427 0.009869 -0.004669 -0.01063 -0.00986
1305033532.033792 0.0003506 -0.009656 0.01004 -0.0001648 -0.01099 -0.01292
1305033532.071576 0.0004919 -0.009361 0.01035 0.002961 -0.01283 -0.01289
1305033532.101891 0.001511 -0.007646 0.01094 0.004966 -0.01306 -0.01048
1305033532.135137 0.0004653 -0.007412 0.01076 0.004836 -0.01004 -0.005066
1305033532.171224 0.001312 -0.00658 0.01126 0.003673 -0.01093 -0.00409
1305033532.203554 0.002416 -0.007516 0.01098 0.00296 -0.009036 -0.006562
1305033532.233903 -0.002034 -0.007563 0.01019 0.003179 -0.004533 -0.00576
1305033532.271672 -0.001635 -0.005903 0.01013 0.004205 -0.008004 -0.0056
1305033532.303369 0.001149 -0.006674 0.01054 0.002328 -0.00838 -0.005464
1305033532.335390 -0.002534 -0.005445 0.009382 0.002869 -0.003007 -0.002756
1305033532.371841 -0.001436 -0.005866 0.009673 0.0004808 -0.004525 -0.001256
1305033532.403250 -0.002532 -0.006797 0.009128 0.0001044 -0.0026 -0.0007807
1305033532.435086 -0.004815 -0.004053 0.008357 0.0003435 -0.002168 0.0007721
1305033532.471928 -0.003916 -0.006272 0.009338 -0.003767 -0.005275 0.001438
1305033532.502026 -0.001745 -0.005926 0.009532 -0.002852 -0.007064 -0.001067
1305033532.539103 -0.003613 -0.006469 0.009394 -0.004127 -0.004051 -0.001023
1305033532.571563 -0.002933 -0.008859 0.01014 -0.004067 -0.005213 -0.00163
1305033532.603569 -0.003836 -0.007736 0.01017 -0.0005893 -0.003813 -0.0006814
1305033532.635683 -0.003696 -0.008209 0.01051 -1.262e-05 -0.004458 0.001456
1305033532.672619 -0.002442 -0.005534 0.01074 0.00083 -0.004514 0.002878
1305033532.702116 -0.003191 -0.007889 0.01077 -0.003002 -0.00223 0.003411
1305033532.739491 -0.003576 -0.009172 0.01077 -0.003798 -0.003007 0.002237
1305033532.772110 -0.004814 -0.01005 0.01059 -0.002162 -0.003753 0.0006309
1305033532.802328 -0.005826 -0.009746 0.01047 7.58e-05 -0.006449 -0.0008986
1305033532.839648 -0.005123 -0.008481 0.0104 0.001878 -0.01138 -0.004692
1305033532.871167 -0.001807 -0.008355 0.01123 0.002172 -0.01452 -0.01121
1305033532.903405 -0.005968 -0.008552 0.01027 0.003167 -0.01001 -0.01305
1305033532.936355 -0.006942 -0.008725 0.009888 0.003868 -0.01229 -0.01037
1305033532.970791 -0.006256 -0.008722 0.009284 0.005152 -0.01516 -0.007107
1305033533.003810 -0.00462 -0.008746 0.008422 0.005757 -0.01807 -0.00787
1305033533.037901 -0.004581 -0.006781 0.00727 0.007581 -0.01915 -0.01192
1305033533.069932 -0.004639 -0.005514 0.006516 0.007187 -0.01993 -0.01533
1305033533.101970 -0.003628 -0.002767 0.005884 0.005776 -0.02089 -0.01838
1305033533.137702 -0.003748 -0.003609 0.005849 0.001601 -0.01971 -0.0196
1305033533.169879 -0.006135 -0.004419 0.004764 -0.0005792 -0.01888 -0.01902
1305033533.202524 -0.003951 -0.004763 0.004574 -0.001111 -0.02472 -0.02047
1305033533.238626 -0.002161 -0.00461 0.004729 -0.000221 -0.02708 -0.0231
1305033533.270604 -0.002881 -0.00156 0.003733 0.002368 -0.02581 -0.02532
1305033533.302453 -0.001465 -0.002288 0.004349 -0.001814 -0.02669 -0.02549
1305033533.338311 -0.003734 -0.003972 0.003666 -0.002918 -0.02654 -0.02303
1305033533.369923 -0.0007406 7.784e-05 0.005208 -0.000331 -0.03251 -0.02515
1305033533.402013 0.004675 -0.00107 0.007243 -0.003287 -0.03148 -0.03345
1305033533.437814 0.001165 -0.004611 0.005503 -0.004105 -0.02344 -0.03666
1305033533.469894 -0.002218 -0.003653 0.00452 -0.002404 -0.02083 -0.03224
1305033533.502497 -0.002163 -0.003172 0.005154 -0.004705 -0.02072 -0.02233
1305033533.537975 -0.0014 -0.005894 0.005966 -0.007779 -0.02117 -0.01341
1305033533.570826 0.0002409 -0.006289 0.008086 -0.005453 -0.02225 -0.01242
1305033533.602884 -0.001263 -0.005767 0.007312 -0.001032 -0.01978 -0.01445
1305033533.638668 -0.003644 -0.005004 0.005528 0.0001709 -0.01698 -0.01338
1305033533.669970 -0.00347 -0.005352 0.006059 -0.001431 -0.01805 -0.01061
1305033533.702207 -0.001166 -0.005778 0.007739 0.0006504 -0.01999 -0.0112
1305033533.738135 -0.00558 -0.005225 0.004497 0.001516 -0.01456 -0.009421
1305033533.770018 -0.004939 -0.00434 0.005655 -0.0008505 -0.0169 -0.00812
1305033533.805970 -0.002836 -0.003734 0.006707 -0.002373 -0.01609 -0.008779
1305033533.839051 -0.001677 -0.00516 0.007676 -0.003987 -0.01618 -0.01138
1305033533.871275 -0.003081 -0.005512 0.007164 -0.002162 -0.01716 -0.01357
1305033533.907675 -0.0029 -0.005769 0.007841 -0.001301 -0.01799 -0.01364
1305033533.939020 -0.004478 -0.005246 0.006953 -0.0005341 -0.01513 -0.01226
1305033533.970792 -0.005211 -0.00461 0.006714 -0.002604 -0.01244 -0.01054
1305033534.006647 -0.001628 -0.00578 0.009198 -0.003975 -0.01536 -0.009195
1305033534.038452 -0.004618 -0.004607 0.006395 -0.004239 -0.01352 -0.009475
1305033534.070751 -0.00176 -0.004614 0.01118 -0.005906 -0.01651 -0.01154
1305033534.106542 -0.0009815 -0.005937 0.01161 -0.005062 -0.01569 -0.01246
1305033534.138454 -0.002087 -0.006639 0.01107 -0.002876 -0.01737 -0.01258
1305033534.170552 -0.003986 -0.006219 0.0115 -0.000476 -0.01577 -0.01077
1305033534.206832 -0.0007758 -0.006878 0.01342 0.000868 -0.0186 -0.01019
1305033534.238661 -0.002557 -0.00672 0.01239 0.004217 -0.01527 -0.01185
1305033534.269974 -0.004689 -0.007229 0.01014 0.00272 -0.01103 -0.009581
1305033534.306394 -0.003889 -0.006716 0.0107 0.001609 -0.01158 -0.006125
1305033534.338523 -0.003507 -0.007459 0.01184 -0.0004543 -0.007852 -0.003994
1305033534.370489 -0.001626 -0.007941 0.01263 -0.000417 -0.00793 -0.00345
1305033534.406522 0.0003003 -0.007236 0.01318 0.002962 -0.01285 -0.004556
1305033534.438479 -0.001286 -0.008112 0.0121 0.004168 -0.01314 -0.007075
1305033534.470619 -0.001821 -0.009176 0.01183 0.004802 -0.01322 -0.009436
1305033534.506416 -0.002979 -0.008051 0.008165 0.005638 -0.01356 -0.0102
1305033534.538586 -0.001478 -0.008085 0.01019 0.002867 -0.01373 -0.009681
1305033534.571041 -0.00281 -0.008839 0.008935 0.001356 -0.01206 -0.008878
1305033534.607084 -0.0007031 -0.008134 0.008956 0.001604 -0.0169 -0.009348
1305033534.639612 0.001634 -0.007711 0.009075 -0.0008461 -0.01829 -0.01185
1305033534.671420 0.0002519 -0.007972 0.01028 -0.002107 -0.01414 -0.01431
1305033534.706998 -0.0008861 -0.008551 0.01279 -0.001395 -0.01377 -0.0139
1305033534.737977 0.001028 -0.007212 0.009139 -0.0005626 -0.01644 -0.01227
1305033534.769899 0.001734 -0.00872 0.01213 -0.00367 -0.0167 -0.01217
1305033534.806777 0.001067 -0.008475 0.01188 -0.002433 -0.01501 -0.01305
1305033534.839367 0.00239 -0.009088 0.01274 -0.002548 -0.01632 -0.01349
1305033534.871560 0.001237 -0.008954 0.01199 -0.001711 -0.01349 -0.01294
1305033534.906881 -0.0004408 -0.009836 0.01224 -0.001802 -0.012 -0.009663
1305033534.939455 0.001816 -0.01079 0.01231 -0.001711 -0.01514 -0.007198
1305033534.975303 0.003585 -0.01128 0.01185 -0.0002125 -0.01649 -0.009254
1305033535.007644 0.002845 -0.0128 0.01258 0.0006267 -0.0144 -0.01401
1305033535.039542 -0.0001183 -0.01264 0.01333 0.004889 -0.009887 -0.01444
1305033535.075358 -0.0004563 -0.01052 0.01251 0.008287 -0.01187 -0.009864
1305033535.107726 0.003461 -0.01171 0.01143 0.006516 -0.01585 -0.007594
1305033535.137976 0.003087 -0.01194 0.01184 0.006938 -0.01105 -0.009147
1305033535.174375 0.001781 -0.008791 0.01162 0.009414 -0.006313 -0.008043
1305033535.206381 0.002661 -0.008917 0.01115 0.00498 -0.006808 -0.005322
1305033535.238648 0.003013 -0.009618 0.01096 0.002897 -0.004199 -0.004218
1305033535.274515 8.531e-07 -0.009193 0.01047 0.002728 -0.0005963 -0.00335
1305033535.306554 -0.001242 -0.009578 0.01039 0.003551 -0.00196 -0.003064
1305033535.338664 -0.001254 -0.007755 0.009205 0.005704 -0.003945 -0.0003508
1305033535.374612 0.0005372 -0.006402 0.008525 0.004872 -0.006803 -0.001011
1305033535.406681 0.001783 -0.005885 0.008212 0.004423 -0.00589 -0.004816
1305033535.438751 -0.001392 -0.004454 0.007203 0.003562 -0.00178 -0.005077
1305033535.474572 -0.002554 -0.004725 0.006979 0.001737 -0.001534 -0.003075
1305033535.506535 -0.002653 -0.003516 0.006173 0.001385 -0.002515 -0.0008306
1305033535.538690 -0.001212 -0.003964 0.00562 -0.0007521 -0.004174 0.0002223
1305033535.574684 -0.000462 -0.005945 0.00557 -0.001087 -0.003959 -0.001394
1305033535.606541 -0.0007727 -0.003201 0.005016 0.002254 -0.002925 -0.00391
1305033535.638675 -0.001475 -0.003877 0.004978 0.000483 -0.001565 -0.003151
1305033535.674647 -0.001646 -0.004451 0.00463 -8.731e-05 -0.001321 -0.002419
1305033535.706590 -0.0002315 -0.003075 0.004047 0.002152 -0.001692 -0.002576
1305033535.739050 -0.001081 -0.003914 0.004303 -0.0005017 0.0005007 -0.001602
1305033535.774484 -0.002135 -0.003588 0.003841 0.0006502 0.001487 -0.0006614
1305033535.806446 -0.003017 -0.00462 0.004269 0.0002368 5.1e-05 -0.0005053
1305033535.837736 -0.00208 -0.003095 0.003191 0.003088 -0.002448 -0.0007846
1305033535.874456 0.0001385 -0.002298 0.004258 0.0006884 -0.003767 -0.001962
1305033535.906798 -0.0005725 -0.004402 0.004559 -0.0001597 -0.0009168 -0.004463
1305033535.939292 -0.001744 -0.002774 0.0039 0.001491 0.0003063 -0.004238
1305033535.975405 -0.001063 -0.003887 0.004009 -0.000484 0.0008532 -0.001119
1305033536.008091 -0.002812 -0.005673 0.004198 0.0001563 0.002365 0.00175
1305033536.039420 -0.002699 -0.004261 0.00362 0.003405 -0.000402 0.002493
1305033536.075320 -6.569e-05 -0.001906 0.002931 0.004253 -0.003695 0.0003393
1305033536.107442 3.03e-05 -0.002478 0.004147 0.001697 -0.002405 -0.002456
1305033536.137919 -0.00218 -0.003023 0.003166 0.002182 0.0001977 -0.003238
1305033536.175221 -0.003086 -0.001643 0.002243 0.002413 -0.001513 -0.001931
1305033536.203650 -0.0002449 -0.002643 0.002362 0.001287 -0.0042 -0.001652
1305033536.241700 -0.001797 -0.001288 0.001783 0.002492 -0.001748 -0.0007644
1305033536.275136 -0.001196 -0.001002 0.001122 0.001995 -0.003222 -0.000276
1305033536.305856 -4.913e-05 -0.0005882 0.0006921 0.001448 -0.004047 -0.001852
1305033536.343052 -0.00102 0.0004582 0.0002451 0.001373 -0.002682 -0.002338
1305033536.375071 -0.001022 -0.0002604 0.0003399 0.000201 -0.003323 -0.002739
1305033536.404679 -0.0004642 0.0008004 -0.001243 0.00136 -0.004401 -0.00406
1305033536.443576 -0.0002942 0.002017 -0.001611 0.0008964 -0.003598 -0.003195
1305033536.474256 -0.0004986 0.002098 -0.002008 -2.225e-05 -0.002902 -0.001828
1305033536.507269 0.0004413 0.002745 -0.002653 -0.0006189 -0.003477 -0.001555
1305033536.542479 0.0013 0.003153 -0.00269 -0.001498 -0.003194 -0.002725
1305033536.573337 -0.0004501 0.003888 -0.003148 -0.001613 -0.001297 -0.003017
1305033536.604428 -0.0005705 0.003382 -0.004035 -0.002778 -0.002659 -0.001859
1305033536.643164 0.001347 0.003822 -0.003962 -0.003066 -0.004563 -0.002381
1305033536.675458 0.0002048 0.004 -0.004037 -0.002573 -0.002633 -0.003132
1305033536.707440 -0.0001806 0.003953 -0.004756 -0.002696 -0.003715 -0.003231
1305033536.743296 0.001052 0.004105 -0.004102 -0.003063 -0.004913 -0.004151
1305033536.775276 -0.000773 0.005556 -0.004631 -0.001667 -0.003713 -0.004695
1305033536.808196 0.0006711 0.004414 -0.004712 -0.003904 -0.00577 -0.004146
1305033536.843463 -6.445e-05 0.004208 -0.004232 -0.004081 -0.004692 -0.003949
1305033536.871274 -0.0003312 0.006241 -0.004201 -0.002631 -0.005139 -0.003753
1305033536.907652 0.001469 0.004133 -0.003835 -0.005013 -0.006896 -0.004816
1305033536.943379 0.0008354 0.004835 -0.004284 -0.003142 -0.00487 -0.006934
1305033536.975402 -0.001667 0.004035 -0.003792 -0.003269 -0.0031 -0.005331
1305033537.007346 -0.0003908 0.004311 -0.004271 -0.002057 -0.005544 -0.003822
1305033537.043379 0.001393 0.004662 -0.004139 -0.0016 -0.006343 -0.003664
1305033537.075249 0.001145 0.005854 -0.00363 -0.001552 -0.004716 -0.004009
1305033537.107490 0.0003207 0.004621 -0.0043 -0.002304 -0.00355 -0.005357
1305033537.143619 -0.000417 0.005304 -0.00419 -0.003018 -0.002874 -0.003602
1305033537.175495 -9.62e-05 0.003981 -0.004046 -0.00378 -0.003275 -0.001469
1305033537.207418 0.001077 0.003917 -0.004453 -0.003186 -0.003792 -0.002242
1305033537.243687 -0.0003619 0.003008 -0.004299 -0.002632 -0.002395 -0.002721
1305033537.275552 0.0008457 0.0036 -0.005571 4.62e-05 -0.005422 -0.006565
1305033537.307573 0.001323 0.003566 -0.005675 -0.0004896 -0.005365 -0.007229
1305033537.343855 0.001124 0.003946 -0.006324 2.022e-05 -0.004716 -0.006532
1305033537.375637 0.00168 0.004236 -0.006127 -0.0007098 -0.004927 -0.00569
1305033537.407662 0.003141 0.002538 -0.006822 -0.0009299 -0.004931 -0.007374
1305033537.443628 0.001002 0.005734 -0.007293 0.0007637 -0.002769 -0.007231
1305033537.475437 0.002047 0.004436 -0.007041 -0.001669 -0.003666 -0.005704
1305033537.502235 0.001685 0.005638 -0.008045 -0.0009525 -0.002546 -0.005752
1305033537.543400 0.00079 0.004553 -0.007347 -0.003231 -0.002409 -0.005107
1305033537.575726 0.0008472 0.0051 -0.008028 -0.001346 -0.004082 -0.006649
1305033537.602340 0.003402 0.005534 -0.008587 -0.00131 -0.005383 -0.008781
1305033537.639757 0.0009831 0.005764 -0.008324 -0.002223 -0.001493 -0.008827
1305033537.674027 -0.001784 0.006556 -0.009061 -0.001874 -0.001632 -0.007176
1305033537.702286 0.0005427 0.004371 -0.009015 -0.004051 -0.005449 -0.004749
1305033537.743774 -0.0005136 0.005277 -0.007881 -0.002545 -0.006622 -0.003892
1305033537.775789 0.000897 0.005266 -0.006699 -0.001258 -0.009395 -0.006272
1305033537.802399 0.001226 0.004937 -0.007101 0.0009905 -0.0103 -0.01072
1305033537.844740 8.88e-05 0.004704 -0.007201 0.001115 -0.009647 -0.01212
1305033537.875839 -0.001825 0.005752 -0.007063 0.002429 -0.008425 -0.009831
1305033537.902446 -0.001106 0.004899 -0.007444 0.002374 -0.01074 -0.007733
1305033537.944108 -0.001157 0.005096 -0.006575 0.001961 -0.01219 -0.006949
1305033537.975959 -0.0001781 0.004991 -0.0071 0.004137 -0.01316 -0.008581
1305033538.002467 -0.002008 0.006967 -0.007291 0.004069 -0.01195 -0.008293
1305033538.041600 -0.001005 0.005949 -0.007546 0.002339 -0.01336 -0.006897
1305033538.074355 8.575e-05 0.008747 -0.007525 0.002504 -0.01282 -0.005601
1305033538.102511 0.000286 0.008215 -0.007002 -0.001335 -0.01064 -0.003927
1305033538.144040 -0.0006636 0.008202 -0.006541 -0.002694 -0.009367 -0.003502
1305033538.175947 -0.00104 0.007502 -0.006362 -0.00408 -0.01001 -0.005052
1305033538.202595 0.0002429 0.008168 -0.006323 -0.003753 -0.01197 -0.007959
1305033538.243995 -0.001017 0.007983 -0.006327 -0.004545 -0.01147 -0.008964
1305033538.275794 -0.0006799 0.007392 -0.006699 -0.005084 -0.01229 -0.009328
1305033538.302690 0.0001856 0.005577 -0.006012 -0.005725 -0.01305 -0.007383
1305033538.344100 -0.0004773 0.006886 -0.006304 -0.003683 -0.01288 -0.006916
1305033538.376150 0.000445 0.00564 -0.006165 -0.00421 -0.01391 -0.006024
1305033538.402749 0.001856 0.005898 -0.006163 -0.003859 -0.0151 -0.004984
1305033538.443205 0.002365 0.006852 -0.005938 -0.003337 -0.01284 -0.005004
1305033538.471634 0.001222 0.006003 -0.005249 -0.003834 -0.01082 -0.005711
1305033538.502753 0.002209 0.006425 -0.005341 -0.004358 -0.01355 -0.008174
1305033538.543405 0.002572 0.005453 -0.005342 -0.004853 -0.01302 -0.01072
1305033538.575517 0.002043 0.00587 -0.005316 -0.003583 -0.01227 -0.01156
1305033538.602851 0.001259 0.005016 -0.005334 -0.004848 -0.01347 -0.009324
1305033538.643531 0.003544 0.006846 -0.005034 -0.003914 -0.01587 -0.01031
1305033538.670915 0.003564 0.005402 -0.004265 -0.004788 -0.01417 -0.01187
1305033538.703005 0.001255 0.005178 -0.004768 -0.003988 -0.01374 -0.01225
1305033538.743340 0.003993 0.006695 -0.004353 -0.003553 -0.01741 -0.01311
1305033538.770882 0.00415 0.007476 -0.004035 -0.004053 -0.0155 -0.01365
1305033538.802949 0.002553 0.003552 -0.003936 -0.007577 -0.01432 -0.01537
1305033538.844389 0.002708 0.005975 -0.004817 -0.003314 -0.01467 -0.01698
1305033538.870947 0.0008941 0.005491 -0.004855 -0.006235 -0.01275 -0.01204
1305033538.902977 -0.0002736 0.004751 -0.005106 -0.006919 -0.01325 -0.008686
1305033538.944634 0.00311 0.004619 -0.003985 -0.00571 -0.01725 -0.01079
1305033538.970999 0.004385 0.005037 -0.003344 -0.003463 -0.01656 -0.01537
1305033539.003002 0.00109 0.004256 -0.004603 -0.003631 -0.0115 -0.01608
1305033539.044577 0.0002247 0.003168 -0.005023 -0.003948 -0.01145 -0.01362
1305033539.071038 0.0003617 0.00359 -0.005061 -0.003227 -0.01208 -0.009918
1305033539.103073 0.001478 0.003555 -0.004409 -0.00336 -0.01221 -0.00754
1305033539.144433 0.001074 0.004051 -0.004897 -0.001943 -0.01076 -0.007468
1305033539.171128 0.001231 0.004359 -0.005001 -0.001529 -0.009944 -0.007725
1305033539.202974 0.001086 0.00248 -0.004677 -0.002858 -0.008613 -0.007319
1305033539.244402 -0.000645 0.002436 -0.006005 -0.001916 -0.007009 -0.006654
1305033539.271203 -0.0009512 0.001848 -0.006153 -0.001797 -0.007198 -0.004243
1305033539.303420 -0.002099 0.001976 -0.006711 -0.0009365 -0.007265 -0.001828
1305033539.344491 -0.0006126 0.001893 -0.005975 -0.0008451 -0.01061 -0.001849
1305033539.371428 0.001411 0.003636 -0.005248 0.001688 -0.01081 -0.005638
1305033539.403098 -0.001073 0.00102 -0.005473 0.0009828 -0.007199 -0.007137
1305033539.443553 -0.003047 0.001919 -0.007054 0.002766 -0.007666 -0.006667
1305033539.471316 -0.0004935 0.001784 -0.005617 0.003034 -0.009668 -0.00376
1305033539.503332 -0.002425 0.003063 -0.006585 0.002038 -0.006566 -0.001551
1305033539.542411 -0.001845 0.001195 -0.005446 0.0007353 -0.007876 -8.289e-05
1305033539.571542 -0.001541 0.003319 -0.006097 0.004837 -0.009567 -0.003484
1305033539.603504 -0.001323 0.002168 -0.005639 0.002413 -0.008245 -0.004413
1305033539.642471 -0.002808 0.0008176 -0.005419 0.002878 -0.006219 -0.00233
1305033539.671545 -0.003752 0.002447 -0.006587 0.005011 -0.007256 -0.0007805
1305033539.703342 -0.0009284 0.002124 -0.005144 0.0023 -0.008454 0.0003543
1305033539.743168 -0.001381 0.003037 -0.005117 0.002569 -0.004497 -0.000253
1305033539.771215 -0.004436 0.002446 -0.00532 0.0006538 -0.001769 0.001481
1305033539.803393 -0.003554 0.002318 -0.00455 0.0005339 -0.005443 0.002234
1305033539.844495 -0.00162 0.002339 -0.003995 0.001632 -0.007695 -0.001317
1305033539.871406 -0.003449 0.003188 -0.004359 0.001669 -0.005957 -0.004761
1305033539.903596 -0.001801 0.00112 -0.002829 -0.0007205 -0.007307 -0.005368
1305033539.939497 -0.003468 0.002232 -0.003199 0.0008298 -0.004205 -0.003996
1305033539.971508 -0.003352 0.001853 -0.003 -0.00163 -0.005802 -0.003502
1305033540.003525 -0.0001462 -0.0005162 -0.0006646 -0.001921 -0.007828 -0.005299
1305033540.039518 -0.002454 0.0007394 -0.001352 0.001173 -0.003864 -0.006131
1305033540.071556 -0.002022 -0.0005832 -0.0005528 -0.0009369 -0.004711 -0.004917
1305033540.103575 -0.001 -0.00146 0.0004878 -0.0002149 -0.004294 -0.003842
1305033540.139565 -0.002194 -0.00123 0.0003258 0.0003025 -0.002938 -0.00268
1305033540.171614 -0.001362 -0.002781 0.001244 0.001001 -0.005287 -0.005156
1305033540.203600 -0.002285 -0.000692 0.001029 0.002862 -0.004602 -0.007749
1305033540.239618 -0.001896 -0.002606 0.002338 0.0003083 -0.005089 -0.006203
1305033540.271677 -0.001696 -0.002755 0.002589 0.0009359 -0.00512 -0.005143
1305033540.303650 -0.001577 -0.002793 0.002896 -0.0002676 -0.004562 -0.003248
1305033540.339664 -0.001425 -0.003285 0.003463 0.000187 -0.004081 -0.002654
1305033540.371702 -0.002084 -0.003175 0.003573 0.0004589 -0.00372 -0.002542
1305033540.403698 -0.001094 -0.003337 0.003891 -6.338e-05 -0.00437 -0.003176
1305033540.439718 -0.001393 -0.004832 0.004721 -0.0006525 -0.002725 -0.001743
1305033540.471744 -0.002965 -0.002398 0.003545 0.001669 -0.002877 -0.002029
1305033540.503736 -0.0005708 -0.003852 0.004596 -0.0003506 -0.005274 -0.00418
1305033540.539756 -0.002124 -0.003025 0.004248 -0.0008512 -0.002423 -0.002753
1305033540.571669 -0.001657 -0.005457 0.005064 -0.002188 -0.003151 0.0004013
1305033540.603778 -0.0008788 -0.005574 0.004379 -0.0004069 -0.004069 0.0001506
1305033540.639802 -0.001423 -0.005598 0.003909 0.001486 -0.003132 -0.0003568
1305033540.671866 -0.003401 -0.00509 0.003094 0.003502 -0.003513 -0.0001864
1305033540.703705 -0.0009183 -0.005166 0.003245 0.003076 -0.007604 -0.001676
1305033540.739866 -0.0004246 -0.004706 0.003 0.003757 -0.005313 -0.003028
1305033540.771871 -0.002304 -0.002915 0.002838 0.003947 -0.002573 -0.001622
1305033540.803745 -0.0006982 -0.003711 0.00296 0.001 -0.004156 -0.00259
1305033540.839891 -0.001209 -0.002668 0.00279 0.00217 -0.002608 -0.003907
1305033540.871947 -0.002441 -0.001802 0.002659 0.001456 -0.001754 -0.002063
1305033540.903965 -0.0008022 -0.001364 0.002878 -0.0001331 -0.003618 -0.001683
1305033540.940142 -0.0009986 -0.0008962 0.003242 -0.0006198 -0.001815 -0.002114
1305033540.972017 -0.002424 -0.0002756 0.003137 -0.002064 -0.001513 -0.003193
1305033541.003911 -0.001542 -0.001879 0.003662 -0.003607 -0.003086 -0.004361
1305033541.040004 -0.002414 -0.001819 0.003871 -0.002525 -0.002759 -0.004151
1305033541.071959 -0.002836 -0.001315 0.003744 -0.001815 -0.003645 -0.003025
1305033541.103979 -0.001479 -0.001328 0.003896 -0.001832 -0.005492 -0.002983
1305033541.140007 -0.0005605 -0.001761 0.004191 -0.002416 -0.004651 -0.004129
1305033541.171938 -0.003269 -0.001593 0.004259 -0.002713 -0.001977 -0.003076
1305033541.203985 -0.002505 -0.0029 0.004654 -0.003459 -0.004428 -0.001621
1305033541.239962 -0.001785 -0.003033 0.004854 -0.002561 -0.004986 -0.001035
1305033541.271980 -0.001956 -0.003088 0.005144 -0.001778 -0.005037 -0.001815
1305033541.303933 -0.002619 -0.003798 0.005443 -0.002159 -0.004365 -0.001743
1305033541.339959 -0.003083 -0.004122 0.005554 -0.0003549 -0.005422 -0.001974
1305033541.371973 -0.001722 -0.003047 0.00539 0.0002294 -0.007253 -0.00316
1305033541.404069 -0.001911 -0.004888 0.00579 -0.0008084 -0.006116 -0.003909
1305033541.439966 -0.003537 -0.004659 0.005141 0.001238 -0.004967 -0.003214
1305033541.472055 -0.001522 -0.003146 0.004875 0.002216 -0.008137 -0.003218
1305033541.504009 -0.0006935 -0.003774 0.005083 0.001671 -0.006194 -0.003597
1305033541.539971 -0.003744 -0.003372 0.004415 0.001476 -0.00341 -0.001871
1305033541.572082 -0.002367 -0.002892 0.004494 0.001396 -0.006999 -0.002649
1305033541.604042 -0.0005116 -0.00228 0.004863 0.0009824 -0.007583 -0.005273
1305033541.639980 -0.003614 -0.00368 0.004707 0.0002665 -0.004038 -0.006077
1305033541.672022 -0.00282 -0.001677 0.004616 0.002045 -0.006545 -0.00698
1305033541.704001 -0.001817 -0.003036 0.005032 0.0004638 -0.005467 -0.006456
1305033541.739992 -0.005639 -0.001477 0.003994 0.001775 -0.001484 -0.002231
1305033541.772024 -0.004348 -0.002184 0.004007 -0.000804 -0.006036 -0.0007975
1305033541.803997 -0.0006662 -0.004006 0.005002 -0.0009692 -0.008154 -0.004578
1305033541.839993 -0.005027 -0.003278 0.004182 0.00176 -0.002184 -0.004712
1305033541.872001 -0.006646 -0.001717 0.003651 0.00207 -0.003567 -0.001378
1305033541.903965 -0.003732 -0.004963 0.004536 -0.000988 -0.008001 -0.0008479
1305033541.939961 -0.0042 -0.004081 0.004116 0.002526 -0.006838 -0.003043
1305033541.971944 -0.005233 -0.003705 0.004044 0.002447 -0.007164 -0.005425
1305033542.003968 -0.005644 -0.004027 0.004344 0.002673 -0.007034 -0.005122
1305033542.039923 -0.005352 -0.004347 0.004425 0.002656 -0.008031 -0.003193
1305033542.071937 -0.003971 -0.004404 0.004074 0.003564 -0.008256 -0.005131
1305033542.103993 -0.00551 -0.003862 0.003666 0.003041 -0.00506 -0.004687
1305033542.139985 -0.005574 -0.003413 0.003404 0.002352 -0.005483 -0.003935
1305033542.172013 -0.004838 -0.004379 0.003651 0.001123 -0.00583 -0.004322
1305033542.204179 -0.006642 -0.003897 0.003307 0.001227 -0.004469 -0.00328
1305033542.240318 -0.005824 -0.002998 0.003222 0.001339 -0.006952 -0.003503
1305033542.271976 -0.003699 -0.004244 0.004107 -3.48e-05 -0.008626 -0.006299
1305033542.304128 -0.004924 -0.002357 0.003976 0.0009318 -0.005683 -0.006657
1305033542.340007 -0.004405 -0.003019 0.004297 -0.0003087 -0.005557 -0.006423
1305033542.372071 -0.004561 -0.002977 0.00436 -0.001166 -0.004219 -0.005552
1305033542.407881 -0.004524 -0.003106 0.004396 -0.00152 -0.003441 -0.004768
1305033542.439966 -0.005727 -0.003651 0.004258 -0.002487 -0.002246 -0.003991
1305033542.472000 -0.00645 -0.004415 0.004471 -0.001977 -0.0036 -0.003381
1305033542.507854 -0.005324 -0.003542 0.004477 -0.001443 -0.005851 -0.003509
1305033542.540012 -0.005041 -0.00425 0.004983 -0.00218 -0.005836 -0.004036
1305033542.571969 -0.005773 -0.003514 0.004972 -0.001228 -0.005685 -0.005155
1305033542.608015 -0.005082 -0.004116 0.005709 -0.002453 -0.006687 -0.006871
1305033542.639941 -0.00611 -0.002922 0.005488 -0.00156 -0.005562 -0.006205
1305033542.672238 -0.004468 -0.005578 0.006733 -0.004156 -0.006968 -0.006542
1305033542.707960 -0.006311 -0.005439 0.006668 -0.001465 -0.004619 -0.004392
1305033542.740019 -0.005337 -0.00573 0.006924 -0.0007051 -0.006433 -0.001874
1305033542.771950 -0.003386 -0.005268 0.007114 0.0005916 -0.007533 -0.002547
1305033542.808028 -0.003846 -0.004568 0.006861 0.0006364 -0.004577 -0.002634
1305033542.839939 -0.006615 -0.004184 0.006265 0.0007987 -0.003123 -0.001139
1305033542.871964 -0.002602 -0.004554 0.006616 -0.001551 -0.007639 -0.002868
1305033542.908104 -0.003193 -0.005606 0.006299 -0.001045 -0.004388 -0.005192
1305033542.939844 -0.00635 -0.005616 0.005692 -0.0001358 -0.002096 -0.003788
1305033542.971974 -0.005168 -0.003879 0.005122 0.001152 -0.005137 -0.0008982
1305033543.007968 -0.002166 -0.005992 0.005485 -0.0004911 -0.00669 -0.001423
1305033543.039967 -0.004226 -0.003778 0.004362 0.001918 -0.003326 -0.002189
1305033543.072135 -0.004633 -0.004055 0.004313 0.0002922 -0.004229 -0.002549
1305033543.107925 -0.002503 -0.002831 0.004148 -4.517e-05 -0.005578 -0.003985
1305033543.139951 -0.003584 -0.004679 0.004303 -0.002195 -0.003236 -0.005055
1305033543.172106 -0.006727 -0.004349 0.003472 -0.0001403 -0.002829 -0.004873
1305033543.207931 -0.004377 -0.002868 0.004164 -8.617e-05 -0.008167 -0.004634
1305033543.240033 -0.002623 -0.003484 0.00471 5.492e-05 -0.008121 -0.004377
1305033543.272004 -0.005275 -0.001926 0.004164 0.0007132 -0.005892 -0.004813
1305033543.308000 -0.00253 -0.003274 0.004883 -0.0003942 -0.009044 -0.008012
1305033543.339972 -0.003425 -0.002183 0.004358 0.001536 -0.006543 -0.009377
1305033543.371990 -0.005528 -0.002407 0.003861 9.806e-05 -0.005233 -0.006647
1305033543.407964 -0.005486 -0.002927 0.003551 0.0003971 -0.008294 -0.00517
1305033543.440048 -0.003308 -0.002278 0.004061 0.0002378 -0.01159 -0.006728
1305033543.471988 -0.002203 -0.003022 0.00446 0.0004187 -0.01191 -0.01093
1305033543.507966 -0.003328 -0.001144 0.00391 0.00184 -0.009341 -0.01249
1305033543.539943 -0.004274 -0.003147 0.004204 -0.001353 -0.009395 -0.01015
1305033543.572019 -0.00203 -0.002286 0.004284 -0.0006362 -0.01175 -0.008694
1305033543.608012 -0.001352 -0.003961 0.00449 -0.002657 -0.01002 -0.006931
1305033543.640627 -0.003348 -0.005015 0.004135 -0.002236 -0.008773 -0.005201
1305033543.672031 -0.002809 -0.00656 0.004704 -0.001308 -0.01177 -0.004725
1305033543.707861 -0.001884 -0.006383 0.00513 0.001287 -0.01384 -0.005721
1305033543.739958 -0.002227 -0.00578 0.00497 0.004015 -0.01391 -0.006605
1305033543.771927 -0.001863 -0.004793 0.005551 0.005071 -0.0146 -0.008223
1305033543.807901 -0.0005657 -0.002736 0.006069 0.003944 -0.01436 -0.009279
1305033543.840066 -0.0004746 -0.005748 0.006918 0.0008218 -0.0111 -0.008702
1305033543.872062 -0.002431 -0.007233 0.005961 0.000559 -0.008121 -0.005266
1305033543.907963 -0.003381 -0.005994 0.004773 0.003017 -0.009189 -0.003462
1305033543.939940 -0.0009055 -0.005708 0.005171 0.002544 -0.01295 -0.00446
1305033543.971941 0.0001293 -0.004864 0.005261 0.002488 -0.01149 -0.006499
1305033544.007959 -0.002382 -0.005287 0.004414 0.001592 -0.00746 -0.00661
1305033544.039989 -0.002437 -0.006056 0.004488 -0.0001975 -0.00849 -0.00523
1305033544.072098 -0.002005 -0.0057 0.004296 0.0009977 -0.009272 -0.004126
1305033544.107970 -0.001095 -0.005714 0.004629 0.0008021 -0.009477 -0.004584
1305033544.139947 -0.00165 -0.00418 0.00435 0.001886 -0.007616 -0.004894
1305033544.172048 -0.002217 -0.005988 0.004243 -0.0002423 -0.007523 -0.005432
1305033544.208166 -0.001143 -0.005745 0.0049 0.001113 -0.008623 -0.007133
1305033544.239968 -0.002684 -0.005029 0.004245 0.001971 -0.006289 -0.006254
1305033544.272204 -0.002106 -0.00523 0.004169 0.001585 -0.007931 -0.005708
1305033544.307977 -0.001315 -0.006504 0.004655 0.00161 -0.008398 -0.006849
1305033544.339999 -0.002634 -0.003886 0.003711 0.004332 -0.006708 -0.007168
1305033544.372062 -0.002506 -0.004646 0.003897 0.002405 -0.007467 -0.006612
1305033544.407927 -0.002772 -0.004672 0.003393 0.002285 -0.00791 -0.006337
1305033544.439901 -0.001146 -0.003931 0.004127 0.002258 -0.009351 -0.008646
1305033544.472185 -0.003316 -0.004411 0.003548 0.001501 -0.005429 -0.009035
1305033544.507909 -0.003056 -0.002315 0.00328 0.001907 -0.007231 -0.007639
1305033544.539983 -0.000866 -0.002981 0.004431 0.0003464 -0.00784 -0.007943
1305033544.572059 -0.003758 -0.003078 0.002926 0.0002675 -0.003528 -0.007563
1305033544.607960 -0.004049 -0.002934 0.003216 9.782e-05 -0.006068 -0.006793
1305033544.640040 -0.002489 -0.002564 0.003999 0.0002766 -0.007705 -0.006506
1305033544.672142 -0.003183 -0.002578 0.00316 0.0005858 -0.00641 -0.007019
1305033544.708156 -0.003883 -0.002744 0.002825 0.0005608 -0.00661 -0.007962
1305033544.739928 -0.004466 -0.002653 0.002699 0.00133 -0.007966 -0.008726
1305033544.772174 -0.003793 -0.0003634 0.002895 0.002471 -0.009283 -0.008042
1305033544.807983 -0.00408 -0.001451 0.002649 0.0002908 -0.008283 -0.007146
1305033544.840010 -0.004455 -0.0009275 0.002409 -0.0001777 -0.009093 -0.006896
1305033544.872116 -0.003849 -0.001199 0.002468 -0.0002535 -0.01062 -0.007553
1305033544.907777 -0.003188 -0.0008025 0.002799 0.0008411 -0.01066 -0.008405
1305033544.939848 -0.00449 0.0003378 0.00221 0.001227 -0.008982 -0.008236
1305033544.971989 -0.003431 0.001138 0.002565 0.000636 -0.01007 -0.007611
1305033545.007915 -0.002587 -0.0002546 0.002547 -0.0008951 -0.008943 -0.007352
1305033545.040094 -0.003951 -0.0001434 0.002481 -0.000373 -0.006854 -0.008114
1305033545.071928 -0.003985 0.0003891 0.00232 0.0005007 -0.006399 -0.005525
1305033545.108141 -0.003857 -4.167e-05 0.001702 0.000362 -0.006419 -0.002101
1305033545.139997 -0.002578 0.0008205 0.001427 0.0007657 -0.007473 -0.001206
1305033545.172000 -0.001952 0.0004657 0.001555 -0.0004577 -0.006984 -0.002447
1305033545.207996 -0.002621 -0.0003869 0.000688 0.000238 -0.005431 -0.004402
1305033545.240043 -0.003684 0.001075 0.0003956 0.000727 -0.004876 -0.004222
1305033545.272059 -0.003152 0.0005733 -9.247e-05 0.0001494 -0.006531 -0.003285
1305033545.308058 -0.0005086 0.001746 0.0007637 0.0001517 -0.008053 -0.003924
1305033545.339931 -0.00174 0.0003249 -0.0004473 -0.0008305 -0.004277 -0.004617
1305033545.372093 -0.003205 0.0008088 -0.00147 -0.0003036 -0.004285 -0.005842
1305033545.408031 -0.001695 0.0009937 -0.0007851 -0.0005998 -0.00692 -0.006036
1305033545.440032 -0.001347 0.001262 -0.001581 0.0009984 -0.006182 -0.005651
1305033545.472172 -0.00219 0.003196 -0.001957 0.0009371 -0.004979 -0.004502
1305033545.508020 -0.0007753 0.003359 -0.001854 -0.000882 -0.005887 -0.004375
1305033545.540001 -0.0006569 0.002226 -0.00201 -0.002694 -0.004476 -0.005802
1305033545.572074 -0.001734 0.00285 -0.002307 -0.001387 -0.003267 -0.007133
1305033545.608001 -0.002569 0.002857 -0.002712 -0.001916 -0.003049 -0.006469
1305033545.640203 -0.0008875 0.003307 -0.00289 -0.0005398 -0.005419 -0.007191
1305033545.672134 -0.001641 0.006615 -0.003675 0.000741 -0.002758 -0.004799
1305033545.708266 -0.0008489 0.004675 -0.003587 -0.00408 -0.002522 -0.001829
1305033545.740136 -0.0006374 0.004118 -0.00426 -0.004308 -0.001451 -0.001817
1305033545.771903 -0.001623 0.0042 -0.004925 -0.004182 -0.00059 -0.00346
1305033545.808009 -0.001984 0.004326 -0.005341 -0.004004 -0.00141 -0.005187
1305033545.840003 -0.001322 0.004972 -0.005487 -0.003428 -0.002231 -0.00514
1305033545.872068 -0.002001 0.005184 -0.005641 -0.004543 -0.0009453 -0.003273
1305033545.907982 -0.001959 0.002947 -0.005841 -0.005229 -0.001885 -0.002409
1305033545.939976 -3.574e-06 0.004187 -0.005528 -0.002501 -0.003447 -0.003978
1305033545.972036 -0.0009656 0.004278 -0.006028 -0.001446 0.0001763 -0.004533
1305033546.008052 -0.003395 0.002559 -0.006643 -0.002377 0.001414 -0.002567
1305033546.039979 -0.001346 0.00305 -0.006199 0.000353 -0.001656 -0.0009407
1305033546.071992 -0.00193 0.003117 -0.006343 0.001414 5.872e-05 0.0001106
1305033546.107951 -0.004595 0.004932 -0.008185 0.003234 0.001153 0.0007211
1305033546.139987 -0.002363 0.004764 -0.006372 -0.000127 -0.003667 -0.001278
1305033546.172247 -0.00211 0.005207 -0.006925 0.001203 -0.003267 -0.005688
1305033546.208142 -0.002912 0.004339 -0.006769 0.0002829 -0.002191 -0.007677
1305033546.240499 -0.006284 0.005597 -0.00815 0.0007664 -0.0004983 -0.006354
1305033546.271987 -0.005306 0.004959 -0.008157 -0.0007703 -0.005771 -0.002025
1305033546.308217 -0.001438 0.006442 -0.007163 -0.00106 -0.00799 -0.0002964
1305033546.339928 -0.004035 0.002489 -0.007856 -0.003851 -0.004526 -0.000581
1305033546.372019 -0.004559 0.006627 -0.008698 0.0006898 -0.005648 0.002401
1305033546.407778 -0.002437 0.00633 -0.008143 -0.001671 -0.006874 0.003854
1305033546.439943 -0.003221 0.003567 -0.007863 -0.00391 -0.006775 0.000227
1305033546.472094 -0.0006568 0.003928 -0.007462 0.0005705 -0.008545 -0.004546
1305033546.507882 -0.002487 0.006545 -0.008081 0.003378 -0.003561 -0.007201
1305033546.539974 -0.005395 0.006772 -0.008433 0.001027 -0.001437 -0.003705
1305033546.572101 -0.002027 0.006101 -0.007758 -0.0003079 -0.00598 0.0009909
1305033546.607956 0.0004357 0.007515 -0.006566 -0.001337 -0.004393 0.001993
1305033546.640064 -0.000839 0.005301 -0.00669 -0.002799 0.0007371 0.0007421
1305033546.672140 -0.003147 0.005415 -0.007217 -0.001979 0.002687 -0.000633
1305033546.707998 -0.00301 0.00431 -0.006545 -0.001837 9.539e-05 -0.004011
1305033546.739975 -0.003784 0.004832 -0.00694 0.0003557 -0.001443 -0.005872
1305033546.771997 -0.003781 0.005694 -0.006869 0.0007642 -0.003436 -0.00417
1305033546.807960 -0.002425 0.004493 -0.006013 -0.0005571 -0.005946 -0.00122
1305033546.839978 -0.001474 0.005312 -0.006054 0.0004837 -0.006314 0.0008367
1305033546.871991 0.0005555 0.006231 -0.005843 0.001199 -0.006434 -0.0009838
1305033546.907959 0.0002166 0.006476 -0.005683 0.0004244 -0.002724 -0.00211
1305033546.940042 -0.0004214 0.005786 -0.006636 -0.00169 -3.499e-05 -0.001702
1305033546.972133 -0.001863 0.005718 -0.005971 -0.001637 0.0004929 -0.00189
1305033547.007986 -0.0002844 0.006214 -0.005436 -0.001293 -0.00125 -0.002139
1305033547.039973 -0.002391 0.00514 -0.006014 -0.001735 0.0007279 -0.001196
1305033547.072051 -0.002471 0.004805 -0.006135 -0.001445 -0.002349 0.0006957
1305033547.107973 0.0006465 0.004656 -0.005763 1.634e-05 -0.005497 0.001779
1305033547.139964 -0.001091 0.00516 -0.006526 0.0006022 -0.001869 0.001654
1305033547.171990 -0.002048 0.006051 -0.007113 0.0009931 -0.003609 -0.0002234
1305033547.208019 0.001175 0.004943 -0.005593 -0.0006665 -0.007254 -0.002679
1305033547.240019 -0.0002181 0.005428 -0.0067 0.001518 -0.003446 -0.003309
1305033547.272008 -0.001241 0.006181 -0.006833 0.001335 -0.003384 -0.002352
1305033547.307975 0.0002735 0.004768 -0.00661 0.0001191 -0.006129 -0.002418
1305033547.340021 0.0005729 0.005742 -0.007196 0.002124 -0.005713 -0.003714
1305033547.372227 -0.0009183 0.006616 -0.007642 0.001955 -0.005089 -0.004002
1305033547.407924 0.0005225 0.006123 -0.007055 0.0007155 -0.008335 -0.005334
1305033547.440119 0.00221 0.006609 -0.00699 0.001771 -0.008074 -0.005832
1305033547.472121 0.001362 0.006028 -0.006676 0.0007665 -0.004363 -0.003981
1305033547.508002 -0.0009117 0.00689 -0.007237 0.001736 -0.001309 -0.000119
1305033547.540002 -0.001451 0.007209 -0.007182 -0.0002435 -0.004384 0.001405
1305033547.571945 0.002196 0.006358 -0.005937 -0.001082 -0.008345 -0.001038
1305033547.607867 0.0007975 0.005878 -0.005889 -0.0006211 -0.004135 -0.003477
1305033547.639866 -0.0009261 0.004855 -0.006272 0.0003461 -0.002833 -0.004084
1305033547.672081 -0.0009455 0.007658 -0.006649 0.002693 -0.002694 0.0006204
1305033547.707937 0.000195 0.005606 -0.00622 -0.001415 -0.003223 0.004467
1305033547.739860 0.001726 0.006039 -0.006753 -0.0006356 -0.003347 0.002482
1305033547.771903 0.0005658 0.005509 -0.007046 -0.0009535 -0.0008672 -0.00245
1305033547.807957 -4.206e-06 0.005633 -0.006684 -0.0003323 -0.0008875 -0.005556
1305033547.839913 -0.0002058 0.007203 -0.006656 0.0006842 -0.0002765 -0.003594
1305033547.872133 0.001236 0.005201 -0.006198 -0.001442 -0.0005181 -0.001031
1305033547.907862 0.001086 0.003424 -0.006769 -0.0009518 0.001615 -0.0009292
1305033547.940013 -0.0002119 0.003799 -0.008221 0.002208 0.003058 -0.001331
1305033547.972166 -0.0004811 0.005192 -0.008132 0.003258 0.002929 0.0006708
1305033548.007950 -0.0001894 0.005772 -0.008744 0.00287 0.002863 0.002703
1305033548.072059 0.001547 0.0123 -0.01675 0.0009696 0.008753 0.003028
1305033548.107983 -0.001698 0.004887 -0.008617 -0.0008788 0.00686 0.002261
1305033548.140062 -0.001138 0.005231 -0.008746 0.0006053 0.003916 0.002192
1305033548.172076 0.0002537 0.00602 -0.007734 0.001721 0.001968 -0.0007997
1305033548.207985 -7.808e-05 0.006857 -0.007669 0.002333 0.004244 -0.002076
1305033548.239986 -0.001202 0.005579 -0.007746 0.0009132 0.006425 -0.0004042
1305033548.272093 -0.001713 0.005306 -0.008264 0.001303 0.006824 0.001986
1305033548.308005 -0.001352 0.005777 -0.008491 0.001846 0.004762 0.002223
1305033548.340012 -0.0005998 0.006932 -0.008247 0.001752 0.003744 0.0008404
1305033548.371963 -0.001194 0.006524 -0.007703 7.9e-05 0.004621 -0.0009901
1305033548.408013 -0.001992 0.005569 -0.007512 -0.0007804 0.004256 -0.001729
1305033548.439833 -0.002439 0.005169 -0.007452 -0.0004751 0.003714 -0.0009697
1305033548.472090 -0.003559 0.004455 -0.007184 -0.0005685 0.002292 0.0009784
1305033548.507972 -0.001189 0.005174 -0.006934 0.001434 -0.002631 -0.0004844
1305033548.540004 0.0001513 0.005534 -0.006176 0.001485 -0.001411 -0.002325
1305033548.572101 -0.002335 0.006166 -0.006949 0.002401 0.002754 -0.00102
1305033548.607941 -0.001939 0.00557 -0.006451 -2.697e-05 0.001548 0.002453
1305033548.639977 -0.001482 0.006173 -0.007167 2.822e-05 0.0008533 0.003906
1305033548.671980 -0.0008766 0.005539 -0.006377 -0.001233 0.0001626 0.002082
1305033548.708005 -0.002105 0.005186 -0.006614 -0.0005768 0.0003145 7.376e-05
1305033548.740008 -0.00146 0.006154 -0.006436 0.0007447 -0.00117 9.416e-05
1305033548.772034 0.0001066 0.005779 -0.005513 0.0006628 -0.001252 0.0008652
1305033548.839886 -0.001875 0.009837 -0.0124 0.002802 0.004617 0.004274
1305033548.871998 -0.001214 0.005436 -0.006474 0.002582 0.001306 0.004048
1305033548.907968 -0.00101 0.005986 -0.006898 0.002078 0.0009897 0.005629
1305033548.939893 -0.00178 0.004804 -0.007162 0.0004893 2.498e-05 0.005358
1305033548.972156 -0.001395 0.004461 -0.006729 0.0009778 -0.002536 0.003784
1305033549.008413 -0.0002033 0.005404 -0.006839 0.003026 -0.004565 0.002048
1305033549.040009 0.0003152 0.006551 -0.006904 0.003185 -0.004002 -0.0003541
1305033549.071865 0.0009717 0.005865 -0.006559 0.002344 -0.002735 -0.002654
1305033549.108050 3.599e-05 0.006458 -0.007548 0.004121 0.0004162 -0.002894
1305033549.140011 -0.001581 0.008538 -0.007851 0.002783 0.001911 0.0004507
1305033549.171994 0.0005061 0.007047 -0.007185 4.316e-05 -0.0007191 0.004356
1305033549.207991 0.001259 0.006891 -0.007205 -0.001072 -0.001302 0.002582
1305033549.240017 0.001404 0.00771 -0.007889 -0.0002124 -0.0009819 -0.002684
1305033549.271996 -0.0006559 0.007129 -0.007134 -0.002378 0.001552 -0.005048
1305033549.307930 -0.002377 0.006078 -0.007803 -0.002714 0.001333 -0.004247
1305033549.339824 -0.001419 0.004754 -0.006956 -0.003152 -0.001619 -0.002369
1305033549.371997 -0.001284 0.003162 -0.006981 -0.0008218 -0.001672 -0.001139
1305033549.407979 -0.001447 0.004777 -0.007895 0.002831 -0.001971 -0.0004824
1305033549.440046 -0.001072 0.006697 -0.008104 0.003494 -0.001651 0.0007012
1305033549.471996 -0.0008675 0.005136 -0.006958 0.0001533 -0.001003 0.0004088
1305033549.507981 -0.001949 0.005312 -0.007786 0.001396 0.0005512 3.493e-05
1305033549.540005 -0.00186 0.006665 -0.007478 0.001482 0.0003485 0.0006883
1305033549.572036 -0.001812 0.005518 -0.007159 2.887e-05 0.001749 0.001889
1305033549.607937 -0.002039 0.004417 -0.007323 4.692e-05 0.002929 0.003288
1305033549.640078 -0.001831 0.004055 -0.008068 0.001728 0.00301 0.003329
1305033549.672038 -0.0003417 0.005957 -0.0077 0.004156 0.002569 0.001593
1305033549.707960 -0.0008871 0.006878 -0.008127 0.004639 0.007538 0.003068
1305033549.739984 -0.003146 0.00919 -0.01006 0.003037 0.01109 0.006692
1305033549.772049 0.0006356 0.00518 -0.007268 -0.002965 0.00583 0.004425
1305033549.807960 -0.001679 0.005705 -0.00887 0.0009694 0.01239 0.004007
1305033549.839997 -0.005673 0.00829 -0.01072 0.002213 0.01304 0.006436
1305033549.871994 -0.001556 0.008247 -0.008422 0.0005926 0.005342 0.007136
1305033549.907983 -0.001015 0.01015 -0.008911 0.0002311 0.007488 0.006633
1305033549.939937 -0.00184 0.01033 -0.009326 -0.00179 0.01018 0.007545
1305033549.971986 -0.002953 0.008884 -0.008399 -0.005396 0.01166 0.009398
1305033550.007990 -0.002687 0.007297 -0.00975 -0.005286 0.009952 0.01194
1305033550.040088 -0.001529 0.008928 -0.009569 -0.003644 0.006741 0.01176
1305033550.072003 -0.00154 0.009266 -0.01008 -0.003908 0.007233 0.01124
1305033550.107986 -0.002254 0.01019 -0.01111 -0.006877 0.006227 0.01066
1305033550.139999 0.0001589 0.008359 -0.01102 -0.0101 0.003016 0.006935
1305033550.172048 -0.001763 0.005962 -0.01117 -0.01128 0.005479 0.004965
1305033550.207965 -0.002812 0.00664 -0.01232 -0.009035 0.003622 0.004782
1305033550.240031 0.00018 0.004478 -0.01141 -0.01022 -0.0002723 0.005632
1305033550.271999 -0.0008879 0.005609 -0.01175 -0.007497 0.002603 0.009233
1305033550.307969 7.539e-05 0.005071 -0.01171 -0.00896 0.0003137 0.01156
1305033550.339999 0.003469 0.003474 -0.01096 -0.008074 -0.002051 0.005083
1305033550.407993 0.0007847 0.009387 -0.02179 -0.01028 0.008081 0.01137
1305033550.439998 0.001995 0.004607 -0.01047 -0.006166 0.0003097 0.01349
1305033550.471998 0.00518 0.003326 -0.01002 -0.006512 -0.0004249 0.01066
1305033550.507974 0.00416 0.003645 -0.01038 -0.003866 0.002748 0.006413
1305033550.540052 0.00558 0.003538 -0.009326 -0.002968 0.002843 0.005699
1305033550.572006 0.007785 0.00614 -0.008669 0.001128 0.005978 0.003792
1305033550.608021 0.00548 0.005145 -0.009683 -0.002849 0.01281 0.005342
1305033550.640049 0.004962 0.003548 -0.01006 -0.004104 0.01171 0.006614
1305033550.708008 0.01939 0.006789 -0.01848 -0.005373 0.0202 0.006622
1305033550.739973 0.004482 0.005715 -0.01156 0.001156 0.01682 -0.004011
1305033550.940002 0.04298 0.03039 -0.06305 -0.03905 0.07505 0.02192
1305033551.071927 0.0275 0.02275 -0.03753 -0.03039 0.06309 0.02423
1305033551.107954 0.004914 0.004292 -0.00703 -0.008554 0.02651 0.009988
1305033551.172173 0.004201 0.0117 -0.01567 -0.01131 0.04962 0.03201
1305033551.208178 0.002993 0.004922 -0.00669 -0.005357 0.02064 0.01629
1305033551.272480 0.005701 0.008815 -0.01222 -0.01223 0.03704 0.02627
1305033551.307992 0.003191 0.006804 -0.00556 0.0006222 0.01592 0.005757
1305033551.339823 0.00222 0.005034 -0.004571 -0.002523 0.01784 0.004174
1305033551.372201 -0.0002031 0.005574 -0.00476 -0.001583 0.01862 0.003942
1305033551.407983 -0.001534 0.003914 -0.004961 -0.004775 0.01564 0.00761
1305033551.440025 -0.0005262 0.003013 -0.00392 -0.002846 0.008336 0.007528
1305033551.471981 0.0028 0.004491 -0.002558 -0.001267 0.004916 0.005997
1305033551.508090 0.001872 0.00261 -0.002354 7.781e-05 0.007815 0.003541
1305033551.539849 0.0006104 0.006256 -0.002844 0.001977 0.008743 0.002523
1305033551.572013 0.000139 0.003415 -0.001927 0.0003962 0.007952 0.002695
1305033551.607863 9.675e-05 0.008857 -0.003405 0.002695 0.009532 0.007251
1305033551.672323 -0.009533 0.01109 -0.008995 -0.008837 0.01642 0.02541
1305033551.708185 -0.000761 0.003037 -0.002782 -0.006846 -0.001092 0.007781
1305033551.740243 -0.002384 0.004953 -0.003671 -0.002385 0.003095 0.002462
1305033551.775847 -0.00505 0.001428 -0.004315 -0.004516 0.004279 0.001242
1305033551.808034 -0.004591 0.002671 -0.00501 0.0008026 0.001651 -0.00363
1305033551.840134 -0.005715 0.003353 -0.006282 0.001765 0.00184 -0.001711
1305033551.875927 -0.005039 0.003615 -0.006635 0.00116 0.00123 0.004045
1305033551.908206 -0.002886 0.002909 -0.007087 -4.811e-05 0.001382 0.007877
1305033551.940355 -0.002722 0.001472 -0.007627 0.0006031 0.004776 0.007431
1305033551.975963 -0.004309 0.006106 -0.009038 0.003336 0.007812 0.006287
1305033552.007946 -0.003683 0.004014 -0.008994 -0.002052 0.007624 0.006179
1305033553.275904 -0.08786 0.01172 -0.07909 0.04911 0.08219 0.03011
1305033553.307809 -0.001859 -0.005381 0.009405 0.002759 -0.01721 -0.00119
1305033553.340015 -0.003379 -0.005684 0.008864 0.00299 -0.01579 -0.003662
1305033553.375997 -0.002841 -0.007117 0.009465 0.002165 -0.0181 -0.007067
1305033553.407850 -0.004582 -0.004283 0.009444 0.004926 -0.01816 -0.00856
1305033553.440081 -0.003182 -0.007089 0.009512 0.0003682 -0.02116 -0.007737
1305033553.475869 -0.002122 -0.007164 0.01004 0.003328 -0.02277 -0.01156
1305033553.540018 -0.007681 -0.01019 0.02085 0.008743 -0.03903 -0.02135
1305033553.576021 -0.004631 -0.003646 0.009941 0.003353 -0.02035 -0.006652
1305033553.607952 -0.00336 -0.005679 0.01021 -0.0002867 -0.02318 -0.007856
1305033553.639906 -0.003455 -0.004632 0.01076 4.514e-05 -0.02301 -0.009881
1305033553.676166 -0.003367 -0.004511 0.01061 -0.001127 -0.02271 -0.01181
1305033553.707981 -0.003011 -0.004708 0.01202 -0.002024 -0.02288 -0.01522
1305033553.740026 -0.00288 -0.004313 0.01242 -0.00219 -0.02007 -0.01634
1305033553.775868 -0.004581 -0.006472 0.01162 -0.002924 -0.01759 -0.0136
1305033553.807988 -0.004749 -0.005556 0.01192 -0.001049 -0.02 -0.01186
1305033553.839976 -0.002958 -0.006298 0.0128 -0.0004408 -0.02159 -0.01084
1305033553.875967 -0.003609 -0.006659 0.0115 -2.015e-05 -0.02034 -0.01035
1305033553.907991 -0.0034 -0.00646 0.01197 0.000711 -0.02216 -0.01191
1305033553.940005 -0.00309 -0.005386 0.01193 0.001226 -0.02259 -0.01359
1305033553.975991 -0.001016 -0.006827 0.01287 -0.001002 -0.02298 -0.01593
1305033554.007993 -0.003022 -0.00668 0.01224 0.0005055 -0.01925 -0.01764
1305033554.040034 -0.004144 -0.008574 0.01315 -0.0004275 -0.01933 -0.01641
1305033554.076023 -0.003047 -0.006944 0.01296 0.003442 -0.02041 -0.01343
1305033554.108000 -0.000847 -0.006708 0.01337 0.002399 -0.02059 -0.01192
1305033554.140044 0.0005041 -0.01161 0.01247 0.002459 -0.01756 -0.01372
1305033554.176007 -0.005583 -0.005194 0.01009 0.009947 -0.01058 -0.01135
1305033554.208055 -0.004518 -0.004828 0.01076 0.004753 -0.01535 -0.00531
1305033554.240172 -0.001672 -0.007403 0.01066 0.001042 -0.01899 -0.005359
1305033554.276067 -0.0009974 -0.007546 0.01035 0.00199 -0.01772 -0.007694
1305033554.308153 -0.003214 -0.006188 0.009188 0.00418 -0.01532 -0.009586
1305033554.340248 -0.001538 -0.006692 0.009075 0.002628 -0.01722 -0.01165
1305033554.375987 -0.002214 -0.007937 0.008842 0.00348 -0.01454 -0.0138
1305033554.407990 -0.004062 -0.006504 0.008463 0.00578 -0.0133 -0.01279
1305033554.440087 -0.004584 -0.004255 0.007542 0.00559 -0.01304 -0.008546
1305033554.476213 -0.004533 -0.005046 0.007044 0.0008927 -0.01383 -0.004314
1305033554.508046 -0.004822 -0.005026 0.006783 -0.001378 -0.01844 -0.004928
1305033554.540140 -0.0003537 -0.004219 0.008695 -0.001856 -0.02388 -0.009391
1305033554.576065 0.0002441 -0.005951 0.009195 -0.002349 -0.01763 -0.01421
1305033554.608016 -0.00603 -0.00538 0.007242 8.364e-05 -0.01174 -0.01541
1305033554.639905 -0.003983 -0.005637 0.009493 -0.0006813 -0.01888 -0.014
1305033554.676230 -0.001303 -0.005601 0.0102 0.001667 -0.01858 -0.01426
1305033554.708025 -0.002689 -0.004516 0.009287 0.001011 -0.01441 -0.0133
1305033554.740334 -0.002595 -0.00674 0.01002 -0.001154 -0.01478 -0.01401
1305033554.776018 -0.0007431 -0.006189 0.01043 0.0008044 -0.0135 -0.01276
1305033554.807959 -0.000522 -0.006709 0.01068 0.0005059 -0.009103 -0.01058
1305033554.840166 -0.002751 -0.007923 0.01025 0.0009151 -0.00595 -0.0086
1305033554.875815 -0.003319 -0.006679 0.01022 0.003078 -0.007393 -0.0058
1305033554.907959 -4.723e-05 -0.00603 0.01157 0.002797 -0.009862 -0.003794
1305033554.940186 -0.0001564 -0.006742 0.0111 0.001815 -0.006818 -0.003876
1305033554.975951 -0.0009414 -0.006321 0.01092 0.001832 -0.005222 -0.004814
1305033555.007831 -0.0001456 -0.005739 0.01074 0.002382 -0.005266 -0.003278
1305033555.039870 -0.0001878 -0.005281 0.01027 0.001112 -0.003825 -2.519e-06
1305033555.075830 0.0005379 -0.004863 0.01023 -0.0002987 -0.004147 9.395e-06
1305033555.107911 0.001091 -0.00374 0.009889 -0.00144 -0.002966 0.00117
1305033555.139873 -0.0002562 -0.004576 0.009007 -0.004267 -0.001995 0.001739
1305033555.175848 0.001521 -0.003923 0.009456 -0.005287 -0.005438 -6.998e-05
1305033555.211406 0.003872 -0.00648 0.01002 -0.006609 -0.005535 -0.001545
1305033555.239872 0.001518 -0.00509 0.009039 -0.003115 -0.0009021 -0.001595
1305033555.275906 0.0002392 -0.006044 0.009125 -0.003478 -0.001424 0.0007737
1305033555.307889 0.004256 -0.007476 0.00967 -0.002002 -0.00575 -0.0003105
1305033555.340024 0.003325 -0.005627 0.009255 0.001721 -0.001624 -0.001056
1305033555.376127 0.001634 -0.005803 0.009344 0.001658 0.0004177 -0.0003461
1305033555.407926 0.002291 -0.006234 0.009214 0.002179 -0.0006676 0.0009227
1305033555.439798 0.003336 -0.005567 0.008865 0.002677 -0.0005027 0.001088
1305033555.475830 0.003097 -0.004193 0.008565 0.003397 0.001214 -0.0004731
1305033555.508054 0.002274 -0.005993 0.008773 0.001272 0.002934 -0.001593
1305033555.540167 -0.0002774 -0.004137 0.007257 0.00371 0.003671 -0.0005697
1305033555.576015 0.0009442 -0.004298 0.006837 0.002538 9.581e-05 0.001283
1305033555.607900 0.002773 -0.004225 0.006128 0.002475 -0.001643 -0.000871
1305033555.640030 0.000554 -0.002975 0.005257 0.002714 0.001009 -0.001687
1305033555.676147 3.757e-05 -0.003435 0.004595 0.001732 -0.00018 -0.0003955
1305033555.707999 0.001917 -0.00285 0.004458 0.001684 -0.001919 -0.000633
1305033555.740085 0.0009367 -0.002676 0.003281 0.001903 0.0002284 -0.002309
1305033555.776007 -0.001138 -0.001187 0.002342 0.002466 0.0006897 -0.001799
1305033555.808005 0.0003816 -0.001138 0.002053 0.0004557 -0.001495 -0.0004099
1305033555.839877 0.0007121 -0.00158 0.001328 -0.001157 -0.001594 -0.003487
1305033555.876037 -0.0003543 -0.002242 0.0005854 0.000731 -0.001912 -0.009924
1305033555.908152 -0.002109 0.0009435 -2.762e-06 0.003275 -0.001811 -0.01095
1305033555.940117 -0.001921 0.0005134 -6.434e-05 0.001497 -0.002463 -0.008175
1305033556.076013 -0.008677 0.002893 -0.005635 0.00395 -0.01355 -0.002755
1305033556.108101 -0.0002953 0.001157 -0.002027 0.0002771 -0.005507 -0.001001
1305033556.140060 -0.000677 0.0006596 -0.002577 0.0007472 -0.003756 -0.00394
1305033556.176122 -0.002606 0.002823 -0.003576 0.002404 -0.002295 -0.006007
1305033556.207982 -0.003 0.00177 -0.003833 0.0005291 -0.002839 -0.0046
1305033556.239930 -0.002232 0.00161 -0.004347 0.0008636 -0.004431 -0.002575
1305033556.275993 -0.001526 0.003668 -0.005392 0.002167 -0.00509 -0.002931
1305033556.307938 -0.001308 0.002686 -0.005597 0.0001115 -0.0043 -0.003676
1305033556.340038 -0.003398 0.003178 -0.006133 0.0004195 -0.003474 -0.003214
1305033556.375886 -0.002453 0.003953 -0.007278 0.001179 -0.006742 -0.002848
1305033556.407971 -0.001636 0.003907 -0.007162 9.889e-05 -0.008291 -0.003817
1305033556.439968 -0.001624 0.004599 -0.007989 0.001004 -0.008539 -0.005319
1305033556.475859 -0.0008941 0.005123 -0.008289 0.0002106 -0.00861 -0.005151
1305033556.507904 -0.0007305 0.005028 -0.008936 0.0002577 -0.006764 -0.004555
1305033556.540025 -0.002019 0.005772 -0.008772 -0.0002937 -0.006042 -0.00364
1305033556.575852 -0.0003297 0.005453 -0.009472 -0.0001746 -0.007831 -0.00391
1305033556.607872 -0.001242 0.007033 -0.01007 0.000553 -0.006083 -0.004256
1305033556.640041 -0.003773 0.006976 -0.00955 -0.001647 -0.00638 -0.0036
1305033556.675955 -0.001347 0.004939 -0.009984 -0.001717 -0.01145 -0.004404
1305033556.707983 -6.337e-05 0.006334 -0.009966 0.001109 -0.01123 -0.005497
1305033556.739980 -0.002103 0.006688 -0.01008 0.001969 -0.008276 -0.007024
1305033556.775974 -0.004271 0.006548 -0.01101 0.002363 -0.008685 -0.00673
1305033556.808045 -0.003619 0.006287 -0.01119 0.002246 -0.01274 -0.004722
1305033556.839919 -0.001337 0.008353 -0.01159 0.004322 -0.01504 -0.004629
1305033556.876019 -0.00161 0.005963 -0.01021 0.001385 -0.01347 -0.00657
1305033556.907887 -0.002671 0.008568 -0.0111 0.004606 -0.01321 -0.008818
1305033556.939975 -0.0033 0.009528 -0.01081 0.002747 -0.01367 -0.00758
1305033556.975893 -0.002193 0.007558 -0.01021 -0.0006948 -0.01564 -0.00587
1305033557.007877 -0.000847 0.007752 -0.009564 -0.0004836 -0.01674 -0.007299
1305033557.040035 0.000345 0.008626 -0.009666 -0.0002275 -0.01589 -0.009359
1305033557.075946 0.0005581 0.006145 -0.009052 -0.002187 -0.01221 -0.0116
1305033557.207975 -0.005622 0.02811 -0.03516 -0.004392 -0.04109 -0.02942
1305033557.240012 0.003075 0.00674 -0.00886 -0.001742 -0.0119 -0.006048
1305033557.276050 0.001918 0.006244 -0.00818 -0.003292 -0.006275 -0.007934
1305033557.307889 -0.0002069 0.005449 -0.008071 -0.003104 -0.002959 -0.005924
1305033557.340045 -0.0007921 0.005557 -0.007834 -0.001946 -0.003916 -0.00423
1305033557.376086 2.837e-05 0.004943 -0.007357 -0.002193 -0.006322 -0.003704
1305033557.408418 0.001483 0.003028 -0.007619 -0.001784 -0.006581 -0.006452
1305033557.440158 -0.0003453 0.004004 -0.008759 0.001994 -0.003395 -0.007267
1305033557.476007 -0.001209 0.004497 -0.009055 0.001909 -0.003791 -0.003774
1305033557.508957 -0.0006564 0.003467 -0.009699 0.001558 -0.005097 -0.001577
1305033557.540147 0.0003641 0.004613 -0.01041 0.002851 -0.006983 -0.002633
1305033557.576011 0.0008117 0.004305 -0.01054 0.0009479 -0.006349 -0.005195
1305033557.608076 -0.002122 0.003864 -0.01067 0.001864 -0.003405 -0.006272
1305033557.640067 -0.003413 0.005103 -0.01022 0.002826 -0.006344 -0.004685
1305033557.675921 0.0005226 0.004339 -0.01067 0.001252 -0.01116 -0.00524
1305033557.708017 -0.0004675 0.004656 -0.01082 0.002068 -0.004926 -0.005118
1305033557.739934 -0.004561 0.005167 -0.00927 0.002145 -0.001763 -0.001918
1305033557.775894 -0.002747 0.003981 -0.009757 0.00176 -0.007975 -0.001617
1305033557.807892 -0.001502 0.004576 -0.01034 0.003709 -0.008185 -0.002319
1305033557.839884 -0.003041 0.006268 -0.009621 0.004745 -0.005936 -0.002245
1305033557.875991 -0.003116 0.006281 -0.009187 0.00311 -0.008354 -0.00266
1305033557.908090 -0.00228 0.005017 -0.00905 0.00249 -0.009199 -0.005565
1305033557.940084 -0.003625 0.006091 -0.008516 0.00418 -0.007176 -0.007541
1305033557.976015 -0.003755 0.005941 -0.008833 0.004384 -0.009183 -0.009054
1305033558.008091 -0.00348 0.006234 -0.008842 0.004038 -0.009939 -0.009178
1305033558.039892 -0.003348 0.006187 -0.009182 0.004387 -0.009499 -0.008164
1305033558.075872 -0.002692 0.007918 -0.008813 0.003459 -0.01101 -0.007949
1305033558.108007 -0.00316 0.005564 -0.008692 0.0003604 -0.009607 -0.00893
1305033558.139983 -0.004171 0.008068 -0.008121 0.002801 -0.008977 -0.007572
1305033558.175960 -0.003427 0.0056 -0.007972 -0.0004229 -0.01159 -0.0088
1305033558.207949 -0.00291 0.007883 -0.008434 0.00185 -0.01075 -0.008797
1305033558.576013 -0.08275 -0.04383 -0.1173 -0.09817 0.016 -0.04
1305033558.608046 -0.005981 0.003802 -0.005947 -0.002442 -0.01445 -0.01168
1305033558.640092 -0.007769 0.005915 -0.006159 -0.0006514 -0.01325 -0.008848
1305033558.676023 -0.006022 0.004485 -0.005766 -0.003643 -0.01712 -0.006613
1305033558.708030 -0.005608 0.004994 -0.005543 -0.002618 -0.01558 -0.006949
1305033558.740101 -0.006809 0.004399 -0.004542 -0.003041 -0.01627 -0.01061
1305033558.776017 -0.00568 0.004796 -0.005295 -0.002502 -0.01922 -0.01494
1305033558.807983 -0.00676 0.004549 -0.00452 -0.001759 -0.01726 -0.01731
1305033558.839871 -0.006066 0.00517 -0.005319 9.709e-05 -0.01915 -0.02088
1305033558.876551 -0.005823 0.005151 -0.005314 -0.001437 -0.01886 -0.02263
1305033558.908105 -0.006774 0.005116 -0.005465 -0.002176 -0.0163 -0.02121
1305033558.939967 -0.006112 0.004627 -0.00636 -0.003826 -0.01505 -0.01441
1305033558.976272 -0.004941 0.003211 -0.004666 -0.006627 -0.01366 -0.003663
1305033559.008000 -0.003884 0.002482 -0.003137 -0.004231 -0.01355 -0.001495
1305033559.040382 -0.00313 0.003414 -0.0046 -0.002087 -0.01276 -0.004769
1305033559.076769 -0.004192 0.003976 -0.00414 -0.003444 -0.009567 -0.003341
1305033559.109646 -0.004839 0.003389 -0.003251 -0.005982 -0.01019 -0.001644
1305033559.139920 -0.00333 0.00225 -0.003334 -0.006153 -0.0133 -0.003956
1305033559.175997 -0.002606 0.002127 -0.003631 -0.004451 -0.01226 -0.006466
1305033559.208040 -0.003537 0.002169 -0.003259 -0.003768 -0.009846 -0.005987
1305033559.239863 -0.002565 0.001057 -0.002883 -0.003474 -0.01095 -0.005842
1305033559.276037 -0.001305 0.001517 -0.003581 -0.001409 -0.008727 -0.005053
1305033559.307898 -0.001177 0.0009166 -0.002705 -0.002862 -0.004462 -0.001236
1305033559.340098 -0.00149 0.0007417 -0.001536 -0.003571 -0.0009577 0.004278
1305033559.375961 -0.001631 -0.0003143 -0.0003097 -0.003188 -0.0004333 0.004925
1305033559.407979 -0.0008905 -0.001618 0.0003301 -0.001578 -0.001186 0.001287
1305033559.440041 -0.001201 -0.001821 0.001055 0.001853 0.0001591 -0.0003398
1305033559.476020 -0.0007693 -0.002043 0.001852 0.003152 -0.0007203 -0.0006704
1305033559.507932 0.0008612 -0.002959 0.001839 0.003684 -0.0002164 -0.002037
1305033559.808038 0.009181 -0.03896 0.03619 0.03868 0.05032 0.01012
1305033559.840057 0.002301 -0.005127 0.005336 0.004351 0.006513 0.002887
1305033559.875882 0.001262 -0.004231 0.006362 0.004407 0.01076 0.006627
1305033559.908073 0.0007638 -0.005157 0.00678 0.003068 0.0109 0.009796
1305033559.940079 0.001129 -0.004479 0.007116 0.00384 0.01009 0.01169
1305033559.976033 0.001599 -0.00488 0.007877 0.003543 0.009484 0.008748
1305033560.008053 0.001033 -0.005582 0.007877 0.004301 0.01053 0.004788
1305033560.040022 0.0009488 -0.006265 0.007322 0.004975 0.009658 0.004976
1305033560.076066 0.001484 -0.005271 0.00758 0.00527 0.01021 0.008611
1305033560.107878 0.002447 -0.006523 0.00776 0.00368 0.01068 0.01021
1305033560.139985 0.002494 -0.005888 0.008078 0.002852 0.01263 0.01248
1305033560.175953 0.001617 -0.00643 0.008887 0.001822 0.01414 0.01393
1305033560.207885 0.00243 -0.006552 0.009536 0.0007054 0.01254 0.0146
1305033560.240149 0.002894 -0.0075 0.01005 0.0007803 0.01204 0.01233
1305033560.275875 0.002398 -0.006346 0.01032 0.003024 0.01401 0.01144
1305033560.308068 0.002076 -0.007281 0.01098 0.001803 0.01398 0.01157
1305033560.340794 0.004113 -0.006506 0.01051 0.002686 0.01285 0.01148
1305033560.376140 0.003511 -0.006638 0.01207 0.001168 0.01677 0.01227
1305033560.408223 0.003284 -0.006635 0.01164 0.0008328 0.01726 0.01302
1305033560.440133 0.003469 -0.006387 0.01317 -0.0006297 0.01764 0.01654
1305033560.476175 0.004875 -0.006947 0.01505 -0.000969 0.01547 0.01336
1305033560.508010 0.005816 -0.007767 0.014 -0.0003043 0.01476 0.006185
1305033560.540071 0.003243 -0.00648 0.01355 0.0006305 0.01878 0.005929
1305033560.576121 0.002386 -0.007477 0.01424 -0.000672 0.01921 0.009627
1305033560.608124 0.002288 -0.006473 0.01423 -0.000162 0.01717 0.01302
1305033560.640091 0.00383 -0.007599 0.01438 -0.001991 0.01308 0.01152
1305033560.676024 0.003897 -0.007343 0.0137 -2.656e-05 0.01537 0.009631
1305033560.708282 0.002815 -0.006138 0.01357 5.924e-05 0.01618 0.0106
1305033560.740039 0.005443 -0.007063 0.01152 -0.001051 0.01399 0.009472
1305033560.776130 0.003233 -0.006104 0.01254 -0.0009296 0.01902 0.01015
1305033560.808007 0.002318 -0.006659 0.01213 -0.0009286 0.01573 0.009701
1305033560.840109 0.004832 -0.006386 0.01264 -0.0008272 0.01058 0.006968
1305033561.075981 0.02673 -0.05598 0.07276 0.03851 0.07043 0.04534
1305033561.175991 0.01882 -0.02265 0.02869 0.0134 0.04101 0.04078
1305033561.207947 0.00197 -0.002643 0.008668 0.004838 0.01872 0.01442
1305033561.244096 0.006071 -0.007829 0.009704 -0.001725 0.009924 0.01194
1305033561.276018 0.007859 -0.006977 0.006971 0.003669 0.01259 0.007635
1305033561.308038 0.003933 -0.001342 0.006235 0.006808 0.01748 0.008491
1305033561.344315 0.005791 -0.001307 0.006561 0.0001473 0.01338 0.008735
1305033561.376023 0.004283 -0.002686 0.006344 -0.003209 0.01854 0.01123
1305033561.408071 0.002896 -0.0006148 0.007439 -0.003446 0.01487 0.01075
1305033561.444167 0.007429 -0.004036 0.005968 -0.006027 0.008503 0.00702
1305033561.475883 0.004122 -0.00187 0.005292 -0.00304 0.01479 0.004616
1305033561.508997 0.001179 -0.004462 0.005724 -0.005138 0.01201 0.002011
1305033561.544443 0.003371 -0.001708 0.003251 -0.0011 0.006994 0.0007069
1305033561.576172 0.003238 -0.001527 0.00365 -0.004528 0.009374 0.001689
1305033561.608228 0.001291 -0.003881 0.004604 -0.007348 0.011 0.003281
1305033561.643844 0.001845 -0.003336 0.004684 -0.005432 0.008605 0.004488
1305033561.676177 0.003808 -0.001141 0.005568 -0.005262 0.007411 0.002946
1305033561.708201 0.005474 -0.006111 0.00573 -0.00895 0.009987 0.001714
1305033561.744331 0.0003212 -0.005395 0.004975 -0.004174 0.01698 0.003973
1305033561.776130 0.000886 -0.001036 0.005293 -0.001422 0.01253 0.006988
1305033561.808115 0.003689 -0.002207 0.006897 -0.005263 0.01022 0.008143
1305033561.843975 0.002723 -0.004145 0.007881 -0.006539 0.01091 0.006952
1305033561.876180 0.002385 -0.003401 0.006296 -0.002787 0.008453 0.003973
1305033561.908054 0.003028 -0.00329 0.006817 -0.003821 0.005342 0.001199
1305033561.944175 0.002756 -0.003648 0.005914 -0.001305 0.005709 0.002328
1305033561.976031 0.003964 0.002796 0.00566 0.002034 0.004677 0.003595
1305033562.008340 0.007119 -0.0001682 0.007186 -0.006129 0.00335 -0.001093
1305033562.043859 0.004126 0.001826 0.005972 -0.004376 0.01028 -0.001044
1305033562.444037 0.1312 0.4855 0.03842 0.3432 -0.08845 -0.1796
1305033562.476159 0.00201 -0.001016 0.003361 -0.005344 0.002931 0.002871
1305033562.508226 0.0002454 0.0006418 0.002591 -0.002176 0.002826 0.003698
1305033562.544074 0.0008751 0.0002895 0.003546 -0.0033 0.0006111 0.006503
1305033562.575998 0.002736 -0.0001434 0.004934 -0.002759 -0.00152 0.002793
1305033562.608172 0.002085 -0.001169 0.004083 -0.001646 0.0009138 -0.002178
1305033562.643989 -0.00228 0.001126 0.002461 -0.0003246 0.004885 0.0001878
1305033562.676123 -0.0008463 -0.0004522 0.003153 -0.003909 0.001487 0.004452
1305033562.709353 0.002001 -0.002099 0.003356 -0.004446 -3.697e-05 0.004592
1305033562.744034 -0.001103 -0.001851 0.002678 -0.002838 0.003189 0.003771
1305033562.775949 -0.0002922 -0.002048 0.003215 -0.003196 -0.000392 0.0009486
1305033562.808427 0.001737 -0.003729 0.003759 -0.003394 -0.002477 -0.003939
1305033562.844181 -0.002442 -0.004877 0.002456 -0.0008623 0.001049 -0.005014
1305033562.876076 -0.005301 -0.004278 0.002161 0.0012 -0.002288 -0.002004
1305033562.907918 -0.0003931 -0.002626 0.003222 0.002624 -0.00974 -0.0005356
1305033562.943995 0.003963 -0.00261 0.004521 0.003234 -0.009702 -0.003478
1305033562.975904 0.002684 -0.002117 0.004101 0.00306 -0.003646 -0.006634
1305033563.008047 -0.002429 -0.003238 0.00395 0.001909 0.002311 -0.003728
1305033563.044010 -0.0002137 -0.004863 0.005155 0.001477 -0.001216 -0.0006356
1305033563.075836 0.001432 -0.00429 0.004407 0.003854 1.601e-05 0.0008232
1305033563.108021 -0.003947 -0.001671 0.003792 0.004785 0.003888 0.003544
1305033563.143880 -0.003272 -0.003172 0.004668 0.001992 -0.002754 0.005539
1305033563.175944 0.00196 -0.001919 0.005003 0.002607 -0.007996 0.003105
1305033563.208079 -2.852e-07 -0.002054 0.004502 0.0009328 -0.004353 -0.003064
1305033563.243967 -0.002844 -0.004815 0.005455 -0.002315 -0.003961 -0.005355
1305033563.276048 -0.005911 -0.00898 0.006542 -0.002451 -0.005413 -0.002049
1305033563.308045 -0.008309 -0.008158 0.005726 0.002191 -0.01051 0.0006008
1305033563.343985 -0.0001307 -0.008954 0.00903 0.003829 -0.02068 -0.002031
1305033563.376120 -0.001061 -0.007029 0.008515 0.008414 -0.0161 -0.004741
1305033563.407992 -0.003611 -0.006884 0.007495 0.006738 -0.01468 -0.007807
1305033563.443962 -0.002839 -0.005944 0.007974 0.006887 -0.01518 -0.01003
1305033563.475960 -0.001151 -0.004938 0.008526 0.003465 -0.01445 -0.007631
1305033564.807990 0.3261 -0.1883 0.5366 -0.1228 -0.3982 0.2119
1305033564.843978 -0.001262 -0.004116 0.01121 0.006176 -0.01345 -0.006626
1305033564.876058 -0.002281 -0.006455 0.01149 0.002613 -0.008666 -0.009816
1305033564.908057 -0.008957 -0.005759 0.01029 0.002134 -0.00301 -0.008233
1305033564.943990 -0.009177 -0.006161 0.01171 0.002184 -0.00695 -0.00691
1305033564.976037 -0.009024 -0.00532 0.01179 0.004027 -0.007112 -0.006117
1305033565.007938 -0.009092 -0.006405 0.0102 0.003921 -0.006702 -0.007247
1305033565.043917 -0.009498 -0.005853 0.009469 0.004917 -0.007292 -0.008835
1305033565.075900 -0.009812 -0.004996 0.009391 0.00521 -0.007668 -0.009909
1305033565.107859 -0.009291 -0.005971 0.009066 0.004194 -0.008082 -0.01102
1305033565.143987 -0.009453 -0.005346 0.007943 0.003201 -0.009091 -0.009531
1305033565.175900 -0.006742 -0.006334 0.00722 0.001736 -0.01348 -0.009846
1305033565.207978 -0.003617 -0.007413 0.005081 -0.0005947 -0.01576 -0.0111
1305033565.244953 -0.005258 -0.007247 0.005803 -0.00066 -0.01353 -0.01222
1305033565.276356 -0.007553 -0.008271 0.004254 -0.001115 -0.01248 -0.01158
1305033565.307938 -0.004437 -0.007633 0.006019 -0.0004052 -0.01688 -0.01177
1305033565.344987 -0.0009255 -0.008294 0.009142 -6.339e-05 -0.01874 -0.01167
1305033565.376574 0.001666 -0.006345 0.01098 0.001569 -0.0195 -0.01119
1305033565.407876 0.00141 -0.006009 0.01138 0.0007938 -0.01685 -0.009102
1305033565.444289 -1.231e-05 -0.00603 0.01272 -0.001155 -0.01563 -0.007176
1305033565.476053 0.0039 -0.008383 0.01585 -0.00172 -0.01877 -0.009108
1305033565.507905 0.002064 -0.009707 0.01453 -0.0005439 -0.01504 -0.0117
1305033565.544077 -0.003173 -0.01009 0.01066 -4.83e-05 -0.01333 -0.01067
1305033565.575975 -0.003144 -0.00844 0.009257 0.003085 -0.01714 -0.008492
1305033565.608072 -0.0008776 -0.007427 0.009834 0.003122 -0.0185 -0.008537
1305033565.644233 -0.0008673 -0.005468 0.009735 0.003145 -0.01489 -0.01026
1305033565.676064 -0.002678 -0.00704 0.009087 -0.0004509 -0.01256 -0.008909
1305033565.709168 -0.002855 -0.008961 0.006936 -0.002459 -0.01554 -0.009222
1305033565.744012 -0.001185 -0.01074 0.002529 -0.004949 -0.01708 -0.009177
1305033565.776028 -0.001441 -0.01417 -0.003181 -0.009379 -0.01463 -0.004863
1305033565.808428 -0.005015 -0.008408 0.004982 -0.002785 -0.01143 -0.006178
1305033565.844025 -0.003552 -0.007535 0.006499 -0.001237 -0.01661 -0.006549
1305033565.875917 -0.00333 -0.00649 0.008299 0.0006675 -0.01587 -0.009703
1305033565.907964 -0.005399 -0.005752 0.00614 0.001439 -0.01187 -0.009878
1305033565.944075 -0.00609 -0.006143 0.00587 -0.001132 -0.01362 -0.009037
1305033565.975828 -0.003623 -0.007343 0.006872 -0.001659 -0.01616 -0.007047
1305033566.007890 -0.006729 -0.005247 0.006402 0.0003586 -0.01182 -0.003576
1305033566.043973 -0.006316 -0.005043 0.007208 -0.001309 -0.01384 -0.003897
1305033566.075880 -0.005759 -0.006397 0.008279 -0.001 -0.0132 -0.007836
1305033566.107858 -0.00769 -0.005629 0.007554 0.0008175 -0.01047 -0.0102
1305033566.143991 -0.008014 -0.00566 0.006917 0.0009383 -0.01151 -0.01023
1305033566.177030 -0.008152 -0.005586 0.007001 -8.055e-05 -0.01142 -0.007148
1305033566.208030 -0.008104 -0.005808 0.007509 -6.811e-05 -0.01161 -0.005944
1305033566.244046 -0.007301 -0.005021 0.007013 0.0007188 -0.01282 -0.007833
1305033566.276005 -0.007378 -0.00555 0.007405 0.0002772 -0.01206 -0.01083
1305033566.307956 -0.007412 -0.004938 0.00717 0.0002957 -0.01115 -0.0132
1305033566.344211 -0.008104 -0.005988 0.006383 -0.0004001 -0.01037 -0.01357
1305033566.375967 -0.007688 -0.006323 0.00678 -0.001797 -0.01092 -0.01157
1305033566.408257 -0.007942 -0.007768 0.00682 -0.001737 -0.01112 -0.01055
1305033566.443910 -0.007529 -0.008799 0.006946 -0.0003788 -0.01295 -0.009354
1305033566.476031 -0.006812 -0.005549 0.007165 0.002893 -0.01394 -0.009926
1305033566.508093 -0.004883 -0.007364 0.007687 0.0007899 -0.01468 -0.01361
1305033566.544036 -0.006667 -0.007244 0.007406 0.002248 -0.01108 -0.01498
1305033566.576146 -0.008514 -0.005726 0.004634 0.002837 -0.009647 -0.01331
1305033566.608193 -0.007084 -0.006744 0.007053 0.001909 -0.0119 -0.009769
1305033566.644800 -0.007714 -0.006506 0.006388 0.002223 -0.01228 -0.008788
1305033566.675986 -0.007433 -0.006102 0.006483 0.002148 -0.01551 -0.009946
1305033566.707980 -0.004734 -0.007413 0.007205 0.001159 -0.01811 -0.01314
1305033566.743879 -0.005674 -0.00521 0.006243 0.004137 -0.01519 -0.01649
1305033566.775928 -0.007308 -0.005017 0.005766 0.00192 -0.01389 -0.01575
1305033566.816360 -0.005707 -0.00566 0.006003 -0.0001667 -0.01591 -0.0142
1305033566.844889 -0.004434 -0.004625 0.005914 -0.0005122 -0.01613 -0.01437
1305033566.876228 -0.00512 -0.005812 0.005867 -0.002396 -0.01409 -0.01488
1305033566.907957 -0.004602 -0.00366 0.005583 -0.0002283 -0.01449 -0.01335
1305033566.944007 -0.004458 -0.005032 0.005933 -0.00322 -0.01533 -0.01204
1305033566.975857 -0.003557 -0.006717 0.005885 -0.002963 -0.01598 -0.01224
1305033567.007985 -0.006159 -0.0062 0.004907 -0.001074 -0.01325 -0.01064
1305033567.043993 -0.004218 -0.006076 0.00507 0.0004424 -0.01833 -0.009532
1305033567.076392 -0.001879 -0.004737 0.005263 0.0006025 -0.01908 -0.009286
1305033567.108916 -0.001615 -0.008033 0.005181 -0.001652 -0.01622 -0.01113
1305033567.143957 -0.004551 -0.006422 0.004749 0.0009309 -0.01273 -0.01234
1305033567.177099 -0.00413 -0.008179 0.004994 0.0001708 -0.01444 -0.01027
1305033567.208105 -0.003053 -0.006876 0.004035 0.002959 -0.01587 -0.009131
1305033567.244018 -0.002318 -0.007744 0.004353 0.00231 -0.01669 -0.01166
1305033567.275924 -0.002116 -0.007629 0.004534 0.004283 -0.01519 -0.01284
1305033567.308112 -0.001404 -0.006713 0.00435 0.005283 -0.01366 -0.01128
1305033567.343978 -0.0002948 -0.006389 0.004372 0.004732 -0.01168 -0.0117
1305033567.375907 -0.001954 -0.006064 0.003891 0.003734 -0.00703 -0.009333
1305033567.408015 -0.003014 -0.006344 0.00357 0.003244 -0.006957 -0.007567
1305033567.443932 -0.000878 -0.006217 0.003899 0.00326 -0.009742 -0.007997
1305033567.476034 -0.0001759 -0.005147 0.003495 0.004309 -0.007062 -0.007772
1305033567.507956 -0.00252 -0.004872 0.002732 0.003515 -0.003548 -0.007216
1305033567.544077 -0.002195 -0.00375 0.00243 0.002675 -0.005762 -0.007287
1305033567.576039 -0.0006123 -0.005086 0.002619 0.001496 -0.006746 -0.007883
1305033567.608081 -0.001311 -0.003919 0.001727 0.003245 -0.003341 -0.00632
1305033567.643848 -0.003271 -0.002742 0.0008684 0.002823 -0.001397 -0.003528
1305033567.676067 -0.002405 -0.003081 0.0003685 0.002004 -0.004281 -0.002593
1305033567.708106 -0.002576 0.001132 -0.0003397 0.004844 -0.004577 -0.002248
1305033567.743852 -0.001767 0.00133 -0.0005484 0.0001596 -0.005967 -0.004264
1305033567.776100 -0.001603 0.002773 -0.0005246 0.0001045 -0.005342 -0.007049
1305033567.807986 -0.002444 0.003398 -0.000785 -0.002801 -0.002858 -0.006524
1305033567.843855 -0.001817 0.002916 -0.001554 -0.00411 -0.003098 -0.006384
1305033567.876013 -0.003095 0.004927 -0.002352 -0.002267 -0.0015 -0.005644
1305033567.907933 -0.003436 0.004545 -0.002604 -0.004133 -0.002747 -0.004624
1305033567.944056 -0.002668 0.007142 -0.003194 -0.003139 -0.004457 -0.003221
1305033567.975900 -0.001236 0.005501 -0.003086 -0.005987 -0.004982 -0.001946
1305033568.007973 -0.001784 0.005888 -0.003864 -0.005092 -0.003627 -0.003238
1305033568.044690 -0.001325 0.005216 -0.004384 -0.003838 -0.003391 -0.003779
1305033568.076513 -0.002794 0.006582 -0.005329 -0.002422 -0.00115 -0.0005419
1305033568.107876 -0.001685 0.006556 -0.006015 -0.003296 -0.003061 0.001914
1305033568.144795 0.0006788 0.007139 -0.006062 -0.003481 -0.00362 0.0001798
1305033568.175928 -0.001378 0.006949 -0.00698 -0.004279 0.001797 -0.0003527
1305033568.208754 -0.003317 0.005228 -0.007798 -0.004752 0.001679 -0.0003139
1305033568.244908 -0.00154 0.006807 -0.007726 -0.001949 -0.002002 -0.0008317
1305033568.276767 -0.001304 0.005428 -0.007938 -0.002304 -0.0008471 -0.0003123
1305033568.308997 -0.002428 0.006982 -0.008529 0.0006863 -3.167e-06 -0.0001711
1305033568.344489 -0.001394 0.007679 -0.008282 0.0006821 -0.001656 -0.00119
1305033568.376267 -0.000343 0.008583 -0.008166 0.0003887 -0.0006744 -0.002917
1305033568.408097 -0.001447 0.008043 -0.008578 -0.0007334 0.00263 -0.003507
1305033568.443929 -0.002594 0.006548 -0.009259 -0.002006 0.003815 -0.001139
1305033568.477600 -0.003127 0.007919 -0.01012 0.001197 0.002428 0.001386
1305033568.510550 -0.0006726 0.007348 -0.009455 -0.0004735 -0.0008766 0.001365
1305033568.544550 -0.002409 0.00647 -0.00991 0.001015 0.001838 0.0006256
1305033568.577212 -0.003104 0.008093 -0.009928 0.003609 -0.0007797 -0.001191
1305033568.612362 -0.0006823 0.009265 -0.008744 0.004277 -0.003783 -0.00292
1305033568.645039 -0.0005649 0.009097 -0.008411 0.002808 -0.001119 -0.001513
1305033568.712397 -0.001556 0.02161 -0.01675 0.002214 0.001682 0.004124
1305033568.844116 -0.006058 0.03875 -0.03441 -0.01353 0.007295 -0.002278
1305033568.875957 -0.0009523 0.008679 -0.009216 -0.003067 -0.001365 0.002679
1305033568.912608 -0.001977 0.009271 -0.009521 -0.001624 -0.001509 0.0003351
1305033568.945160 -0.002031 0.01061 -0.009689 -0.001175 -0.003149 -0.001819
1305033568.976138 5.184e-05 0.01043 -0.009176 -0.00241 -0.004786 -0.002797
1305033569.010126 -0.0008367 0.009996 -0.00961 -0.002606 -0.001351 -0.002483
1305033569.044016 -0.002713 0.01125 -0.01041 -0.002439 9.398e-07 -0.0001518
1305033569.910415 -0.1135 0.1909 -0.4585 0.002365 -0.04301 0.1502
1305033569.944825 0.0007713 0.005867 -0.01016 -0.0008101 0.006546 -0.004656
1305033569.981683 -0.004216 0.00609 -0.01074 0.00246 0.008884 0.0007226
1305033570.011030 -0.001529 0.008353 -0.01022 0.003548 0.0009163 0.005242
1305033570.045352 0.004195 0.006722 -0.009331 0.0004372 -0.002062 0.002488
1305033570.081550 0.0005734 0.007815 -0.009418 0.001509 0.006072 -0.0006203
1305033570.109751 -0.003653 0.005761 -0.008508 -0.0004553 0.007696 8.711e-05
1305033570.145930 -0.0005604 0.004753 -0.007985 0.0008629 0.0005824 9.872e-05
1305033570.181417 0.001158 0.003717 -0.007912 0.003342 0.001491 0.0002675
1305033570.210844 -0.001994 0.006826 -0.008596 0.006136 0.004958 0.003461
1305033570.244500 0.001433 0.006272 -0.00814 0.002511 0.00109 0.005365
1305033570.281942 0.001889 0.005208 -0.008016 -9.787e-05 0.004413 0.005437
1305033570.312553 -0.001014 0.006623 -0.008237 -0.001518 0.007443 0.006709
1305033570.344476 0.000394 0.002533 -0.007328 -0.006037 0.004135 0.006842
1305033570.380955 0.0003031 0.002679 -0.00742 -0.003481 0.004175 0.006773
1305033570.413394 0.0001927 0.0003987 -0.006907 -0.003034 0.002562 0.004443
1305033570.444548 0.001006 0.001327 -0.006442 0.0006298 0.000688 0.0005468
1305033570.481286 0.001589 0.002213 -0.005553 0.001185 0.0008548 -0.001097
1305033570.513265 0.0008663 0.0003652 -0.004804 0.0001374 0.003366 -0.0003947
1305033570.545143 -0.0007946 0.0008734 -0.004407 0.001556 0.003717 0.0004336
1305033570.580146 0.0007103 0.0009936 -0.003355 0.001016 0.0004942 0.000584
1305033570.615301 0.001405 0.0002114 -0.002617 0.0006128 0.001276 0.001098
1305033570.644853 -0.0006044 -0.0002148 -0.002405 0.0005379 0.003344 0.002735
1305033570.678624 0.0003672 0.0002288 -0.001647 0.001111 0.0005084 0.002943
1305033570.712814 0.001025 -0.0001328 -0.001336 0.0003858 0.0001687 0.001443
1305033570.744521 0.0005949 -0.0002903 -0.0009183 0.0002968 0.0007587 -0.001003
1305033570.777858 -1.746e-05 -0.000208 -0.0004117 0.0004605 0.001022 -0.001826
1305033570.812774 3.927e-05 -2.408e-05 0.0001119 0.0001096 0.0008482 -0.0004921
1305033570.844872 -0.0001758 -0.0002362 0.0003985 -0.0005625 0.001037 0.00164
1305033570.881245 0.0006479 -0.0006052 0.0008231 -0.001434 -0.0003757 0.001104
1305033570.912861 0.0006935 -0.001625 0.00138 -0.0008981 -0.0001103 -0.001806
1305033570.949082 -0.00107 0.0001208 0.001267 0.0009124 0.001544 -0.0009471
1305033570.980633 -0.0005193 -0.001374 0.002328 -0.001556 -0.001496 -0.0005819
1305033571.012823 0.001674 -0.001583 0.002771 -5.909e-05 -0.002716 -0.002409
1305033571.046470 -0.001095 -0.0007125 0.002547 0.001158 0.001868 -0.001203
1305033571.077804 -0.0007807 -0.001908 0.003164 -0.000612 -0.0006954 -6.678e-05
1305033571.112750 0.000326 -0.001352 0.003064 0.001222 -0.00112 0.0003642
1305033571.147699 -0.001417 -0.001335 0.002886 0.0003096 0.0005766 0.001671
1305033571.177871 -0.000336 -0.001957 0.003274 -0.0001196 -0.001781 0.001261
1305033571.212793 -0.0008761 -0.001658 0.00294 0.0005334 -0.0008326 0.001386
1305033571.246885 -0.001036 -0.001208 0.00289 0.0007187 -0.001921 0.0001745
1305033571.277798 -0.0004514 -0.001419 0.003129 -0.0004426 -0.002711 -0.0007222
1305033571.312823 -0.001084 -0.001721 0.002873 -0.0002555 -0.001925 -0.0003131
1305033571.345834 -0.0004243 -0.001003 0.002826 3.428e-05 -0.003186 -0.0001193
1305033571.377888 0.0004898 -0.001946 0.003137 -0.001115 -0.003056 -0.001007
1305033571.412844 -0.0007836 -0.001183 0.002802 -4.056e-05 -0.000839 -0.001026
1305033571.446208 -0.001262 -0.001258 0.002681 -0.001398 -0.002052 0.0001529
1305033571.479710 0.001652 -0.002086 0.00332 -0.001839 -0.004812 -0.001774
1305033571.513549 -8.013e-05 -0.001982 0.002792 -0.0007649 -0.0006417 -0.002469
1305033571.546864 -0.001889 -0.002238 0.002814 -0.0005575 -0.000763 -0.001442
1305033571.577893 0.001341 -0.001634 0.003464 -8.326e-05 -0.00506 -0.0009903
1305033571.612861 0.001798 -0.002367 0.003483 -0.0005884 -0.002331 -0.001908
1305033571.646122 -0.0003986 -0.001626 0.003348 0.0003724 0.0003885 -0.003028
1305033571.678644 7.376e-05 -0.00242 0.003651 -0.000667 -0.00115 -0.001856
1305033571.712930 0.0004159 -0.002201 0.003611 -0.0002562 -0.0008582 -2.427e-05
1305033571.747705 0.0004871 -0.002182 0.00369 -0.00109 -0.001239 0.000261
1305033571.780914 0.001301 -0.002641 0.003921 -0.001413 -0.001805 -0.002365
1305033571.812886 -0.0002215 -0.003441 0.004018 -0.001601 0.0006432 -0.002524
1305033571.848721 -0.001947 -0.003502 0.003876 -0.0009963 0.0004365 0.0002845
1305033571.878867 0.0004847 -0.004136 0.004268 -0.0007283 -0.003574 0.0004773
1305033571.914169 5.372e-05 -0.003572 0.004237 0.0003691 -0.002049 -0.0005194
1305033571.947545 -0.0004669 -0.003365 0.004579 0.0002433 -0.001923 -0.001382
1305033571.978987 0.0001309 -0.003016 0.004798 -0.0002559 -0.002245 -0.001681
1305033572.013000 -0.0005708 -0.003981 0.004952 -0.001088 -0.0006708 -0.001247
1305033572.050296 -0.001494 -0.004357 0.00502 -0.0009373 -0.0004935 6.313e-05
1305033572.078119 -0.001821 -0.004218 0.004981 0.0003654 -0.001778 0.001671
1305033572.112772 -0.0005687 -0.003949 0.005087 0.0008465 -0.004513 0.001044
1305033572.148148 0.000576 -0.002281 0.005107 0.001431 -0.004783 -0.001371
1305033572.182204 -0.0001123 -0.002945 0.005211 -0.0008242 -0.002869 -0.003104
1305033572.217214 -0.001038 -0.002376 0.005195 -0.0004976 -0.001862 -0.002985
1305033572.250147 -0.0002805 -0.003085 0.005577 -0.002151 -0.002815 -0.0009933
1305033572.278115 0.0001498 -0.003087 0.00569 -0.001176 -0.002175 0.0002729
1305033572.317979 -0.0001149 -0.003014 0.006288 -3.28e-05 -0.001793 0.00107
1305033572.350195 0.0005332 -0.00126 0.007059 0.000795 -0.001483 0.003628
1305033572.378518 0.0007725 -0.0007562 0.008034 0.0002307 -0.0007099 0.005603
1305033572.418248 0.003589 -0.002336 0.009682 -0.001789 -0.001969 0.002519
1305033572.450332 0.002306 -0.002861 0.01058 0.001508 0.003722 0.0008312
1305033572.482121 0.0003509 -0.0005737 0.01133 0.005252 0.005712 0.001149
1305033572.517832 0.0003782 -0.001553 0.01198 0.005734 0.005012 0.002566
1305033572.550497 -0.001158 0.0008662 0.01209 0.007829 0.004909 0.008955
1305033572.582154 0.001539 -0.0001891 0.01281 0.00707 -0.0001149 0.009951
1305033572.616679 0.005512 -0.0002165 0.01313 0.008094 -0.001422 0.004646
1305033572.650227 0.001589 0.001264 0.01323 0.01133 0.005387 0.0009917
1305033572.680315 0.003391 0.0008852 0.0134 0.01211 0.002012 -0.001469
1305033572.718259 0.007207 0.006565 0.01225 0.01693 0.005096 0.001256
1305033572.750166 0.001263 0.008126 0.01327 0.01099 0.01323 0.007874
1305033572.780967 0.004612 0.002568 0.01327 0.005958 0.00715 0.006856
1305033572.816626 0.01192 0.003964 0.01256 0.009324 0.005667 0.004363
1305033572.847583 0.009905 0.006718 0.01217 0.0135 0.01716 0.008255
1305033572.879279 0.007451 0.003881 0.01223 0.00964 0.02284 0.01172
1305033572.915303 0.006326 0.005247 0.01123 0.01289 0.02406 0.0145
1305033572.951889 0.009368 0.007223 0.01122 0.01283 0.02252 0.01963
1305033572.978189 0.009408 0.005931 0.009608 0.01118 0.02552 0.02412
1305033573.015418 0.01077 0.009972 0.007994 0.01103 0.02413 0.0254
1305033573.047134 0.01343 0.004083 0.007387 0.005649 0.02383 0.02299
1305033573.080129 0.01542 0.01688 0.003886 0.01323 0.02629 0.02487
1305033573.115331 0.01389 0.005965 -0.001747 -0.006071 0.02873 0.0292
1305033573.146194 0.01016 0.004573 -0.0004273 -0.007429 0.03489 0.02704
1305033573.177561 0.01187 0.01043 -0.0007839 -0.007103 0.03375 0.02705
1305033573.215744 0.007816 0.002306 -0.001988 -0.01344 0.03624 0.02925
1305033573.245663 0.00464 0.007812 -0.005431 -0.00973 0.03586 0.0339
1305033573.277720 0.006479 0.002957 -0.005314 -0.01877 0.03355 0.03349
1305033573.314326 0.0107 0.008996 -0.007236 -0.01498 0.03456 0.03396
1305033573.346701 0.006827 0.01157 -0.01186 -0.02314 0.04502 0.03818
1305033573.379447 0.009178 0.02217 -0.008633 -0.02255 0.04443 0.03426
1305033573.413474 0.007145 0.02271 -0.01214 -0.03081 0.04311 0.03078
1305033573.445596 -0.002915 0.01246 -0.009594 -0.04714 0.04932 0.02039
1305033573.476822 -0.03739 -0.0007398 -0.008195 -0.0596 0.06871 0.02288
1305033573.515495 -0.03143 0.005442 -0.00995 -0.06509 0.05316 0.03679
1305033573.546940 0.007001 0.0143 -0.01466 -0.06109 0.0172 0.03285
1305033573.576906 0.003244 0.01102 -0.01559 -0.06313 0.01884 0.02907
1305033573.612730 0.00501 0.0117 -0.01928 -0.05791 0.01178 0.01907
1305033573.644868 0.01191 0.01398 -0.01539 -0.04243 -0.00841 -0.003645
1305033573.676915 0.01487 0.01749 -0.01122 -0.02947 -0.0224 -0.01268
1305033573.712811 0.0171 0.0138 -0.01023 -0.0311 -0.02751 -0.01977
1305033573.746552 0.01728 0.01031 -0.008136 -0.02602 -0.02453 -0.01752
1305033573.777048 0.01724 0.01384 -0.00666 -0.02114 -0.01939 -0.009732
1305033573.812929 0.01712 0.01097 -0.005969 -0.0242 -0.01911 0.000437
1305033573.847555 0.01659 0.01126 -0.006934 -0.01703 -0.02119 9.779e-05
1305033573.876901 0.017 0.01043 -0.007427 -0.01436 -0.02217 -0.004177
1305033573.915599 0.01825 0.01061 -0.007798 -0.01401 -0.02321 -0.01103
1305033573.945653 0.01925 0.007379 -0.007854 -0.0133 -0.0219 -0.02149
1305033573.977056 0.02026 0.007287 -0.007697 -0.00638 -0.01937 -0.02594
1305033574.013914 0.02004 0.007726 -0.008493 -0.001356 -0.0139 -0.0223
