1305031526.707547 -0.005717 0.005132 0.003426 -0.02379 -0.02056 -0.005097
1305031526.771481 -0.009204 0.01459 0.01245 -0.06424 -0.04843 0.001376
1305031526.807455 -0.00271 0.008471 0.01096 -0.05078 -0.02438 0.002915
1305031526.871446 0.008941 -0.007455 0.02612 -0.09106 -0.04542 0.01578
1305031526.907484 0.003085 -0.004193 0.01364 -0.0469 -0.02294 0.006889
1305031526.939618 0.004764 0.0006419 0.01084 -0.03785 -0.02216 0.003459
1305031526.971510 0.004174 0.001005 0.01205 -0.04012 -0.01905 0.003865
1305031527.007595 0.0026 -0.003848 0.01057 -0.03172 -0.01519 -0.0003064
1305031527.039512 -6.191e-05 0.007015 0.008527 -0.02942 -0.01352 0.002174
1305031527.071487 0.00276 -0.008342 0.01229 -0.03601 -0.01628 -0.000565
1305031527.107498 0.001161 0.003468 0.005751 -0.01403 -0.01064 -0.003358
1305031527.139473 -0.001399 0.0006643 0.006849 -0.02363 -0.009077 0.002667
1305031527.171540 0.004312 -0.006041 0.01282 -0.01651 -0.01318 -0.002916
1305031527.207588 0.001075 0.001241 0.007511 0.00224 -0.005478 -0.001401
1305031527.271501 0.01433 -0.009226 0.02329 0.02046 -0.01249 -0.003798
1305031527.307472 0.001726 -0.003573 -0.0006555 0.02023 0.003773 -0.005904
1305031527.339636 0.001057 -0.005373 -0.002339 0.02035 0.005914 -0.008198
1305031527.371505 -0.003018 -0.008709 -0.002826 0.01791 0.005244 -0.005071
1305031527.407412 -0.001445 -0.004819 -0.003991 0.02094 0.0006531 -0.003304
1305031527.439476 -2.422e-05 -0.004726 -0.002684 0.02168 -0.001388 -0.003505
1305031527.471497 0.0004448 -0.0002053 -0.004559 0.02283 0.0007183 -0.00314
1305031527.507487 0.0003767 -0.004624 -0.002732 0.01973 0.001697 0.0001657
1305031527.539741 0.0004283 -0.008027 -0.001431 0.019 -0.0006352 0.0005753
1305031527.571506 0.003166 -0.008359 -0.001054 0.02341 -0.001916 0.002116
1305031527.607559 0.002005 -0.004039 -0.003698 0.0285 -7.488e-05 0.002297
1305031527.671547 0.02182 -0.009531 0.0003633 0.06455 0.003625 0.006746
1305031527.707520 -0.002373 0.007131 -0.007811 0.03233 0.02017 -0.004455
1305031527.771461 0.004803 -0.001421 -0.005694 0.03871 0.02554 -0.003898
1305031527.807581 0.004154 0.004727 -0.002366 0.02272 0.01491 -0.002737
1305031527.839601 0.005462 -0.0006535 -0.001107 0.01066 0.01955 -0.001166
1305031527.871464 0.007459 -0.005799 0.001016 0.01223 0.02528 0.00624
1305031527.907477 0.005763 0.002712 -0.005353 0.01894 0.02801 0.00852
1305031527.939566 0.008242 0.008771 -0.01065 0.009516 0.03328 0.01684
1305031527.971502 0.005368 -0.005755 0.0004484 -0.01122 0.03845 0.02602
1305031528.039560 0.0235 0.002293 -0.007018 -0.007842 0.0723 0.06014
1305031528.071546 0.003289 -0.003131 0.0009716 -0.01657 0.04106 0.02931
1305031528.107513 0.01291 6.687e-05 0.001451 -0.01266 0.0356 0.03141
1305031528.139513 0.005624 -0.002949 0.002811 -0.01445 0.0412 0.03277
1305031528.171523 0.00568 0.0009224 0.000772 -0.008041 0.03267 0.03356
1305031528.207527 0.006779 0.004314 -0.001159 -0.01188 0.0239 0.03504
1305031528.239493 0.0128 -0.001245 0.003776 -0.02086 0.01606 0.02945
1305031528.275450 0.02202 0.0003477 -0.0001661 -0.01628 0.0208 0.02741
1305031528.307665 0.01773 0.003904 0.0006527 -0.02111 0.0413 0.02498
1305031528.339593 0.01282 -6.569e-05 0.006081 -0.02584 0.0484 0.01804
1305031528.375435 0.01579 0.001718 0.003572 -0.0185 0.04789 0.01106
1305031528.407459 0.0126 0.001847 0.002704 -0.0215 0.06075 0.009914
1305031528.439469 0.01418 0.001396 0.004238 -0.01871 0.06107 0.009686
1305031528.475342 0.009189 0.001533 0.005671 -0.01362 0.06258 0.004952
1305031528.539626 0.02476 0.003181 0.007642 -0.02487 0.1288 0.007115
1305031528.575449 0.008482 -0.002222 0.004614 -0.0005716 0.06216 0.003733
1305031528.607841 0.006883 0.00132 -0.005021 0.00119 0.05691 0.002585
1305031528.639487 0.004523 -0.004191 0.009028 -0.0009179 0.04984 0.005435
1305031528.707447 0.0158 -0.01016 0.002618 0.02968 0.06386 0.01695
1305031528.739609 0.00583 -0.005395 -0.0004711 0.01601 0.02269 0.009094
1305031528.775443 0.008714 -0.007939 -0.0009002 0.01946 0.01193 0.0088
1305031528.807559 0.01442 -0.006864 -0.0009367 0.02586 0.007817 0.005963
1305031528.839572 0.01247 -0.004142 -0.001752 0.02674 0.01247 0.005918
1305031528.875433 0.0113 -0.007334 -0.002669 0.02689 0.01243 0.004544
1305031528.907519 0.01148 -0.006846 -0.00432 0.03118 0.008772 0.001943
1305031528.939602 0.0118 0.0007814 -0.008001 0.03935 0.007077 -0.007143
1305031528.975465 0.0133 -0.004163 -0.004886 0.02217 0.006297 -0.01676
1305031529.007487 0.01598 -0.01241 -0.004786 0.02446 -9.783e-05 -0.015
1305031529.039494 0.01353 -0.003727 -0.008457 0.03539 -0.004925 -0.01898
1305031529.075422 0.0127 -0.0007871 -0.00987 0.03114 -0.01516 -0.03295
1305031529.107523 0.01779 -0.004399 -0.005332 0.02136 -0.02483 -0.03693
1305031529.139597 0.02071 -0.005583 -0.004276 0.02148 -0.02363 -0.04629
1305031529.175411 0.02016 -0.009538 -0.005035 0.02062 -0.02104 -0.04997
1305031529.207466 0.02073 -0.01103 -0.005415 0.02705 -0.02043 -0.04295
1305031529.239515 0.01945 -0.009755 -0.007308 0.03009 -0.0198 -0.02553
1305031529.275389 0.01899 -0.007568 -0.007026 0.03399 -0.0252 -0.01918
1305031529.307413 0.02176 0.0006723 -0.005469 0.03564 -0.02752 -0.02152
1305031529.339486 0.02493 -0.007281 -0.00174 0.03084 -0.02358 -0.01768
1305031529.375399 0.01998 0.00699 -0.01329 0.03613 -0.0004072 -0.01491
1305031529.407513 0.02253 -0.002114 -0.003679 0.002919 0.000595 0.00345
1305031529.439502 0.02021 -0.0006741 -0.005048 0.002275 -0.00454 0.003966
1305031529.475403 0.02401 -0.0008902 -0.001346 -0.003581 -0.01299 0.002021
1305031529.507485 0.0176 0.004557 -0.004439 -0.002264 -0.006978 0.008387
1305031529.539489 0.02075 -6.823e-05 -0.0003929 -0.01654 -0.01931 0.003714
1305031529.607479 0.04511 -0.005044 -0.001205 -0.01478 -0.03577 -0.01183
1305031529.639746 0.01671 0.0002699 -0.004095 0.0009633 -0.008532 -0.01459
1305031529.675618 0.01648 -0.0002272 -0.003844 0.002386 -0.01082 -0.02177
1305031529.707557 0.01447 0.001752 -0.005217 0.007132 -0.006202 -0.02186
1305031529.739568 0.01078 0.0009487 -0.00563 0.004615 -0.007516 -0.01559
1305031529.775501 0.009424 0.005078 -0.006906 0.00988 -0.01577 -0.01605
1305031529.807516 0.008568 0.01424 -0.007454 0.003934 -0.02053 -0.01567
1305031529.839505 0.02037 -0.005019 -0.003405 -0.02453 -0.03257 -0.01587
1305031529.875495 0.0179 0.003155 -0.005358 -0.005715 -0.01693 -0.02602
1305031529.939498 0.03696 0.01006 -0.004364 -0.0244 -0.01182 -0.05361
1305031529.975501 0.01831 0.0002452 -0.001976 -0.008168 -0.005709 -0.02294
1305031530.007409 0.02253 0.007397 -0.0007343 0.006133 -0.01043 -0.02782
1305031530.039454 0.02118 0.009231 0.001476 0.005669 -0.002653 -0.03079
1305031530.075443 0.02163 0.00419 0.00443 0.00177 -0.001403 -0.02474
1305031530.107445 0.01742 0.01219 0.001533 0.008421 0.00289 -0.0249
1305031530.139497 0.01851 0.007855 0.007909 -0.008417 0.003944 -0.02084
1305031530.175410 0.01892 0.005758 0.008355 -0.006483 0.0002687 -0.01074
1305031530.207486 0.01364 0.01275 0.006045 -0.004769 0.003808 -0.007481
1305031530.239446 0.01708 0.006865 0.01108 -0.01888 -0.004213 -0.001063
1305031530.275407 0.01857 0.005728 0.01199 -0.01461 -0.01012 0.003555
1305031530.307544 0.01652 0.008522 0.01129 -0.009967 -0.009487 -0.0006759
1305031530.339724 0.01873 0.0008586 0.01325 -0.01534 -0.0155 0.0005811
1305031530.375386 0.01812 0.004852 0.01145 0.0001641 -0.01678 0.0006576
1305031530.407465 0.0144 0.01669 0.01042 0.005153 -0.01116 -0.004416
1305031530.439553 0.01675 0.008031 0.01337 -0.0108 -0.01379 -0.0006176
1305031530.475439 0.01741 0.00704 0.01416 -0.008847 -0.01364 -0.003932
1305031530.507461 0.008756 0.01118 0.01395 -0.006603 -0.00973 -0.005443
1305031530.539532 0.006045 0.0191 0.0135 -0.009669 -0.01811 -0.002863
1305031530.575433 0.007576 0.01839 0.01756 -0.02499 -0.02801 -0.002051
1305031530.607559 0.01074 0.003483 0.02147 -0.03808 -0.03738 -0.003567
1305031530.639507 0.005472 0.007202 0.02038 -0.03021 -0.04228 -0.006156
1305031530.675401 0.01101 0.01442 0.02026 -0.02577 -0.05391 -0.007472
1305031530.739522 0.02323 -0.004258 0.04642 -0.0782 -0.1168 -0.02996
1305031530.775437 0.0186 0.004684 0.01921 -0.02024 -0.06125 -0.02013
1305031530.807467 0.01852 -0.01363 0.02505 -0.02447 -0.05293 -0.02328
1305031530.839463 0.02317 -0.01187 0.02354 -0.004507 -0.04365 -0.02284
1305031530.875401 0.02677 0.003476 0.01708 0.0125 -0.02962 -0.01834
1305031530.939462 0.05067 -0.01268 0.01918 -0.01816 -0.002109 -0.02405
1305031530.975286 0.02298 -0.01493 0.004291 -0.001781 0.0243 -0.001951
1305031531.039689 0.04907 -0.02182 0.003506 0.02067 0.07 -0.008139
1305031531.075325 0.01978 -0.01331 -0.006559 0.02154 0.04112 -0.004242
1305031531.139581 0.04962 0.00709 -0.01882 0.05534 0.08247 -0.01101
1305031531.175355 0.02223 -0.01005 -0.01018 0.009793 0.04029 -0.004493
1305031531.239619 0.05013 -0.008864 -0.03217 0.03748 0.07734 -0.0101
1305031531.275515 0.01065 0.004134 -0.0186 0.0111 0.04343 -0.005062
1305031531.339595 0.03113 -0.01231 -0.0348 -0.003659 0.05049 -0.004978
1305031531.375434 0.01163 0.002258 -0.02065 0.002762 0.007031 0.0003796
1305031531.439644 0.03533 -0.009883 -0.03458 -0.01336 -0.02558 -0.005881
1305031531.475324 0.02036 0.01093 -0.01616 0.0009224 -0.01687 -0.01304
1305031531.507602 0.02371 -0.00767 -0.01388 -0.01348 -0.01667 -0.005106
1305031531.539487 0.02411 0.004239 -0.01596 0.002298 -0.01118 -0.009222
1305031531.575392 0.01938 0.002614 -0.01474 -0.003955 -0.005341 -0.01421
1305031531.607419 0.01698 -0.003822 -0.0132 -0.005005 -0.007569 -0.009292
1305031531.639521 0.01962 0.00288 -0.01332 0.002793 -0.01315 -0.006437
1305031531.675444 0.02341 0.004788 -0.01107 -0.003629 -0.0134 -0.01003
1305031531.707498 0.02364 -0.005202 -0.009982 -0.007292 -0.008284 -0.0004504
1305031531.739657 0.01823 0.00473 -0.01201 0.002726 -0.005433 0.00227
1305031531.775442 0.02222 -0.0006246 -0.008456 -0.008947 -0.01115 0.003895
1305031531.839545 0.04981 -0.01696 -0.01287 -0.01699 -0.01617 0.003354
1305031531.875426 0.01919 -0.007133 -0.008695 0.01801 -0.003922 -0.001007
1305031531.907427 0.01617 0.0004767 -0.008566 0.02075 -0.004437 -0.001932
1305031531.939564 0.01499 -0.007513 -0.007111 0.01495 -0.009961 -0.004206
1305031531.975488 0.01685 -0.001093 -0.009241 0.02149 -0.01372 -0.00827
1305031532.039675 0.03508 -0.01849 -0.01609 0.03567 -0.03205 -0.02682
1305031532.075525 0.01435 -0.007818 -0.008968 0.02818 -0.01311 -0.02137
1305031532.107398 0.01475 -0.005362 -0.008422 0.03203 -0.01274 -0.02985
1305031532.139520 0.01336 -0.004284 -0.01015 0.0271 -0.007666 -0.03707
1305031532.175563 0.01407 -0.009618 -0.008775 0.02171 -0.006712 -0.03565
1305031532.207465 0.01457 -0.00494 -0.01075 0.02712 -0.006129 -0.04078
1305031532.239966 0.01521 -0.00842 -0.009843 0.01752 -0.003737 -0.03578
1305031532.275514 0.01888 -0.01092 -0.01051 0.01791 -0.01193 -0.03026
1305031532.307481 0.021 -0.006418 -0.008459 0.02174 -0.01486 -0.03329
1305031532.339777 0.02159 -0.002473 -0.006561 0.02881 -0.005328 -0.03395
1305031532.375496 0.0209 -0.002631 -0.007797 0.02926 0.005742 -0.02731
1305031532.407448 0.01809 0.003646 -0.01917 0.02294 0.01288 -0.02377
1305031532.439533 0.01548 -0.0154 -0.02269 -0.03607 0.01528 -0.004951
1305031532.475428 0.02029 -0.008208 -0.009335 -0.04622 0.005876 0.009311
1305031532.507415 0.0203 -0.007237 -0.005195 -0.04247 0.004555 -0.003111
1305031532.539458 0.01832 -0.004215 -0.009591 -0.03935 0.009516 -0.003724
1305031532.575435 0.02058 0.0003512 -0.005316 -0.03292 0.004187 -0.002576
1305031532.607434 0.01906 -0.004854 -0.006376 -0.01977 -0.007467 -0.002641
1305031532.639592 0.0104 -0.005076 -0.01327 -0.01501 -0.01548 -0.006213
1305031532.707308 0.03802 0.009457 -0.009136 -0.001666 -0.06251 -0.03468
1305031532.740052 0.01112 0.001823 -0.006137 0.01524 -0.01871 -0.01595
1305031532.775761 0.007051 -0.000376 -0.01137 0.005427 -0.01194 -0.01868
1305031532.807429 0.007457 0.00186 -0.01248 -0.01029 -0.01097 -0.009485
1305031532.839717 0.009594 0.0009992 -0.00939 -0.01163 -0.02248 -0.01117
1305031532.875476 0.006336 0.00458 -0.009276 -0.009453 -0.02485 -0.02089
1305031532.907577 0.01046 0.006554 -0.0004607 -0.002455 -0.02313 -0.02626
1305031532.939523 0.006624 0.009083 -0.008326 -0.0006509 -0.01029 -0.03426
1305031532.975424 0.007725 0.006119 -0.008695 -0.01227 -0.007686 -0.0323
1305031533.007402 0.005887 0.005302 -0.009071 -0.01241 -0.008954 -0.03263
1305031533.039505 0.00724 0.004089 -0.008158 -0.0186 -0.01187 -0.03141
1305031533.075500 0.009509 -0.000685 -0.0009358 -0.01122 -0.02032 -0.02866
1305031533.107480 0.00233 0.005123 -0.008505 0.004445 -0.01912 -0.02807
1305031533.139514 0.002516 0.008319 -0.006615 -0.01357 -0.01345 -0.02696
1305031533.175459 0.0117 0.008118 0.009158 -0.01437 -0.01997 -0.01246
1305031533.207507 0.006053 0.00126 0.006778 -0.003224 -0.01993 -0.007339
1305031533.239511 -0.0009212 0.007158 -0.002829 -0.006325 -0.01234 -0.0157
1305031533.275405 0.004307 0.009524 0.01257 -0.01263 -0.01119 -0.009624
1305031533.307502 0.0009052 0.003156 0.008203 -0.01354 -0.005222 -0.008301
1305031533.339522 0.00244 0.007932 0.01136 -0.01951 -0.008807 -0.0108
1305031533.375654 0.006214 0.0117 0.01734 -0.01648 -0.009551 -0.01268
1305031533.407483 0.01122 0.01671 0.01996 -0.006603 -0.003631 -0.01473
1305031533.439774 0.004726 0.001941 0.01162 -0.01607 0.008092 -0.01065
1305031533.475654 0.006711 0.003417 0.01356 -0.01863 0.00421 -0.01498
1305031533.507463 0.003744 -0.001689 0.0104 -0.0139 0.002298 -0.01503
1305031533.539640 0.005024 0.01069 0.01091 -0.009181 0.0005292 -0.02041
1305031533.575643 0.001538 -0.0023 0.0115 -0.02247 -0.0005473 -0.01328
1305031533.607639 0.001796 -0.001508 0.008478 -0.01506 -0.01444 -0.01287
1305031533.639561 0.009446 0.003271 0.01381 -0.006636 -0.02066 -0.01464
1305031533.675446 0.00413 -0.005396 0.008328 -0.004639 -0.01398 -0.01317
1305031533.707501 -0.0009905 0.001118 0.001476 0.001597 -0.02004 -0.01169
1305031533.739555 0.005239 0.00347 0.005295 -0.003091 -0.03137 -0.007672
1305031533.775530 0.01326 -0.004336 0.01563 -0.006239 -0.03032 -0.007107
1305031533.807707 0.01819 0.003417 0.005151 0.007002 -0.02565 -0.01266
1305031533.839329 0.03726 0.006975 0.01731 -0.003918 -0.006546 -0.01188
1305031533.875471 0.03046 -0.01671 0.008765 -0.01421 0.03593 -0.004718
1305031533.907441 0.01286 0.00502 -0.003355 0.004987 0.06136 0.0008394
1305031533.939530 0.01965 -0.007335 0.004817 -0.008583 0.06617 0.005931
1305031533.975439 0.00873 -0.0004168 -0.006419 0.002446 0.0714 0.00679
1305031534.007323 0.005511 0.005545 -0.008519 -0.006578 0.06821 0.01764
1305031534.039458 0.01348 -0.001935 -0.006568 -0.02347 0.05711 0.01878
1305031534.075484 0.01037 -0.007584 -0.006755 -0.0228 0.04601 0.01344
1305031534.107442 -0.009201 0.004748 -0.01724 -0.02584 0.05426 0.0094
1305031534.139529 0.004242 -0.005755 -0.01028 -0.04471 0.02437 0.02322
1305031534.175381 0.006791 0.002525 -0.004619 -0.02655 0.006468 0.01125
1305031534.207436 0.00786 0.008416 -0.00693 -0.02612 0.0139 0.007723
1305031534.239529 0.01704 -0.005914 0.008842 -0.02731 0.006884 0.01362
1305031534.275475 0.01139 0.004885 -0.004163 -0.0001033 0.0108 0.004172
1305031534.307945 -0.002351 0.004431 -0.00997 -0.005086 0.01754 0.001537
1305031534.339859 -0.0005922 0.006952 -0.01014 -0.009997 0.006121 0.005428
1305031534.375478 0.001619 0.004815 -0.007551 -0.01673 0.004864 0.009568
1305031534.407595 -0.0004009 0.00239 -0.006706 -0.01886 -0.002024 0.009243
1305031534.439543 0.008508 0.01145 -0.004118 -0.01791 -0.003916 0.002773
1305031534.475605 0.008469 0.00235 0.0008483 -0.02897 0.008715 0.00445
1305031534.507525 0.01145 -0.005815 0.003993 -0.01364 0.004888 0.004731
1305031534.539582 0.001979 0.006721 -0.01058 -0.0006955 0.01426 -0.004298
1305031534.575414 -0.0008181 0.003878 -0.004958 -0.01259 0.02136 -0.0008148
1305031534.607494 0.008503 -0.003344 0.001703 -0.009912 0.01493 0.004189
1305031534.639696 0.005286 -0.003088 -0.001759 0.001612 0.01955 0.002199
1305031534.675511 -0.008424 -0.002246 -0.005206 0.005312 0.023 -0.0004543
1305031534.707481 -0.006483 0.003636 -0.007673 0.003115 0.0151 -0.002372
1305031534.739665 -0.003485 -0.0009425 -0.003626 -0.002865 0.0127 0.004037
1305031534.775491 -0.004691 -0.004825 -0.003942 0.000611 0.009401 0.01052
1305031534.807516 0.002954 0.002238 -0.003047 -0.0002635 0.008133 0.002422
1305031534.839569 -0.003761 -0.0003668 -0.004036 -0.00268 0.01546 0.001186
1305031534.875499 -0.003373 0.00625 -0.00435 -0.005276 0.019 0.006808
1305031534.907458 -0.01336 -0.01136 0.0007696 -0.01439 0.02023 0.01876
1305031534.939556 -0.01686 0.003943 0.001716 -0.001427 -0.002696 0.01196
1305031534.975464 0.01126 0.006648 0.0007263 -0.01574 -0.02273 0.01385
1305031535.007643 0.01479 -0.004459 0.00193 -0.02139 -0.008213 0.01387
1305031535.039655 0.01729 -0.002558 0.007827 -0.01038 0.005503 0.008613
1305031535.075490 -0.004118 -0.01113 0.008204 -0.0002277 0.01853 0.002786
1305031535.107796 0.0004509 0.004971 0.001281 0.005158 0.004869 -0.008634
1305031535.139465 0.00544 -0.006376 0.003444 -0.001404 0.00723 -0.00871
1305031535.175406 0.01094 0.003588 0.003108 0.01188 0.01455 -0.005449
1305031535.207514 0.0003998 -0.006324 0.004004 0.00891 0.02775 -0.002355
1305031535.239511 0.001416 0.004266 -0.001012 0.01711 0.02475 -0.003421
1305031535.275537 0.001393 0.002915 0.001541 0.01015 0.02513 -0.001997
1305031535.307409 -0.007875 -0.00287 0.001481 0.006694 0.02376 0.003343
1305031535.339468 0.01041 0.00269 0.001633 0.008304 0.0133 0.003245
1305031535.375492 -0.001313 -0.001499 0.001202 0.006547 0.02555 0.006786
1305031535.407712 -0.0006766 0.002138 -0.001208 0.006586 0.01985 0.008267
1305031535.439618 0.007736 0.008323 0.0006477 0.002773 0.01763 0.01094
1305031535.475595 0.00322 0.008217 0.0007723 -0.002498 0.02091 0.01516
1305031535.507701 0.001885 0.00181 0.002875 -0.009051 0.02075 0.0171
1305031535.539515 -0.004706 0.008512 0.0009879 -0.008067 0.0189 0.01498
1305031535.575567 -0.01266 -0.02348 0.00924 -0.01885 0.01337 0.0158
1305031535.607524 -0.006639 -0.009718 0.006379 0.002188 0.003171 0.01185
1305031535.639591 0.005386 0.006471 -0.0002432 0.003994 -0.004766 0.006986
1305031535.675500 -0.001399 -0.01937 0.00969 -0.002318 0.001876 0.005213
1305031535.707524 -0.003817 -0.007374 0.002664 0.0148 -0.000771 0.0003023
1305031535.739708 -0.0009322 0.001209 -0.0003163 0.01636 -0.004219 -0.00236
1305031535.775437 -0.008541 -0.01393 0.001978 0.01043 -0.002348 0.002323
1305031535.807496 -0.001045 0.004734 -0.0002276 0.02161 -0.0119 -0.004439
1305031535.840053 -0.0008193 -0.0006113 0.003041 0.009445 -0.008885 -0.01127
1305031535.875502 -0.007452 -0.005647 0.00111 0.01344 -0.005156 -0.009121
1305031535.907487 -0.00997 -0.0009958 0.001453 0.009636 -0.008787 -0.006056
1305031535.939747 -0.008686 -0.007484 0.003614 0.009033 -0.01886 -0.007417
1305031535.975512 -0.00389 -0.004822 0.005729 0.0172 -0.02413 -0.005877
1305031536.007462 -0.003027 -0.002354 0.003608 0.02578 -0.02396 -0.00731
1305031536.039667 -0.008016 -0.0009601 -0.0001617 0.02524 -0.02337 -0.01088
1305031536.075538 -0.005763 -0.006822 0.004602 0.02211 -0.02557 -0.01103
1305031536.107579 -0.01141 -0.003702 0.0008377 0.02842 -0.02493 -0.01264
1305031536.139540 -0.009777 -0.0007985 -0.0001545 0.02447 -0.03132 -0.01616
1305031536.175699 -0.008761 -0.003249 0.002583 0.02178 -0.03394 -0.01806
1305031536.207474 -0.01153 -0.004019 0.002916 0.01985 -0.035 -0.01939
1305031536.239482 -0.009282 -0.003945 0.001436 0.02144 -0.03993 -0.02264
1305031536.275618 -0.008098 -0.001613 0.0001775 0.01984 -0.04173 -0.02716
1305031536.307472 -0.006593 0.0003419 0.001342 0.0152 -0.04178 -0.02735
1305031536.339530 -0.00677 -0.003758 0.004791 0.01167 -0.03956 -0.02684
1305031536.375786 -0.008066 -0.001434 -0.001149 0.01358 -0.03864 -0.02895
1305031536.407665 -0.004086 0.0004731 0.001558 0.007555 -0.0395 -0.0276
1305031536.439546 -0.006893 -0.004184 0.005115 0.007696 -0.03764 -0.02735
1305031536.475492 -0.005818 -0.0003361 0.005501 0.01286 -0.03033 -0.02102
1305031536.507648 -0.004308 0.0004189 0.003343 0.01075 -0.02245 -0.01966
1305031536.539583 -0.002617 -0.003157 0.007471 0.008094 -0.01368 -0.01726
1305031536.575660 -0.006498 -0.003838 0.0007159 0.01122 -0.002017 -0.01306
1305031536.607624 -0.007191 -0.002119 -0.0002781 0.007324 -0.004897 -0.01679
1305031536.639838 -0.003132 -0.007432 0.006364 0.005281 -0.007315 -0.01588
1305031536.675456 -0.005455 -0.002838 0.00264 0.01578 0.002705 -0.01051
1305031536.707472 -0.009556 -0.004702 -0.002016 0.008271 0.005444 -0.001099
1305031536.739722 -0.01165 -0.004611 -0.003131 0.004483 -0.00385 0.001142
1305031536.775321 -0.006438 -0.000734 0.005642 0.002152 -0.00893 0.004226
1305031536.807301 -0.004474 -0.007175 0.006472 -0.001599 0.0001637 0.01425
1305031536.839527 -0.00964 -0.00841 0.001144 0.002823 0.003739 0.01157
1305031536.875419 -0.01153 -0.001853 0.002579 0.005894 0.003503 0.009993
1305031536.907491 -0.01306 -0.003542 0.001944 -0.003493 0.002464 0.02084
1305031536.939530 -0.01322 -0.005702 0.002755 -0.008536 -0.007231 0.0179
1305031536.975375 -0.01026 -0.002699 0.008912 -0.007092 -0.007636 0.009124
1305031537.007412 -0.01422 -0.005056 0.006331 -0.008971 0.0005623 0.01537
1305031537.039427 -0.01581 -0.004745 0.006456 -0.005526 -0.003861 0.01172
1305031537.075341 -0.01391 -0.001639 0.009105 -0.000948 -0.001244 0.01008
1305031537.107337 -0.02336 -0.001338 0.003215 -0.001225 0.005732 0.01479
1305031537.140656 -0.02109 0.0006035 0.006146 -0.004271 -0.002672 0.01511
1305031537.175377 -0.01599 -0.001698 0.009001 -0.007352 -0.00209 0.0183
1305031537.207445 -0.02001 0.0003789 0.00615 -0.003016 0.005654 0.01839
1305031537.239415 -0.01907 0.001126 0.008702 -0.00475 0.008193 0.0186
1305031537.275504 -0.02257 -0.001708 0.006189 -0.003754 0.01116 0.01929
1305031537.307646 -0.02005 0.003754 0.008661 0.0005961 0.008722 0.01874
1305031537.339718 -0.01766 0.001782 0.01041 -0.002546 0.01116 0.0212
1305031537.375388 -0.01895 0.004306 0.009635 -0.002363 0.01563 0.02295
1305031537.407396 -0.01538 -0.002395 0.01056 -0.004665 0.01546 0.02216
1305031537.439649 -0.01591 0.002339 0.009674 0.003042 0.02093 0.02032
1305031537.475520 -0.01941 0.004161 0.007827 0.002333 0.02595 0.02552
1305031537.507492 -0.02021 -0.003519 0.007762 -0.003512 0.02184 0.02689
1305031537.539497 -0.01982 -0.000402 0.006047 0.005569 0.01493 0.02151
1305031537.575529 -0.01872 0.01025 0.005898 0.006445 0.01202 0.01409
1305031537.607507 -0.012 0.005379 0.009465 -0.004744 0.01071 0.008718
1305031537.643442 -0.01134 0.004058 0.008076 -0.004168 0.021 0.01387
1305031537.675306 -0.02427 0.008782 0.002969 -0.003618 0.03046 0.01492
1305031537.707483 -0.02285 0.004722 0.004908 -0.01442 0.01851 0.01572
1305031537.743426 -0.01708 0.004446 0.004726 -0.01286 0.01086 0.02006
1305031537.775469 -0.01732 0.005266 0.003849 -0.01509 0.01264 0.01944
1305031537.807576 -0.01647 -1.258e-05 0.003828 -0.01525 0.01243 0.01248
1305031537.843458 -0.018 0.003319 0.002238 -0.009095 0.01754 0.01367
1305031537.875571 -0.02448 0.004043 0.001945 -0.009923 0.01927 0.01763
1305031537.907514 -0.02098 -0.001293 0.002518 -0.009468 0.01018 0.01523
1305031537.943469 -0.02016 -0.0008509 0.001428 -0.003307 0.009912 0.01377
1305031537.975426 -0.02562 0.007489 -0.001544 0.002769 0.01417 0.01293
1305031538.007529 -0.02164 -0.0001008 0.002222 -0.007556 0.009055 0.01282
1305031538.043452 -0.02141 -0.0001724 -0.001011 0.002296 0.01162 0.007653
1305031538.075565 -0.02102 0.01546 -0.0009244 0.007228 0.01623 0.00547
1305031538.107629 -0.01544 0.006274 0.003135 -0.00821 0.02065 -0.004576
1305031538.143487 -0.02514 0.005815 0.00275 -0.0006475 0.03176 -0.007701
1305031538.175565 -0.0286 0.01961 -0.0002537 0.003128 0.03064 0.0072
1305031538.207697 -0.02544 0.01411 0.002776 -0.01639 0.01993 0.01197
1305031538.243517 -0.01839 0.005302 0.006524 -0.02329 0.01059 0.01303
1305031538.275489 -0.01589 0.009497 0.004922 -0.01707 0.01306 0.01749
1305031538.307386 -0.01681 0.01135 0.004428 -0.02197 0.01646 0.0169
1305031538.343413 -0.0138 0.002931 0.007833 -0.02665 0.01831 0.01963
1305031538.375553 -0.01985 0.005104 0.005826 -0.01977 0.02304 0.014
1305031538.407511 -0.01803 0.003658 0.006973 -0.02151 0.01817 0.006194
1305031538.443598 -0.01475 0.001917 0.007521 -0.01837 0.02224 0.007695
1305031538.475570 -0.0206 -0.000957 0.008577 -0.01747 0.0287 0.01029
1305031538.507548 -0.01817 -0.007475 0.01174 -0.01142 0.02537 0.006884
1305031538.543450 -0.02607 -0.007812 0.009238 -0.001603 0.02797 0.008172
1305031538.575524 -0.02416 -0.01592 0.01025 0.0006392 0.02131 0.01739
1305031538.607517 -0.02309 -0.01915 0.006846 0.01392 0.012 0.01793
1305031538.643479 -0.02383 0.005821 0.006477 0.01761 0.005017 0.009807
1305031538.675433 -0.005426 -0.02355 0.01699 -0.0003565 0.002311 0.01448
1305031538.707490 -0.0007741 -0.03249 0.01822 0.01891 0.009762 0.01525
1305031538.743572 -0.01762 -0.006743 0.01055 0.0423 0.02243 0.001854
1305031538.775491 -0.02035 -0.01065 0.01123 0.03138 0.01776 0.003216
1305031538.808089 -0.01849 -0.02201 0.008975 0.03373 0.008697 0.01101
1305031538.843518 -0.02379 -0.002784 0.007066 0.04549 0.004567 0.01369
1305031538.875656 -0.02404 -0.003848 0.008976 0.03018 -0.001891 0.01002
1305031538.907498 -0.0179 -0.01059 0.008282 0.02461 -0.005853 0.005102
1305031538.943414 -0.021 -0.005808 0.005818 0.02841 -0.00203 0.0005687
1305031538.975507 -0.02243 -0.004174 0.006323 0.02236 -0.001949 0.002225
1305031539.007520 -0.02285 -0.005504 0.005371 0.019 -0.002406 0.00303
1305031539.043445 -0.02271 -0.003696 0.005757 0.0187 -0.003532 0.005214
1305031539.075515 -0.0224 -0.00434 0.00617 0.01417 -0.0025 0.007921
1305031539.107503 -0.02255 -0.00871 0.003081 0.01662 -0.0007236 0.01025
1305031539.143607 -0.02474 7.266e-05 0.003407 0.02213 0.00184 0.01028
1305031539.175587 -0.02109 -0.007106 0.002631 0.01882 0.003889 0.01339
1305031539.207601 -0.01968 -0.004926 0.002273 0.02972 0.008849 0.01255
1305031539.243449 -0.02349 0.003087 0.001701 0.0391 0.02152 0.01445
1305031539.275652 -0.02865 0.0001462 0.0007996 0.03171 0.02266 0.01868
1305031539.307521 -0.02497 -0.005005 0.0009074 0.03363 0.009858 0.02653
1305031539.343842 -0.02683 0.001518 0.001764 0.04396 0.004756 0.03468
1305031539.375556 -0.02662 -0.0006598 0.002423 0.038 -0.002545 0.04122
1305031539.407846 -0.02476 -0.003433 0.0046 0.04022 -0.005911 0.03502
1305031539.443431 -0.02551 -0.001265 0.0007803 0.04182 -0.002143 0.03109
1305031539.475605 -0.02621 -0.00272 0.004907 0.02164 0.01341 0.02295
1305031539.507506 -0.02494 -0.004259 0.005357 0.01586 0.02336 0.01844
1305031539.543459 -0.02846 -0.005188 0.004502 0.01386 0.02385 0.01697
1305031539.575448 -0.03336 -0.004701 0.003182 0.003138 0.02223 0.02009
1305031539.607559 -0.02314 -0.0005152 0.009234 0.0006926 0.01114 0.02246
1305031539.643437 -0.02803 -0.004888 0.005879 -0.002639 0.01079 0.03278
1305031539.675458 -0.03063 -0.006065 0.003725 -0.01447 0.009019 0.03512
1305031539.707426 -0.022 -0.003133 0.008629 -0.01449 0.005399 0.02896
1305031539.743465 -0.02029 -0.004296 0.007874 -0.009784 0.01001 0.02675
1305031539.775488 -0.02337 -0.005481 0.006158 -0.004639 0.0131 0.02409
1305031539.807653 -0.02389 -0.003661 0.001364 -0.00583 0.01561 0.02526
1305031539.843466 -0.01826 -0.00677 0.005794 -0.007701 0.021 0.02605
1305031539.875593 -0.02816 -0.006815 0.003097 0.001361 0.02765 0.02717
1305031539.907642 -0.02561 -0.0078 0.002565 0.003738 0.02205 0.03039
1305031539.943541 -0.03578 -0.01542 -0.003426 0.0004551 0.02182 0.0401
1305031539.975883 -0.02775 -0.01368 -0.006401 -0.01231 0.003052 0.03346
1305031540.007422 -0.01924 -0.02294 -0.002313 -0.02464 -0.004686 0.03115
1305031540.043468 -0.02014 -0.02293 -0.01228 -0.02944 -0.01381 0.02893
1305031540.075632 -0.01703 -0.01434 -0.006045 -0.04009 -0.01378 0.02045
1305031540.107421 -0.01423 -0.02615 0.002484 -0.05118 -0.01538 0.01923
1305031540.143443 -0.0142 -0.01865 -0.002786 -0.04049 -0.02422 0.004157
1305031540.175595 -0.01195 -0.01739 -0.0002681 -0.04636 -0.02987 0.002048
1305031540.207411 -0.01519 -0.005256 -0.002742 -0.03699 -0.02494 -0.008082
1305031540.243496 -0.01019 -0.001469 0.002583 -0.0445 -0.01004 -0.001564
1305031540.275604 -0.009972 -0.0167 0.008744 -0.05101 -0.003161 -0.003478
1305031540.307411 -0.01279 -0.004519 0.002 -0.03256 -0.003243 -0.008312
1305031540.343456 -0.01104 -0.01404 0.007891 -0.04659 -0.01271 -0.005595
1305031540.375438 -0.01202 -0.004867 0.003606 -0.0333 -0.02466 -0.01758
1305031540.407504 -0.00996 0.003894 0.004665 -0.03369 -0.01759 -0.02113
1305031540.443453 -0.01098 -0.009497 0.01061 -0.04099 -0.0102 -0.01944
1305031540.475476 -0.01571 0.005592 0.001882 -0.02854 -0.009893 -0.02561
1305031540.507525 -0.01273 -0.003223 0.009966 -0.03901 -0.009548 -0.0207
1305031540.543427 -0.01846 -0.002477 0.007371 -0.02901 -0.01061 -0.01377
1305031540.575635 -0.02005 0.006098 0.006082 -0.02897 -0.02241 -0.01115
1305031540.607508 -0.0114 -0.005488 0.01112 -0.03429 -0.03103 -0.01223
1305031540.643443 -0.01821 -0.0007164 0.004539 -0.01478 -0.02538 -0.01164
1305031540.675895 -0.01817 0.008139 0.004448 -0.01426 -0.03226 -0.0148
1305031540.707442 -0.01259 -0.005265 0.006704 -0.01978 -0.0331 -0.0191
1305031540.743545 -0.02016 0.001116 0.001776 -0.008287 -0.03189 -0.01701
1305031540.775513 -0.02207 0.007148 0.002379 -0.009814 -0.03693 -0.01589
1305031540.807495 -0.01813 -0.003391 0.004448 -0.01479 -0.04763 -0.01794
1305031540.843557 -0.01081 0.0003723 0.002906 -0.00748 -0.05516 -0.01628
1305031540.875472 -0.01076 0.0001267 0.000738 -0.009398 -0.04634 -0.01437
1305031540.907447 -0.01169 -0.0005601 0.002226 -0.009523 -0.0462 -0.01521
1305031540.943442 -0.00381 0.0001179 0.002191 -0.00601 -0.0481 -0.01994
1305031540.975401 -0.005001 0.003987 -0.003045 -0.005289 -0.03462 -0.02257
1305031541.007473 -0.009751 0.003212 -0.0002944 -0.01528 -0.02607 -0.01811
1305031541.043464 -0.005098 0.003161 -0.0007921 -0.01158 -0.02962 -0.0217
1305031541.075485 -0.001972 0.002661 -0.001124 -0.01676 -0.02251 -0.02036
1305031541.107513 -0.004449 -0.0008147 -0.001495 -0.0114 -0.01116 -0.01013
1305031541.143507 -0.01034 0.001927 -0.004253 -0.005904 -0.01417 -0.008376
1305031541.175472 0.002464 0.00211 -0.000422 -0.01118 -0.02316 -0.00948
1305031541.207454 0.008667 -0.003691 0.005023 -0.001726 -0.009744 -0.001225
1305031541.243593 0.0001615 0.001005 -0.003482 0.01114 0.003699 -0.003119
1305031541.275691 0.003571 -6.1e-05 -0.002547 0.01147 0.005599 -0.00678
1305031541.307436 0.001385 0.00292 -0.006184 0.01428 0.01432 -0.004669
1305031541.343493 0.004167 -0.0007789 -0.003559 0.01185 0.02092 0.001734
1305031541.375507 5.157e-05 -0.0004657 -0.00587 0.01623 0.02623 0.00304
1305031541.407707 -0.0006328 0.001731 -0.007296 0.01581 0.02435 0.007744
1305031541.443699 0.001362 0.003203 -0.00733 0.01288 0.02619 0.01314
1305031541.475389 0.003517 -0.001288 -0.002987 0.007866 0.02737 0.01952
1305031541.507656 0.001988 0.001167 -0.006576 0.01669 0.03178 0.02419
1305031541.543489 -5.935e-05 0.0011 -0.005571 0.01307 0.02889 0.02512
1305031541.575608 0.005746 0.002559 -0.005439 0.01605 0.02583 0.02532
1305031541.607431 0.004508 0.004732 -0.007803 0.01361 0.03313 0.02807
1305031541.643543 0.002258 0.002474 -0.006933 0.009765 0.03625 0.028
1305031541.675424 0.001115 0.0006535 -0.004854 0.009376 0.03866 0.03381
1305031541.707418 -0.001704 0.003096 -0.007419 0.01171 0.03698 0.03915
1305031541.743439 0.002156 -0.0004713 -0.005931 0.009606 0.03543 0.05075
1305031541.775415 -0.005506 0.001484 -0.004893 0.01422 0.0372 0.06433
1305031541.807470 0.0004884 0.0003937 -0.002893 0.01805 0.01999 0.06415
1305031541.843441 0.01467 0.009392 -0.01294 0.02187 0.02027 0.05943
1305031541.875438 0.007317 0.005751 -0.006647 0.003948 0.03273 0.04428
1305031541.907570 0.01087 -0.0002495 -0.006044 0.002701 0.03635 0.02968
1305031541.943524 0.00765 0.004989 -0.0106 0.003753 0.04421 0.01682
1305031541.975524 -0.000369 0.004886 -0.008481 -0.003219 0.04748 0.006446
1305031542.007694 0.00275 -0.0008789 -0.006765 -0.006466 0.04928 0.005001
1305031542.043489 -0.01206 0.001683 -0.00476 -0.004777 0.05316 0.007912
1305031542.075555 -0.01348 -0.0007807 -0.006185 -0.002471 0.0327 0.01482
1305031542.107416 -0.003199 -0.004569 -0.005831 0.001353 0.01664 0.02191
1305031542.143525 -0.002506 0.004479 -0.01006 0.01129 0.01549 0.02075
1305031542.175524 0.002773 0.002408 -0.006335 0.002288 0.01406 0.01029
1305031542.207368 -0.001515 -0.003473 -0.006806 0.005229 0.0287 0.006824
1305031542.244091 -0.01068 0.005426 -0.01009 0.008986 0.03305 0.007952
1305031542.275425 -0.01565 -0.00825 -0.006622 -0.0007514 0.02495 0.005743
1305031542.307528 -0.01328 -0.002658 -0.009056 0.01484 0.007477 0.012
1305031542.343479 -0.006628 0.002866 -0.01043 0.01474 -0.007922 0.01198
1305031542.375553 -0.001707 -0.001531 -0.005407 0.007756 -0.009022 0.0002043
1305031542.407482 -0.007204 -0.0009965 -0.00753 0.01191 0.002388 -0.006511
1305031542.443447 -0.01128 0.005587 -0.009704 0.01158 0.003173 -0.006806
1305031542.475446 -0.009888 0.001995 -0.004826 -0.0005168 0.004441 -0.008927
1305031542.507447 -0.01617 -0.002801 -0.004399 -0.001675 0.01016 -0.01562
1305031542.543425 -0.02013 0.003445 -0.007774 0.002886 0.007976 -0.01233
1305031542.575428 -0.0149 0.004968 -0.003571 -0.004692 9.757e-05 -0.0104
1305031542.607410 -0.01397 -0.005383 -0.0008639 -0.009817 0.0009681 -0.01573
1305031542.643424 -0.01894 0.00529 -0.006337 0.001641 0.005782 -0.01454
1305031542.675341 -0.0173 0.001281 -0.002804 -0.007154 0.002374 -0.007298
1305031542.707362 -0.01784 -0.002319 -0.001374 -0.006431 0.001688 -0.0003165
1305031542.743855 -0.01879 -0.0004431 -0.004899 0.002768 -0.002376 -0.002163
1305031542.775624 -0.01108 0.004991 -0.005809 0.00347 -0.006567 -0.0003564
1305031542.807676 -0.01481 -0.0005173 -0.002003 -0.002528 0.004764 0.003473
1305031542.843453 -0.02296 -0.001618 -0.006364 0.005617 0.005696 -0.001605
1305031542.875473 -0.01512 0.003518 -0.007466 0.008706 -0.00601 -0.000623
1305031542.907374 -0.01474 -0.0001125 -0.005259 0.006073 -0.003295 0.0008143
1305031542.943449 -0.01221 0.006448 -0.009787 0.01102 -0.000278 0.00152
1305031542.975416 -0.01409 0.001348 -0.004734 0.001108 0.008232 -0.002047
1305031543.007462 -0.01929 0.001397 -0.008679 0.006568 0.01335 -0.005879
1305031543.043546 -0.01739 0.00623 -0.008049 0.006149 0.01159 -0.005705
1305031543.075465 -0.02003 -0.003977 -0.005951 0.0001245 0.01332 -0.003605
1305031543.107471 -0.02024 0.002167 -0.00811 0.01038 0.00921 -0.001058
1305031543.143424 -0.02024 0.002016 -0.006687 0.00913 0.00351 -0.0006629
1305031543.175587 -0.01399 0.007996 -0.008141 0.01166 -0.0003104 -0.006514
1305031543.207464 -0.01541 0.00366 -0.003893 0.001468 0.004923 -0.01584
1305031543.243490 -0.01721 0.002863 -0.005691 0.0007021 0.006956 -0.02052
1305031543.275504 -0.01458 0.00748 -0.006809 -0.002758 0.005331 -0.01408
1305031543.307391 -0.0115 0.001724 -9.852e-05 -0.01563 0.002194 -0.00905
1305031543.343502 -0.009141 0.0008432 -0.0008624 -0.01026 0.001761 -0.0082
1305031543.375520 -0.007769 0.006059 -0.0006231 -0.01095 0.002142 -0.0008949
1305031543.407575 -0.002481 0.0006076 0.003648 -0.01814 0.002775 0.007771
1305031543.443593 -0.004018 0.003935 0.001253 -0.012 0.004183 0.003376
1305031543.475420 0.001339 0.00132 0.004369 -0.01136 0.0003104 0.001468
1305031543.507652 0.003797 0.00471 0.004446 -0.008303 0.007292 0.01058
1305031543.543433 0.0032 0.002096 0.003018 -0.01322 0.01109 0.01341
1305031543.575393 0.005586 0.003024 0.003688 -0.006101 0.003766 0.007099
1305031543.607524 0.01381 0.001916 0.008533 -0.009057 0.006549 0.01485
1305031543.643400 0.009037 0.001949 0.003156 0.0017 0.0177 0.01652
1305031543.675460 0.006417 0.01212 0.0009588 0.002739 0.007523 0.00408
1305031543.707478 0.01389 0.001783 0.00937 -0.01225 0.002278 0.007355
1305031543.743399 0.01219 0.00746 0.007031 -2.996e-05 0.005254 0.003833
1305031543.775642 0.01386 0.01234 0.007364 -0.003093 0.003866 -0.005471
1305031543.807514 0.01627 0.001525 0.01545 -0.01134 0.005616 -0.004891
1305031543.843406 0.01514 0.004717 0.0132 0.00526 0.007184 -0.008325
1305031543.875410 0.01117 0.008373 0.009602 0.006486 0.005626 -0.01537
1305031543.907459 0.01558 0.004456 0.01515 0.006157 -0.003695 -0.01572
1305031543.943413 0.01143 0.009432 0.0102 0.008111 -0.003826 -0.01173
1305031543.975473 0.01389 0.004734 0.0144 -0.000387 -0.01343 -0.00697
1305031544.007491 0.01186 0.008741 0.01115 0.0004129 -0.02111 -0.009509
1305031544.043491 0.01599 0.003499 0.01802 -0.007989 -0.03133 -0.00421
1305031544.075509 0.01599 0.003312 0.01872 0.0008711 -0.0342 -0.006622
1305031544.107376 0.01224 0.01676 0.008135 0.004471 -0.02761 -0.01841
1305031544.143795 0.0255 0.001084 0.02103 -0.01776 -0.02624 -0.009313
1305031544.175829 0.01747 -0.001017 0.01389 -0.008935 -0.01899 -0.0074
1305031544.207354 0.01857 0.003446 0.01356 -0.01218 -0.02714 -0.005354
1305031544.243427 0.02499 -0.004829 0.01661 -0.01119 -0.03321 -0.002566
1305031544.275540 0.01974 0.0007469 0.01272 -0.006052 -0.03009 0.0005757
1305031544.307370 0.02791 0.000515 0.01416 -0.007666 -0.03551 0.006617
1305031544.343409 0.02985 -0.003794 0.01668 -0.00676 -0.02987 0.005065
1305031544.375459 0.02849 -0.01427 0.01629 -0.0008324 -0.02605 0.004664
1305031544.407333 0.02865 -0.002641 0.009572 0.02435 -0.02554 0.003333
1305031544.443375 0.03174 0.007121 0.007424 0.01939 -0.01855 -0.001828
1305031544.475427 0.03106 -0.008178 0.008374 0.01066 -0.009395 -0.001642
1305031544.507367 0.0268 0.003702 0.0003078 0.01594 0.0001185 0.002144
1305031544.543416 0.02562 -0.001763 0.001566 0.007412 0.005111 0.00861
1305031544.575497 0.02343 0.001132 0.001631 0.003811 0.0077 0.004532
1305031544.607409 0.02204 -0.01635 0.006823 0.001657 0.007955 0.00214
1305031544.643444 0.02241 -1.205e-05 -0.005077 0.02242 0.009497 -0.001119
1305031544.675586 0.01769 0.005485 -0.005317 0.01138 0.01395 0.0006048
1305031544.707411 0.02008 -0.006706 -0.001676 0.003251 0.01268 0.0002663
1305031544.743438 0.007751 0.005919 -0.0106 0.008993 0.01736 -0.0002672
1305031544.775418 0.01162 0.001381 -0.006822 -0.005534 0.004949 0.006899
1305031544.807397 0.01955 -0.004337 -0.003906 -0.009496 -0.003311 0.0033
1305031544.843491 0.02014 -0.01069 -0.003308 -0.002965 -0.00202 0.001012
1305031544.875360 0.01504 0.003663 -0.009793 0.01491 0.003767 0.003704
1305031544.907423 0.00771 0.003615 -0.008769 0.007478 0.001244 0.007991
1305031544.943434 0.01619 0.0004288 -0.00814 0.009177 -0.01188 0.01215
1305031544.975537 0.02383 0.007408 -0.01073 0.0141 -0.01155 0.007426
1305031545.007393 0.0126 0.0101 -0.01003 0.009769 0.001171 -0.004016
1305031545.043477 0.005432 0.008462 -0.01062 0.002907 -0.001529 -0.006642
1305031545.075369 0.0143 0.009773 -0.007184 -0.004256 -0.01311 -0.006838
1305031545.107399 0.01423 0.00139 -0.006116 -0.006582 -0.01275 -0.01497
1305031545.144171 0.008962 0.004804 -0.006228 -0.001457 -0.01251 -0.02424
1305031545.175406 0.01003 0.004833 -0.007203 0.0003579 -0.01728 -0.02754
1305031545.207577 0.01092 0.007255 -0.009124 0.00145 -0.0178 -0.02689
1305031545.243483 0.01198 0.01752 -0.009781 -0.001909 -0.016 -0.02567
1305031545.275369 0.01415 -0.004944 -0.004001 -0.02022 -0.01398 -0.02323
1305031545.307451 0.01194 0.001605 -0.007021 -0.004088 -0.01024 -0.02202
1305031545.343494 0.01019 0.007248 -0.007836 -0.001935 -0.01186 -0.02071
1305031545.375545 0.01348 0.008876 -0.007258 -0.006393 -0.01535 -0.02487
1305031545.407452 0.01509 0.01122 -0.006105 -0.01018 -0.01184 -0.02461
1305031545.444180 0.01091 0.003827 -0.006085 -0.01761 -0.005045 -0.0181
1305031545.475423 0.01102 0.02145 -0.00914 -0.01429 -0.007168 -0.01816
1305031545.507394 0.01506 -0.0026 -0.002234 -0.03855 -0.005162 -0.01285
1305031545.543418 0.01285 0.009194 -0.005677 -0.02246 -0.0004375 -0.01187
1305031545.578078 0.017 0.0008402 -0.002682 -0.03288 0.003821 0.001763
1305031545.607417 0.01097 -0.002984 -0.006381 -0.0238 0.01139 0.001792
1305031545.643463 0.005183 0.002633 -0.009673 -0.0231 0.01047 0.0004453
1305031545.675289 0.006444 0.004788 -0.009382 -0.02677 0.004541 0.008124
1305031545.707398 0.008175 -0.01407 -0.002254 -0.03811 0.001913 0.01012
1305031545.743570 0.01376 -0.0167 -0.002748 -0.01407 -0.003787 0.003084
1305031545.775452 0.01309 -0.005659 -0.008361 -0.0006273 0.003522 0.005864
1305031545.807404 0.008192 -0.01106 -0.006409 0.003387 0.005696 0.004915
1305031545.843376 0.004792 -0.01449 -0.006706 0.00951 0.001364 0.003466
1305031545.875537 0.004389 -0.009086 -0.01028 0.02268 -0.007837 0.001915
1305031545.907389 0.01059 -0.006833 -0.008155 0.01981 -0.01279 0.002726
1305031545.943457 0.007399 -0.01584 -0.007334 0.02311 -0.007988 0.003958
1305031545.975621 0.004946 -0.005401 -0.009229 0.02995 -0.009869 -0.00465
1305031546.007516 0.009351 -0.01426 -0.005641 0.02389 -0.008359 -0.001406
1305031546.043769 -0.003792 -0.01238 -0.009792 0.03443 -0.006373 -0.002937
1305031546.075414 0.001676 -0.004706 -0.007728 0.03791 -0.0215 -0.007269
1305031546.107395 0.001789 -0.007392 -0.006809 0.02646 -0.01793 -0.005318
1305031546.143502 0.0006056 -0.009365 -0.005814 0.02238 -0.02041 -0.01161
1305031546.175952 0.003765 -0.009194 -0.004796 0.02191 -0.01949 -0.01121
1305031546.207500 -0.005726 -0.007727 -0.008099 0.02315 -0.01254 -0.01378
1305031546.243551 -0.003554 -0.003521 -0.008757 0.01597 -0.02034 -0.01637
1305031546.276098 0.002389 -0.01459 -0.002409 0.0004427 -0.02235 -0.01878
1305031546.308110 -0.005145 -0.0118 -0.008323 0.01555 -0.01562 -0.02141
1305031546.343919 0.0003681 -0.002991 -0.007653 0.01089 -0.01819 -0.0196
1305031546.376056 -0.001075 -0.01237 -0.005746 -0.00241 -0.009088 -0.01962
1305031546.407659 -0.003488 -0.01147 -0.00778 0.002045 -0.006011 -0.01853
1305031546.443968 -0.0009926 -0.006215 -0.006608 -0.0005647 -0.004327 -0.01596
1305031546.475996 -0.006414 -0.02011 -0.00682 -0.002831 -0.0003983 -0.01136
1305031546.507967 -0.001493 -0.0002234 -0.009065 0.0144 -0.007649 -0.01057
1305031546.544068 -0.002055 -0.01445 -0.004713 -0.007352 -0.003963 -0.00934
1305031546.576412 -0.001714 -0.01317 -0.006779 0.006461 -0.006915 -0.006617
1305031546.607717 -0.0003617 -0.009778 -0.006828 0.01306 -0.004789 -0.008453
1305031546.644200 -0.003908 -0.009226 -0.008004 0.01571 -0.003108 -0.007378
1305031546.676003 -0.0006061 -0.005237 -0.008014 0.01746 -0.007948 -0.003495
1305031546.707934 -0.003539 -0.006882 -0.0075 0.01197 -0.00568 -0.003886
1305031546.743887 -0.0004904 -0.008227 -0.007167 0.01649 -0.01235 -0.002044
1305031546.775864 0.0003068 -1.704e-05 -0.008745 0.02337 -0.007844 0.001039
1305031546.807996 1.586e-05 -0.001508 -0.007639 0.01033 -0.004882 -9.24e-06
1305031546.844079 0.002301 -0.003342 -0.006531 0.005367 -0.00233 -0.0009103
1305031546.876064 -0.003528 0.002786 -0.006257 0.009776 0.008882 0.002884
1305031546.907783 -0.001233 0.00295 -0.004704 -0.0002802 0.001223 0.003367
1305031546.943858 0.002424 -0.004784 -0.003473 -0.01224 -0.001983 0.003804
1305031546.975884 0.001015 -0.002234 -0.00421 -0.0004219 0.002372 0.00523
1305031547.011984 -0.0002111 0.003434 -0.003326 0.001176 0.006008 0.004042
1305031547.044214 -0.003802 -0.002274 -0.002653 -0.006001 0.004428 0.003715
1305031547.076346 -0.001533 0.003915 -0.001723 0.0004765 -0.005084 0.004451
1305031547.111991 -4.682e-05 0.001879 -0.0005233 -0.007503 -0.006413 0.002136
1305031547.144071 0.00177 -0.001687 0.0009301 -0.01261 -0.006504 0.0006747
1305031547.175909 0.002749 -0.002007 0.001523 -0.007502 -0.002246 -0.003221
1305031547.211964 -0.001259 0.003615 0.00127 0.0005853 0.008992 -0.0004374
1305031547.244113 -0.002389 0.002664 0.002379 -0.004585 0.005606 0.0008726
1305031547.276546 0.001223 -0.001255 0.002914 -0.009502 -0.0004191 0.00154
1305031547.312261 -6.173e-05 0.002108 0.002537 -0.002165 0.002623 0.001012
1305031547.344192 0.002022 -0.0004455 0.003086 -0.005587 0.001446 -0.00123
1305031547.376753 7.386e-05 0.0009196 0.00176 -0.001014 0.007629 -0.001596
1305031547.412260 -0.0009934 0.001808 0.0015 -0.001814 0.007814 -0.0004857
1305031547.444472 -0.001661 0.002379 0.000855 -0.001807 0.005622 0.001615
1305031547.476347 -0.0006111 0.0007224 0.001118 -0.006667 0.001386 0.001963
1305031547.512114 -4.244e-05 -0.002051 0.000481 -0.005448 -0.001166 0.001492
1305031547.544015 -0.001094 0.00332 -0.0008498 0.002642 -0.0003564 0.001553
1305031547.576437 0.0006875 -0.001204 0.0004198 -0.005786 -0.002254 -0.001572
1305031547.612296 0.0001858 -0.001593 -0.0007628 0.0008518 3.048e-05 -0.001245
1305031547.644160 -0.002839 0.005522 -0.001654 0.005912 0.003058 -0.001375
1305031547.677287 0.0003608 -0.006583 0.0006966 -0.008629 -0.003611 -0.001181
1305031547.712338 -0.002282 0.003299 -0.00276 0.01311 0.0001298 0.001034
1305031547.744332 -0.001028 0.003964 -0.0001993 0.0006437 -0.00204 -0.0006401
1305031547.776390 -0.0001894 -0.003682 0.000249 -0.005947 -0.002634 0.001673
1305031547.812317 -0.002028 0.002502 -0.001039 0.004212 -0.001509 0.001469
1305031547.844564 0.001337 -0.0008419 0.0006624 -0.003282 -0.004784 -0.0009546
1305031547.876362 -0.0008423 -0.000574 -0.0003733 0.001429 0.0009311 0.0002451
1305031547.912744 -0.001615 0.00242 -0.0003073 0.002315 3.602e-05 -0.0009758
1305031547.944304 3.855e-05 -0.001019 0.0003081 -0.002152 -0.001883 -0.0005121
1305031547.976482 -0.0001253 0.0003529 2.561e-05 0.0007837 -0.0003848 0.0001
