1341846434.746225 -0.006418 0.002738 0.009613 -0.005975 -0.002588 -0.006717
1341846434.778203 -0.009826 0.004256 0.01083 -0.002532 -0.001747 -0.001781
1341846434.810024 -0.005027 0.001222 0.01183 0.0002503 -0.002933 0.002846
1341846434.846345 -0.003959 0.006791 0.009504 0.004616 0.001023 0.007678
1341846434.878202 -0.00817 0.009422 0.009956 0.004036 0.006148 0.01473
1341846434.914148 0.001732 0.005205 0.0159 0.00236 0.01297 0.01935
1341846434.946443 -0.009654 0.006727 0.01059 0.004245 0.02558 0.01523
1341846434.978088 -0.01396 0.007831 0.006792 -0.0001464 0.01732 0.002608
1341846435.014019 -0.00947 0.004312 0.006003 -0.002586 0.01203 -0.001357
1341846435.045942 -0.01463 0.001592 0.005513 -0.003295 0.007327 -0.001662
1341846435.077985 -0.007251 0.004006 0.006647 -0.003528 -0.002363 -0.001193
1341846435.113961 0.00234 0.001714 0.00757 -0.007572 -0.004115 0.001035
1341846435.146181 0.004144 -0.002918 0.006801 -0.007426 -0.0001149 -0.0007725
1341846435.182052 0.007819 -0.0009533 0.008307 -0.004874 0.0058 -0.005481
1341846435.213955 -0.005407 0.001539 0.002236 -0.004837 0.01211 -0.01089
1341846435.246495 0.003404 -0.003026 0.009462 -0.008243 0.009473 -0.01088
1341846435.281968 0.0009444 -0.009759 0.01134 -0.004225 0.01625 -0.003982
1341846435.319946 -0.01174 -0.007594 0.00111 0.0007733 0.01851 -0.0004671
1341846435.382078 -0.02933 0.001558 -0.01891 0.005984 0.02296 -0.01049
1341846435.414309 -0.005388 -0.008656 -0.00597 -0.008298 0.005924 -0.004916
1341846435.450323 -0.01269 -0.02655 -0.006275 -0.0105 0.01199 -0.001713
1341846435.482273 -0.01943 -0.01027 -0.01749 -0.002622 0.004105 -0.0006448
1341846435.513983 -0.009415 -0.01458 -0.00305 -0.002871 -0.003925 0.003971
1341846435.550153 -0.006575 -0.008776 0.005432 0.002306 -0.001903 0.003353
1341846435.582003 -0.01317 0.001613 0.001003 0.002892 0.006212 0.00339
1341846435.618180 -0.02064 -0.008591 0.007405 -0.009201 0.01571 0.001579
1341846435.650183 -0.02738 -0.01726 0.00461 -0.009565 0.01698 0.004154
1341846435.681920 -0.0206 -0.00908 0.009766 -0.006753 0.003039 0.0004575
1341846435.717877 -0.01616 -0.008449 0.01692 -0.003907 0.003357 0.001775
1341846435.750187 -0.02062 -0.003791 0.009525 -0.000824 0.007406 0.001594
1341846435.782022 -0.02291 -0.005608 0.01232 -0.003898 0.01063 0.001167
1341846435.818082 -0.02722 -0.004296 0.006134 -0.001676 0.009692 0.001188
1341846435.849992 -0.02343 0.001258 0.01399 -0.002333 0.007624 -0.0007981
1341846435.886101 -0.0272 -0.0001913 0.0145 -0.001435 0.01159 -0.0002279
1341846435.918077 -0.02733 0.004058 0.01637 0.0009683 0.009788 -0.004105
1341846435.950077 -0.0301 0.006614 0.01266 0.0009982 0.01056 -0.005682
1341846435.986080 -0.03124 0.007387 0.01894 -0.002817 0.01244 -0.002469
1341846436.018119 -0.03354 0.004615 0.02344 -0.0008161 0.01528 -0.005147
1341846436.050565 -0.03566 0.003673 0.02299 0.001978 0.01299 -0.006942
1341846436.085970 -0.03421 0.003833 0.02109 0.003845 0.01063 -0.004492
1341846436.118116 -0.03261 0.003727 0.01127 0.001925 0.01433 -0.003416
1341846436.153952 -0.02959 0.001062 0.0165 -0.00237 0.008254 -0.002265
1341846436.185994 -0.02192 0.0009368 0.01385 -0.002609 0.004611 -0.001788
1341846436.218096 -0.02813 0.0006871 0.01781 -0.003364 0.01015 -0.00323
1341846436.253965 -0.03305 -0.00179 0.03253 -5.667e-05 0.004699 -0.007089
1341846436.286007 -0.03384 0.0003682 -0.001072 0.005847 0.002713 0.0005855
1341846436.318164 -0.03376 -0.001047 -0.001439 -0.002008 0.009709 0.0001401
1341846436.354084 -0.03213 -0.004283 0.008544 0.0001803 0.007309 -0.002741
1341846436.385958 -0.02591 0.0006463 -0.009654 0.00407 0.003163 0.003277
1341846436.422052 -0.02576 -0.0005383 -0.006054 -0.0006784 0.008485 0.0004465
1341846436.453972 -0.03002 -0.002935 -0.007126 -0.00311 0.01356 -0.0004158
1341846436.485966 -0.03018 -0.001471 0.002999 -0.001325 0.007829 -0.004503
1341846436.522075 -0.03015 0.0005984 -0.007283 0.005254 0.01012 -0.000439
1341846436.553975 -0.03247 0.004798 -0.0193 0.004308 0.01724 -0.002186
1341846436.590103 -0.03564 0.003512 -0.003655 0.002831 0.01958 -0.004964
1341846436.622042 -0.03585 0.004292 -0.006717 0.007529 0.01501 -0.001494
1341846436.654125 -0.02862 0.006245 -0.02937 0.006101 0.0109 0.002836
1341846436.690078 -0.03073 0.002055 -0.01561 -0.0001534 0.01805 -0.0006501
1341846436.722015 -0.02606 -0.001749 -0.00388 0.001868 0.01923 -0.0009766
1341846436.754167 -0.0205 0.002373 -0.03094 0.002065 0.01772 0.001527
1341846436.790021 -0.0146 -0.003289 -0.01437 -0.007824 0.01985 0.004307
1341846436.822079 -0.01423 -0.008075 0.008445 -0.003369 0.01625 0.0001582
1341846436.858129 -0.004119 -0.003035 0.005619 0.005567 0.005043 -0.0004695
1341846436.889894 0.001365 0.001092 -0.02917 0.004309 0.003164 -0.00245
1341846436.922139 0.003932 -0.001222 -0.007489 -0.004633 0.007093 -0.005356
1341846436.958108 -0.004082 -0.01257 0.008354 -0.004467 0.009054 -0.006373
1341846436.990096 -0.002187 -0.002392 -0.003963 0.001647 0.007547 -0.0001961
1341846437.058136 0.0002733 0.01564 0.009053 0.006367 0.01397 -0.009136
1341846437.096585 -0.009547 -0.004423 -0.0322 0.0009617 0.009725 -0.00697
1341846437.126102 -0.008347 -0.003084 -0.03127 0.004165 0.008495 -0.003231
1341846437.158050 -0.006157 -0.001047 -0.03451 0.009009 0.005707 -0.00375
1341846437.226114 -0.006646 0.001548 -0.03241 0.02983 0.01389 -0.009033
1341846437.258123 -0.006864 0.003595 -0.03235 0.02059 0.003392 -0.003942
1341846437.290095 -0.006463 0.0002007 -0.02406 0.009674 0.007422 -0.009272
1341846437.326061 -0.003552 -0.0005919 -0.02276 0.01153 0.009137 -0.005895
1341846437.364153 -0.002929 0.002629 -0.02384 0.01114 0.008672 0.0009768
1341846437.396140 -0.0002358 0.002373 -0.02063 0.007338 0.008051 -0.001554
1341846437.431962 0.00501 0.0002219 -0.01479 0.006821 0.01013 -0.002744
1341846437.464061 0.005342 -0.0009074 -0.01862 0.01232 0.007497 0.0009079
1341846437.500080 0.005273 -0.002265 -0.02092 0.007935 0.00436 0.0007762
1341846437.536428 0.008504 -0.00128 -0.02192 -0.00168 0.00593 0.00466
1341846437.568842 0.008859 -0.001789 -0.02103 -0.01046 0.006343 0.006751
1341846437.600736 0.008887 -0.001447 -0.01796 -0.009876 0.001512 0.003726
1341846437.632742 0.01204 -0.0008745 -0.01731 -0.004464 -0.003212 0.005477
1341846437.669713 0.01525 0.0003853 -0.01848 -0.003241 -0.003708 0.005929
1341846437.700232 0.01791 -0.0004605 -0.0176 -0.002821 -0.0079 0.009936
1341846437.739652 0.02455 0.001634 -0.01648 -0.001489 -0.02052 0.01215
1341846437.795294 0.04963 0.009239 -0.04317 0.00232 -0.03476 0.02794
1341846437.830422 0.02475 0.002261 -0.02701 -0.006644 -0.007343 0.003509
1341846437.863213 0.01864 -0.002269 -0.02623 -0.006134 -0.004291 -0.003014
1341846437.930096 0.03941 -0.003306 -0.05372 -0.003961 -0.0224 -0.006185
1341846437.961942 0.01919 0.0003884 -0.02418 -0.001249 0.0006995 -0.002759
1341846437.994103 0.01541 -0.004078 -0.01211 -0.001197 0.002065 -0.004259
1341846438.030032 0.01727 -0.001513 -0.01541 0.01162 -0.004592 -0.003299
1341846438.068074 0.02344 0.006045 -0.02009 0.00685 -0.00344 0.007561
1341846438.130017 0.04099 0.0001614 -0.02595 -0.01808 0.002199 0.01041
1341846438.164374 0.005974 -0.00109 0.01252 0.0003453 -0.004628 0.005711
1341846438.198015 0.012 0.003072 0.0001321 0.006251 -0.007026 0.007401
1341846438.229906 0.01183 0.001577 0.0006149 -0.004091 -0.002188 0.006335
1341846438.262251 0.0003333 -0.004978 0.01322 -0.003531 -0.002989 0.003451
1341846438.298333 0.001828 0.000364 0.00137 0.002937 -0.01501 0.009493
1341846438.329987 0.02302 0.003962 -8.709e-06 -0.002355 -0.01667 0.006196
1341846438.366126 0.006713 -0.01035 0.01475 -0.002121 -0.008027 -0.003401
1341846438.398154 0.006423 -0.00131 0.008969 0.008378 -0.01424 0.00428
1341846438.430136 0.01994 0.01048 -0.003268 0.004076 -0.01976 0.003621
1341846438.465965 0.01844 0.0005853 0.005304 -0.004476 -0.01138 -0.005541
1341846438.530106 0.02251 -0.002574 0.01638 0.004557 -0.01188 -0.01018
1341846438.566686 0.01692 0.01003 0.002729 0.001296 -0.004586 -0.003434
1341846438.598145 0.009949 -0.00134 0.004666 -0.005268 0.002015 -0.004798
1341846438.634113 -0.001792 -0.00721 0.02012 -0.002017 -0.00354 -0.004764
1341846438.665920 0.01216 0.001022 0.0178 0.007597 -0.0206 0.001958
1341846438.697986 0.0159 0.01479 -0.007518 0.0003214 -0.01734 0.0008917
1341846438.734146 0.01714 0.000649 0.03433 -0.009553 -0.01793 -0.008373
1341846438.766996 0.008106 -0.01478 0.03327 -0.0001211 -0.02051 -0.003763
1341846438.801972 0.02289 0.003883 0.005177 0.01027 -0.02492 0.001452
1341846438.834118 0.01321 0.008245 -0.004786 0.005308 -0.0138 -0.002411
1341846438.865936 0.007343 0.01565 -0.005862 -0.003853 -0.009907 -0.006238
1341846438.902045 0.01449 -0.006255 0.01824 -0.008995 -0.01131 -0.001106
1341846438.934115 0.01029 -0.0021 0.001352 0.002837 -0.01118 0.01021
1341846438.966314 0.009976 0.006011 -0.007005 0.00441 -0.009919 0.008838
1341846439.001871 0.006295 0.001844 -0.002909 -0.002512 -0.01139 0.001515
1341846439.034612 0.01419 0.002121 -0.0001385 -0.003081 -0.01503 0.002972
1341846439.070117 0.00791 0.001542 -0.0009042 -0.005676 -0.01288 0.0009265
1341846439.101969 0.01052 0.002748 -0.001309 -0.007496 -0.01857 0.001572
1341846439.134146 0.01474 0.002231 0.002075 -0.00947 -0.01565 -0.001485
1341846439.170111 0.009941 0.001477 0.003783 -0.009434 -0.01559 -0.003561
1341846439.202174 0.01679 -0.0007427 0.008268 -0.005559 -0.01637 0.002837
1341846439.234198 0.009538 0.001391 -0.001822 -0.002457 -0.01544 -0.0004038
1341846439.269869 0.01097 0.00736 -0.004714 -0.004734 -0.0175 -0.0002084
1341846439.302022 0.01749 0.004163 0.005382 -0.009202 -0.01507 0.0003745
1341846439.338209 0.01608 -0.009697 0.01228 -0.006508 -0.0119 0.004126
1341846439.369920 0.009555 0.004108 -0.006992 0.001845 -0.01225 0.00572
1341846439.402179 0.02039 0.01835 -0.001963 -0.003824 -0.01196 0.002988
1341846439.437979 0.01448 -0.007735 0.00671 -0.0117 -0.005391 -0.003042
1341846439.470001 0.008294 -0.002786 0.002286 -0.003901 -0.008009 -0.002536
1341846439.502101 0.01462 0.005106 -0.002832 -0.001463 -0.01041 0.004778
1341846439.538102 0.0199 0.008438 -0.0005104 -0.005415 -0.006527 0.003449
1341846439.570087 0.01036 -0.004206 0.004506 -0.008664 -0.002678 -0.001361
1341846439.605986 0.008698 -0.0002702 -0.0006601 -0.003776 -0.006521 -0.002051
1341846439.638201 0.01176 -0.0003742 0.0008186 -0.003454 -0.008285 -8.484e-05
1341846439.670177 0.01281 0.002544 -0.0002929 -0.002473 -0.007058 0.00168
1341846439.706034 0.01289 -0.002006 -0.0004708 -0.002546 -0.007168 -0.0002215
1341846439.737939 0.006963 0.003916 -0.00102 -0.002805 -0.005943 -0.003277
1341846439.774173 0.002822 -0.000549 -0.0006966 -0.003555 -0.01169 -0.002913
1341846439.806288 0.01676 -0.001541 0.006746 -0.002736 -0.01524 0.0007717
1341846439.846398 0.008586 -0.004855 0.006585 0.001354 -0.0114 0.002238
1341846439.906194 0.02339 0.01128 -0.00961 0.006305 -0.03528 0.009545
1341846439.938149 0.01855 -0.002895 0.007074 -0.004587 -0.01351 -0.001325
1341846439.974174 0.000977 -0.01509 0.01238 0.001702 -0.01125 0.0001587
1341846440.006174 0.01565 0.001979 -0.004089 0.01328 -0.02063 0.005198
1341846440.042214 0.02486 0.01185 -0.006744 0.00598 -0.01703 -0.005769
1341846440.073971 0.009736 -0.00053 0.007586 -0.003503 -0.009857 -0.009399
1341846440.106449 0.00741 -0.003546 0.003683 0.002769 -0.01666 0.0002707
1341846440.142076 0.02747 0.01163 -0.01087 0.002682 -0.01775 0.001121
1341846440.173898 0.01389 -0.002154 0.004668 -0.008795 -0.009288 -0.01079
1341846440.206048 0.02064 -0.007567 0.006384 -0.003205 -0.01211 -0.006652
1341846440.242218 0.02096 0.01366 -0.0009956 0.00179 -0.005963 -0.001132
1341846440.274220 0.002941 0.004261 0.009124 -0.00912 -0.001767 -0.0003235
1341846440.310040 0.01093 -0.006808 0.0142 -0.006547 -0.01219 -0.001703
1341846440.341908 0.02207 0.001891 0.004313 0.0007565 -0.01545 -0.001123
1341846440.374065 0.0209 0.01043 0.006152 -0.001122 -0.0114 -0.0002813
1341846440.410065 0.01328 0.004082 0.01138 -0.004321 -0.009693 0.002884
1341846440.442063 0.01629 0.005075 0.01088 -0.003401 -0.01517 0.005375
1341846440.474055 0.02703 0.002849 0.009163 -0.002848 -0.01371 0.009007
1341846440.510034 0.01043 -0.002339 0.01069 -0.002564 -0.005394 0.003593
1341846440.542081 0.009884 -0.002752 0.0104 0.002785 -0.009858 0.003688
1341846440.578060 0.01682 0.01057 0.00264 0.00622 -0.01243 0.006709
1341846440.610154 0.0186 0.004014 0.005183 -0.002092 -0.01273 0.003401
1341846440.642042 0.0239 -0.006871 0.008635 -0.002634 -0.009973 -8.301e-05
1341846440.678071 0.01252 -0.002155 0.009008 0.003124 -0.004816 -0.002232
1341846440.710213 0.009898 0.001997 0.009009 0.006157 -0.01082 -0.000911
1341846440.742033 0.02786 -0.001102 0.004012 0.006363 -0.01611 0.002197
1341846440.778145 0.0219 0.001991 0.003889 0.005664 -0.008576 -0.001598
1341846440.810360 0.01055 0.00436 0.006013 0.004866 -0.006686 -0.0009258
1341846440.846329 0.02126 0.009223 -0.00183 0.002539 -0.01492 -0.0002363
1341846440.878141 0.02832 -0.005131 0.006785 -0.006112 -0.009972 -0.005326
1341846440.920960 0.01084 -0.01496 0.01185 -0.0003187 -0.00159 -0.005482
1341846440.952308 0.006298 0.002483 0.003876 0.01217 -0.005317 -0.002654
1341846440.986714 0.0199 0.0123 -0.004814 0.00657 -0.009706 -0.004213
1341846441.052118 0.02939 -0.001361 0.006786 -0.01033 0.009837 -0.02126
1341846441.114116 0.0202 -0.004443 0.007285 -0.003355 -0.009299 -0.002366
1341846441.146132 0.0185 -0.002448 0.006442 -0.0004078 0.00215 0.0003914
1341846441.178054 -0.01047 -0.000591 0.01009 0.002652 0.002974 -0.001894
1341846441.214136 0.005459 0.00555 -0.0006162 0.005084 -0.01298 0.006247
1341846441.246039 0.02271 0.004503 0.0002808 -0.002616 -0.01098 0.004874
1341846441.282130 0.00614 -0.006725 0.009724 -0.004981 -0.003703 0.001036
1341846441.314084 0.001888 -0.002487 0.008433 0.002144 -0.008739 0.003977
1341846441.346088 0.02291 0.01022 -0.004994 0.002641 -0.01306 0.006864
1341846441.382129 0.01498 0.0009292 0.004767 -0.006492 -0.004382 0.001606
1341846441.414517 0.01258 -0.005227 0.006211 -0.005521 -0.0003772 -0.0001539
1341846441.445996 0.001619 -0.002101 0.007066 -0.001175 -0.0001907 0.001082
1341846441.482023 0.01698 0.0004014 0.001615 0.001876 -0.006503 0.005967
1341846441.514114 0.02502 0.00809 -0.003452 0.0007065 -8.503e-05 6.149e-05
1341846441.582260 0.001156 -0.005654 0.01892 -0.006151 0.007389 -0.01016
1341846441.614425 0.01789 0.0118 -0.004768 0.003806 -0.007289 0.004513
1341846441.650563 0.01541 0.005109 0.002409 -0.006428 -0.0005891 -0.004364
1341846441.681977 -0.002927 -0.01117 0.01282 -0.006729 0.0007399 -0.005237
1341846441.714170 0.00618 -0.009125 0.005569 0.004661 -0.009243 0.005325
1341846441.750023 0.01582 0.0009167 -0.001818 0.008254 -0.008786 0.001676
1341846441.781910 0.01369 0.000945 0.0002494 0.006295 -0.005652 -0.0035
1341846441.818076 0.008938 0.0006308 0.001415 0.005802 -0.005521 0.002443
1341846441.850011 0.01095 -0.001252 -0.0001682 0.006154 -0.007862 0.002965
1341846441.882149 0.01935 -0.004759 -0.002638 0.006484 -0.007099 0.002212
1341846441.918074 0.01081 0.0002617 -0.0001781 0.009751 -0.001552 0.0023
1341846441.950113 0.01133 0.001215 -0.002316 0.009859 -0.004084 0.001417
1341846441.986157 0.01758 0.004993 -0.003752 0.008166 -0.002381 -0.004017
1341846442.018070 0.01032 0.005089 -0.0002162 0.004297 0.001719 -0.009059
1341846442.050044 0.006715 0.001582 0.008554 0.004509 -0.003374 -0.006409
1341846442.086050 0.01706 0.004827 0.00652 0.00882 -0.008894 -0.004024
1341846442.118273 0.03136 0.01834 0.004092 0.008026 -0.008188 0.0007306
1341846442.150914 0.03624 0.01891 0.02284 -0.002005 -0.003023 0.000111
1341846442.186309 0.0385 0.01341 0.03538 -0.003447 -0.009284 -0.0005839
1341846442.254276 0.1162 0.02083 0.048 0.003501 -0.04088 0.01663
1341846442.286112 0.05421 0.006239 0.02413 0.0101 -0.02776 0.01411
1341846442.318240 0.04886 0.0005211 0.01278 0.01509 -0.03002 0.01084
1341846442.359932 0.04845 -0.004581 0.007667 0.007747 -0.02332 0.002877
1341846442.417971 0.1006 -0.01197 0.02493 0.007159 -0.05662 0.004446
1341846442.455016 0.04549 -0.006165 0.006403 0.004378 -0.02277 -0.003048
1341846442.486191 0.04377 -0.006439 0.004513 0.002127 -0.01811 -0.01045
1341846442.522074 0.0424 -0.01355 -0.004451 -0.0007434 -0.02695 0.001279
1341846442.553917 0.0409 -0.005247 0.01132 0.01122 -0.0319 0.0009447
1341846442.585989 0.04172 -0.003377 0.008052 0.01069 -0.03093 -0.0004592
1341846442.627895 0.03995 -0.001979 0.001612 0.00356 -0.02769 0.001167
1341846442.686166 0.0883 -0.0004584 0.02094 -0.0108 -0.05627 0.01506
1341846442.721990 0.0452 0.001646 0.01256 -0.008102 -0.02718 0.005619
1341846442.754276 0.04354 0.0002742 0.00944 -0.006915 -0.02026 0.005222
1341846442.790054 0.03754 -0.003688 0.0004924 -0.004566 -0.01454 0.01333
1341846442.822072 0.03717 -0.002312 -0.001872 0.002394 -0.01549 0.01541
1341846442.854093 0.03357 0.001911 -0.007993 0.002998 -0.01039 -0.00139
1341846442.889944 0.02777 -0.00121 -0.007126 -0.004443 -0.004505 -0.002425
1341846442.922114 0.02961 -0.00467 0.002966 0.0004205 -0.01317 0.0002733
1341846442.954040 0.0384 -0.004389 -0.01769 -0.001256 -0.02107 -0.0044
1341846442.989997 0.04857 -0.007127 0.004614 -0.01005 -0.009886 -0.005776
1341846443.022264 0.03599 -0.009244 -0.00073 -0.003178 0.004041 -0.005229
1341846443.058071 0.02289 -0.002515 -0.01426 0.0006559 -0.01066 -0.004368
1341846443.090123 0.02782 -0.006437 -0.004811 -0.005608 -0.0129 -0.004409
1341846443.122143 0.0252 -0.004251 -0.005357 -0.001682 0.002912 -0.01095
1341846443.158076 0.01164 -0.002025 -0.0116 -0.00174 0.002831 -0.007949
1341846443.190201 0.01691 -0.004339 -0.008725 -0.00316 -0.006554 -0.002862
1341846443.226121 0.02313 -0.004775 -0.004291 -0.0005118 -0.001563 -0.002023
1341846443.257975 0.01247 0.001178 -0.01002 0.002295 0.004263 -0.002836
1341846443.289997 0.01264 -5.656e-05 -0.008968 -0.001654 -0.003861 -0.002894
1341846443.326118 0.01602 -0.001276 -0.004921 -0.00156 -0.005239 -0.001575
1341846443.358067 0.01514 0.001464 -0.005834 -0.001436 -0.002172 -0.0002834
1341846443.390137 0.007896 -0.001801 -0.002145 -0.001326 -0.00257 0.001791
1341846443.426198 0.01225 -0.001083 -0.002776 0.004149 -0.01231 0.004599
1341846443.458405 0.01241 0.002625 -0.001132 0.002657 -0.008614 -0.0004456
1341846443.494173 0.007967 0.001278 -0.001556 -0.001215 -0.006448 -0.0009416
1341846443.558139 0.01587 -0.01122 0.005297 0.0149 -0.02763 0.002398
1341846443.594027 0.0066 -0.0003124 -0.001165 0.007652 -0.01168 -0.005936
1341846443.626290 0.005725 -0.009319 0.00367 0.00512 -0.0142 -0.005708
1341846443.658166 0.00662 -0.006043 -0.002142 0.01307 -0.01788 -0.002162
1341846443.694065 0.01054 0.00144 -0.004651 0.006616 -0.01472 -0.003486
1341846443.726282 0.01282 -0.004575 0.001337 0.001263 -0.009634 -0.007207
1341846443.770837 0.009241 -0.001515 0.00172 0.001862 -0.00408 -0.006943
1341846443.800403 0.01158 -0.008533 0.009096 0.002315 -0.0009833 -0.001488
1341846443.831984 0.007613 -0.001512 0.002239 0.01237 0.0008415 0.004738
1341846443.868057 0.01027 0.0008596 -0.002342 0.007502 -0.0009882 0.0007527
1341846443.900439 0.01496 -0.0007437 -0.0002991 0.00206 0.003456 -0.004941
1341846443.932086 0.006452 0.002514 -0.003032 0.0006624 0.006764 -0.005236
1341846443.993912 0.01488 -0.006036 0.005184 -0.008344 -0.001638 0.0005046
1341846444.029924 0.01343 -0.002972 0.004395 0.004275 -0.002332 0.004321
1341846444.061948 0.006143 0.001922 0.003094 0.005779 0.002294 0.005473
1341846444.093984 0.007224 0.001313 0.002437 0.004458 -0.0007242 0.001672
1341846444.129916 0.001783 0.002715 -0.0006799 0.002366 0.0002174 -0.0005571
1341846444.162326 0.006473 -0.004913 0.002591 -9.431e-05 -0.005321 -0.000405
1341846444.198431 0.0092 -0.006847 0.006112 0.004723 0.0004759 -0.001197
1341846444.229953 0.002391 0.004175 0.002504 0.009888 0.005354 -0.00208
1341846444.261919 0.004512 0.005488 -0.0006436 0.0007568 0.004985 -0.008366
1341846444.298029 0.001742 -0.01026 0.01185 -0.0003457 0.006999 -0.001758
1341846444.335959 0.001354 0.0007452 0.0002431 0.01366 0.006363 0.005323
1341846444.398189 0.004988 0.004906 0.004381 -0.0006873 0.01749 -0.004465
1341846444.429979 -0.007325 3.509e-05 0.01138 0.004092 0.008651 0.00278
1341846444.466022 -0.001446 0.002956 0.003074 0.00336 0.002961 0.004478
1341846444.498181 0.003993 0.000353 0.003661 -0.0005099 0.006567 -0.001104
1341846444.530364 -0.007407 0.002103 0.01053 0.0007161 0.01403 -0.0005899
1341846444.566040 -0.01023 0.00373 0.008383 -1.899e-05 0.006552 0.005201
1341846444.598132 -0.004409 -0.000524 0.005346 -0.001855 0.004918 0.004839
1341846444.630024 -0.004692 0.00426 0.004621 -0.001059 0.009152 0.0004662
1341846444.666108 -0.01797 0.005916 0.01211 -0.002167 0.008943 -0.002672
1341846444.697995 -0.01278 0.00328 0.008741 -0.004661 -0.001379 0.0008596
1341846444.734205 -0.005526 0.002676 0.004209 -0.005309 0.0002862 -0.0009954
1341846444.766262 -0.01339 0.005632 0.009478 -0.007197 0.004315 -0.003602
1341846444.798037 -0.01357 -0.0007309 0.01339 -0.005761 0.0008622 -0.001396
1341846444.833972 -0.01133 0.001095 0.009493 -0.0009145 0.001156 0.002073
1341846444.866116 -0.009355 0.006072 0.005838 -0.0007752 0.003439 6.45e-06
1341846444.898025 -0.01608 -0.0005285 0.01369 -0.003714 0.006785 -0.003371
1341846444.934155 -0.01336 -0.004743 0.01512 0.0007999 0.005569 -0.0006997
1341846444.972057 -0.01437 0.009502 0.0067 0.005556 0.006511 0.001067
1341846445.034071 -0.02916 -0.003073 0.02104 -0.002991 0.013 0.0006916
1341846445.065987 -0.01626 0.003419 0.00834 0.004767 0.008252 0.002268
1341846445.102399 -0.01285 0.007511 0.00655 -0.0001806 0.007082 0.001156
1341846445.134054 -0.01214 -0.005407 0.01771 -0.00567 0.01022 0.00264
1341846445.170198 -0.004664 0.001213 0.009529 0.001632 0.01325 0.004824
1341846445.202068 -0.01302 0.01417 0.008585 -0.003253 0.008867 0.00905
1341846445.234202 -0.01048 -0.01096 0.01935 -0.01053 0.009692 0.008445
1341846445.270262 -0.007308 -0.0005947 0.009024 -0.00178 0.01513 0.01122
1341846445.334212 -0.02915 0.006436 0.0215 -0.005453 0.01771 0.01413
1341846445.370095 -0.005103 -0.006654 0.01415 -0.003431 0.009709 0.003787
1341846445.401934 -0.01806 0.001914 0.01182 0.003209 0.01263 0.00364
1341846445.437937 -0.01387 0.01113 0.002572 0.001777 0.004824 0.0004147
1341846445.469984 0.0005987 0.01049 0.01156 -0.008114 0.008552 -0.001248
1341846445.502004 -0.02748 0.001746 0.02642 -0.008591 0.02055 0.001283
1341846445.537946 -0.01749 -0.001991 0.01007 -0.002807 0.005606 0.004552
1341846445.570063 -0.007256 -0.002096 0.004241 -0.001939 0.0058 0.008905
1341846445.602021 -0.02314 0.003512 0.007766 0.001352 0.009029 0.007429
1341846445.638006 -0.006805 0.009497 0.001428 5.552e-05 0.0006967 -0.0005776
1341846445.670085 0.0135 0.004841 0.01372 -0.01102 0.01504 -0.002091
1341846445.706037 -0.02378 0.001197 0.0218 -0.007134 0.0278 -0.00927
1341846445.738075 -0.01294 -0.003943 0.01372 -0.002471 0.01494 -0.0009942
1341846445.770102 -0.004041 -0.003872 0.007914 0.00197 0.0148 0.005777
1341846445.806006 -0.007635 0.005794 0.002359 0.006368 0.008942 0.003748
1341846445.838049 0.0002656 0.01361 -0.001524 -0.00105 0.006038 0.004853
1341846445.870081 -0.007183 0.000116 0.008782 -0.009802 0.01658 0.004853
1341846445.906156 -0.0232 -0.007384 0.01411 -0.003843 0.0173 0.006088
1341846445.938036 -0.01296 -0.002981 0.004408 0.004381 0.01096 0.01407
1341846445.974028 -0.0155 0.0009589 0.006536 0.008749 0.009635 0.01709
1341846446.006089 -0.0136 0.01496 -0.004188 0.007021 0.004319 0.01126
1341846446.038148 -0.005858 0.01431 -0.003281 -0.008832 0.008191 -0.006033
1341846446.073973 -0.006119 0.004211 0.008911 -0.01719 0.01536 -0.01138
1341846446.106021 -0.01778 -0.00833 0.02271 -0.007486 0.01417 -0.002647
1341846446.138290 -0.01225 -0.003977 0.00547 0.004427 0.006947 0.004601
1341846446.174003 0.0005087 0.01972 -0.004934 0.005079 0.00799 0.0009018
1341846446.206154 -0.02641 -0.0008959 0.01333 -0.009369 0.0163 -0.009722
1341846446.242005 -0.02316 -0.02278 0.01315 -0.001952 0.00203 -0.005445
1341846446.273991 0.009641 -0.0006644 -0.008272 0.01146 -0.0001668 0.0003473
1341846446.306170 -0.01521 0.005515 0.0005817 0.003256 0.01724 -0.01018
1341846446.342032 -0.01893 -0.009684 0.009189 0.0005717 0.007102 -0.01345
1341846446.373966 0.002049 -0.005932 0.001648 0.006994 0.005274 -0.001886
1341846446.410081 -0.01457 0.003783 0.005353 0.007122 0.01461 -0.002204
1341846446.441987 -0.01464 -0.001844 0.005826 0.005197 0.006046 -0.002444
1341846446.474066 0.005929 2.313e-05 0.003251 0.006099 0.005447 0.006148
1341846446.510038 -0.01073 0.00136 0.006913 0.005417 0.014 0.004949
1341846446.542120 -0.01692 0.002962 0.004779 0.003823 0.004424 0.00568
1341846446.574035 0.0002931 0.002838 0.002969 -0.0008596 0.0003456 0.008738
1341846446.610113 -0.01448 -0.009467 0.01127 -0.002688 0.01064 0.004859
1341846446.642107 -0.01738 -0.007713 0.007633 0.006162 0.00287 0.006844
1341846446.678096 0.005908 0.003354 0.002086 0.007066 0.00138 0.009815
1341846446.710293 -0.01152 -0.004303 0.01095 0.00539 0.01484 0.0006255
1341846446.742013 -0.02123 -0.00521 0.007001 0.01065 0.008526 -0.002711
1341846446.778116 0.006071 0.002733 -0.001148 0.009982 0.002139 0.003589
1341846446.810247 -0.01097 0.0001963 0.005339 0.00456 0.0179 0.001902
1341846446.842072 -0.02223 -0.006076 0.007306 0.005099 0.01159 -0.00524
1341846446.877989 -0.008209 -0.001501 0.004227 0.008157 0.004336 0.0003558
1341846446.910210 -0.0141 0.0004859 0.004611 0.006373 0.007668 0.001262
1341846446.979416 -0.02565 -0.001408 0.007666 0.01101 0.007295 -0.0004821
1341846447.048442 -0.0276 0.0004467 0.00849 -0.005453 0.009144 -0.003647
1341846447.110128 -0.02174 -0.01299 0.01029 0.007619 -0.0006854 0.005157
1341846447.146292 -0.01494 0.002849 -0.0005657 0.004586 -0.004224 0.002206
1341846447.179789 -0.001997 0.001075 0.003271 0.0002354 -0.008079 0.002306
1341846447.216160 -0.006172 -0.005713 0.007041 -3.23e-06 -0.001665 0.002092
1341846447.252104 -0.01452 -0.004966 0.002232 0.004559 -0.004291 0.001479
1341846447.284847 0.005606 0.003295 0.00121 0.005819 -0.009906 0.003653
1341846447.320107 -0.002339 -6.924e-05 0.00301 0.00245 0.000752 -0.003155
1341846447.352050 -0.01281 -0.005977 0.003346 0.003104 0.0008155 -0.003735
1341846447.383924 -0.00589 -0.001688 -0.00166 0.006799 -0.007635 0.003667
1341846447.420069 0.009177 0.002275 0.0009867 0.005888 -0.006413 0.0004896
1341846447.452015 -0.001817 0.0002584 0.00118 0.003306 0.003494 -0.006551
1341846447.488160 -0.008144 -0.001281 0.002619 0.00398 -8.222e-05 -0.001287
1341846447.520057 0.01151 0.0026 0.0002739 0.005743 -0.005588 0.003087
1341846447.551976 0.008935 0.002592 0.001226 0.002572 0.005204 -0.002854
1341846447.588058 -0.003129 -0.002432 0.006056 0.0019 0.007942 -0.002425
1341846447.620036 -0.0001773 -0.003693 0.006131 0.007634 0.002964 0.001182
1341846447.656059 0.0002138 0.001005 7.984e-05 0.01217 0.001014 0.003441
1341846447.688035 0.003151 0.009294 -0.002101 0.00757 0.001894 -0.003802
1341846447.719948 0.004499 0.0001739 0.005525 0.0001599 0.006143 -0.007191
1341846447.756116 -0.006975 -0.001813 0.0048 0.002459 0.006477 -0.006631
1341846447.787990 -0.004809 -0.002153 0.00363 0.005419 -0.001179 -0.003923
1341846447.823997 0.003892 0.004395 -0.0001042 0.006672 -0.004036 -0.001078
1341846447.856048 -0.004109 0.005025 0.0003312 0.00176 0.0007466 -0.001954
1341846447.888261 -0.006311 0.0004194 0.004056 -0.001334 -0.003666 -0.001335
1341846447.924141 0.003095 0.0008587 0.003436 0.0004343 -0.007787 0.001692
1341846447.956316 0.0085 0.006157 0.001872 0.001175 -0.00337 0.001036
1341846447.992036 -0.003401 2.022e-05 0.004364 -0.001899 0.003514 -0.001984
1341846448.024057 -0.001811 -0.003261 0.007567 0.004005 -0.002147 0.003616
1341846448.092100 0.005553 0.01251 0.002718 0.02058 -0.003862 0.01531
1341846448.150222 -0.0009261 0.003756 0.001716 0.01475 -0.001713 0.005451
1341846448.186133 0.0005082 0.01911 -0.001702 0.00333 0.0005058 0.002524
1341846448.218203 0.00335 0.00572 0.003185 -0.01002 0.002755 -0.00129
1341846448.250175 -0.002888 0.0009571 0.00663 -0.008922 0.00506 0.000149
1341846448.286053 -0.005423 -0.001323 0.006317 -0.003275 -0.000147 0.00125
1341846448.318080 0.008262 0.003285 0.002148 0.0008494 -0.004488 -0.0006328
1341846448.350345 0.003029 0.001931 0.003 -0.0006754 0.004415 -0.002948
1341846448.385982 -0.006444 -0.004166 0.007529 0.001134 0.00511 -0.0005491
1341846448.417971 -0.001585 -0.001548 0.003583 0.01027 -0.0005179 0.0008137
1341846448.454017 0.003584 0.004389 -0.003476 0.0118 0.0001251 0.0003888
1341846448.486068 -0.00309 0.006531 -0.002758 0.006584 0.005706 0.00445
1341846448.518032 -0.005603 0.002584 0.003382 0.002642 0.001016 0.0001496
1341846448.553970 0.006117 0.0004025 0.0006513 0.005338 -0.003716 0.0008903
1341846448.586105 0.002833 0.01232 -0.004781 0.00389 0.005287 0.001993
1341846448.621936 -0.01037 0.002181 0.001015 -0.005686 0.006268 0.000962
1341846448.653943 -0.00162 -0.004287 0.008095 -0.003125 -0.003489 0.004682
1341846448.686150 0.008152 0.0009061 0.007335 0.006664 -0.003819 0.001269
1341846448.722086 -0.003322 0.0002008 0.003269 0.009867 0.001461 -0.0002001
1341846448.753983 -0.004073 -0.0004265 0.00575 0.01284 -0.005523 0.001372
1341846448.786053 0.01146 0.005205 0.002231 0.01742 -0.01066 0.00507
1341846448.822019 0.01766 0.01934 -0.00454 0.009417 -0.0002784 0.0002762
1341846448.854125 -0.004126 0.003986 0.003669 -0.008187 0.009179 -0.005513
1341846448.890063 0.001741 -0.005315 0.01052 -0.003057 -0.002637 0.001334
1341846448.922419 0.009436 0.0009698 0.01302 0.01398 -0.00703 0.004415
1341846448.954059 0.01696 0.006163 0.0148 0.02603 -0.01087 0.004245
1341846448.990056 0.02138 0.01023 0.01144 0.02811 -0.01357 0.003455
1341846449.022043 0.02434 0.006303 0.005778 0.01736 -0.0131 0.001409
1341846449.054021 0.03408 0.006392 0.001688 0.00595 -0.01401 0.001713
1341846449.090060 0.04863 0.01013 0.007382 -0.003372 -0.01825 0.0005426
1341846449.121998 0.0444 0.006658 0.01294 -0.009215 -0.0154 8.9e-05
1341846449.158114 0.03012 0.009766 0.0216 -0.003524 -0.01069 0.00104
1341846449.190066 0.02416 0.007197 0.02131 0.003643 -0.0133 0.0001662
1341846449.222044 0.03433 0.00734 0.009222 0.007621 -0.01818 -0.002141
1341846449.258032 0.03637 0.005672 -0.001849 0.004085 -0.01148 -0.005595
1341846449.290278 0.03278 0.007424 0.001337 0.0004381 -0.009365 -0.008763
1341846449.321912 0.02665 0.00233 0.008905 0.00103 -0.01183 -0.006071
1341846449.357984 0.03137 0.002072 0.001534 0.007469 -0.01511 -0.003704
1341846449.390027 0.03643 0.001766 -0.01142 -0.0009645 -0.01678 -0.00842
1341846449.426101 0.03113 -0.001579 0.002561 -0.01568 -0.01274 -0.008833
1341846449.458035 0.03487 -0.00107 0.0125 -0.005572 -0.01326 0.004178
1341846449.490185 0.04258 -0.0003603 0.0001756 0.003303 -0.01862 -0.0003168
1341846449.525989 0.05146 0.003926 -0.008056 0.002675 -0.02302 -0.002073
1341846449.558288 0.05524 0.005414 -0.009457 -0.003852 -0.01725 -0.0007077
1341846449.594265 0.05205 0.003968 -0.00688 -0.01451 -0.01283 0.001048
1341846449.626133 0.0518 0.004591 0.00482 -0.01016 -0.01755 0.003308
1341846449.658161 0.05031 -0.0001871 0.005689 0.001932 -0.0183 0.003111
1341846449.694129 0.04848 -0.002954 -0.006945 0.006217 -0.02102 0.00125
1341846449.725937 0.04452 -0.002412 -0.008406 0.0009727 -0.01879 -0.002005
1341846449.757969 0.03506 -0.002606 -0.004444 0.005812 -0.009107 -0.004225
1341846449.794073 0.0248 -0.0005828 -0.01398 0.007105 -0.006777 0.0003884
1341846449.826150 0.0241 0.0001376 -0.01335 -0.005083 -0.01147 0.001311
1341846449.861992 0.02739 -0.00264 -0.001369 -0.008187 -0.004717 0.003655
1341846449.894052 0.0181 -0.004027 -0.01634 -0.008894 0.0003644 0.002319
1341846449.925963 0.01621 -0.006971 -0.007832 -0.01465 -0.009797 -0.003419
1341846449.962133 0.01781 -0.008857 -0.003293 -0.008814 -0.01431 0.00273
1341846449.994047 0.01737 -0.004574 -0.007802 -0.004647 -0.0104 0.003395
1341846450.026443 0.01547 -0.001708 -0.007804 -0.005637 -0.006126 0.0007931
1341846450.062040 0.01074 -0.004809 -0.002846 -0.007638 -0.005059 0.001726
1341846450.094160 0.009397 -0.001709 0.0007818 -0.001704 -0.00619 0.006265
1341846450.130133 0.006636 0.001421 0.0001097 0.00279 -0.004282 0.004532
1341846450.161911 0.003773 0.002225 -0.002675 0.001571 -0.002288 -0.0005744
1341846450.194126 0.003088 0.00114 0.001371 0.002629 -0.002412 -0.000508
1341846450.230042 0.003017 -0.0004254 -0.002934 0.005897 8.87e-05 0.0007541
1341846450.262009 0.003394 0.001096 -0.007873 0.002538 0.003686 0.002938
1341846450.294220 0.003973 0.002407 -0.006478 -0.006082 0.00529 0.00247
1341846450.330052 0.003418 -0.003832 -0.000171 -0.006909 0.005848 0.006341
1341846450.361929 0.005397 -0.0004095 -0.005839 -0.003112 -0.001381 0.007548
1341846450.398035 0.008314 0.0002795 -0.007536 -0.002321 -0.005077 -0.001072
1341846450.429941 0.009409 0.0004367 -0.006149 -0.001831 0.00156 -0.0003328
1341846450.461928 0.004983 -0.001066 -0.008065 -0.003673 0.004018 0.009462
1341846450.498062 0.007016 0.001145 -0.008291 -0.003119 -0.002384 0.01349
1341846450.529969 0.008794 0.002273 -0.004499 -0.00061 -0.002068 0.008874
1341846450.561983 0.007134 0.00389 -0.006968 0.00314 0.0012 0.004608
1341846450.598097 0.00648 0.00545 -0.007441 0.001721 0.0007086 0.001102
1341846450.630436 0.01089 0.006769 -0.00252 0.002458 0.002525 0.0002598
1341846450.666178 0.0139 0.01167 -0.002167 0.006361 0.006445 -0.002152
1341846450.698174 0.009881 0.01467 -0.0006458 0.007479 0.01106 -0.009277
1341846450.730214 0.006864 0.01343 0.003836 0.008363 0.01141 -0.001781
1341846450.765977 0.00505 0.01117 -0.002473 0.007206 0.00722 0.01299
1341846450.798042 0.003699 0.01421 -0.002573 0.006118 0.001617 0.01394
1341846450.834020 0.001306 0.009933 -0.001457 0.004197 -0.0009449 0.00824
1341846450.866022 0.003315 0.02706 0.003509 0.01789 -0.004397 0.009933
1341846450.898067 0.003323 0.03415 -0.001787 0.02445 -0.003033 0.009528
1341846450.934091 0.00252 0.03935 -0.005447 0.01715 0.006162 0.00192
1341846450.966100 -0.002853 0.01111 0.001433 -0.0005874 0.01022 0.003876
1341846450.998096 0.001442 0.01464 0.005038 0.009064 0.004483 0.0106
1341846451.034057 0.002677 0.02123 -0.001147 0.01877 -0.002033 0.01271
1341846451.068370 0.004262 0.02915 -0.007815 0.01973 -0.004031 0.008762
1341846451.102153 0.007443 0.01384 -0.00249 0.00641 0.002314 0.005482
1341846451.133979 0.003975 0.005324 0.001325 0.005142 0.001482 0.005242
1341846451.165987 0.005951 0.01235 -0.007385 0.008412 -0.002539 0.004853
1341846451.202275 0.01006 0.007521 1.061e-05 0.003161 -0.0007152 -0.0003381
1341846451.234790 0.006702 0.005445 -0.002347 0.008363 0.0006022 -0.002161
1341846451.302134 0.01082 0.03288 -0.01568 -0.000864 0.005792 0.002634
1341846451.334095 0.01386 0.005079 0.009215 -0.0006348 -0.01194 0.005298
1341846451.370064 0.0185 0.00729 -0.00731 0.004353 -0.01164 0.002436
1341846451.402007 0.004872 0.01522 -0.00767 6.379e-05 -0.001503 -0.002839
1341846451.434004 0.005891 -0.0005822 3.688e-05 -0.01083 -0.006638 -0.002798
1341846451.470107 0.007884 0.00219 0.002996 -0.005347 -0.01024 -0.001632
1341846451.502266 0.01187 -0.001008 0.004305 -0.003712 -0.01363 -0.002927
1341846451.534027 0.01064 -0.003073 0.005706 -0.003827 -0.01418 -0.00337
1341846451.570038 0.008371 -0.002248 0.006492 -0.001589 -0.01149 0.0003554
1341846451.601887 0.007418 -0.003698 0.009985 -0.0003683 -0.0104 -0.001411
1341846451.637996 0.01143 -0.0004949 0.0001567 0.002637 -0.01078 -0.001771
1341846451.669951 0.008342 0.003685 0.0006721 -0.001107 -0.009352 -0.003807
1341846451.702077 0.0123 -0.007238 0.007883 -0.006387 -0.01143 0.000233
1341846451.737995 0.01698 -0.003576 0.009562 -0.002534 -0.009375 0.001626
1341846451.770041 0.01044 -0.007732 0.0104 -0.002076 -0.008939 9.579e-05
1341846451.806071 0.01565 -0.003491 0.007765 0.0006085 -0.01465 0.001871
1341846451.838004 0.01667 -0.0006621 0.01386 0.006254 -0.007635 0.001121
1341846451.870027 0.005569 -0.008687 0.007107 0.006744 -0.0005668 0.002891
1341846451.905961 0.003773 -0.003265 0.005568 0.001709 -0.005007 -0.002593
1341846451.937970 0.01111 -0.003832 0.01048 -0.001915 -0.005205 -0.003201
1341846451.970138 0.0001298 0.00397 0.0065 -0.005118 0.004341 0.00477
1341846452.006080 0.00237 -0.004483 0.01462 -0.01472 0.003606 0.005391
1341846452.037935 0.006508 -0.002399 0.02318 -0.008695 0.006003 -0.004165
1341846452.073949 -0.00672 -0.008921 0.01335 -0.008912 0.01426 -0.006929
1341846452.105977 -0.01129 -0.01641 0.01246 -0.009243 0.01054 -0.002639
1341846452.138008 -0.007944 -0.009343 0.006276 -0.005026 0.004684 -0.003929
1341846452.174074 -0.01185 0.004433 0.009775 -0.006334 0.009105 -0.00761
1341846452.206235 -0.02115 -0.006953 0.01168 -0.01931 0.01753 -0.005747
1341846452.238073 -0.01265 -0.005122 0.01897 -0.01234 0.008721 -0.002981
1341846452.274106 -0.02076 -0.008656 0.007938 -0.009625 0.007497 -0.002218
1341846452.306097 -0.02842 -0.006599 0.01224 -0.01359 0.01033 -0.01142
1341846452.342082 -0.02417 -0.005759 0.02728 -0.008972 0.009929 -0.01101
1341846452.374034 -0.02899 -0.00901 0.01573 0.0004153 0.007649 -0.004024
1341846452.406041 -0.02066 0.003907 0.002088 0.003131 0.001362 -0.005513
1341846452.442053 -0.02549 -0.004321 0.01942 -0.008378 0.01255 -0.0129
1341846452.474108 -0.03059 -0.01205 0.02068 -0.009906 0.02334 -0.01232
1341846452.506073 -0.03337 -0.01442 0.01441 -0.004245 0.01248 -0.005522
1341846452.542118 -0.03098 -0.008574 0.007501 0.001413 0.006618 -0.001495
1341846452.574108 -0.03324 -0.008026 0.009621 -0.008307 0.01694 -0.01193
1341846452.610038 -0.02824 -0.0126 0.01607 -0.01411 0.01445 -0.00431
1341846452.642126 -0.02274 -0.01207 0.02004 -0.008481 0.005845 -0.0002208
1341846452.674053 -0.01864 -0.01032 0.01935 -0.00173 0.00206 -0.00325
1341846452.709891 -0.02313 -0.01016 0.01184 0.0007847 0.004865 -0.002609
1341846452.742117 -0.02446 -0.01065 0.00786 -0.002926 0.004443 -0.002594
1341846452.774020 -0.02293 -0.01335 0.01012 -0.005533 0.0006397 -0.001071
1341846452.810050 -0.0214 -0.01511 0.008948 -0.006396 0.001941 -0.0009712
1341846452.842060 -0.01782 -0.01738 0.01292 -0.007337 0.002399 -0.001838
1341846452.910212 -0.04926 -0.04218 0.004418 -0.0182 0.008892 -0.001763
1341846452.942284 -0.02357 -0.02062 0.0006243 -0.013 0.0102 -0.001161
1341846452.978269 -0.01663 -0.02021 0.01088 -0.01389 0.005198 -0.002738
1341846453.010078 -0.01562 -0.01694 0.01388 -0.002702 -0.00132 0.002269
1341846453.046005 -0.01811 -0.01302 0.002054 0.002819 0.0002435 0.002484
1341846453.078276 -0.0231 -0.01282 -0.009797 -0.004751 0.01064 -0.0001411
1341846453.111410 -0.02008 -0.01909 -0.005979 -0.01427 0.007939 0.001457
1341846453.152099 -0.01756 -0.0178 0.001545 -0.0125 0.001924 0.002063
1341846453.210744 -0.04772 -0.03164 -0.02345 -0.02779 0.01691 0.01102
1341846453.246368 -0.02011 -0.0182 -0.002172 -0.01893 0.008833 0.005074
1341846453.281016 -0.01487 -0.01903 0.001104 -0.01633 0.002648 0.007166
1341846453.346478 -0.03997 -0.03374 -0.009955 -0.03852 0.01218 0.00695
1341846453.413993 -0.02689 -0.02646 -0.003188 -0.03417 -0.0005707 0.01439
1341846453.447282 -0.01601 -0.01158 -0.004736 -0.02438 0.002187 0.003671
1341846453.489022 -0.02294 -0.01593 0.00314 -0.02962 0.01135 -0.008009
1341846453.520074 -0.0218 -0.01589 0.004639 -0.02841 0.006018 -0.01015
1341846453.552202 -0.01061 -0.01291 0.004855 -0.02292 0.0006255 -0.01277
1341846453.588242 -0.01211 -0.01177 0.01381 -0.01439 0.003449 -0.01174
1341846453.619879 -0.01169 -0.005827 0.009502 -0.002719 0.001217 -0.000448
1341846453.656024 -0.006767 -0.0009466 -0.004812 -0.001986 -0.0006125 0.004873
1341846453.687999 -0.007805 -0.002913 -0.004132 -0.008443 -0.001674 0.001167
1341846453.720025 -0.006782 -0.005381 -0.004485 -0.01029 -0.001558 5.748e-05
1341846453.756055 -0.00848 -0.005102 -0.005248 -0.01106 0.000989 -0.00364
1341846453.787935 -0.008088 -0.01022 -0.001016 -0.01067 0.003096 -0.005778
1341846453.824011 -0.004543 -0.01181 -0.000688 -0.004125 0.0005861 -0.005207
1341846453.855942 -0.002273 -0.008648 -0.005673 0.001582 -0.0005308 -0.00272
1341846453.888038 -0.005003 0.0006842 -0.009205 0.0006694 0.001243 -0.002352
1341846453.924065 -0.003849 -0.006198 -0.005851 -0.005147 0.001419 -0.0006696
1341846453.955921 -0.006182 0.0009053 -0.01068 -0.005382 0.001757 0.0001945
1341846453.987940 -0.007476 0.000627 -0.01135 -0.01357 0.004523 -0.001138
1341846454.024255 -0.004615 -0.0121 -0.0006398 -0.01663 0.001986 0.00343
1341846454.056313 0.008959 -0.0132 0.006021 -0.006743 -0.001961 0.005104
1341846454.088076 0.000321 -0.00373 -0.0006504 0.002352 0.003597 0.001804
1341846454.124105 -0.00134 -0.006477 -0.004714 0.0006163 0.002553 -0.0003384
1341846454.156054 -0.0008755 -0.01172 -0.004998 0.0003729 0.002845 -0.001315
1341846454.191955 -0.004373 -0.00925 -0.01091 0.004512 0.001871 0.001431
1341846454.224008 -0.002155 -0.007251 -0.01488 0.001407 0.002402 0.002932
1341846454.256124 -0.007652 -0.009979 -0.01349 -0.001801 0.002189 -0.001871
1341846454.291937 -0.006927 -0.0111 -0.01437 -0.001614 -0.0004984 0.001614
1341846454.323981 -0.003006 -0.0131 -0.01087 -0.002402 0.0001361 0.001298
1341846454.355934 -0.01105 -0.01697 -0.01839 -0.002099 0.005412 -0.007671
1341846454.392062 -0.01733 -0.0129 -0.01698 -0.0004903 0.0037 -0.004607
1341846454.423951 -0.005502 -0.007391 -0.01393 -0.002798 -0.001477 -7.793e-05
1341846454.456041 -0.00805 -0.01328 -0.011 -0.008188 0.004283 -0.008043
1341846454.492065 -0.01751 -0.01233 -0.01038 -0.007885 0.004744 -0.00619
1341846454.524037 -0.007951 -0.009953 -0.006285 -0.006702 -0.001384 0.002558
1341846454.555946 -0.009076 -0.01113 -0.008878 -0.007553 0.004157 -0.004998
1341846454.591893 -0.02155 -0.01036 -0.004719 -0.009127 0.0106 -0.008199
1341846454.624115 -0.01563 -0.01104 -0.004365 -0.007961 0.006141 -0.002673
1341846454.659990 -0.007686 -0.005765 -0.008983 -0.007914 0.004258 -0.002859
1341846454.691970 -0.01605 -0.009116 0.0009379 -0.01399 0.009573 -0.008403
1341846454.723925 -0.01916 -0.01156 0.004019 -0.01047 0.006742 -0.004791
1341846454.759924 -0.01256 -0.00955 0.001543 -0.006367 0.003231 0.001816
1341846454.792135 -0.008685 -0.003617 -0.004299 -0.005323 0.001585 0.0005488
1341846454.823976 -0.01311 -0.003413 0.002018 -0.01383 0.001978 -0.009273
1341846454.859970 -0.0136 -0.0143 0.01281 -0.01951 0.001998 -0.01399
1341846454.892266 -0.01147 -0.01524 0.01172 -0.01039 0.00282 -0.005479
1341846454.959988 0.002197 -0.01446 0.004497 -0.006458 -0.009278 -0.002407
1341846455.022227 0.008469 -0.02379 0.01402 -0.01571 -0.008914 -0.01244
1341846455.054099 0.01291 -0.01457 0.004268 -0.001585 -0.01239 0.0003216
1341846455.090050 0.02086 -0.007255 0.0003849 -0.00173 -0.01011 -0.004467
1341846455.122055 0.01077 -0.007045 0.002809 -0.005362 -0.002039 -0.009203
1341846455.153946 0.01326 -0.01144 0.008192 -0.008208 -0.008127 -0.0033
1341846455.190190 0.02219 -0.009416 0.006648 -0.006533 -0.01077 -0.0009702
1341846455.222061 0.01984 -0.01033 0.0139 -0.006071 -0.002845 -0.006355
1341846455.258176 0.01071 -0.006749 0.01706 -0.0003872 -0.001213 -0.002345
1341846455.289996 0.01944 -0.002657 0.01517 0.002717 -0.007306 0.003898
1341846455.322654 0.02578 -0.004244 0.007548 0.00121 -0.00504 -0.0007818
1341846455.358098 0.02412 -0.00415 0.008109 -0.001666 0.00291 -0.005903
1341846455.390002 0.01546 -0.01202 0.008719 -0.0006065 0.002595 -0.00314
1341846455.422100 0.01754 -0.003795 0.0148 0.007233 -0.009049 0.007328
1341846455.458125 0.01636 0.0008428 0.0005895 0.004747 -0.002071 5.931e-05
1341846455.490042 0.01704 -0.005893 0.006218 -0.005618 0.003791 -0.009357
1341846455.525978 0.009145 -0.01738 0.008587 -0.007076 0.0005781 -0.003941
1341846455.558173 0.01476 -0.007437 0.01199 0.002274 -0.006631 0.005029
1341846455.590092 0.01002 -0.004444 0.004893 -0.001001 0.002909 -0.002952
1341846455.625973 0.009058 -0.01115 0.00643 -0.004871 0.002598 -0.0002512
1341846455.658077 0.0108 -0.01175 0.00787 -0.003825 -0.001533 0.005818
1341846455.690122 0.009983 -0.006772 0.0002818 -0.001865 -0.0008619 0.004315
1341846455.726004 0.008661 -0.01333 -0.001348 -0.01281 0.002117 -0.0003826
1341846455.758157 0.009676 -0.01252 0.001887 -0.01448 -5.593e-05 0.00271
1341846455.826431 0.01846 -0.02283 -0.003944 -0.02311 -0.002648 0.001107
1341846455.858084 0.01144 -0.005765 -0.00302 -0.01623 -0.001825 -0.008889
1341846455.893948 0.01071 -0.01644 0.006514 -0.01998 -0.006681 -0.0009851
1341846455.926012 0.01187 -0.01135 0.004355 -0.01336 -0.00769 0.002494
1341846455.958115 0.009645 -0.005696 0.002879 -0.01267 -0.0002702 -0.006163
1341846455.994972 0.008217 -0.01382 -0.0005143 -0.01398 -0.001975 0.00244
1341846456.026027 0.0101 -0.009584 0.0009244 -0.008377 -0.004123 0.004198
1341846456.061926 0.009686 -0.007303 -0.004019 -0.008407 0.0002265 0.0008611
1341846456.093945 0.009992 -0.01063 -0.005192 -0.01014 -0.0002551 0.004135
1341846456.126153 0.01193 -0.01539 -0.0002584 -0.008148 -0.002626 0.007812
1341846456.162325 0.009701 -0.007251 -0.01111 -0.002194 -0.001417 0.007531
1341846456.194021 0.009998 -0.004183 -0.01162 -0.00873 -0.001301 -0.0002917
1341846456.229852 0.01316 -0.01692 -0.007252 -0.01465 -0.004304 0.0006231
1341846456.262012 0.01503 -0.01657 -0.005809 -0.007289 -0.005018 0.00427
1341846456.293900 0.01325 -0.01139 -0.009002 -0.002553 -0.003434 0.005562
1341846456.330221 0.01176 -0.003235 -0.007184 -0.004675 -0.003033 0.0007611
1341846456.362093 0.0171 -0.01333 -0.005712 -0.009256 -0.002879 -0.0006929
1341846456.394095 0.01691 -0.01994 -0.01496 -0.001231 -0.0002022 0.005032
1341846456.429930 0.01681 -0.007215 -0.01896 0.00297 -0.0002792 0.0103
1341846456.462149 0.01863 -0.009966 -0.01594 -0.0005556 -0.001093 0.006666
1341846456.498080 0.0127 -0.001881 0.00652 0.0004885 0.001225 0.0007692
1341846456.529977 0.01192 -0.001398 -0.001249 0.0009655 -0.00274 0.003907
1341846456.562074 0.01555 -0.01159 -0.01128 -0.0002614 -0.005317 0.002824
1341846456.598113 0.02051 -0.003196 -0.00306 -3.665e-05 4.01e-05 -0.005176
1341846456.629868 0.0128 -0.003167 0.01144 -0.0005726 0.003144 -0.002829
1341846456.662113 0.003358 -0.003696 0.006252 0.00477 -0.0007877 0.007846
1341846456.697989 0.004228 -0.004462 -0.001392 0.002687 0.00134 0.002945
1341846456.730098 0.001861 -0.007524 0.005742 -0.001345 0.005363 -0.00204
1341846456.766110 0.0001801 -0.008129 0.002167 0.0001838 0.001516 0.002373
1341846456.798062 0.001878 -0.007485 0.001692 0.000874 -0.001303 0.006538
1341846456.830204 0.001904 -0.004866 -0.001271 -0.002383 0.001795 -5.517e-05
1341846456.866247 0.0003019 -0.008652 0.008511 -0.003868 0.002822 -0.003032
1341846456.898128 0.0001815 -0.006201 0.003761 -0.001455 -0.0001731 0.0005209
1341846456.929870 0.0005084 -0.008382 0.008423 0.0007352 -0.003035 0.004816
1341846456.966238 0.00315 -0.003857 -0.0006902 -0.0005477 -9.299e-05 -0.004144
1341846456.997966 0.0004157 -0.004 0.006388 -0.00525 0.001386 -0.006252
1341846457.034139 0.0009861 -0.007636 0.01014 -0.001006 -0.003417 0.002767
1341846457.066343 0.003844 -0.002188 -0.0005133 0.002589 -0.0005179 0.002031
1341846457.098123 0.001155 -0.001777 0.001588 -0.003586 0.0003121 0.000585
1341846457.133984 0.002975 -0.00533 0.007957 -0.003478 -0.0004708 0.0005158
1341846457.165966 0.001896 0.0004165 -0.001362 -0.003229 0.002701 -0.0008828
1341846457.198024 0.0006005 -0.001974 0.005106 -0.007498 -0.003074 0.003625
1341846457.234155 0.003904 -0.004598 0.01002 -0.005911 -0.003941 0.0006644
1341846457.266029 0.00242 -0.001297 0.006953 -0.001566 -0.0005148 -7.965e-05
1341846457.302162 0.001176 -0.001915 0.009839 0.00145 -0.003524 0.00391
1341846457.334093 0.004008 0.001323 0.002758 0.003179 -0.004058 0.0009654
1341846457.365992 0.002408 0.0009046 0.0031 0.001547 -0.002911 -0.001932
1341846457.401999 0.0005543 0.002205 0.007469 0.001743 -0.005573 0.002899
1341846457.434165 0.003433 0.0008645 0.008773 0.004565 -0.005521 0.006499
1341846457.470028 0.002479 0.003115 0.00176 0.005914 0.001049 -0.0005075
1341846457.502234 -0.002521 0.005077 0.003664 0.004786 0.0004227 0.002074
1341846457.534037 -0.002781 0.000957 0.00886 0.007724 -0.005391 0.009033
1341846457.570088 0.0008307 0.005653 0.0005823 0.01443 -0.002543 0.004253
1341846457.601985 -0.002268 0.01272 -0.005191 0.01204 -0.0008497 -0.002018
1341846457.634100 -0.005249 0.00923 -0.004073 0.00735 -0.007108 -0.004835
1341846457.670084 -0.002319 0.007386 -0.003764 0.006396 -0.008727 -0.005748
1341846457.701992 -0.0009279 0.01426 -0.01306 0.006792 -0.008729 -0.004799
1341846457.738024 -0.003503 0.01665 -0.009528 -2.175e-05 -0.00772 -0.006833
1341846457.770266 -0.001898 0.01093 -0.008221 -0.003709 -0.007281 -0.005149
1341846457.802137 -0.003274 0.00957 -0.006657 -0.002823 -0.005087 -0.0004504
1341846457.838017 -0.005135 0.01196 -0.008436 -0.002354 -0.007489 0.003032
1341846457.870077 0.003374 0.00346 -0.006435 -0.002386 -0.005757 -0.003286
1341846457.902124 -0.007535 0.01883 -0.007501 0.001206 0.001066 -0.003984
1341846457.937994 -0.0101 0.00547 0.004378 -0.002774 -0.005569 0.00416
1341846457.970119 0.005693 0.009467 -0.008147 0.004762 -0.004182 0.0009583
1341846458.006046 -0.008605 0.01471 -0.002251 0.006156 0.001905 0.002129
1341846458.038014 -0.01115 0.01323 0.0003791 0.005175 -0.005088 0.005353
1341846458.070131 0.002887 0.01253 -0.008561 0.006605 -0.006422 -0.001993
1341846458.106139 -0.005715 0.01566 -0.004444 0.005152 0.0002457 -0.009733
1341846458.138044 -0.01105 0.01206 0.0006802 0.003635 -0.001421 -0.005904
1341846458.169976 -0.003789 0.007115 -0.003143 0.006876 -0.004859 0.002412
1341846458.205943 -0.000119 0.01567 -0.006522 0.01028 -0.0007585 0.001148
1341846458.238247 -0.005127 0.01893 -0.001178 0.008402 0.00447 -0.00321
1341846458.273991 -0.01074 0.01058 0.001378 0.007889 0.001101 0.002057
1341846458.306111 -2.31e-05 0.01825 -0.005832 0.01128 0.0007092 0.002105
1341846458.344939 -0.008229 0.0221 -0.002844 0.008127 0.004368 -0.004861
1341846458.406267 -0.01328 0.02727 -0.002298 0.01076 0.003546 -0.009613
1341846458.442040 -0.006604 0.01651 -0.004364 0.008864 0.001435 -8.003e-05
1341846458.473980 -0.003725 0.01735 -0.003268 0.007011 0.0009441 -0.003255
1341846458.506295 -0.004992 0.01276 0.0007365 0.00633 0.00289 -0.00432
1341846458.541965 -0.007451 0.01082 0.002419 0.009958 0.002873 -0.00176
1341846458.573927 -0.002759 0.03179 -0.005378 0.01443 0.001441 -0.003963
1341846458.606148 -0.00851 0.009412 0.00614 0.003603 0.002026 -0.006284
1341846458.642017 -0.001136 0.01117 0.001898 0.01197 0.001091 -0.002251
1341846458.673954 -0.006963 0.01644 0.004059 0.01568 0.008459 -0.002069
1341846458.710158 -0.01076 -0.003495 0.008103 0.01492 0.005106 0.00285
1341846458.741981 0.009343 0.02218 -0.008462 0.02683 0.003819 0.008297
1341846458.773965 -0.003983 0.01714 0.00582 0.02088 0.01581 0.007213
1341846458.810261 -0.004563 0.01898 0.0004021 0.01901 0.006328 0.008031
1341846458.845355 0.0005687 0.01797 -0.00164 0.009596 0.001879 0.003366
1341846458.910230 -0.001519 0.01702 0.009816 0.005824 0.004071 -0.00867
1341846458.942341 0.001 0.006562 0.004987 0.006037 -0.001757 0.003962
1341846458.979658 0.003611 0.006963 0.003258 0.007373 0.0007202 0.002904
1341846459.010325 0.0001052 0.005565 0.007878 0.009046 0.005356 0.001552
1341846459.052625 -0.001418 0.006742 0.00742 0.01538 0.002997 0.006558
1341846459.078195 0.001629 0.0113 0.003704 0.01676 0.001207 0.005832
1341846459.110297 -0.002046 0.008949 0.005294 0.01409 0.001233 0.005416
1341846459.156583 0.00265 0.01283 -0.0008488 0.01069 -0.0006589 -0.0009496
1341846459.209921 -0.00774 0.01562 0.01165 0.008824 0.001279 -0.0009938
1341846459.246034 0.001019 0.005462 0.009447 0.007712 -0.002644 0.005042
1341846459.278165 -0.003061 0.006826 0.006024 0.01824 0.0009825 0.005275
1341846459.310125 -0.002647 0.0101 0.004381 0.01941 -0.002147 0.01293
1341846459.346071 -0.0009925 0.009145 0.004539 0.01845 -0.004102 0.009924
1341846459.378112 -0.0006914 0.0135 0.0002058 0.01022 -0.002547 0.001324
1341846459.409983 -0.00197 0.01116 0.003493 -0.0003194 -0.006636 0.002596
1341846459.446124 0.001508 0.004445 0.007054 -0.002737 -0.009319 0.007262
1341846459.478285 0.004441 0.003197 0.004311 3.281e-05 -0.003701 0.009654
1341846459.514102 -0.001843 0.002832 0.007332 0.00517 0.0005883 0.01973
1341846459.546042 -5.899e-05 0.006717 0.002355 0.01281 -0.004733 0.03695
1341846459.578086 0.005091 0.01068 -0.003846 0.008823 -0.002127 0.03846
1341846459.614088 0.002794 0.007031 -0.0009025 -0.001871 0.003922 0.03459
1341846459.646471 -0.003944 -0.0002045 0.01025 -0.002854 0.004828 0.03481
1341846459.682060 -0.0004335 -0.002943 0.001347 0.004618 -8.622e-05 0.03951
1341846459.713908 0.003775 0.003347 -0.005398 0.00366 0.003506 0.03723
1341846459.746062 -0.001701 -0.001643 0.003118 0.0005219 0.006145 0.03332
1341846459.782130 -0.0007278 -0.001385 -0.001424 0.003219 0.005412 0.03245
1341846459.814161 0.001594 0.004446 -0.007732 -0.0005006 0.004944 0.03313
1341846459.845917 0.002781 0.001301 -0.003016 -0.007711 0.007984 0.03129
1341846459.881966 -0.004165 -0.004698 0.01202 -0.006232 0.01338 0.02899
1341846459.914201 -0.003495 -0.005948 0.01248 0.005596 0.01123 0.04018
1341846459.950366 0.0009612 -0.001812 -0.001216 0.01305 0.008279 0.04787
1341846459.982150 0.005734 -0.002213 -0.006524 0.008936 0.0109 0.03678
1341846460.014318 -0.001202 -8.57e-05 0.00349 0.006973 0.01381 0.03416
1341846460.050064 -0.001153 -0.002209 0.008268 0.006733 0.007229 0.03574
1341846460.082470 0.004516 -0.002087 -0.005511 0.007181 0.005176 0.02623
1341846460.113981 0.005129 0.0007231 -0.00465 0.004236 0.01152 0.01581
1341846460.150105 -0.0001719 0.0005888 0.009255 0.002973 0.01017 0.02192
1341846460.181998 0.0009097 -6.966e-05 0.008084 0.004908 0.002732 0.02871
1341846460.218224 0.004775 -0.0001077 -0.006442 0.003735 0.0008368 0.01652
1341846460.250207 0.003486 0.003989 0.0003878 0.0001578 0.003625 0.01338
1341846460.282079 0.001117 -0.003449 0.01265 0.001343 0.0008661 0.01733
1341846460.318118 0.005151 -0.003203 -0.0009477 0.007683 0.003348 0.01848
1341846460.350039 0.003285 -0.0002463 0.0005743 0.01024 0.008121 0.01838
1341846460.382034 0.002672 0.0007445 0.002504 0.009519 0.007882 0.01828
1341846460.417986 0.002984 -0.001373 0.002128 0.00973 0.006882 0.01754
1341846460.450206 0.003011 0.0006137 -0.0002277 0.01025 0.007528 0.02005
1341846460.486901 0.002939 0.0008539 -0.002954 0.008319 0.008187 0.02177
1341846460.550003 0.003477 0.002734 0.009925 0.01753 0.01551 0.05616
1341846460.585983 0.002893 0.002612 -0.004923 0.01016 0.006503 0.02993
1341846460.618376 0.003115 0.005078 -0.003954 0.008193 0.009719 0.02534
1341846460.654440 -0.0006597 0.003047 0.007937 0.007714 0.00927 0.02756
1341846460.685981 0.0007423 0.002912 0.002668 0.008656 0.004231 0.0279
1341846460.719720 0.001794 0.005755 -0.004706 0.007044 0.006814 0.01775
1341846460.754596 0.0002223 0.003682 0.01258 0.009732 0.01072 0.01962
1341846460.818048 0.001846 0.004727 0.003567 0.03046 0.01395 0.0457
1341846460.854135 0.001565 0.004128 -0.002502 0.009981 0.007043 0.01056
1341846460.886066 0.002169 0.002901 0.005281 0.01015 0.003271 0.01216
1341846460.922118 0.002698 0.003716 0.004019 0.01299 -0.002126 0.01557
1341846460.953981 -0.0002842 -0.0007868 -0.004564 0.007335 -0.001563 0.005481
1341846460.986060 0.0007611 0.003497 0.001545 0.00472 0.0003213 0.001888
1341846461.022018 0.001357 0.00549 0.006341 0.008948 -0.001974 0.007083
1341846461.053987 0.0007404 0.002513 0.0009677 0.009566 -0.00248 0.006308
1341846461.086024 0.001051 -0.0001272 -0.002463 0.005263 -0.0006719 -0.003848
1341846461.122172 0.0005367 0.001519 -0.004751 0.0007389 -0.001879 -0.01261
1341846461.153999 0.001109 0.003925 0.002678 0.002299 -0.01055 -0.0112
1341846461.190395 -0.003977 -0.0004978 -0.004118 -0.0003697 -0.01197 -0.01921
1341846461.222053 -0.004635 -0.002731 -0.004657 -0.007534 -0.004202 -0.02582
1341846461.254158 -0.003005 0.002859 0.004075 -0.002943 -0.006565 -0.01196
1341846461.289936 -0.004725 -0.0005417 -0.006455 -0.005607 -0.008999 -0.005723
1341846461.322044 -0.003833 -0.00295 0.0007015 -0.008446 -0.000555 -0.008401
1341846461.354118 -0.002453 0.003024 0.003708 -0.001769 0.00264 -0.0006481
1341846461.390065 -0.00178 0.004828 0.001369 0.002255 -0.00429 0.007813
1341846461.422073 -0.001918 -0.001835 -0.003619 -0.002465 -0.005237 -0.004293
1341846461.458072 -0.0009333 -0.0003847 -0.004174 -0.005848 -0.00304 -0.01708
1341846461.490119 -0.005147 0.001224 0.006907 -0.004517 -0.006127 -0.01649
1341846461.522406 -0.002477 -0.00147 0.001326 -0.003942 -0.01259 -0.02639
1341846461.558036 0.0006844 0.0005505 -0.01758 -0.00915 -0.00865 -0.04149
1341846461.622229 -0.008527 0.003008 0.01079 -0.01469 -0.00771 -0.04896
1341846461.657948 0.0007243 0.001696 -0.01234 -0.006696 -0.004826 -0.02618
1341846461.726030 -0.006385 0.005461 -0.001319 -0.02614 -0.007795 -0.06474
1341846461.758483 -0.002588 0.000948 -0.001164 -0.01192 -0.006181 -0.03308
1341846461.789933 -0.002829 0.001658 0.0004352 -0.01102 -0.005698 -0.03423
1341846461.826110 -0.004492 0.003782 -0.00261 -0.01168 -0.007568 -0.03244
1341846461.858118 -0.003784 0.003087 -0.000391 -0.01491 -0.009716 -0.03298
1341846461.894127 -0.002421 -0.0008513 0.004151 -0.01219 -0.007798 -0.03521
1341846461.926026 -0.003665 0.002437 -0.002491 -0.008059 -0.006697 -0.03199
1341846461.958215 -0.001299 0.002415 -0.003464 -0.01051 -0.006335 -0.03199
1341846461.994132 -0.0002345 0.0009974 -0.004302 -0.01245 -0.004168 -0.03853
1341846462.026102 -0.0007458 0.0001778 0.002027 -0.01189 -0.0008615 -0.03781
1341846462.058066 0.001042 -0.001484 -0.0009606 -0.009305 0.001617 -0.03829
1341846462.094057 0.0009386 0.001947 -0.001682 -0.007341 0.00423 -0.03922
1341846462.126029 0.0009735 0.003113 -0.00174 -0.008723 0.003055 -0.03754
1341846462.162124 0.002933 0.002433 -0.001797 -0.01092 0.003313 -0.03829
1341846462.194292 -0.00074 0.0006985 0.003726 -0.009735 0.003518 -0.03313
1341846462.226092 0.002723 0.004213 -0.003871 -0.008944 0.001375 -0.03065
1341846462.262203 0.001921 0.001473 0.001681 -0.01161 0.00415 -0.034
1341846462.293934 -0.001806 8.59e-05 0.005805 -0.008809 0.003984 -0.02739
1341846462.325983 -0.0003924 2.787e-05 0.002044 -0.004652 -0.0003085 -0.02238
1341846462.362050 0.00151 0.005001 -0.004336 -0.004238 0.0005024 -0.0277
1341846462.400267 -0.002074 0.006515 -0.0002894 -0.01118 1.473e-05 -0.03389
1341846462.431940 -0.001297 0.001849 0.002471 -0.01525 -0.003047 -0.03915
1341846462.468003 0.001201 0.0002628 0.002001 -0.01341 -0.002769 -0.03767
1341846462.500020 -0.002262 0.001306 0.002686 -0.01058 -0.001798 -0.03463
1341846462.535930 -0.003327 0.006034 -0.00129 -0.008502 -0.005521 -0.03163
1341846462.567947 4.415e-05 0.005889 -0.0001247 -0.01362 -0.007551 -0.03252
1341846462.599970 -0.0001533 -0.0009276 0.003957 -0.01532 -0.005267 -0.03649
1341846462.635989 0.0008907 0.001252 0.002261 -0.01129 -0.004706 -0.03571
1341846462.668003 -8.122e-05 -0.001584 0.005621 -0.007871 -0.001086 -0.02963
1341846462.704029 -0.000179 0.0006492 0.002586 -0.002917 -0.00205 -0.02989
1341846462.735984 0.001064 6.083e-05 0.006062 -0.000496 0.0004859 -0.03467
1341846462.768046 -0.0007686 0.003272 -0.002388 0.001234 0.003332 -0.04381
1341846462.803937 -0.002844 0.003958 -0.002268 -0.00239 0.001429 -0.03513
1341846462.835950 -0.001037 0.00246 0.002029 -0.004026 -0.001297 -0.03437
1341846462.871842 -0.00158 0.005133 0.002091 -0.005235 -0.0008909 -0.03718
1341846462.904097 -0.007454 0.007576 0.003791 -0.005375 -0.002778 -0.02304
1341846462.966029 0.002861 0.01641 0.01219 -0.01602 -0.01157 -0.02869
1341846462.998172 -0.004172 0.00507 0.01096 -0.01387 0.00154 -0.02163
1341846463.029970 -0.001408 -0.000792 0.01308 -0.01085 -0.002282 -0.01446
1341846463.066067 -0.001659 0.002916 0.01276 -0.003096 -0.0005976 -0.02142
1341846463.098088 -0.002334 0.005028 0.006898 -0.0003222 0.0008676 -0.02891
1341846463.134111 -0.00487 0.004131 0.006637 -0.001528 -0.00297 -0.03434
1341846463.165917 -0.004686 0.006617 0.007763 -0.002106 -0.00525 -0.04206
1341846463.198310 -0.007413 0.004238 0.01289 -0.002968 -0.005615 -0.04199
1341846463.234037 -0.009267 0.006619 0.01891 0.003127 -0.006255 -0.0351
1341846463.265874 -0.0182 0.01247 0.00458 0.004343 -0.0006279 -0.03322
1341846463.298219 -0.02946 0.02002 0.01012 -0.001407 0.005998 -0.03457
1341846463.334210 -0.03422 0.02133 0.01499 -0.006267 0.005125 -0.02743
1341846463.365995 -0.033 0.02428 0.01374 -0.00908 0.005133 -0.02721
1341846463.402065 -0.0336 0.02169 0.01681 -0.0102 0.005431 -0.01797
1341846463.434179 -0.03383 0.02266 0.009615 -0.005339 0.00137 -0.01684
1341846463.466070 -0.03243 0.02839 0.002622 -0.004753 0.0015 -0.02072
1341846463.501955 -0.03008 0.02293 0.004714 -0.006598 0.002313 -0.01848
1341846463.534089 -0.0293 0.02269 0.0003354 -0.003131 0.0004427 -0.0234
1341846463.566060 -0.02905 0.02301 -0.002285 -0.0003272 0.001143 -0.02164
1341846463.601907 -0.02632 0.02057 -0.00947 -0.000808 0.0004603 -0.0219
1341846463.634009 -0.02412 0.01812 -0.008072 0.0002257 0.003621 -0.01692
1341846463.670261 -0.02919 0.01935 -0.01034 0.00403 0.002126 -0.02041
1341846463.702198 -0.02483 0.01884 -0.01552 0.0009908 -0.003462 -0.02274
1341846463.734494 -0.0189 0.01495 -0.01808 -0.003212 -0.0021 -0.02556
1341846463.770159 -0.0214 0.01502 -0.005755 -0.001007 0.004416 -0.02858
1341846463.804734 -0.004457 0.001198 0.003794 -0.0006372 -0.004026 -0.02439
1341846463.836811 -0.001534 0.001903 -0.0007571 -0.00137 -0.008531 -0.02025
1341846463.902572 -0.02522 0.02682 -0.008027 0.00378 -0.01202 -0.05678
1341846463.938656 -0.0002692 0.004734 -0.00179 -0.005606 -0.006879 -0.03052
1341846464.006721 -0.003156 -0.000245 0.005858 -0.004294 -0.01104 -0.05172
1341846464.070293 -0.001779 0.0007968 -0.0009197 -0.003228 -0.01945 -0.05634
1341846464.106086 0.0006143 -0.002529 0.005533 -0.0002066 -0.008562 -0.0289
1341846464.138960 -0.00559 -0.001824 -0.005005 0.001542 -0.008957 -0.02905
1341846464.170247 -0.00494 0.01196 -0.005111 -0.003141 -0.01385 -0.04137
1341846464.206089 0.0005435 0.002882 0.003787 -0.01409 -0.01168 -0.04795
1341846464.238124 -0.002834 -0.01367 0.004365 -0.01104 -0.01005 -0.03055
1341846464.270037 -0.00379 -0.006141 4.744e-06 -0.001645 -0.01509 -0.02781
1341846464.306089 -0.001868 0.01441 -0.01275 0.0005829 -0.01555 -0.03297
1341846464.337963 0.003169 0.02989 -0.004461 -0.01166 -0.005522 -0.04106
1341846464.374148 0.0001265 -0.001163 0.004556 -0.02686 0.005386 -0.03401
1341846464.406125 -0.001159 -0.0163 -0.0001126 -0.02604 -0.003288 -0.01642
1341846464.438109 -0.0001269 -0.01024 0.005065 -0.02244 -0.01201 -0.01515
1341846464.474154 0.002592 -0.0119 0.01154 -0.01255 -0.01312 -0.01646
1341846464.506083 -0.003296 -0.001569 0.0006533 -0.002828 -0.01251 -0.01641
1341846464.538050 -0.004813 -0.003755 0.009968 -0.0004241 -0.01268 -0.009165
1341846464.573969 -0.003101 -0.0003083 -0.001637 0.003965 -0.01786 -0.00964
1341846464.606003 0.003734 0.003707 -0.0006546 0.002803 -0.01654 -0.01404
1341846464.642006 -0.0007912 -0.00412 0.005881 0.001997 -0.01257 -0.00921
1341846464.674030 -0.003897 -0.003505 -0.004917 0.00559 -0.01632 -0.004816
1341846464.706178 0.004845 0.002522 0.01129 0.006078 -0.01892 -0.01125
1341846464.741977 -0.00274 0.0005661 0.001386 0.01042 -0.01331 -0.0113
1341846464.774027 -0.006193 0.005992 -0.01083 0.005711 -0.006194 -0.01001
1341846464.806072 0.000456 -0.008088 0.008729 0.001346 -0.007604 0.0008843
1341846464.842191 -0.0007418 0.004375 0.0009016 0.01055 -0.00986 -0.00687
1341846464.873987 -0.002143 0.0009304 -0.003297 0.003606 -0.0005554 -0.002547
1341846464.910024 0.004322 -0.01413 0.01535 0.002697 -0.006308 0.006785
1341846464.941952 -0.001807 -0.002525 -0.001444 0.01471 -0.01244 -0.005131
1341846464.974022 -0.0005255 0.004098 0.003236 0.01206 -0.008798 -0.0128
1341846465.010148 -0.001056 -0.001196 0.001923 0.01035 -0.003357 -0.01325
1341846465.042073 -0.001344 -0.003597 0.0003074 0.007852 -0.003606 -0.009456
1341846465.078033 -0.001672 -0.002414 0.001315 0.008689 -0.002987 -0.005201
1341846465.110007 -0.0003395 0.00176 0.0004502 0.01259 0.001242 -0.0003653
1341846465.142010 -0.001601 -0.003549 -0.005043 0.004725 0.003094 0.002391
1341846465.177973 0.0009158 -0.005601 0.00627 0.005046 0.0008212 0.004418
1341846465.210092 -0.0003173 -0.002456 0.001034 0.01095 0.00101 0.007192
1341846465.241909 -0.001905 -0.001033 -0.003611 0.008169 9.877e-05 0.006598
1341846465.278006 -0.0001227 0.001319 5.124e-05 0.005996 -0.0001226 0.005021
1341846465.310248 -0.0001516 0.001786 -0.001116 0.003496 0.002723 0.006532
1341846465.346076 -0.0004996 -0.003308 0.002145 0.001668 0.004355 0.01544
1341846465.377895 -0.001486 -0.0003035 -0.002817 0.003812 0.002891 0.01982
1341846465.409986 -0.0008592 -0.002738 9.51e-05 0.001327 0.001061 0.02667
1341846465.446399 0.0004555 0.001693 -9.689e-05 0.004059 -0.0006899 0.02578
1341846465.478000 -0.0007149 0.005302 -0.007541 -0.000664 0.002893 0.02098
1341846465.510268 0.0002561 -0.001671 0.004323 -0.007283 0.003613 0.0251
1341846465.545952 0.0007151 -0.002438 0.00662 -0.002382 0.002632 0.02601
1341846465.578109 0.001905 0.001257 0.003744 0.001548 0.003146 0.02423
1341846465.614033 0.0005504 0.001677 -0.0007873 0.001489 0.007122 0.02564
1341846465.646071 0.001848 -0.005168 0.008213 0.001214 0.005048 0.02393
1341846465.678057 -0.0001832 0.003241 -0.001573 0.008799 0.006632 0.01542
1341846465.713982 -0.003615 0.002229 -0.01107 0.0004799 0.005836 0.01823
1341846465.745991 0.001698 -8.249e-05 0.006069 -0.002021 0.004801 0.01905
1341846465.778260 -0.003276 -0.001045 -0.0002923 0.002121 0.009025 0.02319
1341846465.814116 -0.006199 0.004171 -0.01219 0.002588 0.006578 0.02592
1341846465.845994 -0.00223 0.004982 -0.0004583 -0.003158 0.007142 0.02532
1341846465.882074 -0.004942 -0.002684 0.004572 0.0009095 0.01071 0.02761
1341846465.913915 -0.008813 0.00177 -0.009059 0.007275 0.01078 0.03272
1341846465.946253 -0.006733 -0.00128 -0.004313 0.007 0.007003 0.03998
1341846465.982097 -0.005496 0.002228 0.001137 0.01577 0.007803 0.03301
1341846466.014088 -0.01133 0.007734 -0.01942 0.01407 0.007668 0.02391
1341846466.046055 -0.007477 0.01273 -0.01293 0.004866 0.004693 0.02019
1341846466.082006 -0.004656 0.00733 -0.003043 0.0007701 0.007208 0.02168
1341846466.114092 -0.008683 0.007118 -0.009334 0.004066 0.00671 0.02054
1341846466.149988 -0.008708 0.01092 -0.01093 0.002791 0.002158 0.02081
1341846466.182235 -0.00278 0.006211 0.004101 0.0004547 0.005299 0.02288
1341846466.227775 -0.01448 0.005238 -0.005353 0.01111 0.01298 0.02578
1341846466.282054 -0.02752 0.02076 -0.02989 0.0213 0.004423 0.0758
1341846466.318013 -0.011 0.01088 -0.005024 0.002284 0.01106 0.03091
1341846466.350104 -0.0108 0.0011 -0.01143 -0.001055 0.005098 0.03081
1341846466.418103 -0.01404 0.01464 -0.01391 -0.003998 0.003522 0.03145
1341846466.450241 -0.008872 0.005055 -0.01038 -0.01816 0.006396 0.00233
1341846466.482241 -0.004877 9.552e-05 -0.002708 -0.01854 0.003887 0.01278
1341846466.518064 -0.006469 -0.002888 0.003789 -0.007668 0.002261 0.02013
1341846466.550013 -0.005435 1.229e-05 -0.003683 0.001835 -0.0008265 0.02523
1341846466.586129 -0.002112 0.005684 -0.007737 0.001966 -0.001245 0.02912
1341846466.617891 0.001677 0.003832 -0.001284 -0.0005309 0.001726 0.03269
1341846466.650067 -0.003046 -0.00365 -0.001863 0.002328 0.006688 0.03197
1341846466.686119 -0.003884 -0.002615 -0.007433 0.007971 -0.001655 0.02727
1341846466.718096 0.006583 0.01228 -0.002111 0.00736 -0.004191 0.01899
1341846466.750165 0.001838 0.0008042 -0.0019 0.0007155 0.003579 0.01758
1341846466.786075 -0.002371 -0.002259 -0.003528 0.003477 -0.003157 0.0242
1341846466.817996 0.004964 0.00231 0.001414 0.004788 -0.007343 0.02303
1341846466.854152 0.007535 0.001071 0.002733 0.002926 0.0004735 0.01247
1341846466.886138 -0.001051 -0.006182 0.0008859 0.003999 0.002672 0.01545
1341846466.918000 0.004854 -0.002637 0.0003535 0.01235 -0.007486 0.02856
1341846466.954116 0.007867 0.0006078 0.003513 0.01285 0.0003977 0.02688
1341846466.986117 -0.0001437 -0.0006297 -9.74e-05 0.01337 0.002665 0.02432
1341846467.018002 0.002926 0.001732 -0.002514 0.01368 -0.007734 0.03308
1341846467.054121 0.009972 0.005599 0.002207 0.009947 -0.004994 0.02755
1341846467.086519 0.005347 0.004328 0.0009252 0.002283 0.00582 0.0237
1341846467.122117 -0.001559 -0.001376 0.002165 0.00196 0.003464 0.02971
1341846467.154292 0.007249 0.006838 -1.604e-05 -0.003573 -0.004264 0.02373
1341846467.221944 0.009994 -0.01249 0.02 -0.02531 0.01443 0.03294
1341846467.254128 0.002501 -0.005206 0.01111 0.006262 0.003479 0.02436
1341846467.290073 0.008515 0.005491 0.004431 0.009982 0.003837 0.026
1341846467.322189 0.007183 -0.001807 0.007503 0.004964 0.009455 0.0182
1341846467.354092 -0.0001771 0.002593 0.004319 0.005552 0.01404 0.01693
1341846467.390082 -0.001328 0.001827 0.004374 0.001339 0.01177 0.02112
1341846467.422206 -0.0002873 -0.0006589 0.004681 -0.00272 0.01247 0.01415
1341846467.454073 -0.004267 0.002216 0.002375 -0.007428 0.01533 0.01061
1341846467.490150 -0.009695 0.0009705 0.01037 -0.0157 0.01811 0.006241
1341846467.522115 -0.01433 0.0003656 0.01454 -0.01659 0.01531 0.005408
1341846467.558053 -0.01154 0.002888 0.01413 -0.01642 0.01224 0.004587
1341846467.589949 -0.01331 0.004738 0.01647 -0.01817 0.01529 -0.002246
1341846467.622077 -0.01628 0.005398 0.01671 -0.0214 0.01753 -0.006881
1341846467.658139 -0.01937 0.005027 0.01858 -0.02429 0.01451 -0.01151
1341846467.690047 -0.0137 0.005832 0.03074 -0.02531 0.01612 -0.01726
1341846467.721985 -0.02255 -0.0008544 0.03719 -0.01983 0.02331 -0.01617
1341846467.758049 -0.02324 0.0009815 0.03026 -0.00754 0.02002 -0.01076
1341846467.789943 -0.02153 -0.00416 0.02544 -0.0006416 0.0147 -0.003957
1341846467.826009 -0.01609 0.001142 0.01132 0.01051 0.01613 -0.001322
1341846467.858121 -0.02246 0.01064 0.00515 0.006875 0.02014 -0.007876
1341846467.890215 -0.02052 0.00441 0.01615 -0.001404 0.01445 -0.005404
1341846467.926038 -0.01723 -0.0007897 0.01455 0.0004572 0.007905 0.001895
1341846467.957994 -0.01108 0.004007 0.009552 0.00324 0.00467 0.002765
1341846467.990124 -0.01384 0.0006859 0.01484 0.002727 0.007735 -0.0003914
1341846468.026228 -0.0162 -0.005577 0.01334 0.01118 0.005077 -0.001857
1341846468.058002 -0.0139 0.006177 0.002962 0.01526 0.0003573 0.00406
1341846468.094305 -0.009806 0.004919 0.01333 0.01221 -0.002444 -0.001476
1341846468.126042 -0.0122 -0.0005587 0.01006 0.01502 0.003004 -0.009575
1341846468.158486 -0.01811 -0.007964 -0.000255 0.01662 6.374e-05 -0.003145
1341846468.194517 -0.01356 -0.001107 0.008752 0.02264 -0.01028 0.007548
1341846468.226561 -0.009927 -0.0002818 0.008565 0.02737 -0.01096 0.007035
1341846468.258171 -0.007998 0.007806 0.003474 0.0231 -0.00928 0.007012
1341846468.309995 -0.01665 -0.001178 0.00619 0.01429 -0.009327 0.004975
1341846468.335863 -0.01193 0.000786 0.001146 0.01607 -0.0169 0.008036
1341846468.400413 -0.01724 0.004895 0.00577 0.01574 -0.01207 -0.01112
1341846468.462095 -0.02367 0.0008326 0.003534 0.01343 -0.01108 -0.002161
1341846468.494284 -0.00863 0.005427 -0.006583 0.005624 -0.002434 -0.004295
1341846468.529997 -0.01291 0.001676 -0.0007864 -0.001628 0.0003929 -0.007831
1341846468.562003 -0.01529 -0.003625 0.0003731 0.0008095 -0.00259 0.0008757
1341846468.594314 -0.009501 0.003157 -0.006823 0.00295 -0.00458 0.002739
1341846468.630018 -0.008316 0.003642 -0.006277 -0.001389 -0.0003081 -0.003983
1341846468.662064 -0.01371 -0.002475 -6.664e-05 -0.002842 0.001358 -0.001778
1341846468.694446 -0.0134 0.003476 -0.01052 0.002438 -0.003977 0.005043
1341846468.730126 -0.006094 0.01236 -0.0106 -0.004013 -0.003252 0.001333
1341846468.762147 -0.008882 -0.001454 -0.004078 -0.008856 0.003371 -0.008658
1341846468.797962 -0.01234 0.001162 -0.003725 -0.00269 0.001574 -0.0008973
1341846468.830113 -0.01041 0.002751 -0.006187 0.0002149 -0.004012 0.006526
1341846468.862077 -0.004309 0.008242 -0.009375 -0.002645 -0.001245 -0.002452
1341846468.897982 -0.009892 -0.0003984 -0.004651 -0.008519 0.002652 -0.007328
1341846468.930161 -0.01208 -4.468e-05 -0.001904 -0.003876 -0.001794 -0.001474
1341846468.962214 -0.003655 0.001021 -0.004974 -0.0009338 -0.005419 0.001529
1341846468.998002 -0.001746 0.003699 -0.006294 -0.003158 0.0009316 -0.007317
1341846469.030028 -0.009525 0.002774 -0.004965 -0.007037 0.004348 -0.00695
1341846469.066173 -0.006339 -0.004958 -9.903e-05 -0.006661 -0.0007547 0.001221
1341846469.098358 -0.0007443 -0.002027 -0.002213 0.001612 0.001095 -0.002845
1341846469.131076 -0.008931 0.00418 -0.004068 0.001927 0.003938 -0.001341
1341846469.166463 -0.007473 0.00341 -0.002642 -0.002547 -0.001004 0.002207
1341846469.198284 -0.0008842 -0.001087 -0.0008525 -0.004174 -0.002001 -0.002289
1341846469.242554 -0.003456 0.001628 -0.001297 -0.003203 0.001021 -0.00353
1341846469.272447 -0.005663 -0.004267 0.001823 -0.003041 0.0003554 -0.0001157
1341846469.339987 -0.005431 0.00469 -0.002461 0.001179 -0.003974 4.996e-05
1341846469.398298 -0.004898 -0.003341 0.00361 0.001812 -0.004006 -0.0006426
1341846469.434042 -0.002091 0.001198 0.0009721 0.002319 -0.005377 0.003527
1341846469.466076 0.004383 -0.00198 0.002837 0.0006071 -0.003952 -0.0008954
1341846469.502529 -0.00155 -0.00259 0.003236 0.003216 0.0005593 -0.001742
1341846469.534729 -0.003789 0.001242 0.001049 0.005704 -0.002586 0.003535
1341846469.566597 0.003398 0.002091 -0.0002545 0.003859 -0.005133 0.002926
1341846469.602391 0.002738 0.0006911 0.001294 0.001813 -0.0006078 -0.002526
1341846469.634717 -0.003426 0.001495 0.002812 0.002949 -0.0003166 5.354e-05
1341846469.667242 0.000655 0.001649 0.00135 0.002559 -0.00501 0.004274
1341846469.702595 0.004841 2.258e-05 0.0006901 0.00152 -0.002221 -0.001026
1341846469.734373 -0.003139 0.003623 0.002661 0.001145 -0.0005211 -0.001363
1341846469.771003 0.0013 0.001019 0.002329 -0.001662 -0.004735 0.001691
1341846469.803099 0.00324 -0.001928 0.002557 -0.0009505 -0.002752 -0.0005477
1341846469.834283 -0.0002568 0.001247 0.002166 0.001084 -0.001414 -0.0008189
1341846469.871263 -0.001365 0.001001 0.002457 8.088e-05 -0.003631 0.002392
1341846469.902171 0.004043 -0.0007043 0.000739 -0.001214 -0.004329 -9.5e-05
1341846469.934183 0.001694 0.000542 0.001181 -0.001865 -0.0002208 -0.003374
1341846469.969991 -0.004016 0.001536 0.003507 -0.003875 -0.001017 0.0006553
1341846470.002102 0.0005174 -0.00244 0.002811 -0.00453 -0.004753 0.000889
1341846470.038184 0.002007 -0.000708 0.001085 -0.002521 -0.001082 -0.005227
1341846470.070096 -0.006119 0.001371 0.002106 -0.001913 -0.0001775 -0.004265
1341846470.107943 -0.002162 0.00774 -0.001163 -0.003845 -0.004369 -0.003596
1341846470.170125 -0.001817 -0.001977 0.005703 -0.01873 -0.002788 -0.01348
1341846470.202144 -0.003235 0.002475 0.001407 -0.003377 -0.003673 -0.0001961
1341846470.238185 0.002804 0.003451 1.447e-05 -0.00559 -0.003964 -0.002642
1341846470.269875 0.00152 -0.0003184 0.002046 -0.007359 0.001527 -0.007096
1341846470.306072 -0.005802 0.002375 0.002144 -0.00444 0.001584 -0.002662
1341846470.337953 -8.484e-05 0.0009712 0.0006277 -0.004686 -0.003131 0.001499
1341846470.370014 0.004813 0.0001657 -0.0003268 -0.00453 -0.0001809 -0.003403
1341846470.405987 -0.002795 0.001738 0.0003577 -0.003995 0.003917 -0.004331
1341846470.438051 -0.003107 0.0004503 0.0008255 -0.003464 0.0001244 0.002108
1341846470.470041 0.005519 -0.0002119 -0.0005107 -0.002151 -0.0005178 -0.001257
1341846470.506110 -0.002617 0.003928 -0.0002243 -0.002141 0.004539 -0.002826
1341846470.538167 -0.003149 -0.0001781 0.00171 -0.003349 0.00086 0.0009278
1341846470.573973 0.002828 -0.0008162 0.0001868 -0.0008166 -2.473e-05 3.674e-06
1341846470.606133 -0.002382 0.001091 -3.899e-05 -0.0007189 0.002994 -0.002974
