1341846313.654184 -0.01076 -0.001065 0.004402 0.0009498 0.007465 -0.01028
1341846313.686156 -0.00905 -0.002071 -0.003208 -0.002658 0.005433 0.0003025
1341846313.721918 -0.004412 -0.002513 0.0009737 -0.000439 0.001872 -0.000843
1341846313.753994 -0.005687 -0.0005657 -0.004418 0.0008033 0.00139 -0.002744
1341846313.789969 -0.003934 -0.001367 -0.003928 -0.002546 0.0009014 0.003085
1341846313.822075 -0.0001776 -0.002895 -0.0001046 -0.0007327 -0.003309 0.003203
1341846313.853928 -0.0009789 0.0004494 -0.006081 0.001451 -0.005472 0.001654
1341846313.890011 0.004903 0.0005689 -7.493e-05 0.000555 -0.005826 0.0007984
1341846313.922055 0.004328 -0.0003262 -0.004154 0.004375 -0.002591 -0.000315
1341846313.957927 0.007207 0.0003167 -0.01047 0.00389 -0.01322 -0.001604
1341846313.990058 0.01162 -0.0001952 -0.002044 0.002263 -0.01621 -0.0004135
1341846314.022042 0.01132 -0.002467 -0.003664 0.003887 -0.006829 0.0001557
1341846314.057816 0.005073 -0.002879 -0.01324 0.005439 -0.007901 -0.001861
1341846314.089801 0.008549 -0.0006467 -0.008551 -0.002608 -0.01375 0.001264
1341846314.122037 0.01755 -0.005024 0.005896 0.001054 -0.01327 -0.00219
1341846314.157989 0.002566 0.0003342 -0.01102 0.004235 -0.00799 -0.002035
1341846314.190094 0.01061 -0.002783 0.0008586 -0.001453 -0.01173 -0.0007296
1341846314.225969 0.01112 -0.007102 0.003367 0.002964 -0.008263 -0.003053
1341846314.257923 0.0003658 -0.001048 -0.008553 0.002845 -0.004906 -0.0009545
1341846314.290052 0.006411 -0.006323 0.001987 -0.00504 -0.005271 0.004161
1341846314.325981 0.007042 -0.00788 0.005042 -0.0003793 -0.005299 0.0042
1341846314.357905 -0.0004007 -0.002531 -0.006877 0.0001449 -0.006731 0.001084
1341846314.389899 0.002793 -0.002661 6.42e-05 -0.004382 -0.00659 0.00157
1341846314.427905 0.004468 -0.005556 0.006249 -0.00125 -0.00571 0.003137
1341846314.493987 -0.005368 0.001293 -0.007125 -0.004179 -0.01935 0.01509
1341846314.526085 0.006511 -0.002673 0.01095 -0.001099 -0.006914 0.004252
1341846314.558292 -0.001316 0.000974 -0.0009627 0.002809 -0.006247 -0.002787
1341846314.594085 -0.001732 0.002069 0.0007043 -0.002856 -0.009394 -0.001452
1341846314.626096 0.01117 -0.003555 0.01591 -0.001437 -0.01148 -0.001615
1341846314.658455 -0.001379 -0.0008613 0.003181 0.003889 -0.004414 0.0009416
1341846314.694004 -0.006811 0.003089 -0.004648 -0.0008923 -0.006591 -0.000613
1341846314.725910 0.002738 0.002606 0.006414 -0.007731 -0.00655 -0.01032
1341846314.761942 -0.0008382 -0.002506 0.007617 -0.007387 -0.0008968 -0.009636
1341846314.794030 -0.007083 -0.0001243 0.002981 -0.005518 -0.003423 -0.004728
1341846314.826092 0.002446 -0.00127 0.01275 -0.004351 -0.01009 -0.001482
1341846314.862145 -0.0002476 -0.0009714 0.008629 -0.0002016 -0.008356 -0.001917
1341846314.894072 -0.002569 0.001372 0.003669 0.001033 -0.008139 -0.00415
1341846314.925969 0.003616 0.0002981 0.0107 0.0003697 -0.007301 -0.006074
1341846314.961937 0.002746 -0.004772 0.01031 0.005333 -0.003023 -0.006609
1341846314.994564 -0.007564 0.0001344 -0.00397 0.006577 -0.0006591 0.000288
1341846315.029900 -0.005091 0.001905 0.002626 -7.898e-05 -0.007254 0.004392
1341846315.061965 0.007008 -0.001354 0.01086 0.0004578 -0.007186 -0.004438
1341846315.094388 -0.004987 -0.000799 -0.002444 -8.906e-05 0.002744 -0.00334
1341846315.129851 -0.003745 -0.005969 0.001324 -0.005817 -0.0007854 0.001809
1341846315.161941 0.006598 -0.0162 0.01221 0.00141 -0.003289 -0.002583
1341846315.197984 -0.003925 -0.004907 -0.00496 0.01133 0.004306 0.006031
1341846315.230076 -0.003399 -0.001507 -0.00146 0.005412 0.001478 0.007338
1341846315.262069 0.002491 -0.0003867 0.005552 0.006172 0.003557 -0.002842
1341846315.298000 -0.009592 0.002643 -0.01034 0.004876 0.009412 -0.005883
1341846315.329931 -0.0076 0.0002544 -0.009339 -0.007167 0.003784 -0.004055
1341846315.361981 0.002311 -0.005001 0.004302 -0.01058 -0.0003111 -0.004412
1341846315.397962 -0.001327 -0.006716 -0.001853 -0.006583 -0.001033 -0.007149
1341846315.429923 -0.0006824 -0.004735 -0.001841 -0.006255 -0.004436 -0.002287
1341846315.466047 0.003179 -0.005638 0.005126 -0.003046 -0.01001 -0.002145
1341846315.497883 0.004034 -0.001828 0.000225 0.001739 -0.007611 -0.007449
1341846315.530008 0.001076 -0.0007451 -0.003922 -0.0001413 -0.003444 -0.001085
1341846315.566108 0.005164 -0.004447 -0.0008441 0.0003573 -0.005001 -0.0004474
1341846315.597986 0.006212 -0.004989 -0.003764 -0.001828 -0.004786 0.002084
1341846315.630109 0.007829 -0.003409 -0.0004975 -0.00156 -0.004875 0.00365
1341846315.666042 0.01164 -0.007432 0.00433 -0.0005029 -0.007254 0.004933
1341846315.698114 0.01053 -0.008277 0.001078 0.007254 -0.01076 0.006197
1341846315.733985 0.01336 -0.0008076 -0.002521 0.002977 -0.008619 0.0004843
1341846315.766041 0.01076 -0.002256 0.007977 -0.0009622 0.00191 -0.0004189
1341846315.798188 0.0006673 -0.00203 -0.004603 0.001597 0.0009093 0.001725
1341846315.834140 0.01012 -0.0001987 -0.006391 -0.003094 -0.00663 0.003008
1341846315.866751 0.01391 -0.002335 0.002414 -0.005885 -0.006229 0.002666
1341846315.898492 0.0104 -0.001152 0.0002736 -0.003045 -0.00333 0.001485
1341846315.936901 0.01108 0.003042 -0.003691 -0.005093 -0.0052 0.001844
1341846315.966572 0.01204 -0.0008191 0.001607 -0.007472 -0.004685 0.001698
1341846316.034204 0.01109 -0.001336 0.004401 -0.008099 -0.00032 0.00157
1341846316.066113 0.01045 -0.00255 -0.003598 -0.005455 -0.001021 -0.001577
1341846316.101867 0.01001 -0.006467 0.002657 -0.004022 0.001502 -0.002773
1341846316.134066 0.006694 -0.002728 -0.003675 0.001119 0.006006 0.003364
1341846316.202049 0.01399 0.002329 -0.01333 -0.00101 0.009724 0.006372
1341846316.233979 0.001382 -0.001542 -0.003107 -0.001257 0.003499 0.002071
1341846316.270052 0.004001 0.0009435 -0.005999 0.002478 -0.001627 0.004745
1341846316.301915 0.007724 0.003117 -0.00955 -0.00108 -0.002388 0.002355
1341846316.334208 0.00721 -0.00218 -0.006858 -0.003677 0.001553 -0.004459
1341846316.370006 0.002018 0.0002642 -0.008916 -0.003671 0.003777 -0.003665
1341846316.401994 0.001575 -0.002928 -0.004916 -0.003887 0.002688 -0.005679
1341846316.438069 0.002685 0.00307 -0.01286 -0.003253 0.001866 -0.006347
1341846316.470076 0.002512 0.001832 -0.01224 -0.008089 0.002424 -0.007685
1341846316.502034 -0.00596 -0.008303 -0.002777 -0.004941 0.008477 -0.005696
1341846316.537975 -0.007804 0.0009657 -0.009662 0.005447 0.008958 0.001734
1341846316.570121 -0.00296 0.00731 -0.01718 0.001426 0.002579 0.003779
1341846316.601885 -0.001336 -0.0006084 -0.01266 -0.004997 0.002861 0.001554
1341846316.638009 -0.00178 -9.462e-05 -0.013 -0.00482 0.004575 -0.003911
1341846316.669925 -0.003683 0.001386 -0.01399 -0.00453 0.00385 -0.001361
1341846316.705941 0.00171 0.001649 -0.01306 -0.008191 0.0009762 -0.0008498
1341846316.738062 0.0007887 -0.005505 -0.005433 -0.005125 0.002722 -0.006394
1341846316.770433 6.46e-05 -0.0007763 -0.009521 0.002402 0.003144 -0.000817
1341846316.805932 0.002506 0.004778 -0.01593 -0.0006427 0.0009195 0.002618
1341846316.838029 0.0008755 -0.004599 -0.009217 -0.00359 0.004929 -0.002059
1341846316.870034 0.002187 0.001024 -0.01362 -0.0002756 0.00813 -0.002564
1341846316.906344 -0.0009253 0.001372 -0.004773 -0.00147 0.008438 0.001723
1341846316.937940 0.004655 -0.0005463 -0.001309 8.589e-05 0.003054 0.006182
1341846316.973994 0.01378 -0.0005217 -0.004343 0.001392 0.002112 0.002666
1341846317.005913 0.01188 0.001752 -0.003821 0.002874 0.004605 -0.0007895
1341846317.037936 0.01272 0.003938 -0.005227 -5.119e-05 0.003781 0.002197
1341846317.073972 0.0107 0.000799 -0.001112 -0.002085 0.002833 -0.0003655
1341846317.106113 0.01743 0.003299 -0.005412 -0.003668 0.001192 -0.006693
1341846317.137887 0.01255 -0.0002945 0.00487 -0.005398 0.01188 -0.007067
1341846317.173970 0.003827 -0.0008586 0.01233 -0.001227 0.01421 -0.004191
1341846317.205887 0.004077 0.003902 0.004619 0.001466 0.006351 -0.001519
1341846317.248131 0.01402 0.001977 0.001226 -0.001597 0.003756 -0.002235
1341846317.306289 0.01202 0.001758 0.01834 -0.001411 0.01266 -0.007898
1341846317.348137 0.007812 0.004758 0.004411 -0.001177 -0.002719 -0.0004946
1341846317.410120 0.02283 -0.005028 0.007274 -0.003568 -0.001081 -0.01026
1341846317.442569 0.009037 0.009628 0.001214 -0.003189 -0.00112 -0.002615
1341846317.474010 0.008911 -0.003042 0.005596 -0.01166 -0.0004194 -0.00696
1341846317.509927 0.005882 -0.009315 0.009366 -0.007098 0.004558 -0.01005
1341846317.542282 0.001232 -0.0002419 0.007188 0.002365 0.006462 -0.002527
1341846317.573943 0.00427 0.006 0.00118 0.001151 -0.001745 0.003938
1341846317.610159 0.009934 0.0003142 -0.002225 -0.005648 -0.004193 -0.001196
1341846317.643553 0.005684 -0.008104 0.005197 -0.006534 0.001841 -0.008086
1341846317.677993 0.006437 0.002143 -0.002501 -0.0001041 0.006297 -0.00424
1341846317.709996 -0.002438 0.000456 0.004871 -0.004847 0.007136 -7.534e-05
1341846317.741834 -0.004126 -0.007158 0.007248 -0.001134 0.004206 -0.002183
1341846317.777923 0.0006802 -0.0007122 -0.003898 0.003394 0.003638 0.0004123
1341846317.810021 -0.002522 -0.0006724 -0.003571 0.0001904 0.005842 0.002002
1341846317.841886 -0.008703 -0.005664 0.004137 0.0001685 0.005742 0.0009136
1341846317.878017 -0.006132 0.0001014 -0.00283 0.004666 0.00348 0.005729
1341846317.909910 -0.006155 0.002023 -0.005796 0.001296 0.0003815 0.005556
1341846317.946031 -0.00345 -0.00407 -0.009918 -0.004075 0.000519 -0.00482
1341846317.978041 -0.009781 0.0005765 -0.007055 -0.004036 0.006721 -0.002537
1341846318.009897 -0.0128 -0.0006509 0.002372 -0.004722 0.003663 0.002229
1341846318.045949 -0.007368 -0.005148 -0.00102 -0.001717 0.001446 -0.00123
1341846318.078074 -0.01165 -0.001551 -0.008083 0.001032 0.007396 0.001465
1341846318.109894 -0.02359 -0.0009866 0.003323 0.0003507 0.01569 0.001565
1341846318.145957 -0.0165 0.0004398 0.001337 0.001661 0.009028 0.003651
1341846318.178001 3.82e-05 -7.869e-05 -0.007548 0.0009419 0.0007552 0.005021
1341846318.214074 0.0008117 -0.002132 -0.01144 -0.002606 0.005702 0.0001601
1341846318.245970 -0.004771 0.001216 -0.00864 -0.005434 0.01368 -0.002632
1341846318.278018 -0.008086 -0.003931 0.0009759 -0.008249 0.01335 -0.001152
1341846318.313937 -0.008043 -0.003806 0.001636 -0.003852 0.01637 -0.0009717
1341846318.345989 -0.00205 0.0009528 -0.007388 -0.002056 0.01954 0.001304
1341846318.382046 -0.001943 -0.002044 -0.00162 -0.003877 0.01571 0.000498
1341846318.414072 4.033e-05 -0.0008053 -0.001878 -0.002989 0.01519 -0.002884
1341846318.446035 0.0003495 0.0005561 -0.004268 -0.003588 0.01315 -0.0009772
1341846318.482196 -0.001238 -0.003421 0.003557 -0.003118 0.005696 -0.0006451
1341846318.514144 0.003619 -0.0003 -0.004261 -0.0001718 0.003247 -0.002204
1341846318.546259 0.003722 0.0006359 -0.006197 -0.003077 0.003197 0.001426
1341846318.582042 0.003932 -0.003633 0.004462 -0.00312 0.0003807 -0.0005968
1341846318.614115 0.007945 0.0008443 -0.0007093 0.001316 0.001098 0.0003639
1341846318.650038 0.008697 0.001397 0.001457 0.001315 0.001512 0.006037
1341846318.682350 0.01169 0.0006805 0.002798 0.001385 0.0005816 0.003498
1341846318.714063 0.01402 0.001497 0.00149 0.001217 0.001073 0.001005
1341846318.749905 0.0156 0.002919 -0.0021 -0.001439 -0.001251 -0.001459
1341846318.782036 0.01838 -0.0008055 0.007321 -0.003486 -0.0004862 -0.003452
1341846318.814121 0.02214 -0.00111 -0.0004078 0.0003613 0.007801 0.002899
1341846318.850072 0.02025 0.0008368 -0.006693 -0.0003536 0.01066 0.00524
1341846318.883516 0.02312 0.0005945 -0.01034 -0.005648 0.01351 0.003994
1341846318.918047 0.01318 -0.002397 0.004992 -0.005155 0.02357 -0.001994
1341846318.950044 0.01064 0.0007179 -0.006545 -0.003234 0.01981 0.004706
1341846318.982028 0.01168 0.0005894 0.006499 -0.002265 0.00804 0.004238
1341846319.018123 0.02287 -0.0006501 -0.005428 0.001377 0.008437 -0.0004693
1341846319.050745 0.02109 -0.001096 -0.0276 -0.003883 0.01023 0.005431
1341846319.081905 0.0236 -0.002558 0.003745 -0.009997 -0.002824 0.006035
1341846319.117976 0.0288 -0.000771 0.005172 -0.004738 -0.004902 -0.01137
1341846319.150093 0.02509 -0.0007775 -0.008587 -0.005073 0.00553 -0.01287
1341846319.186069 0.02504 -0.002587 0.006268 -0.002879 -0.001163 -0.003669
1341846319.218149 0.0331 -0.00451 0.003646 0.006359 -0.01496 0.00276
1341846319.250034 0.03018 -0.0001948 -0.01671 0.01185 -0.01461 0.001891
1341846319.286594 0.02633 -0.00132 -0.02262 0.002261 -0.00818 -0.004335
1341846319.318034 0.02562 -0.001349 -0.01011 -0.001961 -0.004138 -0.005678
1341846319.350268 0.02846 -5.465e-05 -0.01247 -0.00223 -0.00415 -0.01106
1341846319.386163 0.03436 -0.001475 -0.009665 -0.004838 0.004041 -0.01245
1341846319.418386 0.03168 -0.003194 -0.01062 -0.002106 0.006444 -0.003536
1341846319.453961 0.02791 -0.004679 -0.009914 -0.0006497 0.0003607 0.008204
1341846319.486271 0.03623 -0.00297 -0.008361 0.002082 -0.003316 0.003569
1341846319.554083 0.04889 -0.02071 -0.07334 0.007995 0.009334 0.002553
1341846319.586296 0.02386 -0.0007686 -0.007985 5.635e-05 -0.002686 0.008847
1341846319.622031 0.03017 2.964e-05 0.001363 0.004482 0.003317 0.005053
1341846319.653962 0.01669 -0.00098 -0.01989 0.001154 0.008365 0.003072
1341846319.686352 0.01535 -0.001522 -0.0065 -0.003737 0.005965 -0.002402
1341846319.721992 0.006027 -0.001786 0.01254 -0.001136 0.0083 -0.003145
1341846319.754063 0.0005412 -0.00894 0.0005442 0.005968 0.004678 -0.002563
1341846319.786397 0.004498 0.003526 -0.004892 0.008489 -0.001162 -0.008749
1341846319.822008 0.007079 -0.001242 0.001216 0.005816 0.0004175 -0.009296
1341846319.853917 0.00167 -0.001407 -0.003538 0.008965 0.001144 -0.009286
1341846319.889942 0.007212 0.00867 -0.002549 0.00577 -0.0001567 -0.008234
1341846319.922039 0.0133 0.001463 0.00123 0.0005378 0.007094 -0.001012
1341846319.953946 -0.00822 0.0006091 -0.01069 -0.0003161 0.0141 0.006511
1341846319.990054 -0.0005338 -0.001315 -0.0006571 -0.003572 0.006932 0.01325
1341846320.028122 0.007339 0.001963 -0.0007141 -0.002916 0.007068 0.003212
1341846320.090047 -0.02178 -0.009188 -0.001887 -0.01137 0.01738 -0.003417
1341846320.122011 -0.007666 -0.002548 -0.000731 -0.002296 -0.004466 -0.00175
1341846320.157952 -0.008697 0.002103 -0.002319 -0.0006049 -0.004987 -0.0001417
1341846320.190003 -0.01219 0.007906 -0.004203 -0.00429 -0.005673 0.00424
1341846320.221941 -0.002955 0.003634 0.007648 -0.007953 -0.006769 9.462e-05
1341846320.258015 -0.007366 0.008223 0.006017 -0.007645 -0.001688 -0.003582
1341846320.289887 -0.009434 0.01172 0.003938 -0.009774 0.002802 0.0008633
1341846320.321954 -0.01349 0.005087 0.01163 -0.01569 0.003978 0.002316
1341846320.357890 -0.01346 -0.00101 0.02718 -0.0114 -0.0008666 -0.002576
1341846320.390064 -0.02971 0.007082 0.01164 -0.002646 -0.005545 -0.001362
1341846320.426544 -0.03068 0.008853 0.01282 -0.003739 -0.01208 0.008725
1341846320.458122 -0.02937 0.006264 0.01206 -0.00116 -0.01089 0.006035
1341846320.490186 -0.04933 0.00867 -0.007445 -0.004926 -0.007425 0.0007552
1341846320.525911 -0.03177 0.003247 0.02209 -0.006948 -0.01117 0.003656
1341846320.558091 -0.03347 -0.0001255 0.01401 -0.002372 -0.003286 0.00734
1341846320.594093 -0.04602 -0.003319 -0.01265 -0.002769 -0.00452 0.009367
1341846320.631955 -0.03529 -0.002079 0.009162 -0.00562 -0.009712 0.002827
1341846320.664916 -0.03007 -0.001625 0.01251 -0.0009779 -0.001152 0.002473
1341846320.699927 -0.03803 -0.001879 -0.008918 -0.0009389 -0.00271 0.004067
1341846320.731822 -0.02929 -0.002132 0.009571 -0.004692 -0.009072 0.002891
1341846320.763877 -0.02158 -0.002344 0.0429 0.004235 -0.0003516 -0.00361
1341846320.799999 -0.03465 0.002527 -0.02665 0.01368 0.007154 0.008069
1341846320.831871 -0.03972 0.009618 -0.01157 -0.0001428 -0.01683 0.00803
1341846320.863887 -0.02231 -0.002217 0.05561 0.001264 -0.01287 -0.004948
1341846320.900014 -0.03207 0.006133 -0.02479 0.01337 0.01336 -0.01285
1341846320.931889 -0.0374 0.009705 -0.01098 -0.0001655 0.002899 0.0009122
1341846320.967866 -0.02612 -0.003476 0.0396 0.0008709 -0.007164 0.003339
1341846321.000017 -0.02581 0.002413 -0.005949 0.01181 0.003057 0.001156
1341846321.031860 -0.03212 0.004359 -0.02311 0.005223 0.002182 0.001858
1341846321.068047 -0.02769 -0.0006574 0.01141 -0.0002893 -0.004229 0.002846
1341846321.099840 -0.02716 -0.003839 -0.01443 0.004417 0.0007975 -0.002665
1341846321.131821 -0.03022 0.001376 -0.02411 -0.0006185 -0.0007047 -0.001632
1341846321.167887 -0.02667 -0.004978 -0.002325 -0.006089 -0.005306 -0.001106
1341846321.200042 -0.01924 -0.006809 -0.002252 -0.00191 -0.002757 -0.0001097
1341846321.231950 -0.02149 -0.005501 -0.02078 -0.0001257 0.0009808 0.003871
1341846321.267939 -0.026 -0.005802 0.002021 -0.001563 -0.001209 0.009148
1341846321.299948 -0.02127 -0.004095 -0.01422 0.001732 -0.005683 0.0121
1341846321.331858 -0.02457 -0.005381 -0.01569 -0.001666 -0.001198 0.007691
1341846321.367913 -0.02751 -0.002786 -0.01088 -0.004053 -0.001515 0.007261
1341846321.399897 -0.02212 -0.00851 -0.005076 -0.005299 -0.007376 0.002155
1341846321.435994 -0.01838 -0.006239 -0.01614 -0.004737 -0.004039 0.0005262
1341846321.467946 -0.01855 -0.006895 -0.006755 -0.005222 -0.003549 -0.001477
1341846321.499882 -0.02286 -0.004537 -0.005371 -0.003568 -0.003547 -0.0001748
1341846321.536109 -0.03653 -0.005548 0.008547 0.0003152 -0.004895 0.005404
1341846321.568960 -0.02135 -0.006787 -0.006952 0.006153 -0.008286 0.002971
1341846321.603938 -0.01492 -0.0006451 -0.01419 0.006377 -0.002881 -8.916e-05
1341846321.637163 -0.03911 -0.004942 0.006254 0.004352 -0.004776 0.0002963
1341846321.668306 -0.009163 -0.005358 -0.00922 0.008122 -0.01517 -0.005764
1341846321.704411 -0.005389 -0.005538 -0.01475 0.005141 -0.0005459 -0.01733
1341846321.736861 -0.02052 -0.004322 -0.006445 0.001947 0.006274 -0.01769
1341846321.771881 -0.02042 -0.008083 0.002345 0.005539 0.001111 -0.01093
1341846321.804114 -0.01273 0.0009379 -0.009305 0.008612 -0.004144 -0.005588
1341846321.836152 -0.007012 -0.004832 -0.003777 0.005637 -0.003608 0.0002638
1341846321.871882 -0.008154 -0.005986 -0.003936 0.01004 -0.001231 0.005392
1341846321.904074 -0.01191 0.001005 -0.007278 0.01249 -0.001026 0.004729
1341846321.939847 -0.005355 0.002583 -0.008468 0.007747 -0.005549 0.005352
1341846322.004094 0.003586 0.003198 -0.004801 0.01369 0.00416 0.0004453
1341846322.066178 -0.01508 0.008606 0.001935 0.009865 -0.009162 0.007093
1341846322.107979 0.002882 0.01286 -0.005558 0.004872 -0.00377 0.002819
1341846322.166164 0.001439 0.01622 -0.002018 -0.007732 0.0004696 -0.001758
1341846322.202932 -0.004696 0.005016 0.002522 -0.002382 0.005618 -0.0002249
1341846322.234093 3.841e-05 0.003531 0.0006553 0.002086 0.003045 0.00394
1341846322.265941 -0.001015 0.008553 -0.001958 0.004838 0.005956 -0.002894
1341846322.301996 -0.006579 0.01243 -0.001918 0.003452 0.003709 -0.001671
1341846322.333949 0.01245 0.01293 -0.0009412 0.001799 0.002397 0.002185
1341846322.369871 -0.0123 0.01507 -0.003355 -0.001234 0.01212 0.00514
1341846322.402292 -0.01002 0.01424 -0.00373 -0.00356 -0.002197 0.01234
1341846322.433955 0.01015 0.01873 -0.005837 -0.01084 -0.003146 0.003655
1341846322.470030 -0.0001888 0.00511 -0.0005752 -0.0167 0.008375 -0.008295
1341846322.502433 -0.008522 0.01341 -0.00824 -0.01207 0.006301 -0.006466
1341846322.534002 -0.003386 0.01518 -0.004515 -0.01684 0.0004375 -0.002558
1341846322.570196 0.0004535 0.00638 -0.0009896 -0.01881 0.0001604 -0.005169
1341846322.601920 0.005598 0.00269 2.831e-05 -0.01209 0.005139 -0.007236
1341846322.638119 -0.01892 0.01853 -0.008672 -0.008112 0.008562 -0.002701
1341846322.669947 -0.005467 0.002735 -0.001316 -0.00992 -0.006653 0.0006661
1341846322.702026 0.01242 0.005613 -0.002641 -0.007124 -0.004709 -0.001736
1341846322.738006 -0.003726 -0.00419 0.001084 -0.004221 0.005625 -0.004226
1341846322.770087 -0.01086 0.02382 -0.01045 0.002673 -0.0005558 -0.002163
1341846322.806047 0.01208 0.007012 -0.002976 -0.008105 -0.001065 -0.001582
1341846322.838063 0.004203 0.004444 -0.00278 -0.003642 0.008011 -0.003865
1341846322.870081 -0.005294 0.0159 -0.01164 -0.002717 0.01042 -0.004051
1341846322.906018 -0.009254 0.003039 -0.004459 -0.009632 0.003081 -0.001758
1341846322.938349 0.002726 -0.01384 0.005036 -0.002871 -0.002901 -0.001839
1341846322.970069 -0.002367 0.003142 -0.004675 0.009255 0.0006852 -0.003143
1341846323.011820 -0.00184 0.008653 -0.006919 0.003576 -0.001157 -0.001244
1341846323.073951 0.0001397 -0.005168 0.001938 0.003508 -0.000532 -0.008624
1341846323.105962 -0.0004765 0.01387 -0.006804 0.004987 8.814e-05 0.002204
1341846323.138158 0.0007842 0.001484 -0.0002868 -0.001314 0.0004568 0.006969
1341846323.174092 0.003011 -0.001337 0.001869 0.003201 0.0008757 0.002755
1341846323.206059 -0.008766 0.004976 -0.002186 0.005435 0.002287 0.002994
1341846323.238053 -0.001459 0.001627 -0.001964 0.004926 -0.006403 0.003253
1341846323.273997 0.01578 -0.001091 0.004831 0.006728 -0.001858 0.0009396
1341846323.305946 -0.00838 0.007168 -0.00417 0.0101 0.008879 -0.003398
1341846323.342027 -0.02358 0.02346 -0.02322 0.008492 -0.001212 -0.0002888
1341846323.374048 0.02662 0.006138 -0.001077 -0.001226 -0.01 -0.0001206
1341846323.405987 0.01389 0.008681 0.0001847 -5.918e-05 0.006286 -0.009017
1341846323.441956 -0.02107 0.01451 -0.009365 -0.0006865 0.01014 -0.006847
1341846323.473878 -0.001651 0.01056 -0.001783 -0.007571 -0.002696 0.003403
1341846323.506129 0.003883 -0.008506 0.007011 -0.006263 0.0007366 0.004734
1341846323.541972 -0.008982 0.003138 0.001217 0.003187 0.001277 0.003377
1341846323.573913 -0.01909 0.01719 -0.01284 0.003328 -0.005466 0.008881
1341846323.609927 0.01552 0.000133 0.007063 -0.002364 -0.01372 0.007672
1341846323.642014 0.01052 0.004786 -0.000355 0.001114 -0.003426 0.0003441
1341846323.674081 0.0007932 0.00776 -0.001217 -0.001148 0.003078 -0.006111
1341846323.710069 -0.001722 0.0177 -0.002482 -0.001951 0.002123 -0.00957
1341846323.742111 0.0005373 0.008175 0.001053 -0.009624 0.004063 0.0004202
1341846323.774928 -0.001297 -0.004032 0.004593 -0.007701 0.005131 0.0047
1341846323.810012 -0.003818 0.006893 -0.001325 -0.002322 0.003696 0.006194
1341846323.842207 -0.000553 0.003594 0.0009786 -0.002834 0.0005442 0.009922
1341846323.878019 0.007151 0.009091 -0.001518 -0.001612 0.001839 0.008375
1341846323.909826 -0.004882 0.01615 -0.00459 -0.004489 0.004697 0.006279
1341846323.942459 0.006232 -0.005371 0.004957 -0.009322 -0.0009248 0.0009829
1341846323.978055 0.004659 0.004816 0.002805 -0.00484 0.005137 -0.003238
1341846324.015934 -0.01047 0.004202 -0.003858 -0.006587 0.005101 -0.001602
1341846324.047722 -0.002054 -0.008025 0.004457 -0.007436 -0.003225 0.001619
1341846324.083904 0.001101 -0.00961 0.01357 -0.001248 -0.002772 0.002463
1341846324.115968 -0.002626 -0.002256 -0.001528 0.004777 -0.002826 0.003399
1341846324.151967 -0.003846 -0.00307 0.003507 0.001262 -0.004568 0.00985
1341846324.183941 0.005506 -0.01047 0.005697 0.005195 -0.007716 0.007823
1341846324.219984 0.006589 -0.002854 -0.004042 0.008672 -0.003776 0.0005352
1341846324.251968 0.002188 0.001711 -0.006951 0.002196 5.394e-05 0.0009748
1341846324.284052 0.00552 -0.007827 0.005273 -0.000422 0.001282 0.002574
1341846324.319880 0.004497 -0.008865 0.007123 0.0029 0.006819 0.001227
1341846324.351917 -0.005667 -0.01282 0.004476 0.00669 0.007584 0.00185
1341846324.388001 -0.007102 -0.00648 0.00111 0.009137 0.001163 0.006196
1341846324.419908 0.004782 -0.01199 0.0003646 0.00918 -0.004139 0.005496
1341846324.452027 0.005155 -0.0008692 -0.005212 0.009747 -0.0007366 0.000954
1341846324.487928 0.003815 -0.005178 -0.0016 0.00337 -0.0001015 -0.00486
1341846324.519985 0.01262 -0.006966 0.002894 0.00358 0.002261 -0.007515
1341846324.556001 -0.002196 -0.01359 0.00728 0.003019 0.009892 -0.008308
1341846324.587888 -0.004086 -0.01019 -0.0006741 0.007454 0.006178 -0.00524
1341846324.620086 -0.001039 -0.002812 -0.003023 0.005433 0.005831 0.004193
1341846324.655955 -0.003181 -0.01217 0.001347 0.002315 0.002355 0.00117
1341846324.688082 0.003933 -0.001869 -0.005519 0.001957 -0.0007449 -0.0008371
1341846324.755922 0.01487 -0.02844 0.01273 -0.002044 0.004305 -0.006459
1341846324.814016 -0.01872 -0.03084 0.01024 0.01054 0.01403 0.0037
1341846324.849979 0.008702 -0.006649 -0.003298 0.01191 -0.0066 0.004833
1341846324.881924 0.007229 -0.001409 -0.002709 0.006481 0.002077 -0.0009602
1341846324.913902 -0.004335 -0.008168 0.0003614 0.002224 0.002903 -0.006849
1341846324.949999 0.004142 0.004987 -0.004817 0.000115 -0.0006662 -0.00427
1341846324.981922 0.01232 -0.00608 0.00313 -0.009357 0.003042 -0.005357
1341846325.018013 6.247e-05 -0.0107 0.008099 -0.008502 0.01015 -0.004333
1341846325.050079 0.001945 -0.01232 0.009314 -0.003642 0.009933 0.001325
1341846325.081901 -0.002377 -0.01297 0.008789 0.002051 0.01081 0.003094
1341846325.118531 -0.009513 -0.01257 0.004702 0.008998 0.003972 0.003348
1341846325.149933 0.001745 -0.0008843 -0.003292 0.01162 -0.004575 0.002153
1341846325.181925 0.004483 -0.004064 -0.001437 0.006925 -0.003099 -0.005544
1341846325.218055 0.0004498 -0.006193 -0.0009538 0.005579 -0.0007537 -0.008409
1341846325.249811 0.002263 -0.007104 -0.0009042 0.004203 -0.0004321 -0.007197
1341846325.285925 -0.00382 -0.009508 6.609e-06 0.005159 0.001164 -0.006692
1341846325.317988 -0.008964 0.002386 -0.008957 0.004703 -0.005056 -0.004556
1341846325.349844 0.005398 0.002723 -0.00494 -0.00593 -0.009874 -0.002295
1341846325.387302 -0.001999 -0.01154 0.00538 -0.009783 -0.005314 -0.005476
1341846325.417931 -0.01042 -0.005279 -0.002344 -0.005776 -0.009979 -0.004605
1341846325.450747 -0.001104 0.005284 -0.005021 -0.00916 -0.01631 -0.001797
1341846325.485954 0.01027 -0.01171 0.009418 -0.01616 -0.01306 -0.002568
1341846325.517875 0.001742 -0.009184 0.004334 -0.0076 -0.005659 -0.003408
1341846325.553859 -0.00141 -0.005042 0.001671 -0.00599 -0.006772 0.002035
1341846325.585855 0.006838 -0.01628 0.009898 -0.00586 -0.006542 0.005778
1341846325.617990 0.001987 -0.0155 0.00536 0.006037 -0.003665 0.00369
1341846325.653982 0.001846 0.01445 -0.004923 0.005996 -0.003381 0.005494
1341846325.685819 0.00186 -0.00695 0.0009174 -0.01265 -0.003543 -0.005188
1341846325.717857 0.004532 -0.01326 0.005177 -0.008823 -0.003738 -0.01222
1341846325.754083 0.000779 0.003093 -0.001853 -0.00471 -0.000265 -0.008732
1341846325.786087 -0.002747 -0.007422 0.002283 -0.01304 -0.0007506 -0.002412
1341846325.821856 0.002036 -0.01837 0.006892 -0.008968 -0.004494 -0.00222
1341846325.853827 0.006514 -0.007925 0.0008113 -0.001817 -0.002548 -0.006352
1341846325.885958 0.009604 -0.01277 0.009478 -0.001317 0.002876 -0.01099
1341846325.921984 -0.00536 -0.001517 -0.005647 0.00319 0.0071 -0.009241
1341846325.953899 -0.00966 -0.002911 -0.001283 -0.005633 -0.0004214 -0.004719
1341846325.985823 0.004812 -0.01358 0.00166 -0.006714 -0.007458 -0.007345
1341846326.021991 0.00429 -0.001033 -0.001687 -0.004814 -0.001517 -0.01099
1341846326.054055 -0.004333 -0.01038 0.001884 -0.009775 0.001664 -0.006002
1341846326.089984 -0.006063 -0.01761 0.006849 -0.006427 -0.003003 0.002363
1341846326.121822 -0.000496 -0.01061 0.0003625 0.0001467 -0.007708 0.005181
1341846326.154079 0.004927 -0.001527 -0.002281 -0.0007506 -0.004746 0.003407
1341846326.190178 0.002834 -0.01314 0.003336 -0.005516 -8.259e-05 -0.004655
1341846326.222162 0.002933 -0.01397 0.005241 0.001598 0.001223 -0.01069
1341846326.259181 -0.001994 -0.01187 0.002262 0.006345 0.004307 -0.007035
1341846326.322766 -0.005717 -0.01482 -0.001949 0.01757 9.981e-05 0.003071
1341846326.359773 -0.0009176 -0.005224 -0.001416 0.008083 -0.003378 0.003836
1341846326.392109 0.0002256 0.01036 -0.006891 0.005056 -0.004711 -0.002531
1341846326.423985 0.005683 -0.00801 0.00131 -0.009026 -0.002956 -0.008834
1341846326.459869 0.002457 -0.01387 0.006164 -0.004058 0.004279 -0.005662
1341846326.526163 -0.01914 -0.03035 0.004452 -0.001097 -0.001098 0.001428
1341846326.560211 0.001492 -0.006347 -0.0005184 0.01047 -0.009018 -0.000297
1341846326.591828 0.0009924 -0.005387 -0.00117 0.005544 -0.004362 -0.001209
1341846326.627027 -0.001778 -0.006017 0.002479 0.001729 -0.003331 0.002921
1341846326.658442 0.0002533 -0.01344 0.006104 0.003502 -0.008865 0.00289
1341846326.694856 0.004742 -0.01744 -3.368e-05 0.005743 -0.007269 0.002227
1341846326.726206 -0.001945 -0.01612 0.003206 0.009911 -0.002153 0.005076
1341846326.762753 -0.002552 -0.008944 0.00413 0.01202 -0.005884 0.007039
1341846326.826821 0.002977 -0.03136 -0.0008052 0.02779 -0.01365 0.01088
1341846326.858887 0.0005184 3.401e-06 -0.0006275 0.01621 -0.003025 0.0003513
1341846326.895360 0.01576 0.000241 -0.001966 0.004422 -0.003223 -0.003179
1341846326.926897 0.006232 -0.006383 0.002408 -0.003035 0.005855 -0.003818
1341846326.958888 -0.0003899 -0.009296 0.009039 -0.003877 0.002335 -0.006198
1341846326.994594 -0.0002721 -0.01227 0.004716 -0.001425 -0.00199 -0.002571
1341846327.026301 0.02761 -0.01002 0.009728 0.004897 -0.01217 0.006853
1341846327.063945 0.02856 -0.005398 0.009484 0.005407 -0.0138 0.01219
1341846327.094662 0.02033 -0.004997 0.01591 0.001748 -0.008577 0.009079
1341846327.128901 0.02476 -0.006754 0.01342 0.002933 -0.006437 0.007185
1341846327.161940 0.02269 -0.003319 0.0167 0.005439 -0.004348 0.006039
1341846327.193867 0.04112 0.002184 0.01026 0.005154 -0.01718 0.01061
1341846327.229885 0.03306 -0.006585 0.01265 9.223e-05 -0.01666 0.008382
1341846327.262014 0.04164 -0.0006199 0.01115 0.004926 -0.02352 0.01414
1341846327.294023 0.05149 -0.005375 0.008539 -0.007773 -0.03916 0.01619
1341846327.330015 0.01514 -0.01416 0.02575 -0.005623 -0.02271 0.009524
1341846327.361939 0.02618 -0.01002 0.01079 0.004726 -0.01616 0.01532
1341846327.393887 0.03012 -0.001954 0.01248 0.004593 -0.01236 0.01813
1341846327.429966 0.02282 -0.01752 0.02029 0.003289 -0.00502 0.002839
1341846327.461965 0.02376 -0.0007191 0.01149 0.0197 0.002021 0.007093
1341846327.497931 0.02595 0.008478 0.01357 0.01415 -0.006113 0.01408
1341846327.530068 0.02825 -0.004709 0.01306 0.0055 -0.009632 0.0004726
1341846327.561895 0.0424 -0.003423 0.00653 0.006557 -0.008938 -0.007148
1341846327.598010 0.04059 -0.002111 0.006335 -0.0002525 -0.006706 -0.00596
1341846327.629945 0.02163 -0.01101 0.02097 0.0001862 0.003673 0.0009961
1341846327.662003 0.04328 0.0005012 0.007129 0.002724 -0.008037 0.01124
1341846327.697919 0.04158 -0.01226 0.01864 -0.00405 -0.01261 0.002196
1341846327.730075 0.0544 -0.0122 0.01185 0.009964 -0.01645 0.0002145
1341846327.766017 0.06097 -0.01062 0.009219 0.008512 -0.01959 0.0007678
1341846327.797917 0.05808 -0.01467 0.009954 0.009338 -0.01882 -0.001591
1341846327.830054 0.04861 -0.004347 0.006149 0.01425 -0.0157 0.003431
1341846327.865944 0.008033 0.003631 0.003087 0.01137 -0.006253 0.002641
1341846327.898010 0.02747 -0.006676 0.0001382 0.007104 -0.01075 -0.001233
1341846327.929991 0.01041 -0.001889 0.0008179 0.0111 -0.0007471 0.00657
1341846327.966065 0.00897 -0.001702 0.002336 0.01163 -0.004341 0.007607
1341846327.998073 0.01335 0.0003583 0.0002092 0.01585 -0.007426 0.008888
1341846328.034045 0.01624 -0.0001967 0.0005256 0.0134 -0.008173 0.007141
1341846328.065993 0.01895 0.00275 -0.0001352 0.01187 -0.008943 0.003
1341846328.098045 0.01802 0.006061 -0.004702 0.001317 -0.007201 -0.001152
1341846328.133967 0.02086 0.001038 0.003767 -0.005814 -0.00445 -0.006216
1341846328.166023 0.02003 0.00513 0.002415 0.002006 -0.0005044 -0.00139
1341846328.198018 0.01618 0.01124 -0.002156 7.423e-05 0.0001133 0.006683
1341846328.234044 0.01957 0.009859 0.001279 -0.006372 -0.003631 0.004212
1341846328.265899 0.02174 0.01186 -8.872e-05 -0.003733 -0.003525 -2.43e-05
1341846328.302051 0.02427 0.008694 -0.003519 -0.008929 -0.007688 0.00163
1341846328.333917 0.02615 0.01446 -0.0008241 -0.007105 -0.008568 -0.00339
1341846328.366008 0.03093 0.01487 -0.008457 -0.01371 -0.009151 0.01025
1341846328.402010 0.03464 0.005929 -0.005646 -0.02722 -0.01462 -0.0018
1341846328.433920 0.03179 0.0131 -0.004217 -0.007208 -0.006386 -0.0009118
1341846328.470003 0.02978 0.01439 -0.01883 -0.002911 -0.006308 0.0141
1341846328.502194 0.05083 0.001912 -0.005257 -0.01312 -0.0207 0.01668
1341846328.534033 0.03101 0.01243 -0.01885 -0.006023 -0.01474 0.008452
1341846328.570125 0.01619 0.02365 -0.03157 -0.004227 -0.003152 -0.001889
1341846328.602804 0.001551 0.01708 -0.02966 -0.01303 0.01373 -0.007044
1341846328.672663 0.05538 0.01961 -0.01984 -0.02667 0.007552 0.01064
1341846328.702975 0.0128 0.01079 -0.01859 -0.006685 0.001125 0.005054
1341846328.770129 0.01624 0.03506 0.003907 -0.01654 -0.0002199 0.008562
1341846328.802331 0.01219 0.02038 -0.007301 0.0001176 0.001703 0.0005553
1341846328.838051 0.009172 0.01414 -1.726e-05 -0.007886 -0.0001334 0.006841
1341846328.869939 0.01457 0.005982 0.006774 0.001798 -0.003247 0.002613
1341846328.904486 0.01154 0.01812 -0.009559 0.009869 0.001852 -0.001033
1341846328.939814 0.004875 0.02019 -0.005332 -0.006859 0.002215 -0.002283
1341846328.970217 0.01438 0.003538 0.004513 -0.007627 -0.002045 -0.008113
1341846329.006232 0.004081 0.01058 -0.008631 -0.001291 0.002101 -0.008502
1341846329.038243 0.00964 0.01842 -0.009624 -0.006096 -0.002851 0.001251
1341846329.106125 0.05891 0.01662 -0.0003858 -0.002124 -0.02027 0.004826
1341846329.138340 0.004128 0.01527 -0.005056 -0.002156 -0.0002807 0.00177
1341846329.169991 0.008103 0.0003036 -0.0006222 -0.004598 -0.001209 0.001582
1341846329.208656 0.004218 0.006489 -0.004817 -0.001158 -0.0003887 0.001347
1341846329.238169 0.007504 8.015e-05 0.000984 0.0002478 -0.001758 -0.0002773
1341846329.273827 0.007384 0.01487 -0.00795 0.004738 -0.001111 -0.001599
1341846329.306052 0.00793 0.0006058 0.001732 -0.002132 0.001734 0.001929
1341846329.338104 0.0001702 0.001213 -0.001643 0.007152 0.001595 0.002761
1341846329.373907 0.004886 0.01942 -0.007016 0.007062 -7.706e-05 0.001844
1341846329.405985 -0.00122 0.007404 -0.0007474 -0.00316 0.002999 0.004419
1341846329.442057 0.001159 0.002885 0.0002564 0.001102 0.0004132 0.007384
1341846329.473950 0.004381 0.01438 -0.004525 0.002766 0.001688 0.01069
1341846329.506147 0.005713 -0.0003555 -0.001133 -0.002065 0.001877 0.003716
1341846329.542121 0.003516 0.01067 -0.009034 0.003755 0.004998 -0.0003696
1341846329.574086 -0.0006161 0.01377 -0.004435 -0.004953 0.003615 0.002624
1341846329.606387 0.001225 0.0007666 3.982e-05 -0.005098 0.0002496 0.001759
1341846329.641955 0.006962 0.002298 -0.001828 -0.0003117 0.0006729 -0.0001876
1341846329.681570 0.002059 0.01288 -0.007066 0.002717 0.005398 -8.193e-05
1341846329.748113 -0.006125 0.002232 -0.0008923 -0.005188 0.0002977 0.002713
1341846329.810175 0.005192 0.02491 -0.008238 0.004847 -0.008324 -0.008106
1341846329.842255 0.002181 0.005363 -0.003797 -0.003936 -0.0008657 -0.00652
1341846329.874044 0.001577 0.005983 -0.002527 -0.003524 -0.0006944 -0.006368
1341846329.910073 0.0001514 -0.00462 0.001559 -0.001407 0.0001204 -0.004693
1341846329.942009 0.0004188 0.003004 -0.004136 0.009571 -0.0002808 -0.01136
1341846329.978087 0.002218 0.01751 -0.008649 0.002832 0.0003188 -0.0004073
1341846330.016305 -0.007706 -0.01108 0.001501 -0.005965 -0.0009285 0.002618
1341846330.048192 0.00377 -0.001498 -0.001973 0.008805 -0.003984 -0.0053
1341846330.080418 -0.00214 0.01805 -0.01197 0.009076 0.0003727 -0.004329
1341846330.115886 -0.001178 0.01202 -0.006044 -0.005645 -0.003135 -0.00236
1341846330.147839 0.001989 -0.01827 0.0001952 -0.007269 -0.0008215 -0.006023
1341846330.181257 -0.005525 -0.005481 -0.005704 0.01078 0.001308 -0.008194
1341846330.215852 -0.001597 0.01087 -0.01253 0.01239 -0.002271 0.001064
1341846330.247833 0.003342 0.001627 -0.005049 0.002623 -0.001411 0.001422
1341846330.283913 -0.0009039 -0.005828 -0.001161 0.008286 0.001118 -0.003519
1341846330.316011 0.001266 0.01305 -0.007235 0.0135 0.001334 0.000881
1341846330.347868 0.0002788 0.004328 -0.003878 0.00358 0.003608 0.0006436
1341846330.383835 -0.005391 0.001464 -0.00423 0.003494 0.001289 -0.001558
1341846330.415934 0.00123 0.01422 -0.008941 0.001898 -0.001758 0.004243
1341846330.452561 0.00462 -0.004085 -0.0005499 -0.007133 0.0005278 0.001297
1341846330.483903 0.002261 -0.005385 0.0002648 -0.0007834 0.003091 -0.005793
1341846330.515970 -0.0005599 0.00702 -0.008426 0.003311 0.004273 -0.006785
1341846330.552099 -0.003053 0.0008731 -0.001785 -0.003289 0.002966 -0.004697
1341846330.583876 0.0009638 -0.006329 0.003181 0.0008726 0.0003103 -0.001126
1341846330.619992 0.004557 -0.003954 0.003233 0.009886 0.001765 0.001163
1341846330.652136 -0.003117 0.006741 0.0005029 0.01326 0.003462 0.001793
1341846330.683796 0.003419 0.004232 0.002821 0.009296 -0.000868 0.001532
1341846330.719991 0.009665 0.011 -0.0008677 0.005199 0.002973 -0.002689
1341846330.752103 0.002831 0.002163 0.005165 -0.004101 0.008213 -0.008781
1341846330.787952 0.003973 -0.004953 0.008108 -0.002113 0.008732 -0.006751
1341846330.819823 -0.003724 0.001829 0.005992 0.00125 0.009584 -0.002152
1341846330.852208 0.001969 -0.003655 0.01356 0.001043 0.002861 -0.002097
1341846330.914111 0.004917 -0.005769 0.0172 0.01924 0.005615 0.001255
1341846330.949903 0.008301 0.01165 0.00277 0.006729 0.001546 0.001159
1341846330.981986 0.00191 -0.0004364 0.009594 -0.001415 0.01059 -0.0007932
1341846331.014111 -0.01117 -0.002685 0.008298 0.001312 0.01127 -0.001701
1341846331.082139 0.002263 0.005046 0.01249 -0.002266 0.006878 0.007855
1341846331.114334 0.002788 -0.001735 0.007641 0.0007804 0.004173 0.001386
1341846331.149989 0.00234 0.01081 0.001703 0.001172 0.001365 0.004619
1341846331.181954 0.007738 0.0001851 0.009557 -0.006189 -0.0002001 0.003342
1341846331.218151 0.005841 -0.007789 0.01525 0.001049 0.00537 -0.003103
1341846331.249914 -0.0003039 0.01382 0.004328 0.006136 0.001961 0.005896
1341846331.318141 0.005542 -0.0007415 0.0188 -0.02118 -0.02051 0.01158
1341846331.349926 0.003338 -0.0002517 0.002721 0.002292 -0.006266 0.003101
1341846331.382003 0.01983 0.01792 -0.00728 -0.004855 -0.02326 0.008867
1341846331.418008 0.002749 -0.00356 0.009815 -0.01318 -0.01746 0.0004438
1341846331.450327 0.003047 -0.00296 0.004268 -0.003253 -0.009622 -0.001819
1341846331.486219 0.004939 -0.003822 0.001301 -0.0002105 -0.004171 -0.001493
1341846331.518344 -0.0003777 0.004791 -0.0007901 0.003222 -0.002662 0.004385
1341846331.550202 0.009058 0.004255 -0.006214 -0.004916 -0.01213 0.004356
1341846331.586139 0.005093 -0.007436 0.0006063 -0.003838 -0.002665 -0.0007005
1341846331.617931 -0.001041 -0.000812 -0.002603 0.002132 -0.0002921 -0.0009316
1341846331.654027 0.005658 0.004848 -0.008422 -0.001188 -0.007865 0.002277
1341846331.686123 0.00654 -0.01174 -0.0005476 -0.006145 -0.006492 -0.00301
1341846331.717954 0.002145 -0.005582 -0.002633 0.006871 0.002204 0.0001622
1341846331.754076 -0.001695 0.01179 -0.009629 0.004971 -0.002158 0.004347
1341846331.785920 0.007434 -0.001557 -0.005366 -0.006252 -0.007328 0.004053
1341846331.818053 0.004079 -0.007401 2.817e-05 -0.0008619 -0.003933 -0.000681
1341846331.853849 0.007569 0.008944 -0.01042 0.004342 -0.002621 0.004004
1341846331.885987 0.005605 0.0004532 -0.005234 -0.005961 -0.007251 0.005975
1341846331.922014 0.005831 -0.005154 -0.001155 -0.003848 -0.00741 0.002182
1341846331.954037 0.004705 0.001607 -0.007747 0.0009472 -0.007257 -0.0004123
1341846331.986135 0.01525 0.008361 -0.01263 -0.004362 -0.01641 0.001986
1341846332.022364 0.01422 0.000639 -0.01044 -0.01378 -0.01106 0.001251
1341846332.054175 0.004801 -0.004551 -0.001359 -0.01228 -0.0005058 -0.004231
1341846332.086502 0.002088 -0.001949 -0.004392 -0.005032 -0.001062 -0.00202
1341846332.122051 0.007533 -0.002123 -0.002053 -0.003042 -0.003584 0.004048
1341846332.153983 0.006722 -0.00827 0.001827 0.003494 1.034e-05 0.005855
1341846332.190165 0.009134 0.000447 -0.006641 0.01294 0.0008595 0.005407
1341846332.254145 0.02377 0.008835 -0.01637 -0.00225 -0.005612 0.009705
1341846332.289948 0.01265 -0.00252 0.0006884 -0.003454 -0.002861 -0.003025
1341846332.322172 0.01222 0.004498 -0.001333 -0.0001311 -0.002397 -0.00172
1341846332.354003 0.01349 0.002057 0.004329 -0.006305 -0.007749 0.008963
1341846332.390180 0.01011 -0.005311 0.0135 -0.002904 -0.01073 0.008246
1341846332.422055 0.0148 0.001365 -0.001875 0.004902 -0.007406 0.009924
1341846332.458114 0.01421 0.005719 -0.004626 0.001797 -0.008725 0.008252
1341846332.489993 0.01629 -0.00425 -0.001004 -0.002163 -0.006767 -0.001607
1341846332.522130 0.0172 -0.0007192 -0.003663 0.002563 0.003225 -0.01005
1341846332.558114 0.009521 0.003566 -0.001802 0.0005397 0.007083 -0.01219
1341846332.589874 -0.003878 -0.001727 0.01203 0.001756 0.004667 -0.007698
1341846332.621889 0.001605 0.002493 0.005344 0.01069 -0.001128 -0.0002951
1341846332.658202 0.006829 0.005308 -0.004074 0.008234 -0.003588 0.00677
1341846332.690001 0.00691 -0.0003761 -0.00296 0.004561 -0.003891 -0.0007175
1341846332.726000 0.01186 0.003831 -0.00844 0.003088 -0.0008823 -0.004694
1341846332.758386 0.00242 0.003533 0.004076 0.0003868 0.004204 -0.0003703
1341846332.789937 -0.003135 -0.0003058 0.01124 0.002709 -0.001052 0.004342
1341846332.825925 0.01214 0.004741 -0.005417 0.006333 -0.007782 0.0062
1341846332.857898 0.01218 0.00264 -0.002049 -0.000849 -0.005544 0.00363
1341846332.894069 0.005092 -0.005497 0.009235 0.0007828 -0.001107 0.0009625
1341846332.926029 0.006494 0.004344 0.005814 0.009565 -0.003102 0.00721
1341846332.958015 0.01216 0.005875 0.002552 0.008336 -0.008176 0.007673
1341846332.994073 0.01336 0.003731 0.005501 0.007722 -0.006445 0.005
1341846333.026545 0.01525 0.008727 0.005435 0.008231 -0.007025 0.007394
1341846333.057998 0.02094 0.006915 0.003777 0.004755 -0.01211 0.00181
1341846333.094024 0.02519 0.006179 0.004182 0.001774 -0.01149 -0.004157
1341846333.126095 0.02057 0.004417 0.0105 0.001506 -0.009965 -0.001562
1341846333.161973 0.02906 0.001857 0.007055 0.004726 -0.01637 -0.000288
1341846333.195660 0.03337 0.005807 0.004736 0.007389 -0.01534 0.0001006
1341846333.226331 0.03373 0.005815 0.009321 0.00546 -0.0124 0.004917
1341846333.262056 0.03714 0.001609 0.01062 0.008253 -0.01351 0.005583
1341846333.294147 0.04336 0.003921 -0.001122 0.008131 -0.01503 0.006153
1341846333.326100 0.04415 0.003141 0.006168 0.005238 -0.0136 0.005692
1341846333.362100 0.0411 -0.002114 0.006024 0.007244 -0.01415 0.005376
1341846333.394119 0.03691 0.004214 -0.002588 0.006825 -0.01047 0.00317
1341846333.429974 0.02884 0.002302 0.006819 0.002624 -0.006734 0.0005335
1341846333.462115 0.02188 0.006391 0.004028 0.002586 -0.008389 0.004215
1341846333.494040 0.02554 0.003407 0.004449 -0.0005614 -0.01081 0.003408
1341846333.529953 0.02635 0.002861 0.003549 -0.00057 -0.01191 0.0006927
1341846333.562063 0.02468 -0.0003323 0.003077 -0.0012 -0.01268 -0.001752
1341846333.594090 0.02602 -0.00126 0.003193 0.003779 -0.006174 0.0001119
1341846333.629994 0.02681 0.001473 0.0006428 0.008528 -0.003733 0.002622
1341846333.662127 0.02617 0.00132 -0.0004491 0.006551 -0.006694 0.001823
1341846333.697964 0.02352 0.003107 -0.007761 0.003183 -0.006707 -0.00136
1341846333.730092 0.02613 0.001574 0.00303 -0.00475 -0.008853 -0.001754
1341846333.762089 0.02511 0.0007738 0.005487 -0.002447 -0.009958 -0.001983
1341846333.798006 0.02444 0.004344 0.002951 -0.001704 -0.008695 0.000777
1341846333.830055 0.0216 0.002833 0.00625 -0.003883 -0.009327 0.003437
1341846333.866045 0.01919 0.002736 0.005061 -0.000976 -0.008504 0.003522
1341846333.897987 0.01832 0.004526 0.004367 -0.002596 -0.005479 0.002576
1341846333.930099 0.01601 0.001751 0.005355 -0.005873 -0.006498 0.002446
1341846333.965889 0.01772 0.0006969 0.007549 -0.004248 -0.007649 0.001245
1341846333.997985 0.0155 0.003229 0.002715 -0.005324 -0.006424 0.001092
1341846334.030076 0.01726 -0.0003038 0.008917 -0.005814 -0.007869 -0.001393
1341846334.066000 0.01403 0.0008776 0.004222 -0.0033 -0.003023 -0.00191
1341846334.097932 0.01213 -2.096e-05 0.004892 -0.00395 -0.00359 0.001123
1341846334.133884 0.01336 -0.0006628 0.004989 -0.00334 -0.005638 0.0001744
1341846334.166115 0.01287 -0.0007503 0.006493 -0.0009452 -0.0004938 -0.0004369
1341846334.198072 0.008237 0.001887 0.004206 -0.0005477 0.001074 0.00197
1341846334.234097 0.008326 -0.0001108 0.005858 -0.0006648 -0.003866 0.003176
1341846334.266045 0.0123 0.001839 0.0007683 -0.0001748 -0.005745 -0.0002815
1341846334.297946 0.01264 -0.001618 0.006098 -0.003337 0.0004477 -0.002512
1341846334.334036 0.008673 -0.0009417 0.003302 -0.0005813 0.0009747 -0.0001255
1341846334.365871 0.008508 -0.0002256 0.003085 0.001127 -0.002077 0.004784
1341846334.401845 0.009147 0.00125 0.001233 0.002789 -0.003543 0.002564
1341846334.433864 0.008763 0.001316 0.00274 -0.0008861 0.0009551 -0.001362
1341846334.466105 0.00735 -0.001847 0.005567 -0.001414 0.001546 -0.0009979
1341846334.502142 0.006291 -0.0003897 0.004202 0.002627 0.001789 -0.001206
1341846334.540153 0.004151 0.0002358 0.001374 0.0004678 0.002326 0.002915
1341846334.602351 0.01411 -0.0002329 0.02219 0.01035 0.005618 0.01552
1341846334.670161 0.001937 0.001409 0.01034 0.008875 0.00613 0.01232
1341846334.702085 0.001485 0.001668 0.00946 0.00173 0.004965 -0.001463
1341846334.734751 -0.001478 0.0001832 0.01007 -0.0005232 0.005944 -0.003969
1341846334.770889 -0.001333 0.0009298 0.01299 0.0002266 0.003876 -0.005991
1341846334.802194 -0.00254 0.0005503 0.01462 0.001116 0.006607 -0.001606
1341846334.833908 -0.00399 -7.092e-05 0.013 0.001128 0.004037 0.002329
1341846334.869874 -0.002778 -1.182e-05 0.0149 0.003231 0.001868 -0.0004334
1341846334.902006 -0.005202 0.001783 0.01318 0.003206 0.005885 -0.001977
1341846334.938010 -0.006727 0.0003004 0.01298 0.0006721 0.008699 9.068e-05
1341846334.970032 -0.004624 0.0007441 0.01027 4.463e-05 0.002256 0.0003022
1341846335.002203 -0.002594 0.003569 0.01268 -0.003115 0.0007793 -0.004622
1341846335.037880 0.0001569 -0.001883 0.02056 -0.005523 0.006941 -0.004544
1341846335.069990 -0.002448 -0.001726 0.01317 -0.0003713 0.005482 -0.0006994
1341846335.106038 -0.002485 0.003089 0.006886 -0.000232 -0.001534 0.002872
1341846335.138045 0.003981 0.0008955 0.01481 -0.003776 -0.002268 0.000955
1341846335.169900 0.003878 -0.001526 0.01717 -0.0005033 0.005218 0.000808
1341846335.206091 -0.00104 0.001193 0.009574 0.002173 0.003583 0.003359
1341846335.239365 -0.0001804 0.004202 0.007239 0.0003761 -0.001922 0.004574
1341846335.269948 0.00512 0.002686 0.01301 -0.003057 -0.003195 0.002162
1341846335.305972 0.004812 0.001852 0.01424 -0.003704 0.002742 -0.001813
1341846335.338012 0.000315 0.001393 0.007782 -0.002811 0.002445 -0.003145
1341846335.374005 0.001053 0.007831 0.007595 -0.008107 -0.004281 2.314e-05
1341846335.406025 0.006367 0.00508 0.01325 -0.01221 -0.006044 -0.003976
1341846335.438079 0.005289 -0.002436 0.01493 -0.01001 -0.002723 -0.00501
1341846335.473998 0.003111 0.0005737 0.01048 -0.003417 -0.004113 -0.001024
1341846335.507038 0.006025 -0.0002419 0.01385 -0.001633 -0.006593 0.005524
1341846335.538040 0.008406 0.0003429 0.01463 0.00186 -0.005945 0.004457
1341846335.574119 0.007701 0.001201 0.01214 0.005619 -0.0009743 0.0002232
1341846335.605970 5.65e-05 0.008778 0.006167 0.004033 0.001795 0.002314
1341846335.641978 0.0001367 0.0004711 0.01122 -0.002541 -0.002288 0.005215
1341846335.673993 0.007531 0.0005839 0.01261 0.000848 -0.002643 0.0009567
1341846335.706178 0.002003 0.00344 0.01096 0.001693 0.002769 -0.001654
1341846335.741982 -0.0025 0.003793 0.009377 -0.0004075 0.001012 0.001305
1341846335.773960 0.004843 -0.002541 0.01325 -0.0005396 -0.001835 0.001873
1341846335.806271 0.00168 -0.001961 0.0128 0.004098 0.001053 -0.0006648
1341846335.842031 -0.001424 0.007383 0.006091 0.004858 -0.001306 0.0004559
1341846335.873966 0.003852 3.113e-05 0.01161 -0.002371 -0.003586 0.001666
1341846335.910005 0.008548 -0.002947 0.01265 0.0005613 -0.001302 -0.002837
1341846335.941936 0.00239 0.00159 0.009727 0.002231 0.003917 -0.001086
1341846335.974198 -0.000798 0.001439 0.008825 0.0006378 0.002095 0.003987
1341846336.010032 0.005497 -0.000889 0.01013 8.003e-05 -0.0005786 0.002557
1341846336.042129 0.007076 0.0003595 0.01012 0.001751 0.001814 -0.0003368
1341846336.078076 0.0005702 0.002479 0.007503 -4.296e-05 0.004133 0.001528
1341846336.110739 -0.0002893 0.0001597 0.008463 -0.000681 0.0006372 0.002091
1341846336.142002 0.008945 0.004732 0.01222 0.001242 -0.001263 -0.000508
1341846336.183953 0.001947 0.003352 0.02105 0.001901 0.005138 -0.001658
1341846336.241891 -0.008266 -0.0007976 0.01629 0.003685 0.003276 -0.001365
1341846336.277946 -0.006833 0.003049 0.01847 -0.0008741 0.001509 -0.008525
1341846336.309977 -0.02627 -0.001617 0.02829 -0.005972 0.01093 -0.01204
1341846336.346143 -0.02665 -0.003436 0.0278 -0.003784 0.008376 -0.006259
1341846336.377975 -0.01634 -0.0006265 0.01789 -0.001773 0.003122 -0.002277
1341846336.410032 -0.01821 -0.001953 0.02939 -0.002453 0.002749 -0.003496
1341846336.446041 -0.02623 -0.002164 0.02961 0.0008388 0.007523 -0.004709
1341846336.477990 -0.02798 -0.001167 0.01872 0.001488 0.006691 -0.005061
1341846336.510056 -0.03045 -7.753e-05 0.01908 -0.00135 0.006934 -0.005997
1341846336.546024 -0.0274 0.0008409 0.02472 -0.001958 0.006337 -0.008734
1341846336.578003 -0.03253 -0.0007091 0.02315 0.001282 0.00944 -0.006437
1341846336.614020 -0.02841 -9.215e-05 0.01447 0.0009808 0.005409 -0.0008785
1341846336.645982 -0.0325 0.002787 0.01888 0.003697 0.006735 -0.001513
1341846336.678036 -0.0391 0.003239 0.005481 0.003816 0.0162 -0.002824
1341846336.714024 -0.04269 0.0014 0.002717 -0.003877 0.01728 -0.002818
1341846336.746016 -0.0322 0.002558 0.01251 -0.007297 0.01343 -0.007954
1341846336.778014 -0.02237 0.0003891 0.02153 -0.004176 0.0131 -0.009755
1341846336.820006 -0.02911 0.002328 0.01506 0.0003311 0.01345 -0.006904
1341846336.882056 -0.09237 0.004374 0.02065 -0.00484 0.03113 -0.001838
1341846336.914273 -0.04606 -0.001871 0.0003978 -0.006692 0.02117 -0.006272
1341846336.945998 -0.0426 -0.007019 0.01296 -0.01457 0.02074 -0.004306
1341846336.981980 -0.03261 -0.00979 0.03092 -0.005946 0.01409 -0.001363
1341846337.014238 -0.0339 -0.006503 0.01096 0.005394 0.01124 0.0008042
1341846337.046017 -0.03343 -0.003891 -0.004316 0.003396 0.00835 0.004316
1341846337.082104 -0.02594 -0.00371 0.01253 0.0009847 0.005705 0.002409
1341846337.114317 -0.02785 -0.003624 0.002666 0.002762 0.01026 -0.00284
1341846337.150037 -0.02858 -0.004294 -0.001179 0.002315 0.009437 -0.0008295
1341846337.181873 -0.02315 -0.004243 0.002334 -4.54e-06 0.00366 0.003448
1341846337.214073 -0.02016 -0.001689 0.00925 0.006176 0.001196 -0.001512
1341846337.250087 -0.02273 0.0002403 -0.01192 0.00403 0.008301 -0.006926
1341846337.282028 -0.02342 -0.000821 0.004852 -0.0028 0.01249 -0.008615
1341846337.317920 -0.01757 -0.0008062 0.009595 0.001132 0.00549 -0.002921
1341846337.350018 -0.0131 0.002836 0.0117 0.004716 0.001454 -0.003704
1341846337.382159 -0.01154 0.00205 8.546e-05 0.005226 0.001608 0.003175
1341846337.417941 -0.008369 0.003404 0.003837 -0.00221 0.0006813 -0.002135
1341846337.450137 -0.005732 0.0001035 0.016 -0.0004348 0.004911 -0.002594
1341846337.482096 -0.00483 -0.004352 0.003312 0.0008729 0.0009738 0.0008766
1341846337.518008 -0.004522 -0.006309 0.0001283 -0.005006 0.00197 0.002858
1341846337.549978 -0.004029 -0.005349 0.009746 -0.000268 0.002365 0.003271
1341846337.585971 -0.004831 -0.001821 -0.005563 0.004648 0.00165 0.001999
1341846337.617903 -0.006131 -0.001845 -0.01083 -0.005618 0.002252 0.002355
1341846337.650141 -0.005405 -0.002989 0.007788 -0.004017 0.001626 -0.0007846
1341846337.686352 -0.007014 -0.003126 0.000367 0.003562 0.0007325 -0.001901
1341846337.718002 -0.008325 -0.003803 -0.009719 0.002028 0.0002929 0.0005415
1341846337.749920 -0.008081 -0.004397 0.0009252 -5.369e-05 -0.002948 7.503e-05
1341846337.786157 -0.01021 -0.002858 -0.004284 0.006608 -0.003375 -0.003434
1341846337.817945 -0.01116 -0.001701 -0.0139 0.003311 -0.002636 -0.003036
1341846337.854071 -0.01168 -0.002709 -0.001795 0.002415 -0.004536 -0.0006946
1341846337.885951 -0.01173 -0.002359 -0.005446 0.006278 -0.001904 0.0005006
1341846337.918223 -0.01459 -0.0005725 -0.01222 0.008794 0.0001059 0.001718
1341846337.954120 -0.01345 0.0008144 -0.01339 0.004509 -0.0001345 -0.002826
1341846337.985994 -0.01545 -0.00277 -0.005773 0.006055 0.0008161 -0.004026
1341846338.018107 -0.01608 0.0005262 -0.01687 0.006411 -0.0003902 -0.004364
1341846338.054055 -0.01745 -0.002633 -0.006817 0.004949 4.081e-05 -0.00138
1341846338.085986 -0.01655 -0.001763 -0.01578 0.006352 -0.003533 -0.002338
1341846338.121875 -0.01224 -0.001392 -0.01799 0.002624 -0.002009 -0.004734
1341846338.154089 -0.0114 -0.001829 -0.01405 0.001137 0.001114 -0.008415
1341846338.186029 -0.01689 -0.001287 -0.01382 0.002097 0.003938 -0.006713
1341846338.222071 -0.01767 -0.0008638 -0.01043 0.002814 0.000418 -0.001355
1341846338.254107 -0.01202 -0.0003731 -0.0206 0.002858 -0.00147 -0.002202
1341846338.290130 -0.01079 -0.001557 -0.01449 -0.001756 0.002083 -0.004465
1341846338.321952 -0.0087 -0.00263 -0.008046 -0.0001842 -0.0003323 -0.004748
1341846338.354022 -0.006765 -0.0003442 -0.01534 0.000926 -5.366e-05 4.976e-05
1341846338.389969 -0.006327 -0.001559 -0.006411 0.001376 -0.0006533 -0.002419
1341846338.422377 -0.004378 0.00224 -0.01379 0.004145 7.778e-05 0.0002814
1341846338.454010 -0.003441 0.0001842 -0.007192 0.002394 0.001453 0.001556
1341846338.489894 0.0001919 0.001571 -0.01188 0.00364 0.0003258 -0.0001597
1341846338.522066 0.001196 0.001074 -0.008813 -0.001673 -0.00138 0.001818
1341846338.558058 0.001679 -0.001186 -0.0009493 0.002258 -0.0004397 0.0002715
1341846338.589842 0.003246 0.004351 -0.008651 0.005352 -0.0009559 0.001812
1341846338.622019 0.004272 0.004325 -0.008055 -0.001 -0.00386 -0.001791
1341846338.657984 0.003106 0.000368 0.0004271 0.0002733 -0.0001871 -0.004986
1341846338.690198 0.002655 0.003695 -0.002487 0.005774 2.097e-05 0.002228
1341846338.722454 0.0041 0.003372 -0.01253 0.00118 -0.004123 0.001691
1341846338.757945 0.002179 -0.001593 -0.002883 -3.352e-05 -0.0002745 -0.004437
1341846338.790039 0.002003 0.0014 -0.009456 0.004722 0.002963 0.0005898
1341846338.826048 0.002241 0.001725 -0.008743 -0.0006766 -0.003663 0.006103
1341846338.858027 0.0008572 -0.002671 -0.003307 3.534e-07 -0.00332 0.0001643
1341846338.889902 0.0005081 0.0001736 -0.009633 0.005331 0.001211 0.001072
1341846338.925948 0.0005105 0.001683 -0.01054 0.001127 -0.002877 0.005626
1341846338.958108 -0.001487 -0.001114 -0.009003 -0.001018 -0.003719 0.001256
1341846338.990057 -0.001924 -0.0001601 -0.01203 -0.001171 9.636e-05 -0.002101
1341846339.025928 -0.002834 0.001873 -0.01069 -0.003908 -0.002072 0.0008811
1341846339.057939 -0.004107 -0.001123 -0.004101 -0.004987 -0.003616 -0.001232
1341846339.093927 -0.003778 -0.001809 -0.0041 0.002996 0.002278 -0.004498
1341846339.126562 -0.005611 0.001844 -0.005766 0.00768 0.002389 0.002996
1341846339.157969 -0.004451 0.002016 -0.01185 0.005237 -0.005043 0.004009
1341846339.194113 -0.004798 -2.386e-05 -0.005642 0.004535 0.0002486 -0.00455
1341846339.228165 -0.006038 0.0008949 -0.006678 0.007784 0.005058 -0.004771
1341846339.257998 -0.004778 0.004115 -0.01068 0.005484 -0.001831 0.00275
1341846339.294132 -0.004254 0.001923 -0.003264 0.001263 -0.003854 -0.003644
1341846339.326577 -0.005785 0.00401 -0.00206 0.0102 0.005536 -0.0091
1341846339.362269 -0.003459 0.007034 -0.004931 0.009713 0.003065 0.008267
1341846339.394725 -0.003114 0.006023 -0.000363 0.003244 -0.003846 -2.029e-05
1341846339.462186 -0.004947 0.008492 -0.01497 0.009471 0.001308 -6.895e-05
1341846339.496743 -0.0003785 0.009312 0.002449 -0.002861 -0.008739 0.003481
1341846339.562052 0.006701 0.004242 -0.01043 -0.002216 -0.007985 -0.003239
1341846339.595122 -0.003764 0.005063 -0.002946 -0.002222 -0.001602 0.001818
1341846339.632085 0.001012 0.004225 -0.002178 -0.001189 -0.008353 0.004394
1341846339.664568 0.002625 0.00459 -0.003972 0.0006998 -0.006864 0.003876
1341846339.698896 0.001432 0.00671 -0.006071 0.001884 -0.002993 0.00117
1341846339.731977 -0.002972 0.006378 -0.005196 0.001437 -0.0004641 0.002283
1341846339.762241 -0.001452 0.008755 -0.003966 0.001694 -0.002824 -0.0009183
1341846339.797873 0.001159 0.006002 -0.003741 0.001658 -0.001625 -0.003568
1341846339.830245 -0.002248 0.00627 -0.004678 0.002209 0.0009984 -0.00172
1341846339.862015 -0.003036 0.004348 -0.003583 0.002329 -0.0001342 -0.0008231
1341846339.897797 -0.005307 0.005631 -0.006365 0.003514 -0.001664 -0.0002049
1341846339.929916 -0.002809 0.005983 -0.008849 0.001662 -0.00149 -0.004034
1341846339.961960 -0.006687 0.003022 -0.009431 -0.002046 0.002906 -0.002841
1341846339.997845 -0.01087 1.56e-05 -0.007935 -0.002887 -0.0002016 -0.001521
1341846340.029925 -0.006041 0.002553 -0.01249 -0.001433 -0.003517 -0.003006
1341846340.066044 -0.004961 -0.0002849 -0.01043 -0.004461 -0.001666 -0.002251
1341846340.098009 -0.001871 -0.004858 -0.007519 -0.003098 -0.001113 -0.001001
1341846340.130102 -0.007257 -0.00314 -0.01288 8.142e-05 0.001602 0.003054
1341846340.166041 -0.008064 -0.003328 -0.01379 -0.003881 -0.003396 0.005488
1341846340.197867 0.001884 -0.006515 -0.008244 -0.00423 -0.005705 0.002187
1341846340.229904 -0.003038 -0.005273 -0.01117 0.001121 0.0004628 0.001104
1341846340.265859 -0.009522 0.0001021 -0.01645 2.652e-05 -0.0004648 0.002465
1341846340.298061 -0.001711 -0.003191 -0.01027 -0.005241 -0.004706 -9.46e-05
1341846340.334063 -0.0003686 -0.007163 -0.01018 0.0004958 0.001489 -0.002381
1341846340.366064 -0.01324 0.001177 -0.01824 0.00226 0.006905 0.001564
1341846340.397995 -0.007935 -0.002626 -0.01074 -0.005062 0.0004039 0.0009458
1341846340.433895 -0.003105 -0.004909 -0.01028 -0.002779 0.0008139 -0.001538
1341846340.465959 -0.005095 -0.003561 -0.0128 -0.00256 0.005484 -0.002173
1341846340.501858 -0.01232 -0.004355 -0.0114 -0.003175 0.009313 -2.761e-05
1341846340.534329 -0.01011 -0.004527 -0.008853 -0.002566 0.004501 0.0001113
1341846340.566041 -0.00872 -0.001318 -0.008832 -0.00373 0.00348 -0.0003281
1341846340.601909 -0.008197 -0.004905 -0.005249 -0.006807 0.002583 -0.0004298
1341846340.634005 -0.007123 -0.005945 -0.002787 -0.003193 0.002179 0.003077
1341846340.666028 -0.009313 0.000272 -0.005296 -3.453e-05 0.001591 0.00407
1341846340.701946 -0.00778 -0.0009664 -0.003207 -0.004673 -0.0012 0.004425
1341846340.733954 -0.004448 -0.004611 -0.001607 -0.003261 -0.002793 0.003476
1341846340.770081 -0.003392 -0.001253 -0.003736 0.001093 -0.0002795 0.005296
1341846340.801980 -0.009043 0.0006807 -0.002465 -0.0003286 0.000214 0.009809
1341846340.833999 -0.001237 -0.003455 -0.001694 -0.0002815 -0.004608 0.007127
1341846340.870013 0.0001008 0.000545 -0.003435 0.002605 0.0001583 0.003354
1341846340.901955 -0.005638 0.001416 -0.002877 -0.002049 0.001987 -0.0009922
1341846340.933918 0.0002243 -0.001989 -0.001113 -0.004517 0.0009089 -0.005364
1341846340.970122 0.0003383 -0.001949 1.448e-05 -0.002893 0.005625 -0.009919
1341846341.001922 -0.004226 0.001333 -0.001675 -0.002305 0.009017 -0.0105
1341846341.037923 -0.006131 -0.002474 -0.0003022 -0.003224 0.006253 -0.004712
1341846341.070300 -0.00346 -0.0004551 -0.001861 -0.0009412 0.002314 -0.0004219
1341846341.102028 0.0001333 -0.001146 -0.0008587 -0.0002042 0.002998 -0.000671
1341846341.137982 -0.004508 9.602e-05 -0.001224 -6.453e-05 0.00507 -0.0009229
1341846341.170048 -0.003339 0.0007374 -0.001666 -0.001015 0.001602 -0.003039
1341846341.202110 -0.001649 0.0004386 -0.0006267 -0.003004 0.001283 -0.003604
1341846341.237996 -0.003324 -0.001041 0.0003889 -0.003714 0.0004914 -0.001595
1341846341.269883 0.003001 -0.0003228 0.000623 -0.002082 -0.001839 -0.000632
1341846341.306107 -0.001145 -0.0002815 -0.0007488 -0.001436 0.001811 0.001525
1341846341.338109 -0.003261 0.0004691 -0.00139 -0.001386 2.685e-05 0.003415
1341846341.370120 0.000102 -0.001007 -0.001157 -0.001608 -0.002545 0.00517
1341846341.406074 0.005896 -0.0002286 -0.001889 -0.0001607 -0.002206 0.001437
1341846341.438113 0.0004168 0.003872 -0.002694 -0.001749 0.003829 -0.000481
1341846341.470024 -0.005243 -0.003278 0.0003167 -0.006563 0.001835 0.003486
1341846341.506077 0.006088 -0.0055 0.000448 -0.0006798 -0.003616 0.003205
1341846341.538156 0.007325 0.002915 -0.001204 0.002187 0.001801 -0.0002431
1341846341.574016 -0.001981 -0.0001486 0.0007626 -0.002038 0.004864 -0.002003
1341846341.612466 0.002343 -0.002159 0.00253 -0.001163 0.0006518 -0.0003932
1341846341.643972 0.00324 -0.000984 0.002176 0.00174 0.001952 0.002516
1341846341.679982 0.003649 0.002725 0.0007704 0.000987 0.001973 -0.001753
1341846341.712332 0.002873 -0.0006425 0.003231 -0.001461 0.003906 -0.006089
1341846341.744185 -0.002288 0.001994 0.001004 -0.0003182 0.004534 -0.00371
1341846341.780061 0.001578 -0.0003406 0.002475 -0.0007593 0.0005887 -0.003327
1341846341.842595 -0.004914 0.006993 0.003673 -0.003673 0.003023 -0.0116
1341846341.906227 -0.005474 0.006284 0.006797 -0.005601 0.002897 -0.01046
1341846341.942069 -0.003536 0.005387 0.003079 -0.005796 0.001082 -0.003559
1341846341.974775 -0.001929 7.481e-05 0.004822 -0.006523 0.0006245 -0.003159
1341846342.010161 0.0001655 -8.477e-05 0.003839 -0.001271 0.002518 -0.004161
1341846342.042024 -0.011 0.007961 0.001044 -0.001751 0.004241 -0.0006477
1341846342.080032 -0.003756 -0.002109 0.003303 -0.004623 -0.003823 -0.0007335
1341846342.112265 0.003615 0.003657 0.001111 -0.0001735 -0.002178 -0.004131
1341846342.147954 -0.005361 0.004573 0.0003097 -0.004055 0.004103 -0.004809
1341846342.179852 -0.005123 -0.002899 0.001636 -0.006549 0.0001617 -0.002748
1341846342.211848 -0.0003484 -0.001049 0.0005351 -0.001401 -0.001166 0.000416
1341846342.247920 -0.003286 0.001876 -0.0009739 -0.002115 0.0006993 0.001714
1341846342.279870 -0.002613 -0.0005539 -0.0005258 -0.00352 -0.0002983 -0.001562
1341846342.316068 -0.001996 -0.0006863 -0.0001479 -0.002947 0.0001498 -0.002026
1341846342.347894 -0.002574 -0.001693 -0.0003569 -0.001053 0.0005731 -0.0002434
1341846342.379953 -0.002301 0.001075 -0.002684 -7.154e-05 -0.0007035 -0.0009351
1341846342.416195 0.001201 -0.0001828 -0.001421 -0.001284 -0.000747 -0.002884
