1341836644.499407 0.003315 -0.002045 0.0005386 -0.0002881 -0.001292 0.005502
1341836644.531415 0.002212 0.0004903 -0.0003447 -0.001203 -0.003742 0.005738
1341836644.564591 -0.003629 -0.0002995 -0.0003602 -0.0009036 0.004008 0.004647
1341836644.599367 0.003751 0.001152 0.0007599 0.001513 -0.0006209 0.002394
1341836644.631394 0.005795 -0.0006637 -6.495e-05 -0.001258 -0.005273 -0.0006071
1341836644.667522 0.001445 0.0003235 -0.0001356 0.0004317 -0.00231 -0.002308
1341836644.699329 -0.002978 0.002763 0.0003678 0.001739 0.005495 -0.001675
1341836644.732436 0.004566 0.000369 0.001323 -0.0006025 0.001046 0.001773
1341836644.767608 0.006788 -0.0007618 0.0004178 -0.002446 -0.004683 0.003724
1341836644.799416 0.005229 0.002949 0.0001429 0.0001131 -0.004118 0.001525
1341836644.835424 0.004255 0.002839 0.0006053 -0.0009199 -0.001173 -5.892e-05
1341836644.867494 0.006933 -0.00248 0.0009999 -0.002686 -0.005138 0.0004023
1341836644.900397 0.01377 0.002007 -0.0001558 0.003074 -0.0171 -0.000847
1341836644.935459 0.0008509 0.008839 0.001179 0.003691 -0.003731 -0.00446
1341836644.967501 5.488e-05 0.0003859 0.001186 -0.002295 0.006764 -0.003551
1341836645.003481 0.006459 -0.003219 0.00308 -0.001828 0.002311 -0.002612
1341836645.035729 0.007692 -0.0009554 0.002795 0.002663 -0.00269 -0.0005672
1341836645.067522 0.00572 0.002202 0.002398 0.002388 -0.002452 -0.0005385
1341836645.103395 0.004618 -0.001073 0.001633 0.0009767 0.0005951 -0.001109
1341836645.135434 0.006134 0.002151 0.002243 0.002613 0.001687 -0.001891
1341836645.171464 0.008944 -0.002583 0.002925 -0.00145 -0.002691 -0.001184
1341836645.203602 0.01038 -0.002042 0.001174 -0.0005563 -0.0118 0.0004119
1341836645.268485 0.003484 0.004422 0.00342 0.008354 -0.005384 -0.006663
1341836645.300381 0.006358 0.001504 0.002454 0.002901 0.002355 -0.003261
1341836645.332448 0.008375 -0.001761 0.00203 -0.002687 -0.003181 -0.001322
1341836645.368637 0.002935 -0.001218 0.002263 -0.0002072 -0.000937 -0.000597
1341836645.400357 0.003245 0.0001318 0.00245 0.001305 0.00313 0.001885
1341836645.436458 0.008369 0.0002402 0.001857 -0.0007255 -0.0001476 0.003087
1341836645.468292 0.005531 -0.001381 0.002505 -0.002223 -7.625e-05 0.002012
1341836645.500314 0.005043 -0.0003408 0.002254 0.0008636 0.001428 -0.0007831
1341836645.536518 0.007156 -0.0007308 0.002458 0.002126 -0.001614 -0.0028
1341836645.568523 0.006291 -0.0003698 0.001591 0.002045 -0.005479 -0.005839
1341836645.600614 0.001938 -4.921e-05 0.001506 0.004221 -0.001086 -0.006805
1341836645.636399 0.5717 -0.3422 -0.3952 -0.3023 -0.51 -0.06834
1341836645.668423 -0.005209 0.005397 0.01606 0.002333 0.005581 0.001223
1341836645.704571 -0.0123 0.0529 0.105 0.03546 -0.01599 0.009306
1341836645.736446 0.000777 0.007925 1.02e-05 0.007862 -0.0009604 -0.001685
1341836645.768581 0.002652 0.001151 0.0006563 0.0006136 0.003723 -0.004195
1341836645.804471 0.004569 -0.004248 0.0009233 -0.002521 -0.004765 -0.002119
1341836645.836450 -0.0006805 0.0003889 -0.000489 0.003068 -0.006503 0.000459
1341836645.868482 -0.0006209 0.006065 1.6e-05 0.005333 0.0003693 -0.002404
1341836645.904369 0.002177 -0.001536 0.0006957 -0.001625 0.004089 -0.002178
1341836645.936671 0.006331 -0.001101 -0.001013 -0.001489 -0.006207 0.0005902
1341836645.972383 0.0003687 0.0005715 -0.001611 -0.0002758 -0.008569 -0.0006455
1341836646.004478 0.00018 0.003909 8.825e-05 0.004324 -0.001805 -0.003337
1341836646.036301 0.003333 0.005972 7.214e-05 0.002545 0.002352 -0.004693
1341836646.072544 0.004635 -0.003249 -0.0007743 -0.004742 -0.003598 -0.003216
1341836646.104418 0.001275 0.002486 -0.00107 0.001852 -0.005525 -0.00305
1341836646.140512 0.0005969 0.006586 -0.0004297 0.002424 0.0004759 -0.00465
1341836646.172566 0.004919 0.001899 -0.001059 -0.004199 -0.0007341 -0.002901
1341836646.204386 0.003589 -0.004141 -0.001723 -0.008682 -0.005447 0.001195
1341836646.240475 0.001152 -0.0008791 -0.001126 -0.0008912 -0.004831 -0.0002218
1341836646.272445 0.001861 0.005727 -0.0003028 0.00632 -0.001346 -0.006665
1341836646.304437 0.003322 0.002642 -0.0004234 0.001483 0.001268 -0.01004
1341836646.340458 0.003214 -0.003139 -0.0001677 -0.001505 -0.001579 -0.006016
1341836646.372536 0.002765 0.0005808 -0.0007026 0.002655 -0.003862 -0.001721
1341836646.408321 0.003315 0.0049 -0.0001882 0.004011 -0.001542 -0.001777
1341836646.443411 0.004613 -0.0002311 -0.0003719 -0.0007618 -0.0004979 -0.004077
1341836646.475541 0.002381 -0.001402 0.0005144 0.0002632 0.000847 -0.003471
1341836646.511330 0.003959 -0.001581 0.0003148 0.001372 -0.003183 0.0003293
1341836646.543429 0.005233 0.003127 -0.001174 0.00262 -0.007271 3.203e-05
1341836646.575532 -0.001001 0.0007311 0.0006911 0.0001504 0.002996 -0.001501
1341836646.611374 0.004801 -0.002016 0.0005108 0.0009332 -0.0004887 0.0008624
1341836646.643418 0.005601 0.001161 -0.001154 0.0006089 -0.006432 0.002287
1341836646.676255 0.0018 0.001214 -0.0002747 0.0007197 -0.001842 0.0001924
1341836646.711566 0.003699 0.002663 0.0001412 0.003025 0.001737 -0.003607
1341836646.743612 0.006774 -0.001148 0.0003914 -0.0009492 -0.001376 -0.002894
1341836646.776453 0.007194 0.0007619 -0.002769 -0.0006552 -0.009167 -0.00129
1341836646.811314 0.0006195 0.003506 -0.001119 -0.001303 -0.001051 -0.001092
1341836646.843456 0.002312 -0.004344 -0.0001213 -0.002585 0.002021 -0.001123
1341836646.879601 0.004976 0.002967 -0.0004843 0.006618 -0.002531 -0.00403
1341836646.911508 0.005178 0.005954 -0.001349 0.001826 -0.00273 -0.002631
1341836646.944466 0.004061 -0.003257 -0.002094 -0.007717 -0.002298 0.004448
1341836646.979650 0.002772 -0.001287 -0.001682 -0.001998 -0.002405 0.00292
1341836647.011549 0.003303 0.001362 -0.0001457 0.001791 -0.0007305 -0.0008347
1341836647.047276 0.003544 8.484e-05 -0.0003337 0.002943 5.772e-05 -0.002892
1341836647.079883 0.004632 0.001472 -0.0006393 0.002435 -0.001333 -0.0008772
1341836647.112309 0.003867 -0.0004548 -0.001136 6.956e-06 -0.002876 0.003707
1341836647.147394 0.004837 0.003733 -0.002536 0.001067 -0.003851 0.004671
1341836647.179760 0.005158 0.000922 -0.001782 -0.001899 -0.0006071 -0.0002358
1341836647.215378 0.004088 -0.003834 -0.0003035 -0.000526 0.0004563 -0.00322
1341836647.247420 0.006661 0.005109 -0.001433 0.00612 -0.005194 -0.00315
1341836647.279655 0.004656 0.0002003 -0.003359 -0.001884 -0.005305 -0.00207
1341836647.315536 0.00234 0.000442 -0.0004353 0.0005298 -0.0009586 -0.0005088
1341836647.347424 0.005703 0.004525 -0.0001996 0.003921 -0.001145 -0.002705
1341836647.383428 0.006672 0.0005523 -0.0008849 -0.002636 -0.002377 -0.0005865
1341836647.415868 0.004285 -0.002076 -0.001575 -0.002668 -0.002784 0.001483
1341836647.447313 0.004042 0.002535 -0.001193 0.001741 -0.002582 -0.001061
1341836647.483323 0.004669 0.002292 5.013e-06 0.002887 0.0005417 -0.00402
1341836647.515268 0.008975 -0.0004375 -0.00393 -0.001143 -0.002533 -0.003051
1341836647.551310 0.004233 -0.004929 -0.001782 -0.004669 -0.004717 -9.838e-05
1341836647.583646 0.001127 0.001616 0.001097 0.005242 -0.002982 -0.001116
1341836647.615408 0.005231 0.008312 5.778e-05 0.007582 0.0007849 -0.003281
1341836647.651361 0.006249 -0.004778 -6.278e-05 -0.004339 -0.001256 -0.001466
1341836647.683468 0.005946 -0.005615 -0.004848 -0.0005099 -0.004794 -0.0001725
1341836647.719371 0.0009084 0.0128 0.006888 0.0104 0.0006064 -0.0004081
1341836647.751530 0.003363 -0.002552 -0.000524 -0.002547 -0.002028 -0.001073
1341836647.783455 0.001466 -0.0007113 -0.0009383 0.002271 -0.003834 -0.000401
1341836647.819686 0.004413 0.009392 -0.001801 0.006593 -0.002914 -0.001436
1341836647.853486 0.007252 0.002789 -0.004658 -0.007756 -0.003625 -0.00247
1341836647.916534 0.004626 -0.00858 -0.006379 -0.02529 -0.004929 -0.003422
1341836647.948400 0.003083 0.0006662 -0.001537 -0.003942 -0.002524 0.0004544
1341836647.980401 0.002944 0.002387 -0.001113 -0.00404 -0.002238 -0.003246
1341836648.016248 0.001274 -0.005552 0.0006619 -0.006772 -0.0006213 -0.002991
1341836648.048488 0.001581 -0.0006134 0.002617 0.001576 -0.002564 -0.002408
1341836648.084384 0.002974 0.006101 0.001576 0.006059 -0.002903 -0.004645
1341836648.116380 0.002333 0.001 0.001051 -0.001637 -9.094e-05 -0.004221
1341836648.148607 0.002257 -0.002904 0.003527 -0.001558 -0.001225 -0.0006827
1341836648.184359 0.00221 0.004682 0.002121 0.006438 -0.001717 -0.001861
1341836648.216432 0.006559 -0.0001952 -0.005764 -0.0002857 -0.002254 -0.006232
1341836648.248656 0.002428 0.004381 0.009696 0.001571 0.002573 -0.00482
1341836648.284489 0.003288 0.001198 0.0008922 0.0004371 0.002214 -0.0006093
1341836648.316520 0.003256 -0.001302 -0.001391 -0.005146 -0.002263 0.006329
1341836648.352435 0.004464 -0.003356 -0.0003047 -0.004055 -0.005525 0.003522
1341836648.384520 0.005318 0.002498 0.0003779 0.00356 -0.001527 -0.004237
1341836648.416398 0.003159 0.003345 0.001155 0.004057 0.002846 -0.007966
1341836648.452470 0.005489 -0.002685 -0.0003057 -0.002652 -0.007085 -0.005319
1341836648.484451 0.005548 0.0001561 -0.0009494 0.001942 -0.007257 -0.002988
1341836648.516566 0.006436 0.01085 -0.001531 0.004916 0.001019 6.986e-05
1341836648.552359 0.005232 -0.006939 -0.002134 -0.01339 -0.001511 0.002961
1341836648.584620 0.004999 -0.00841 0.0004162 -0.008316 -0.009005 0.003124
1341836648.620348 0.005111 0.003385 0.0009184 0.005437 -0.005332 -0.001731
1341836648.652456 0.00417 0.002117 0.0004156 0.003213 0.001371 -0.004858
1341836648.684673 0.003229 -0.003411 0.001664 -0.0002743 -0.0005744 -0.0004564
1341836648.720398 0.004515 0.003517 0.000844 0.004631 -0.006181 0.003107
1341836648.752718 0.004977 0.003979 -0.002758 -0.0004215 -0.003165 -1.555e-05
1341836648.784417 0.004287 -0.006164 0.001337 -0.006253 0.0004557 0.0001298
1341836648.820311 0.002292 0.001796 0.004634 0.003737 -0.002538 0.0004567
1341836648.852674 0.003929 0.0005758 -0.0007442 0.002488 -0.008046 -0.0004032
1341836648.888350 0.005268 0.007743 -0.0006939 0.005587 -0.002976 -0.00254
1341836648.920522 0.003825 -0.0007724 -0.000416 -0.005202 0.003154 -0.004339
1341836648.952600 0.003522 -0.008028 0.0002848 -0.007121 -0.003351 0.0003711
1341836648.988550 0.00472 0.002204 -0.0008384 0.00388 -0.00914 -0.001376
1341836649.020401 0.005523 0.003051 -0.005093 0.001936 -0.001393 -0.00842
1341836649.052485 0.004216 -0.0007874 0.002692 -0.0007298 0.002973 -0.01002
1341836649.088537 0.003279 0.002982 0.004573 0.002062 -0.002174 -0.005634
1341836649.120749 0.004426 -0.002664 -0.002583 -0.002256 -0.007582 0.0008527
1341836649.156447 0.005401 0.008177 -0.004063 0.002786 -0.007816 -0.0008876
1341836649.191609 0.003831 -0.002194 -0.003536 -0.009028 -0.001605 -0.007981
1341836649.223378 0.002836 -0.01033 -0.0002713 -0.009332 -0.004246 -0.003309
1341836649.259470 0.002693 -0.001435 0.0003437 0.003677 -0.009803 -0.001159
1341836649.291408 0.003008 0.008218 -0.002178 0.009612 -0.005957 -0.00115
1341836649.324308 0.002914 2.977e-05 -0.003523 -0.000699 -0.004108 -0.002804
1341836649.359549 0.002021 -0.003004 -0.0047 -0.003284 -0.004949 -0.001366
1341836649.391538 0.001143 -0.004625 -0.001924 -0.003339 -0.004982 0.004799
1341836649.424392 0.002745 0.0004729 -0.001798 0.003938 -0.007726 0.003752
1341836649.459481 0.003984 0.006124 -0.001594 0.007809 -0.004625 -0.006703
1341836649.491553 0.001287 0.001987 -0.0006089 0.002348 0.0035 -0.006316
1341836649.527493 0.003002 -0.002166 -0.002908 -0.001883 -0.005367 0.0002187
1341836649.559630 0.004229 0.003212 -0.0025 -0.000559 -0.01196 0.001526
1341836649.592419 0.003899 0.002518 -0.002678 0.0003419 -0.001997 -0.003522
1341836649.627461 0.001718 0.000876 -0.000686 -1.328e-05 0.001139 -0.006835
1341836649.659539 0.003886 -0.000184 -0.002543 -0.002132 -0.008466 -0.005494
1341836649.695475 0.003383 9.744e-05 -0.001457 -0.001862 -0.006782 -0.0009197
1341836649.727546 0.003868 0.002515 -0.002381 0.001212 -0.001071 -0.001328
1341836649.759850 0.002563 -0.002514 -0.002046 -0.003253 -0.001301 -0.002575
1341836649.795598 0.002261 -0.001616 0.00117 -0.0009175 -0.005073 -0.0003894
1341836649.827518 0.002354 0.0009132 -0.0007906 0.00264 -0.005696 -0.001994
1341836649.863348 0.001868 0.0004419 -0.000542 0.002 -0.005791 -0.003819
1341836649.895428 0.002599 0.003079 -8.662e-05 0.003736 -0.006453 -0.00431
1341836649.927544 0.004008 0.002097 -0.0003747 -0.001586 -0.005439 -0.0003818
1341836649.963501 0.0021 -0.006862 -0.001107 -0.005898 -0.005398 0.0006793
1341836649.995553 0.00623 0.006912 0.000612 0.007497 -0.01006 -0.00901
1341836650.031537 0.005635 -0.001418 0.002801 -0.001934 0.001155 -0.01106
1341836650.063598 -0.0003323 -0.005785 0.002711 -0.001208 0.006541 -0.001392
1341836650.095501 0.00333 -0.001439 0.001762 0.002737 -0.007678 0.002817
1341836650.131318 0.0055 0.0005231 0.003969 0.004823 -0.003119 0.0003497
1341836650.163488 0.001961 0.002479 0.004631 0.008999 0.009026 -0.003631
1341836650.199592 0.0002522 -0.001066 0.00297 0.002647 0.002847 -0.002115
1341836650.231356 0.003069 -0.004253 0.002051 -8.717e-05 -0.006684 0.001888
1341836650.263424 0.005279 0.001623 0.002796 0.007218 -0.00288 -0.002021
1341836650.299517 0.003036 0.004848 0.003612 0.007073 0.006483 -0.006678
1341836650.331411 -0.001248 -0.004675 0.001383 -0.004173 0.002049 -0.001482
1341836650.367434 0.00242 -0.006411 0.001712 -0.002007 -0.007089 0.003646
1341836650.399463 0.006412 0.007138 0.00272 0.009354 -0.002712 0.0003198
1341836650.431372 0.003685 0.0009317 0.001388 -0.0006985 0.01004 -0.004202
1341836650.467340 -0.002394 -0.01035 0.0003999 -0.007355 0.005583 0.002468
1341836650.499390 0.002332 -0.002848 0.0006802 0.002554 -0.01168 0.006314
1341836650.535414 0.008455 0.01038 0.002364 0.008395 -0.006181 -0.001262
1341836650.567432 0.003091 -0.004151 0.001355 -0.005325 0.01162 -0.005249
1341836650.599729 -0.002136 -0.00849 0.002586 -0.004901 0.00499 0.002061
1341836650.635523 0.002403 -0.002015 0.002609 0.004661 -0.01074 0.005184
1341836650.696472 0.008091 0.0049 0.004793 0.008207 0.004964 -0.004503
1341836650.728572 -0.003428 -0.0046 0.003592 0.003136 0.0005226 -6.927e-05
1341836650.764407 0.004028 0.00419 0.002602 0.01081 -0.009456 0.0002499
1341836650.796446 0.004502 0.008864 0.00208 0.009247 -0.001436 -0.004832
1341836650.832440 0.003322 -0.002546 0.001479 -0.002839 0.002888 -0.004901
1341836650.864388 0.0003713 -0.001396 0.001584 -0.0005179 0.003059 0.003234
1341836650.896427 0.001261 0.004705 0.0006538 0.0019 -0.002849 0.007175
1341836650.932458 0.005839 -0.002961 -0.001978 -0.004306 -0.005647 -0.002298
1341836650.964559 0.004284 -0.004607 0.0006902 0.001624 0.0008223 -0.01081
1341836650.996603 0.001209 0.00387 0.003188 0.01321 0.002182 -0.01218
1341836651.032359 0.01645 -0.0379 -0.06748 -0.02621 -0.009006 -0.02188
1341836651.065106 0.02088 0.0358 0.07571 0.01391 -0.02346 0.01859
1341836651.100531 0.005972 0.01107 0.03069 0.005934 -0.005324 0.0126
1341836651.132412 0.003148 -0.00127 0.001202 0.00367 -0.0001641 0.004882
1341836651.164502 0.00486 0.001599 0.0008089 0.007541 -0.000129 -0.00206
1341836651.200408 0.004278 0.004741 0.001856 0.00734 0.003587 -0.004713
1341836651.232543 0.001074 0.002722 0.002962 0.00211 0.002442 -0.001589
1341836651.264390 0.003208 0.002336 -3.301e-05 -0.0009662 -0.002051 0.002542
1341836651.300593 0.002099 -0.006617 -0.001322 -0.008459 -0.0003119 0.007234
1341836651.332404 0.002708 -0.005674 0.0005243 -0.0004989 -0.00289 0.003621
1341836651.368411 0.006658 0.005748 1.045e-05 0.0086 -0.0006136 -0.003594
1341836651.432559 0.001186 -3.737e-05 0.001139 0.0006077 0.002999 0.002844
1341836651.468558 0.00584 -0.0001077 -0.0009502 0.0008325 -0.004348 0.002484
1341836651.500419 0.001997 0.002009 -0.0005949 0.003413 0.00209 -0.001616
1341836651.536291 0.001425 0.002959 0.0007874 0.002883 -0.002482 -0.004681
1341836651.571607 0.003509 -0.0003994 -0.002172 -0.001196 -0.005195 -0.002891
1341836651.603416 0.004783 -0.0008196 0.0008867 -0.0003812 -0.005516 -0.0004623
1341836651.636345 0.004773 0.00275 -2.18e-08 0.002991 -0.001736 -0.003131
1341836651.671520 0.004479 -0.001225 0.000947 -0.001282 0.0006192 -0.002387
1341836651.703414 0.005147 -7.445e-05 0.002397 0.001046 0.0008828 0.001595
1341836651.739284 0.002671 0.003034 -0.0002778 0.002737 0.003709 0.003455
1341836651.771369 0.002484 0.001608 0.00168 -0.001139 0.0004101 0.002994
1341836651.804433 0.004444 -0.0002324 0.001309 -0.0003429 -0.002063 -0.001114
1341836651.839404 0.004872 0.001262 0.0004048 0.0007445 0.0002571 -0.005862
1341836651.871580 0.005408 -0.002307 -0.0003471 -0.0002646 0.002024 -0.006704
1341836651.907527 0.003998 0.003688 0.0004222 0.004217 0.005407 -0.003186
1341836651.971622 0.006508 0.003098 -0.001743 -0.008276 0.002514 0.006642
1341836652.036385 0.007015 0.005505 -0.0006787 -0.006644 0.003976 -0.001771
1341836652.072378 0.003828 -0.00689 -0.00174 -0.01207 -0.001444 -0.005041
1341836652.104579 0.00517 -0.00611 -0.003331 -0.003387 0.0003288 -0.00483
1341836652.136528 0.005179 0.004 -0.0003182 0.004553 0.005374 -0.0014
1341836652.172406 0.003018 0.0006022 0.003105 -0.0004036 0.003453 0.003663
1341836652.204464 0.003314 0.001451 -0.0007598 0.001416 -0.001391 0.002844
1341836652.236445 0.004858 0.002703 -0.0006421 -0.0002475 -0.0007655 0.0008952
1341836652.272534 0.003345 -0.002217 -0.001015 -0.002622 0.0005743 -0.001731
1341836652.304539 0.004628 0.003035 0.003319 0.002334 -0.002403 -0.001645
1341836652.340457 0.00183 0.00131 -0.00233 0.0001402 -0.002086 -0.001262
1341836652.372354 0.004787 0.003392 -0.001756 0.0007876 -0.005093 0.002168
1341836652.404586 0.003231 0.004956 -0.004588 -0.001645 -0.00194 -0.001426
1341836652.440582 0.002543 0.000318 -0.003043 -0.00961 -0.003154 -0.002638
1341836652.472458 0.004324 -0.00924 -0.002568 -0.01297 -0.009797 -0.002463
1341836652.508430 0.004134 -0.0006524 -0.002508 0.001237 -0.007983 -0.004916
1341836652.540557 0.002628 0.008103 -0.003642 0.005912 -0.0027 -0.003671
1341836652.572320 0.0006012 0.0009878 -0.002308 -0.003981 -0.003035 0.0003582
1341836652.608307 0.00257 -0.0002989 -0.00504 -0.003811 -0.007698 0.0007311
1341836652.640836 0.003993 -0.00281 -0.002417 -0.005245 -0.00629 0.0007689
1341836652.672440 0.001721 0.005651 -0.002015 0.003497 -0.003539 -0.00268
1341836652.711327 0.002244 0.0004468 -0.001276 -0.004149 -0.005117 -0.005518
1341836652.776408 0.003861 0.004558 -0.00501 -0.001911 -0.01346 -0.01451
1341836652.808415 0.0008441 0.0009748 -0.003232 -0.002409 0.0008149 -0.006888
1341836652.840367 0.001395 -0.00255 -0.0005583 -0.00409 -0.001047 -0.0008804
1341836652.876393 0.001339 0.004698 -0.003107 0.002942 -0.002462 6.06e-05
1341836652.908629 0.002702 0.001028 -0.003195 -0.003281 -0.002697 -0.002032
1341836652.940449 0.002083 0.003264 -0.003151 -0.00188 -0.0002037 -0.007121
1341836652.976581 0.00137 0.0005585 -0.001767 -0.006269 0.0003504 -0.007119
1341836653.008397 0.001371 -0.001838 -0.001741 -0.005556 -0.002579 -0.0006265
1341836653.044490 0.001397 0.007534 -0.004732 0.0002796 -0.003111 -0.0006346
1341836653.076336 0.001874 -0.003661 -0.003531 -0.0135 -0.003396 -0.0005615
1341836653.108596 0.003034 -0.006797 -0.001228 -0.01051 -0.007446 -5.115e-05
1341836653.144391 0.003027 0.002647 -0.003333 0.0003526 -0.007096 -0.004917
1341836653.176378 0.002762 1.961e-05 -0.003737 -0.002894 -0.002529 -0.007363
1341836653.208498 0.003156 -0.002718 0.0006623 -0.003167 -0.002155 -0.005066
1341836653.244394 0.003258 0.0007815 0.0007235 0.002115 -0.005318 -0.004223
1341836653.276440 0.003718 0.004257 -0.001783 0.005156 -0.006486 -0.002106
1341836653.312531 0.004749 0.002458 -0.003212 0.001393 -0.00546 -0.00261
1341836653.344448 0.004672 0.003114 -0.003305 0.001428 -0.002182 -0.003844
1341836653.376359 0.003027 0.003601 -0.001456 -0.001185 -0.001954 -0.001536
1341836653.412642 0.004869 -0.0007466 -0.0002822 -0.007892 -0.01171 -0.001399
1341836653.444444 0.00521 -0.007083 -0.001455 -0.007078 -0.01289 -0.007055
1341836653.476364 0.005707 0.00962 -0.002085 0.01191 -0.006611 -0.01198
1341836653.512805 0.003501 0.008097 -0.001703 0.001931 -0.00227 -0.01142
1341836653.544382 0.002779 -0.00812 6.706e-05 -0.01166 -0.007044 -0.003198
1341836653.580436 0.00504 -0.003688 0.001831 -0.00162 -0.01041 -0.001397
1341836653.612615 0.005759 -0.002228 0.002823 0.004126 -0.006086 -0.003668
1341836653.644417 0.005949 0.001459 0.005977 0.01339 -0.001165 -0.006287
1341836653.680557 0.006942 0.01052 0.008593 0.02287 0.003144 -0.002586
1341836653.712559 0.005884 0.01175 0.004488 0.01461 0.002749 0.005387
1341836653.748452 0.004173 -0.001918 0.001513 -0.003657 -0.001419 0.007533
1341836653.783417 0.005766 -0.004785 0.001062 -0.004482 -0.002764 0.004764
1341836653.815425 0.004528 -0.005846 -0.0001968 -0.001243 -0.0006987 -0.001482
1341836653.851322 0.004725 0.0004029 0.002488 0.005384 -0.000474 -0.004685
1341836653.883281 0.004743 0.003424 0.001642 0.005588 -6.423e-05 -0.002622
1341836653.915492 0.003151 0.002577 0.001672 0.001275 0.000291 0.00395
1341836653.951283 0.004883 0.002097 0.002761 -0.002414 -0.003164 0.006954
1341836653.983349 0.005077 -0.003417 -0.0006671 -0.006421 -0.001211 0.00231
1341836654.016438 0.003969 -0.00423 0.001817 -0.003385 0.0004495 -0.001793
1341836654.051428 0.002927 0.001228 0.001081 0.002008 -0.001479 -0.004825
1341836654.083312 0.003097 -0.0005155 -0.00188 -0.0006172 -0.002899 -0.004441
1341836654.116466 0.004368 -0.0008866 -0.001043 -0.002044 -0.002956 -0.002973
1341836654.151472 0.005463 -0.000371 0.00155 -0.001547 -6.754e-05 -0.000948
1341836654.184154 0.001539 -0.002271 0.002242 -0.002238 0.001729 0.002809
1341836654.219564 0.003237 -0.002803 0.001279 -0.0002197 -0.006155 0.00289
1341836654.251691 0.006167 0.003583 -0.00163 0.003792 -0.005615 -0.006932
1341836654.284270 0.001813 -0.00278 0.000205 -0.001214 0.001795 -0.006745
1341836654.319403 0.000758 0.004184 0.001962 0.003026 -0.004867 0.000673
1341836654.351347 0.004116 0.002256 -0.002821 -0.004333 -0.01075 0.0001137
1341836654.387381 0.003514 -0.00679 -0.001469 -0.00968 -0.005156 2.874e-05
1341836654.419353 0.0021 -0.006517 0.0003585 -0.003956 -0.004354 -0.002695
1341836654.452695 0.002252 0.0002956 6.333e-06 0.004091 -0.007 -0.004844
1341836654.487501 0.003075 0.003589 -5.102e-05 0.005781 -0.008192 -0.00206
1341836654.519450 0.00514 0.001664 -0.0005889 0.0009815 -0.006353 0.001379
1341836654.555629 0.002306 0.002333 -0.0009807 0.001461 -0.002498 0.004902
1341836654.587589 0.002604 0.0005765 -0.002068 -0.002661 -0.004903 0.003114
1341836654.619522 0.001728 -0.003097 -0.00274 -0.003465 -0.006158 -0.002673
1341836654.655478 0.002411 0.00419 -0.003127 0.002429 -0.008632 -0.009318
1341836654.687736 0.00325 0.003724 -0.002484 -0.001241 -0.008287 -0.01083
1341836654.723418 0.0006244 -0.001422 -0.002761 -0.005178 -0.007085 -0.004168
1341836654.755448 0.002992 -0.0007858 -0.001055 -0.001743 -0.01118 -0.002243
1341836654.787485 0.005791 0.003602 -0.001624 0.000769 -0.00911 -0.004528
1341836654.823401 0.002072 -0.0003465 -0.00261 -0.003645 -0.003755 -0.005773
1341836654.855425 0.002535 -0.0002007 -0.00127 -0.001548 -0.006166 -0.004665
1341836654.891449 0.002679 0.001431 -0.001326 0.0007906 -0.0068 -0.00173
1341836654.923470 0.003288 0.001578 -0.002036 0.0003372 -0.009292 -0.002888
1341836654.955471 0.004664 0.001357 0.0005705 -0.002004 -0.0064 -0.006512
1341836654.991453 0.001834 -0.001995 -0.0002912 -0.002164 -0.001067 -0.001641
1341836655.023471 0.002173 0.003414 -0.004869 0.002055 -0.006167 0.0007098
1341836655.059522 0.003855 -0.002105 0.0003431 -0.003638 -0.007536 -0.005039
1341836655.091524 0.004556 -7.391e-05 0.001413 -7.972e-05 -0.004874 -0.005675
1341836655.123583 0.003653 0.003005 -0.001582 0.0007086 -0.002822 -0.006175
1341836655.159532 0.002268 -0.002181 -0.0005074 -0.002425 -0.001091 -0.001407
1341836655.191604 0.004237 -0.0007027 -0.0004915 0.001468 -0.003101 0.002357
1341836655.227479 0.004976 0.001034 -0.001663 0.0007817 -0.003028 -0.002273
1341836655.259363 0.002229 0.000499 -0.002575 -0.0003287 -0.0006905 -0.000996
1341836655.291588 0.002579 0.000192 -0.004787 -0.0007885 -0.005715 0.001215
1341836655.327501 0.00503 -0.001826 0.001846 -0.00207 -0.006072 -0.0006115
1341836655.359452 0.004611 -0.0003287 0.002688 9.993e-05 -0.001013 -0.001772
1341836655.391579 0.001473 0.001296 -0.00229 0.001495 -0.0002729 -0.000472
1341836655.427635 0.003094 0.0001122 -0.001406 0.0006432 -0.005717 -0.0001096
1341836655.459486 0.005096 0.0002974 -0.000331 0.0009298 -0.007488 -0.002672
1341836655.495656 0.003883 0.0006486 0.0002248 0.0008283 -0.005303 -0.006358
1341836655.527407 0.004575 0.002521 -0.001484 0.001241 -0.005695 -0.008823
1341836655.559591 0.00346 0.002047 0.001061 -0.0004134 -0.002103 -0.006677
1341836655.595564 0.00125 -0.0003548 -0.002071 -0.0007316 -0.0007576 0.0007085
1341836655.627551 0.003101 -0.0002436 0.001947 0.0001549 -0.003288 0.001748
1341836655.659450 0.003975 0.001157 -0.0007082 0.0005196 -0.001459 0.0006929
1341836655.695604 0.0008162 -0.001926 -0.003754 -0.002393 -0.0003753 -0.0002411
1341836655.727616 -0.0002266 -0.005083 -0.0004401 -0.001276 -0.005333 -0.002752
1341836655.765435 0.003245 -0.0008034 0.005541 0.005251 -0.009858 -0.005208
1341836655.795831 0.006778 0.005762 0.006973 0.008391 -0.007108 -0.009957
1341836655.856495 0.006663 -0.001529 -0.001028 -0.003628 0.001328 -0.004749
1341836655.892350 0.004141 0.003568 -0.0016 0.0004386 -0.004779 0.004798
1341836655.924460 0.003364 -0.002259 -0.002862 -0.004154 -0.0005658 0.003625
1341836655.960475 0.00231 -2.031e-05 -0.003277 -0.0003738 0.0003297 -0.002797
1341836655.992525 0.001507 -0.001401 -0.001626 -0.001263 -0.001438 -0.004034
1341836656.024417 0.00248 -0.0001132 -0.002548 -0.0001024 -0.007258 -0.006747
1341836656.060577 0.004909 -0.002992 0.009602 0.002491 -0.006851 -0.006772
1341836656.092482 0.006047 0.01151 0.00345 0.01529 -0.002704 -0.01103
1341836656.124465 0.003615 -0.004881 -0.00846 -0.01062 -0.001563 -0.005647
1341836656.160528 -0.0002688 -0.007318 0.004096 -0.008981 -0.005181 0.005907
1341836656.192526 0.004164 0.005163 0.005026 0.009736 -0.009739 0.002826
1341836656.228391 0.005733 0.00878 0.003702 0.01092 -0.0002841 -0.00917
1341836656.292403 0.003864 -0.01219 -0.005605 -0.0121 0.003719 6.721e-05
1341836656.328500 0.001929 0.003729 0.004713 0.008609 -0.01058 0.004314
1341836656.360417 0.006285 0.00909 -0.003005 0.009933 -0.001176 -0.005517
1341836656.392658 0.002813 -0.005361 -0.003766 -0.007366 0.007376 -0.002948
1341836656.428609 -0.00561 -0.002379 0.0004525 -0.004526 0.001248 0.0001655
1341836656.460403 0.003225 0.00242 0.004009 0.002256 -0.005332 0.000161
1341836656.496330 0.001978 0.001395 0.0008904 0.005211 0.001654 -0.006191
1341836656.531412 0.002737 0.001574 -0.0006826 0.004584 -0.0005185 -0.008382
1341836656.563360 0.00298 0.001929 -0.001301 -0.0007956 -0.00364 -0.001621
1341836656.596501 0.00256 -0.00363 -0.0009874 -0.006612 -0.004246 0.003474
1341836656.631418 0.003181 0.0005231 0.00456 0.001832 -0.0006493 -0.001608
1341836656.663388 0.003216 0.003853 -0.005463 0.002512 0.001844 -0.00446
1341836656.699457 0.001924 -0.007547 -0.004626 -0.01356 -0.002734 -0.001136
1341836656.731428 0.002253 -0.003501 0.004606 -0.002359 -0.003953 0.0006109
1341836656.765528 0.001969 0.01011 -0.002353 0.01377 0.003225 -0.005157
1341836656.799391 0.001912 -0.005083 -0.01096 -0.01179 0.005124 -0.005731
1341836656.831576 0.0002494 -0.008686 -0.002952 -0.01226 0.0001959 0.001623
1341836656.867611 0.002281 0.00201 0.001183 0.002471 -0.005158 0.006738
1341836656.899460 0.00109 0.003375 -0.005696 -0.0007436 0.001752 0.004189
1341836656.932364 0.0003566 -0.00945 -0.0026 -0.01349 0.002041 -0.001051
1341836656.967465 0.00184 -0.003612 0.004478 -0.002121 -0.004119 -0.001838
1341836656.999353 0.001812 0.004907 0.0006709 0.007239 -0.001437 -0.001855
1341836657.035427 0.001375 0.001711 -0.0026 -0.001202 0.003764 0.0006187
1341836657.067501 0.002255 -0.006645 -0.005473 -0.01223 -0.001881 0.002381
1341836657.099425 0.003008 -0.002953 -0.003462 -0.008216 -0.003334 -0.003352
1341836657.135494 0.001992 -0.001103 -0.005748 -0.007489 0.002167 -0.003302
1341836657.200511 -0.001432 -0.01621 -0.03833 -0.04071 0.01561 -0.009931
1341836657.232481 -0.006929 -0.01241 -0.001531 -0.01821 0.003828 0.006492
1341836657.264386 0.003456 -0.004379 0.006481 -0.003758 -0.009367 0.01168
1341836657.300538 0.004556 -0.001457 0.004865 0.001035 -0.00244 0.006039
1341836657.332374 0.0008452 -0.0009382 -0.004295 -0.0001804 0.003232 -0.002717
1341836657.364471 -0.002849 -0.001477 0.002393 -0.0006805 0.002086 -0.0006054
1341836657.400496 0.0007315 -0.0001195 0.007609 0.004745 -0.008378 0.003987
1341836657.432503 0.003331 0.002105 0.006782 0.004982 -0.001575 -0.002063
1341836657.468447 -0.0003222 0.0005022 -0.001136 0.0005903 0.01239 -0.0001169
1341836657.500389 -0.006014 0.001394 -0.00109 0.000582 0.006065 0.006075
1341836657.532473 0.002534 -0.001184 -0.001013 -0.004847 -0.004085 0.003729
1341836657.568422 0.004539 -0.009515 0.004636 -0.007397 0.002244 -0.001172
1341836657.600427 0.0008371 -0.003011 0.008152 0.005339 0.004624 -0.001267
1341836657.632418 0.0008287 0.003638 0.007853 0.0113 -0.003015 -0.003569
1341836657.668325 0.005451 -0.0007935 0.01177 0.008922 -0.004696 -0.004168
1341836657.700556 0.003801 0.002851 0.006782 0.01003 0.003768 -0.005406
1341836657.736472 0.0003371 0.001654 -0.000843 0.004148 0.007023 -0.001308
1341836657.771605 -0.0008287 -0.001422 0.003204 0.001643 0.003478 0.006681
1341836657.807549 0.003009 -0.0007298 0.003109 0.002583 -2.199e-05 0.007976
1341836657.839794 6.113e-05 0.001711 -0.003198 -0.0009878 0.00742 0.003536
1341836657.871612 -0.0008579 -0.002751 -0.00707 -0.007704 0.003279 0.002627
1341836657.907492 0.003472 -0.006655 0.003117 -0.004105 -0.007468 0.003341
1341836657.939553 0.002 0.000916 0.004967 0.004009 -0.001016 0.001269
1341836657.975553 -0.0006213 0.003 -0.004695 -2.013e-06 0.003116 -0.001567
1341836658.007445 0.0001952 0.0007072 -0.003803 -0.005106 -0.0006292 -8.917e-05
1341836658.039399 0.0008754 -0.002852 -0.0009152 -0.005272 0.0001066 0.007403
1341836658.075640 0.001611 -0.001754 -0.002557 -0.003143 -0.001195 0.008392
1341836658.108092 0.002868 -0.004661 -0.001736 -0.004453 -0.003004 -0.001015
1341836658.139498 0.002411 -0.001301 6.703e-05 0.0001667 -0.001096 -0.006045
1341836658.175582 -0.0007591 0.006942 -0.001549 0.003741 0.001343 -0.00124
1341836658.207408 4.5e-05 0.001645 -0.003271 -0.001911 -0.00337 0.007811
1341836658.243540 0.002537 -0.00435 0.001028 -0.00562 -0.004543 0.00508
1341836658.275405 0.001332 -0.003101 0.0006234 -0.002563 0.00355 -0.001562
1341836658.307866 -0.0001729 -0.000943 -0.004455 -0.000182 0.004418 -0.001748
1341836658.343353 -0.0001739 0.001484 -0.0004099 0.0021 -0.000122 0.006325
1341836658.375434 0.002085 -0.001498 0.002815 0.001162 -0.003357 0.01153
1341836658.407464 0.003155 -0.003656 0.003826 0.001307 -0.0009947 0.00709
1341836658.443411 0.003281 -0.002617 0.006097 0.005684 0.0008626 0.0008244
1341836658.507527 0.003709 0.009139 0.01904 0.02774 -0.001787 0.002664
1341836658.572547 0.003953 0.00454 0.004527 0.01022 0.001252 0.006258
1341836658.604395 0.0009646 0.0007367 -0.0002566 0.001402 0.006854 0.00327
1341836658.640485 -0.002521 -0.0003367 8.229e-05 -0.0006781 0.005269 0.003904
1341836658.672393 0.001719 -0.003245 0.002823 -0.001724 -0.002104 -0.0007503
1341836658.708402 0.004277 -0.002935 0.002597 0.003061 -0.0009724 -0.004911
1341836658.740476 -0.002109 0.003855 -0.0004153 0.005792 0.00741 -0.003462
1341836658.772468 0.000306 0.002841 -0.001194 0.0009888 0.0007147 0.0001354
1341836658.808450 0.002743 -0.004384 0.0009049 -0.003104 0.000603 0.002951
1341836658.840480 0.002294 -0.004967 0.001334 1.484e-05 0.007833 0.005208
1341836658.872456 0.003952 -0.002418 0.001938 0.00315 0.009445 0.0005507
1341836658.908458 0.0009066 0.00047 0.002102 0.00364 0.01363 -0.000461
1341836658.940351 -0.003163 -0.001075 0.00393 0.002074 0.01153 0.006976
1341836658.976476 0.0005574 0.002044 0.001036 0.01044 0.004721 0.004133
1341836659.008380 -0.004215 0.01415 -0.002244 0.0248 0.01392 -0.008324
1341836659.040458 -0.002973 0.009854 0.004301 0.0178 0.01122 -0.005104
1341836659.076412 -0.000514 9.16e-05 0.004398 0.007701 -0.0001562 0.0007953
1341836659.108448 0.0003204 0.002962 -0.0002032 0.01312 0.0006383 0.0001557
1341836659.144382 -0.007001 0.0175 -0.001201 0.02917 0.01441 -0.00184
1341836659.179511 0.001206 0.009361 0.003787 0.01664 0.003997 -0.001741
1341836659.211366 -0.002167 0.004621 -0.0005432 0.01184 0.00588 -0.002196
1341836659.247803 -0.000453 0.006532 -0.002538 0.01368 0.008539 -0.006401
1341836659.279328 -0.006901 0.01357 -0.002418 0.02335 0.01737 -0.003511
1341836659.311547 -0.006522 0.01028 -0.001061 0.01552 0.01378 0.001559
1341836659.347421 -0.002165 0.003477 -0.001738 0.003865 0.005756 -0.001319
1341836659.379417 -0.009748 -4.646e-05 -0.005759 -0.001797 0.01545 -0.00422
1341836659.412328 0.001855 0.00765 0.00093 0.00215 0.006011 0.0006057
1341836659.447326 0.01044 0.001514 0.005553 -0.001577 -0.01006 0.006438
1341836659.479746 0.004936 -0.003433 0.0005495 -0.003339 -0.008736 -0.001831
1341836659.512365 0.0007877 2.522e-05 -0.001175 0.001648 -2.641e-05 -0.008419
1341836659.576565 0.008687 0.001901 0.004483 0.02115 -0.009978 -0.007958
1341836659.612456 -0.01634 0.005994 -0.008612 0.01329 0.01684 -0.004258
1341836659.644708 -0.4313 -0.06332 -0.4069 -0.04493 0.4521 -0.09024
1341836659.680311 0.009577 -0.0722 0.02492 -0.06682 -0.008338 0.02517
1341836659.715470 0.00147 -0.003227 -0.003217 0.004791 -0.002721 0.002296
1341836659.780557 -0.02537 0.01796 -0.01128 0.01889 0.03567 -0.01436
1341836659.812352 -0.002429 -0.007219 0.0001448 -0.01064 0.002295 0.002173
1341836659.844466 0.002277 -0.002123 -0.001774 -0.002089 -0.003447 0.002062
1341836659.881024 -0.008108 0.002408 -0.006246 0.001474 0.01058 -0.006767
1341836659.912947 -0.002379 0.00474 -0.00402 0.005581 0.008951 -0.008758
1341836659.948479 -0.003987 0.001484 -0.002554 0.004061 0.006988 -0.005874
1341836659.980482 -0.009834 0.002144 -0.003825 0.001891 0.01421 -0.003388
1341836660.081779 -0.05169 0.00545 -0.01758 0.003601 0.07246 0.002554
1341836660.112820 -0.008132 -0.002235 0.001243 0.00217 0.01387 0.007187
1341836660.148527 -0.01015 0.005572 -0.003905 0.008189 0.01281 -0.002583
1341836660.180440 -0.005474 0.000906 -0.0006856 0.0009004 0.01038 -0.007278
1341836660.216528 0.002236 -0.001761 0.0005272 -0.001581 -0.001465 -0.003693
1341836660.248369 0.004275 0.0001908 -0.0006823 0.0004126 -0.004298 -0.0001615
1341836660.281729 -0.005332 0.003647 -0.002711 -0.0003211 0.006314 0.0004511
1341836660.316468 -0.01182 0.0005102 -0.002476 -0.003542 0.01476 -0.0005966
1341836660.349009 -0.006428 0.0004747 0.0007157 -0.004081 0.009161 0.0019
1341836660.384441 0.004683 -0.00364 0.002581 -0.007162 -0.006422 0.006285
1341836660.416282 0.008638 -0.001234 -0.0008068 -0.001556 -0.01053 -0.0005013
1341836660.448419 -0.01003 0.007548 -0.004859 0.006495 0.01324 -0.01121
1341836660.484360 -0.004698 -0.0004005 0.001401 -0.00426 0.009028 -0.004038
1341836660.516536 0.0111 -0.005575 0.003898 -0.00723 -0.01365 0.004344
1341836660.548308 0.01552 0.001336 -0.001596 0.002008 -0.01663 0.001158
1341836660.584620 -0.002579 0.002284 -0.002212 0.002673 0.005539 -0.0084
1341836660.616474 0.0005419 -0.003049 0.002252 -0.0008696 0.0002729 -0.00499
1341836660.652450 0.005813 -0.001592 0.0002047 0.001748 -0.009816 -0.001918
1341836660.684392 0.003601 0.005578 -0.002693 0.005631 -0.002382 -0.001899
1341836660.716364 -0.007557 0.003594 -0.001404 -0.001145 0.01045 -0.005228
1341836660.752376 0.005709 -0.003699 0.001522 -0.007175 -0.00558 -0.001113
1341836660.784400 0.003792 0.001592 -0.001314 0.000328 -0.008022 -0.002723
1341836660.816563 -0.0002085 0.005318 -0.003508 0.002133 0.001716 -0.003416
1341836660.852417 0.0005584 0.0003792 0.0002431 -0.004216 0.001592 -0.004688
1341836660.884535 0.004432 -0.001802 0.0002148 -0.004127 -0.005986 -0.004327
1341836660.920420 -0.002913 0.005461 -0.003692 0.001944 0.005183 -0.002753
1341836660.952358 -0.007589 0.003609 -0.001587 -0.00267 0.01298 0.0003749
1341836660.984430 0.0003561 -0.0005089 3.984e-05 -0.006567 0.003345 0.002902
1341836661.020401 -0.009779 0.001858 -0.002165 -0.00188 0.01308 -0.001016
1341836661.052434 -0.02403 0.00563 -0.002547 0.004274 0.02762 -0.005723
1341836661.084498 -0.01687 0.004394 -0.0003607 -0.0001369 0.02151 -0.003952
1341836661.120507 -0.00353 -0.005801 -0.0007128 -0.007464 0.00704 0.002979
1341836661.152460 -0.0003165 0.001285 0.0006004 0.002478 0.001883 0.004686
1341836661.188452 -0.01807 0.009307 -0.02042 0.006575 0.02199 -0.006403
1341836661.220483 0.005202 -0.007778 0.01919 -0.007315 -0.004016 -0.0002285
1341836661.252527 -0.002422 -0.001093 -0.003575 0.002151 0.001317 -0.001528
1341836661.288421 -0.007995 0.005332 -0.006827 0.006325 0.01056 -0.002838
1341836661.320291 -0.006228 -0.00209 -0.0009704 -0.001452 0.008799 -0.000257
1341836661.356527 -0.001874 -0.001806 0.000232 0.0004218 0.00206 0.005184
1341836661.388612 0.00309 -0.000874 0.001985 0.001568 -0.003607 0.006534
1341836661.420983 -0.007062 0.005467 0.002455 0.00492 0.0101 -0.002504
1341836661.456679 -0.03093 0.002512 0.007176 0.0005036 0.03648 -0.007853
1341836661.489326 -0.02798 0.001413 -0.01086 -0.001554 0.03452 -0.002517
1341836661.523564 -0.01266 -0.0001846 -3.121e-06 -0.004592 0.01626 0.005759
1341836661.559428 -0.004909 -0.002236 0.0266 -0.003679 0.005366 0.007524
1341836661.591495 -0.01208 0.002787 -0.001287 -5.655e-05 0.01775 -0.0009611
1341836661.624328 -0.0129 -0.002244 -0.0002068 -0.005106 0.01769 -0.0006191
1341836661.659341 -0.000592 -0.002992 -0.001514 -0.002169 0.001237 3.249e-05
1341836661.691414 -0.003912 0.001522 0.001014 0.0026 0.005668 -0.004696
1341836661.724374 -0.01536 -0.004526 -6.521e-05 0.000409 0.01977 -0.003499
1341836661.759250 -0.008984 6.731e-05 0.01163 0.006389 0.01025 0.002341
1341836661.791428 -0.001318 0.003155 -0.002344 0.004201 0.002583 0.000299
1341836661.827337 -0.00358 0.001107 -0.001607 0.0003552 0.005336 -0.004496
1341836661.891564 -0.004181 -0.003903 -0.000487 -0.001895 0.004672 -0.003226
1341836661.956501 -0.02791 0.006385 -0.001533 -0.004389 0.03404 0.002357
1341836661.992503 0.002348 -0.005031 -0.0002921 -0.00677 -0.001267 0.01437
1341836662.027717 0.01849 -0.00554 -0.0009216 -0.003933 -0.02194 0.006558
1341836662.059498 -0.009263 0.00337 -0.001581 0.005405 0.01151 -0.006921
1341836662.095422 -0.02605 0.0008059 0.0009352 0.0001255 0.03038 -0.003039
1341836662.127390 -0.005784 -0.00456 -0.0001003 -0.004841 0.005256 0.00227
1341836662.160515 0.002996 -0.001237 -0.0003501 0.002489 -0.004715 0.00158
1341836662.195821 -0.022 0.007597 -0.01265 0.004181 0.02575 -0.00106
1341836662.227546 -0.02768 -0.00117 0.01199 -0.006112 0.03146 0.007003
1341836662.263938 -0.00736 -0.004144 -0.01121 -0.005667 0.01262 0.01044
1341836662.295678 4.368e-05 -0.0008644 -0.001396 0.001986 0.002363 0.006088
1341836662.327451 -0.0186 0.004447 0.0003892 0.003915 0.02341 -0.004134
1341836662.363274 -0.03883 0.0001427 0.0005004 -0.002021 0.04641 -0.001458
1341836662.395599 -0.01964 -0.0003738 0.01301 -0.002484 0.02442 0.007719
1341836662.431871 -0.002542 -0.0007972 -0.009479 -0.003313 0.006663 0.008205
1341836662.463404 -0.02169 -0.0002933 0.01316 -0.0009546 0.02591 -0.0006637
1341836662.495636 -0.02849 -0.001591 0.002375 -0.002997 0.03629 -0.001635
1341836662.531316 -0.01084 -0.001993 0.002088 -0.0002902 0.01495 0.006037
1341836662.563557 0.006069 0.002189 0.0002875 0.002591 -0.006934 0.008779
1341836662.599353 0.00406 -0.001282 0.003879 -0.00234 -0.004341 0.0008571
1341836662.631457 -0.008112 -0.00133 0.0004448 9.839e-05 0.01174 -0.00561
1341836662.667429 -0.02181 0.003152 0.003315 0.002084 0.02729 -0.004869
1341836662.699399 -0.007189 -0.0013 -0.007937 -0.004205 0.01066 0.004767
1341836662.731429 -0.006665 -0.002012 0.0111 -0.001237 0.007916 0.005194
1341836662.767364 -0.02458 0.002234 0.002656 -0.001959 0.03027 0.001559
1341836662.799562 -0.01375 -0.003132 0.002673 -0.005791 0.02045 0.006864
1341836662.835521 0.001397 -0.001734 0.002087 -0.001397 0.001155 0.006291
1341836662.867316 -0.004121 -0.001306 -0.001813 1.289e-05 0.006957 -0.003797
1341836662.899614 -0.02693 0.001302 0.003405 0.0003966 0.03447 -0.009341
1341836662.935558 -0.02533 -0.002642 0.004568 -0.004057 0.03272 0.0001734
1341836662.967399 -0.007157 -0.001159 0.002165 -0.0001253 0.01246 0.009509
1341836662.999617 -0.006912 -0.002198 0.003129 -0.001112 0.01272 0.005537
1341836663.035460 -0.01456 -0.00285 0.001762 -0.001922 0.02282 -0.003046
1341836663.067427 -0.01328 -0.00164 0.003263 0.001282 0.02191 -0.001903
1341836663.103379 -0.002661 0.002458 0.001342 0.004056 0.006119 0.003829
1341836663.135637 -0.0007981 -0.0004558 0.000858 -0.0006875 0.001737 7.91e-05
1341836663.167374 -0.01894 -0.001342 0.005553 -0.003206 0.02533 -0.00419
1341836663.203386 -0.01803 -0.0007683 0.005062 -0.003458 0.02632 0.002523
1341836663.235499 -0.00308 -0.00396 0.001875 -0.004127 0.008816 0.006664
1341836663.267705 -0.01115 -0.004891 0.004292 -0.002015 0.01936 0.005628
1341836663.303552 -0.008505 -0.001442 0.00311 0.002552 0.0171 0.002465
1341836663.335673 -0.006454 0.002256 0.004006 0.001416 0.01311 -0.003157
1341836663.371596 -0.01588 -0.006624 0.004886 -0.006659 0.02519 0.001179
1341836663.403625 -0.009352 0.003019 0.001606 0.003903 0.01832 0.007734
1341836663.435460 -0.004302 0.0009178 0.001715 -0.004666 0.0102 0.006795
1341836663.471348 -0.005156 -0.005281 0.002985 -0.007882 0.01332 0.006211
1341836663.503381 0.002911 -0.002204 -0.0003921 -0.0005012 0.006469 0.005087
1341836663.535534 0.0003983 -0.001052 -0.005358 0.0001522 0.002594 -0.0002458
1341836663.571408 -0.0008686 -0.001457 -0.00112 0.0004105 0.002527 -0.004465
1341836663.603383 -0.00127 0.0005878 -0.001067 0.002971 0.005889 -0.006543
1341836663.635584 -0.004451 0.003131 0.001029 0.000542 0.01065 -0.005217
1341836663.671333 -0.00337 -0.002261 0.0004954 -0.004173 0.007958 0.003287
1341836663.703503 2.446e-05 0.001703 -0.001087 0.000893 0.002411 0.006084
1341836663.739416 -0.0007066 -0.003844 0.0009885 -0.005398 0.006713 0.001939
1341836663.771382 -0.006216 -0.003887 0.006202 -0.002338 0.01463 -0.002661
1341836663.803542 0.003852 -5.429e-05 0.000964 0.003166 0.004424 -0.001091
1341836663.839411 -0.00806 -0.00169 0.003703 -0.0009076 0.01334 -0.0002541
1341836663.871610 -0.00296 -0.001062 0.002433 -0.0008663 0.01022 0.00364
1341836663.903401 -0.002357 -0.001342 0.002628 -0.002165 0.01053 0.003558
1341836663.939549 -0.002116 -0.001146 0.002753 -0.002265 0.01196 0.005542
1341836663.971474 0.007539 0.0009168 -0.0006719 -0.0008874 -6.583e-05 0.007143
1341836664.007364 0.00225 -0.004063 0.002273 -0.005089 0.003332 0.002257
1341836664.039364 -0.003445 -0.007998 0.005745 -0.006233 0.01479 -0.001785
1341836664.071334 0.003648 -0.005766 -0.0001104 -0.006321 0.01179 0.001012
1341836664.107465 0.005973 -0.002831 0.0001543 -0.007076 0.00516 0.01244
1341836664.139499 0.008308 -0.002691 6.626e-06 -0.005695 -0.002256 0.01112
1341836664.171691 -0.0003069 -0.003173 0.00293 -0.00558 0.007044 0.001165
1341836664.239606 0.01613 -0.007651 -0.0006616 -0.006601 0.0008614 -0.003851
1341836664.304488 -0.01008 0.001984 0.007382 -0.003711 0.01454 -0.002938
1341836664.336817 0.002033 -0.006554 0.002352 -0.01179 0.01075 0.000834
1341836664.372893 0.01327 -0.006373 -0.002247 -0.01047 -0.008149 0.0118
1341836664.405900 0.003334 -0.001422 0.0005054 -0.001381 -0.002638 0.00695
1341836664.436745 -0.0004175 -0.002174 0.003518 -0.004935 0.0062 -0.005261
1341836664.472792 0.006981 -0.00451 -0.001017 -0.004918 -0.0006218 -0.00535
1341836664.505801 -0.001606 -0.0003706 0.002738 0.000744 0.004102 -0.004544
1341836664.572628 -0.006106 -0.006814 0.008009 -0.01834 0.02055 0.009867
1341836664.604406 0.005548 -0.003467 0.001461 -0.007246 0.0007207 0.007847
1341836664.640385 0.003302 0.001306 0.002424 -0.0001152 0.003563 0.001843
1341836664.675421 0.0007066 -0.003818 0.004772 -0.007064 0.009271 -0.006042
1341836664.707423 0.002195 0.0001281 0.003741 -0.002979 0.00751 1.317e-05
1341836664.743286 0.003514 0.005696 0.002789 0.008253 0.002607 0.002352
1341836664.775335 0.003224 -0.003141 0.004506 -0.00129 0.007252 -0.007472
1341836664.808290 0.004228 -0.005845 0.003966 -0.004257 0.01126 -0.004213
1341836664.843529 0.01002 -0.002433 0.001698 0.006177 -0.001269 0.002208
1341836664.875560 0.007843 0.005837 0.003692 0.01334 -0.004941 -0.002099
1341836664.908329 0.004074 -0.006283 0.003614 -0.003304 0.00274 -0.008692
1341836664.943985 0.003887 -0.006909 0.002087 -0.003177 0.008235 -0.003759
1341836664.975454 0.004544 0.001908 0.003903 0.004932 0.004612 0.005283
1341836665.011464 0.004772 0.002841 0.004554 0.003382 -0.0001883 0.004315
1341836665.043467 0.004421 -0.008796 -0.001706 -0.008615 0.004402 -0.00279
1341836665.076477 0.004045 0.005093 0.005703 0.004382 0.003907 0.0008639
1341836665.111475 0.005085 0.002631 0.001087 0.002101 -0.003396 0.0004784
1341836665.143411 0.002601 -0.003528 0.0003434 -0.005075 -0.0009992 -0.0008052
1341836665.179498 0.003114 -0.001211 0.001407 -0.004649 0.0008052 -0.0001224
1341836665.211393 0.00332 0.0009556 0.004735 -0.00236 8.979e-05 -0.0005158
1341836665.243462 0.002763 -0.0008156 0.002276 -0.0002785 -0.0002181 0.002073
1341836665.279363 0.003293 0.003158 0.003547 0.004066 -0.004136 0.004558
1341836665.311445 0.003156 -0.002932 -0.003649 -0.003762 -0.002528 -0.001257
1341836665.347391 0.003557 -0.002755 0.0007081 -0.003438 -0.003507 -0.004182
1341836665.379416 0.002475 -0.002742 0.003276 0.0005537 -0.003087 -0.004347
1341836665.414302 0.002848 0.001917 0.002661 0.006057 -0.003479 -0.003412
1341836665.447625 0.002579 0.001076 0.002486 0.00203 -0.003607 -0.00042
1341836665.479585 0.002243 -0.004673 0.002612 -0.001439 -0.003108 0.003259
1341836665.511862 0.004083 0.003779 0.001673 0.009259 -0.005625 0.001821
1341836665.547463 0.004066 0.003504 -0.00131 0.005299 -0.007696 -0.002198
1341836665.579729 0.001142 -0.005017 0.0003812 -0.000592 -0.007935 -0.001229
1341836665.615586 0.0009015 0.001036 0.001214 0.006266 -0.007034 -0.001798
1341836665.647409 0.0008056 -0.001494 -0.0007429 0.0009506 -0.003049 -0.001847
1341836665.679698 0.002335 0.002269 -0.002019 0.002949 -0.006279 0.004352
1341836665.715484 0.00306 0.0009914 -0.001546 0.004528 -0.01394 0.001833
1341836665.747334 -0.001719 -0.001525 0.004822 -9.295e-05 -0.007218 -0.01036
1341836665.783424 0.0007953 0.001841 -5.765e-05 0.002728 -0.001564 -0.009727
1341836665.815416 0.006506 0.005338 -0.00667 0.001743 -0.008801 -0.003812
1341836665.847633 0.001647 -0.002242 -0.00226 -0.006937 -0.008327 -0.00326
1341836665.883360 -0.0001969 8.421e-05 0.0004997 -0.005667 -0.004444 -0.003441
1341836665.915571 0.002913 -0.0003676 -0.004414 -0.003813 -0.008447 -0.002948
1341836665.951754 -0.0003205 0.002657 0.0004012 0.000912 -0.007905 -0.007663
1341836665.983382 0.002175 0.005029 -0.004392 4.335e-05 -0.01174 -0.005761
1341836666.015666 -0.0003061 -0.001567 -0.002284 -0.005157 -0.0118 -0.008595
1341836666.051545 -0.00158 -0.001901 -0.001003 -0.002264 -0.007456 -0.01071
1341836666.084216 -0.0003776 0.001834 -0.0003899 0.003712 -0.005383 -0.00883
1341836666.151399 -0.0007282 0.0004546 -0.000229 -0.002855 -0.002784 -0.001849
1341836666.212834 0.003357 0.004352 -0.002402 -0.006845 -0.007734 0.006541
1341836666.248415 0.000824 -0.004789 0.0002028 -0.001026 -0.003471 -0.004792
1341836666.280447 0.001505 0.0053 -0.0001613 0.009882 -0.003032 -0.007437
1341836666.316565 0.002188 0.006057 -0.001235 0.003917 -0.003422 -0.004877
1341836666.348446 0.001275 -0.0005656 0.0002635 -0.003967 -0.002823 -0.002932
1341836666.380595 0.0008992 -0.001907 0.0003147 -0.00391 -0.0006749 -0.002744
1341836666.416485 0.001256 -0.0004187 -0.0007028 0.001114 0.0001302 -0.002305
1341836666.448372 0.004452 0.003615 -0.003726 0.007467 -0.004943 -0.005287
1341836666.480371 0.006196 0.003636 -0.005694 0.007604 -0.01239 -0.01022
1341836666.516434 0.0021 0.007279 0.002274 0.005719 -0.01096 -0.01625
1341836666.548380 -0.003938 -0.007882 0.00534 -0.01004 0.006121 -0.01185
1341836666.584396 0.002573 0.001268 -0.002145 0.0004751 0.004302 0.00642
1341836666.616455 0.004551 -0.001013 -0.0006189 -0.0006819 -0.005572 0.009
1341836666.648818 0.001213 -0.0003761 0.004306 0.002952 0.0004067 -0.001561
1341836666.684381 0.005957 0.004922 -0.002676 0.006854 0.0009349 -0.006312
1341836666.716646 0.00602 -0.0004115 -0.004811 0.001826 -0.007739 -0.006668
1341836666.748519 0.001122 -5.099e-05 0.002392 0.003311 -0.006584 -0.007246
1341836666.784465 0.003563 0.00503 0.0009583 0.005441 -0.003802 -0.005494
1341836666.816449 0.00171 0.0006248 0.002945 -0.003043 0.0009349 -0.007946
1341836666.852331 0.001985 -0.005609 -0.0006002 -0.008297 0.003092 -0.0002096
1341836666.884348 0.005935 0.002952 -0.003372 0.003474 -0.00491 0.005011
1341836666.916412 0.005207 0.002863 -0.0002039 0.001683 -0.005566 -0.003917
1341836666.952384 0.003957 0.002733 -0.002405 4.934e-05 -0.002167 -0.004658
1341836666.984391 0.01028 0.001998 -0.009119 -0.00159 -0.01409 0.004241
1341836667.020351 0.000885 -0.007221 -0.001671 -0.005542 -0.01248 -0.004406
1341836667.052439 -0.0004489 0.008236 0.007825 0.01237 -0.005107 -0.01592
1341836667.084403 0.0002101 0.004741 -0.000103 0.001801 0.007601 -0.0158
1341836667.120447 0.007382 -0.004771 -0.01009 -0.007234 -0.005078 0.008884
1341836667.152384 0.003636 -0.003933 -0.00306 0.0001006 -0.01274 0.009766
1341836667.184447 -0.001441 0.005906 0.006869 0.003861 0.0007603 -0.004642
1341836667.220450 0.002372 -0.002469 -0.003918 -0.005512 0.00725 -0.002061
1341836667.252477 0.009639 -0.001544 -0.01026 -2.396e-05 -0.009805 0.007698
1341836667.288511 0.001038 -0.001116 0.0007172 0.0004664 -0.007702 0.004194
1341836667.320436 0.001043 0.0008931 0.002142 0.002056 -0.002222 -0.001889
1341836667.352381 0.001119 -0.000361 0.0001494 0.001368 0.003464 -0.00615
1341836667.388614 0.005847 -0.0008343 -0.005978 0.00304 -0.001645 0.002158
1341836667.420407 0.008214 0.007366 -0.00392 0.005609 -0.009474 0.004105
1341836667.452544 -0.0002594 -0.001958 0.00289 -0.009138 0.002236 -0.002579
1341836667.488483 0.00362 -0.006477 -0.00164 -0.006857 0.0002634 -0.0001566
1341836667.520635 0.004824 0.0002035 -0.001864 0.004978 -0.004272 -0.002363
1341836667.556960 0.006144 0.008881 -0.002469 0.008053 -0.004611 -0.004462
1341836667.624032 0.007658 -0.004404 -0.003002 -0.009345 -0.0117 -0.009356
1341836667.688473 0.004324 0.002997 -0.0007849 0.003495 0.001513 0.002707
1341836667.721804 0.006458 -0.0004676 -0.00213 -0.000753 -0.00777 0.003491
1341836667.756425 0.002615 0.002975 0.001944 0.001859 -0.002004 -0.001925
1341836667.788615 0.005404 0.002928 -0.002344 -0.002092 -0.002098 -0.001478
1341836667.824549 0.00322 -0.004051 -0.0009835 -0.007394 -0.002557 0.001678
1341836667.856623 0.005441 -0.001621 -0.001336 -0.002114 -0.005561 0.003489
1341836667.888563 0.004254 0.002175 0.003081 0.001055 -0.00397 -0.005863
1341836667.924440 0.0009592 -0.001322 0.003751 -0.002821 0.005779 -0.009649
1341836667.956454 0.008053 -0.001151 -0.007227 0.0004023 -0.00308 0.003622
1341836667.992273 0.007878 0.0001649 -0.004139 0.002513 -0.01196 0.004374
1341836668.027349 0.003738 0.008221 0.004265 0.005053 -0.005753 -0.0073
1341836668.059586 0.004625 0.0005944 -0.0009196 -0.005748 -0.0009625 -0.01051
1341836668.092395 0.004113 -0.004568 -0.002329 -0.006955 -0.003622 -0.004226
1341836668.127495 0.003495 -0.0006577 0.001241 -0.001443 -0.004215 -4.806e-05
1341836668.195531 0.009523 0.001542 0.001216 -0.003079 -0.002274 0.001369
1341836668.260423 0.01034 0.003145 -0.0006524 0.00433 -0.01107 -0.00751
1341836668.295422 0.004964 -0.0001553 -0.00161 -0.0003305 -0.005038 -0.003269
1341836668.327473 0.005372 0.00185 0.001366 0.001135 -0.008038 -0.007326
1341836668.360267 0.0002612 0.002076 0.007421 -0.000245 0.001187 -0.01142
1341836668.395391 0.003459 0.0001487 0.0007795 -0.0007128 0.003403 -0.004306
1341836668.427425 0.006887 0.004132 -0.00201 0.002133 -0.002539 0.0002265
1341836668.492469 0.009306 -0.003038 0.003127 -0.01152 -0.00348 -0.001961
1341836668.528479 0.00453 0.002902 0.003833 0.001476 0.000613 -0.008235
1341836668.564092 0.006295 0.000796 -0.002403 0.0008122 -0.001345 -0.006146
1341836668.596016 0.007852 0.002524 -0.00317 0.0007941 -0.007535 -0.004565
1341836668.631316 0.004779 0.004081 0.003363 -0.001192 -0.004644 -0.01094
1341836668.663764 0.002244 -0.00262 0.002551 -0.006629 0.0004939 -0.006638
1341836668.695474 0.005206 0.0006818 0.000826 0.001142 -0.004165 -0.001296
1341836668.731381 0.005146 0.009007 0.0048 0.003844 -0.002476 -0.008686
1341836668.763393 0.005871 -0.001542 -0.003152 -0.00501 -0.001923 -0.003423
1341836668.799462 0.005667 -0.004194 -0.001395 -0.005898 -0.007982 -0.002836
1341836668.831480 0.004453 0.003187 0.002275 0.001095 -0.006964 -0.005103
1341836668.863559 0.004329 -0.003401 -0.0004354 -0.00421 -0.006156 -0.003949
1341836668.899368 0.004768 0.0003494 0.002815 0.001126 -0.008136 -0.007665
1341836668.931665 0.002602 0.001063 0.003741 0.0008868 -0.001886 -0.009745
1341836668.967596 0.002852 -0.00562 0.0007165 -0.001313 -0.001457 -0.001156
1341836668.999449 0.006139 0.005632 0.001956 0.008316 -0.004256 -0.0005978
1341836669.031715 0.007362 0.002645 -0.004277 0.0003268 -0.002959 0.001313
1341836669.067505 0.00754 -0.007226 -0.00483 -0.01019 -0.008807 0.00148
1341836669.099501 0.001883 -0.005111 0.005989 -0.004353 -0.005127 -0.004886
1341836669.131529 0.004523 0.002599 0.002025 0.008556 -0.004275 -0.004388
1341836669.167527 0.01177 0.006348 -0.009573 0.006079 -0.01232 -0.003857
1341836669.199666 0.004737 -0.006815 -0.002156 -0.01242 -0.00907 -0.001107
1341836669.235486 0.004039 -0.0001185 0.001459 -0.001235 -0.009932 0.00242
1341836669.267396 0.006145 0.004144 0.001975 -0.003356 -0.007055 -0.005893
1341836669.299755 0.001876 -0.0118 0.0006107 -0.01561 2.634e-05 -0.0004955
1341836669.335579 0.003546 -0.0101 -0.0006106 -0.004267 -0.006961 0.005156
1341836669.396466 0.01131 0.009579 0.005288 0.01616 -0.01639 -0.007814
1341836669.432364 0.004435 -0.004978 -0.002437 -0.002506 -0.005164 -0.003766
1341836669.464369 0.002713 -0.00336 0.002125 0.001237 -0.007879 -0.001278
1341836669.500357 0.003832 0.00714 0.005565 0.00978 -0.005408 -0.0009288
1341836669.532520 0.00552 0.00371 0.0004488 0.0006581 -0.0007414 -0.001675
1341836669.564353 0.005561 -0.007884 -0.005838 -0.009402 -0.003472 0.003239
1341836669.600419 0.003983 -0.0069 -0.0008037 -0.005082 -0.009682 0.005279
1341836669.632678 0.003851 0.008022 0.007637 0.006645 -0.006618 -0.002706
1341836669.664702 0.004636 -0.001094 -0.001171 -0.004953 0.0003253 -0.007146
1341836669.732644 0.009203 -0.009172 -0.003279 -0.009386 -0.01682 0.003219
1341836669.768716 0.002523 0.00511 0.009524 0.002086 -0.001708 -0.004563
1341836669.800551 0.004234 -0.001877 -0.0003075 -0.003641 0.003416 -0.003304
1341836669.832424 0.006091 -0.008487 -0.00593 -0.005638 -0.005166 0.004915
1341836669.868359 0.006319 0.002144 0.001554 0.001955 -0.01063 0.002614
1341836669.900476 0.004406 0.002992 0.006374 -0.0007187 -0.002916 -0.0069
1341836669.932452 0.004399 -0.003099 -0.0003879 -0.005123 0.001281 -0.007019
1341836669.968425 0.004987 -0.006129 -0.003742 -0.004849 -0.004298 0.002442
1341836670.000398 0.006058 0.001156 0.001465 0.0007546 -0.009475 0.003331
1341836670.036492 0.00565 0.002016 0.004862 -0.001643 -0.004582 -0.004898
1341836670.068362 0.004856 -0.004277 0.0009303 -0.005287 -7.646e-05 -0.007237
1341836670.100477 0.004335 -0.004602 -0.002055 -0.001358 -0.003875 -0.002046
1341836670.136475 0.006395 0.001448 -0.001408 0.003455 -0.01026 0.00223
1341836670.168388 0.006795 -0.0005195 0.002196 -0.001714 -0.009414 -0.006112
1341836670.204493 0.002658 -0.003894 0.005143 -0.002267 -0.001916 -0.01079
1341836670.236528 0.003434 -0.001392 0.001071 0.007029 -0.004235 -0.003874
1341836670.268566 0.007869 0.008232 -0.0003758 0.01314 -0.01151 -0.0043
1341836670.304408 0.004887 0.003504 0.003946 0.001759 -0.003746 -0.009646
1341836670.336480 0.003582 -0.003437 -0.002085 -0.003824 -0.0006581 -0.001744
1341836670.368376 0.005057 -0.00614 -0.004146 -0.004288 -0.007695 0.005421
1341836670.404425 0.007436 0.002147 -0.0001085 0.001818 -0.01289 -0.002155
1341836670.436351 0.004354 0.001249 0.002753 -0.003228 -0.003677 -0.01227
1341836670.472378 0.001382 -0.007524 -0.002751 -0.007965 -0.001269 -0.004408
1341836670.504480 0.002225 -0.002066 0.001178 0.001644 -0.00956 0.001792
1341836670.536491 0.003276 0.006378 0.007383 0.005883 -0.006095 -0.002249
1341836670.572471 0.001583 -0.0006262 0.002402 -0.0002367 0.002943 -0.002508
1341836670.604416 0.003201 -0.003801 -0.006308 -0.002166 -0.002287 0.005199
1341836670.636568 0.003429 -0.0003368 0.0006368 -0.001711 -0.007375 0.005263
1341836670.672424 0.003592 -0.0005833 0.001824 -0.002669 -0.004095 -0.001145
1341836670.704672 0.004229 -0.002373 -0.001472 -0.003642 -0.003904 -0.006093
1341836670.740445 0.003795 -0.001384 -0.001608 -0.00218 -0.004757 -0.007579
1341836670.772397 0.003105 -0.002004 -0.0007096 -0.002717 -0.005853 -0.002601
1341836670.804598 0.003957 0.0002009 0.005113 0.001978 -0.007768 -0.002212
1341836670.840418 0.004846 0.005004 0.004201 0.00551 -0.001822 -0.007753
1341836670.872380 0.002944 -0.004536 0.0002731 -0.002586 0.002822 -0.004318
1341836670.904383 0.003673 -0.002244 -5.299e-05 0.003297 -0.001219 0.0002226
1341836670.940439 0.004417 0.0001574 -0.004424 0.00551 -0.005862 0.003338
1341836670.973144 0.005453 0.0009682 -0.0004795 0.003107 -0.01268 0.00482
1341836671.008437 0.004951 0.004921 0.007924 0.003066 -0.003615 0.002577
1341836671.040356 0.00563 -0.004109 -0.003903 -0.003639 0.001424 0.0005865
1341836671.072402 0.005536 -0.005856 -0.005796 -0.003343 -0.006286 -0.001654
1341836671.108363 0.006109 0.0006936 0.002847 0.001957 -0.007914 -0.003618
1341836671.140363 0.006824 -0.0008178 0.002238 -9.236e-06 -0.003328 -0.003279
1341836671.172431 0.005004 -0.005978 0.001938 -0.0004983 -0.0009441 0.0004378
1341836671.208455 0.008677 0.005875 -0.0003583 0.01183 -0.008097 -0.002249
1341836671.240537 0.007442 0.002425 0.0004782 -0.001648 -0.001846 -0.005723
1341836671.276556 0.004209 -0.01071 -0.0003515 -0.01127 0.00168 0.002725
1341836671.308395 0.005911 -0.005639 0.002959 -0.000668 -0.005627 0.006253
1341836671.340421 0.008554 0.003912 0.004913 0.007194 -0.002564 -0.0003689
1341836671.376528 0.006259 -0.002736 -0.004764 -0.006673 0.01071 0.0003653
1341836671.408336 0.00644 -0.0137 -0.004885 -0.01457 0.002912 0.01129
1341836671.444280 0.00831 -0.002798 0.002509 -0.0001021 -0.006185 0.01042
1341836671.479552 0.007852 -0.0008834 0.00286 -0.0009303 0.0007484 0.0005985
1341836671.511487 0.003877 -0.00649 0.0009438 -0.002908 0.001976 -0.001255
1341836671.544336 0.001646 0.0005926 0.004423 0.008695 -0.00279 0.0009496
1341836671.579393 0.003066 0.006265 0.002017 0.01382 -0.0129 -0.0003865
1341836671.611893 0.004786 0.009646 0.003155 0.01339 -0.01987 -0.01494
1341836671.647490 0.005753 0.006898 0.00159 0.006318 -0.01735 -0.03146
1341836671.679466 0.002329 0.004775 0.001399 0.003908 -0.01187 -0.02993
1341836671.712406 0.004177 0.005044 0.00455 0.003852 -0.01006 -0.01897
1341836671.748701 0.00173 0.002411 -0.001218 -0.002288 0.005612 -0.002546
1341836671.779489 0.003991 -0.01397 -0.004498 -0.01999 0.006469 0.01169
1341836671.812670 0.004312 -0.01263 0.002603 -0.01131 0.0007176 0.01516
1341836671.847512 0.006721 -0.00656 0.004728 -0.0005249 -0.0005996 0.007353
1341836671.879463 0.004613 -0.005212 0.004435 0.002895 0.00308 -0.002139
1341836671.916183 0.00295 0.000652 0.002859 0.007926 0.002344 -0.002728
1341836671.947561 0.003322 -0.0007695 0.0006782 0.001196 0.0009658 0.006904
1341836671.981207 0.00457 -0.007499 0.0007538 -0.008968 0.003666 0.01216
1341836672.015790 0.004178 -0.01391 -0.0001351 -0.01344 0.01102 0.0129
1341836672.047765 0.001643 -0.008001 -0.0001114 -0.005196 0.007874 0.02103
1341836672.083326 0.001161 -0.005223 0.00401 -0.001241 -0.004433 0.01452
1341836672.115537 0.003091 -0.005967 0.008893 0.00123 -0.002571 0.003642
1341836672.147515 -0.0006626 -0.002636 0.006844 0.007374 0.004005 0.004658
1341836672.183498 -0.0009006 0.001431 0.008855 0.01223 -0.00225 0.008426
1341836672.215454 0.002204 -0.0002832 0.01096 0.0115 -0.001065 0.01102
1341836672.251542 0.002393 0.001058 0.003251 0.008316 0.003212 0.01097
1341836672.283536 0.0009491 -0.003454 0.00194 0.0004744 0.0002495 0.006968
1341836672.316669 0.001041 -0.002405 0.004083 0.002538 -0.003623 0.006242
1341836672.351405 0.004352 0.0005339 0.003911 0.00424 -0.00461 0.0004562
1341836672.383524 0.003919 0.002165 0.0005776 0.0004968 0.0004443 -0.004369
1341836672.419469 0.00363 -0.002361 -0.003137 -0.007862 0.001596 0.002249
1341836672.451386 0.004033 -0.01546 -0.007149 -0.014 -0.001198 0.0107
1341836672.483979 0.002468 0.002922 0.01091 0.006682 -0.00126 0.009061
1341836672.519365 0.004954 -0.002645 -0.009414 -0.00177 -0.001008 -0.002313
1341836672.551655 -0.0006362 -0.003057 0.005961 -0.004953 0.0004636 -0.005089
1341836672.587467 -0.0003162 -0.007672 0.0003146 0.0006518 -0.006015 0.001053
1341836672.619792 0.004453 0.0078 0.01706 0.01236 -0.002947 -0.001553
1341836672.651702 0.004312 -0.009221 -0.005618 -0.002492 0.005013 -0.001231
1341836672.687372 0.0008966 0.005216 0.01166 0.009177 0.002322 -0.0008495
1341836672.719478 0.005121 0.00107 0.001153 0.002528 -0.002692 0.005436
1341836672.755391 0.004202 -0.00391 0.003632 -0.004621 -0.001902 0.003925
1341836672.787379 0.008246 -0.008538 -0.002499 -0.0008243 -0.006507 -0.006558
1341836672.819409 0.005265 0.004521 0.006936 0.007174 -0.001583 -0.01476
1341836672.855564 0.0016 -0.007823 -0.004511 -0.0004535 -0.005229 -0.009548
1341836672.887345 0.008994 0.001815 0.005356 0.01045 -0.01435 -0.01007
1341836672.924094 0.008274 0.003335 0.001676 0.009265 -0.005195 -0.01296
1341836672.955564 0.004193 0.003647 -0.0009971 0.002662 -0.004979 -0.01182
1341836672.987384 0.00637 0.002789 -0.002574 -0.00258 -0.007272 -0.003615
1341836673.023403 0.004678 -0.008691 -0.0009465 -0.01272 -0.004865 0.001581
1341836673.055383 0.007274 -0.006908 0.00287 -0.001658 -0.006569 -0.002636
1341836673.087396 0.005774 0.0006004 0.00497 0.01087 -0.0004552 -0.005051
1341836673.123934 0.0007415 0.008999 0.0006355 0.01103 -0.002879 -0.004596
1341836673.155490 0.00397 -0.000498 -0.000813 -0.004542 -0.006381 -0.005847
1341836673.187602 0.004822 -0.003154 -0.001055 -0.004075 -0.0008273 -0.001434
1341836673.223462 0.003086 0.003963 -0.004204 -0.001942 0.0001455 -0.0001609
1341836673.255355 0.004182 -0.006086 -0.002349 -0.01101 -0.002852 0.002255
1341836673.291497 0.003146 -0.004877 -0.002845 -0.005822 0.00175 0.002116
1341836673.323529 0.006841 0.001013 -0.002433 -0.001066 -2.278e-05 -0.003553
1341836673.355648 0.006019 0.000957 -0.003384 -0.002018 -0.004339 -0.006153
1341836673.391603 0.003545 -0.001544 -0.001228 -0.003722 -0.0002488 -0.004219
1341836673.423299 0.006569 -0.0001824 -0.001914 -0.00114 0.0007091 -0.001451
1341836673.455326 0.005656 0.0003121 -0.006067 -0.003462 0.002226 0.0001754
1341836673.491478 0.006621 -0.001891 -0.004402 -0.007394 0.002251 -0.002216
1341836673.523314 0.009203 -0.0037 -0.004958 -0.006888 0.0001055 -0.001661
1341836673.555382 0.009399 0.00227 -0.0002615 0.001793 -0.006119 0.002149
1341836673.591360 0.004187 0.000508 0.0004119 -9.364e-05 -0.006818 -0.003669
1341836673.623526 0.002935 -0.003331 4.913e-05 -0.002851 0.001235 -0.0136
1341836673.688616 0.00933 0.009645 -0.003484 0.009335 -0.004084 -0.01286
1341836673.720513 0.00234 -0.002652 -0.001592 -0.006263 -0.002397 -0.00252
1341836673.756546 0.00502 -0.003661 0.0002259 -0.004615 0.002423 -0.005759
1341836673.788595 0.006823 -0.001341 -0.00284 0.0004442 0.002766 -0.005483
1341836673.820562 0.002778 0.00202 -0.002012 0.001587 -0.001703 -0.002235
1341836673.856640 0.004221 -0.002228 -0.0001948 -0.00226 -0.003999 -0.001177
1341836673.888400 0.00554 -0.003375 0.0004447 -0.001068 9.571e-05 -0.007341
1341836673.924361 0.005222 0.001148 -0.001028 0.003204 -0.001058 -0.01123
1341836673.959430 0.003968 0.004116 0.0009193 0.005955 -0.005016 -0.003949
1341836673.991533 -0.002411 0.001838 -0.001128 -0.0007277 0.001494 -0.0007843
1341836674.024338 0.00261 -0.005136 -0.001544 -0.006948 0.003286 0.001788
1341836674.059346 0.007715 -0.002 0.001295 0.0008661 -0.00503 0.00176
1341836674.091258 0.002211 0.001572 0.001206 0.004006 -0.002884 -0.004328
1341836674.127400 0.001545 -0.001053 -0.001255 -0.0004084 0.0006948 -0.003095
1341836674.159454 0.004363 0.0002423 0.0009467 0.002437 -0.003558 -0.001269
1341836674.192392 0.001073 0.0001221 -0.001758 0.0005796 0.001491 -0.003015
1341836674.227367 0.003581 0.002221 -0.001353 1.318e-05 0.0006389 -0.0003704
1341836674.259520 0.003085 -0.0002447 -0.002069 -0.004043 0.001195 -0.0001083
1341836674.295539 0.006031 -0.003682 -0.00104 -0.006208 0.002167 -0.001702
1341836674.327349 0.009084 -0.001471 0.001724 0.0009083 -0.005092 -0.002488
1341836674.359552 0.001616 -0.002707 0.000236 0.001935 0.00403 -0.004002
1341836674.395349 0.00667 0.001937 -0.00104 0.00543 0.001691 -0.001878
1341836674.427776 0.006016 0.003237 -0.0004987 0.003243 -0.004057 0.001163
1341836674.463448 0.00405 -0.00159 0.0007088 -0.0007959 -0.003356 0.002067
1341836674.495393 0.006261 -0.004482 0.0008602 -0.0001676 -0.003439 -0.001666
1341836674.527642 0.004692 -0.0005399 0.0008921 0.00578 -0.0004504 -0.005354
1341836674.563353 0.004874 0.001885 -0.0008754 0.004965 0.001185 -0.003386
1341836674.595448 0.009527 -0.0008889 0.0009127 0.003621 -0.007717 0.001056
1341836674.631493 0.0049 -0.0008265 0.00274 0.009097 -0.003462 -0.002259
1341836674.663422 -0.004248 0.001278 -0.003414 0.002007 0.01316 -0.003407
1341836674.695423 0.0146 -0.001002 -0.0005732 0.0008677 -0.006549 0.005176
1341836674.731433 0.009194 -0.001087 0.002543 0.007421 -0.008924 0.005707
1341836674.763411 0.0001788 0.0002691 -0.0006049 0.003991 0.004027 -0.001541
1341836674.799406 0.009058 0.000778 -0.00116 0.001535 -0.003305 -0.002668
1341836674.831396 0.005018 0.001903 0.0003991 0.003127 -0.003973 -0.001109
1341836674.863462 -0.002096 -0.0005557 -0.001408 -0.001317 0.00766 0.00386
1341836674.899526 0.01105 -0.001487 -0.0005703 -0.002928 -0.004667 0.006444
1341836674.931310 0.009721 -0.003141 0.0009163 0.001229 -0.006997 0.003783
1341836674.963551 0.005412 -0.001834 0.0004316 0.004785 -0.0009368 -0.003242
1341836674.999342 0.000903 0.005857 -0.00241 0.001588 0.003016 -0.007274
1341836675.031504 0.005938 -0.005368 -0.001915 -0.007209 -0.001504 0.001448
1341836675.067376 0.005646 -0.001073 0.0008419 0.002833 5.36e-05 0.007878
1341836675.099423 0.003635 0.0001404 -0.0009465 -0.001371 0.001831 0.005138
1341836675.131343 0.01288 -0.001796 0.001389 5.722e-05 -0.008895 0.003024
1341836675.167402 0.005663 -0.0007275 0.001601 0.003689 -0.003985 -0.002141
1341836675.199526 0.001791 -0.0009077 -0.0002246 0.0005103 0.002603 -0.005965
1341836675.235537 0.002944 0.002402 -0.0006526 0.002123 0.001562 -0.002536
1341836675.267473 -0.0006393 0.001422 -0.00126 -0.00378 0.003982 0.003823
1341836675.299724 0.00676 -0.004745 -0.001311 -0.006732 -0.00133 0.005764
1341836675.335385 0.009212 -0.0004478 -0.0009771 -0.0008976 -0.002627 2.619e-05
1341836675.367495 0.003683 0.001962 -0.001305 -0.002223 0.002072 -0.006641
1341836675.403383 0.003588 0.001259 -0.00148 -0.003692 0.001048 -0.002678
1341836675.435650 0.004974 -0.001638 -0.001111 -0.003586 -0.0003937 0.0004746
1341836675.467560 0.00313 0.0002841 -0.001828 -0.0008068 0.002878 0.0007683
1341836675.503830 0.006332 0.002495 -0.0006471 -0.0007652 -0.0004864 0.0008397
1341836675.535775 0.01003 0.00128 -0.0004472 -0.0004695 -0.009503 -0.001539
1341836675.568163 0.001393 -0.003651 0.0005412 -0.001703 8.579e-05 -0.005652
1341836675.603390 3.991e-05 -0.0002209 0.000395 0.002927 0.007449 -0.007759
1341836675.664623 0.01135 0.007776 0.001298 0.009394 -0.00546 -0.003718
1341836675.700359 -0.001896 -0.001305 3.31e-05 -0.001129 0.005228 -0.005026
1341836675.732610 -0.001655 -0.001206 -0.0008452 -0.003592 0.011 -0.008456
1341836675.764433 0.002889 -0.001688 -0.0004169 -0.001352 0.006038 -0.005218
1341836675.800500 0.002693 -2.882e-05 0.001138 0.004488 0.003641 -0.003414
1341836675.832405 0.0008705 0.001796 0.0007342 0.003187 0.005982 -0.00466
1341836675.868533 0.002856 -0.001053 0.000439 -0.001392 0.002407 -0.006286
1341836675.900451 0.001458 0.005559 0.001701 0.01316 0.001454 -0.00596
1341836675.932365 -0.0006524 0.003189 0.002289 0.01068 0.00336 -0.008494
1341836675.968712 -0.001017 -0.0009712 0.0008263 -0.0003214 0.006244 -0.003592
1341836676.000893 0.002685 0.002295 0.001613 0.01104 -0.001707 0.002067
1341836676.032446 0.1513 -0.3959 -0.2239 -0.3975 -0.1701 -0.01569
1341836676.068524 0.03838 -0.089 -0.03605 -0.07968 -0.04333 -0.007793
1341836676.100441 0.01476 -0.04552 -0.01767 -0.03904 -0.01529 -0.003367
1341836676.136377 -0.0006298 -0.04911 -0.01555 -0.04288 0.005737 0.005645
1341836676.171395 -0.03227 -0.06618 0.03044 -0.06775 0.03268 0.01094
1341836676.203538 0.007163 0.001909 -0.001441 -0.001247 -0.007909 0.006615
1341836676.239454 -0.0007168 0.003667 -0.0006148 0.006943 0.002522 -0.003033
1341836676.271392 0.0009389 -0.001856 -0.001155 -0.0009091 0.005715 -0.008699
1341836676.303558 0.0007528 -0.003037 -0.001797 -0.004606 0.004679 -0.003758
1341836676.339828 0.002355 0.002738 -0.001046 0.004098 0.002666 0.006456
1341836676.371580 0.004963 -0.02075 -0.001623 -0.02494 -0.00176 0.003345
1341836676.404332 -0.0009867 0.0003767 -0.003262 -0.005631 0.006762 -0.001818
1341836676.439454 0.006784 0.001089 -0.0003603 0.007329 -0.001041 -0.0002541
1341836676.471417 0.006251 0.005896 0.000447 0.01082 -0.004529 -0.006754
1341836676.504551 0.0005369 -0.002051 -0.001315 -0.004826 0.002467 -0.008629
1341836676.539780 -0.000966 0.002869 -0.0002085 0.004654 0.006892 -0.003304
1341836676.571367 0.002622 -0.02193 -0.0003507 -0.02707 0.002302 0.001737
1341836676.607350 0.004642 0.0001646 -0.0007651 -0.004802 -0.001842 0.002128
1341836676.639474 0.0039 -0.01747 -0.0007825 -0.02361 7.969e-05 -0.00916
1341836676.672313 -0.003367 -0.001996 -0.00275 -0.009559 0.01134 -0.008386
1341836676.707247 2.172e-05 -0.004591 -0.0008286 -0.006143 0.01012 0.001574
1341836676.739373 0.002941 -0.02277 -0.00136 -0.02779 0.003613 0.003125
1341836676.775298 -0.001485 -0.01175 -0.003824 -0.02116 0.008165 0.0005316
1341836676.807316 0.007148 -0.004021 -0.0002638 -0.008607 -0.001431 -0.0001476
1341836676.840294 0.005477 0.004889 0.003226 0.004198 -0.003528 -0.002288
1341836676.875564 0.001912 -0.002526 -0.002711 0.003081 0.0003472 -0.003283
1341836676.907413 0.005371 0.006707 0.005466 0.01005 -0.002937 -0.006725
1341836676.943264 -0.001251 -0.004776 -0.001232 -0.007251 0.003476 -0.004088
1341836676.975606 -5.621e-05 0.0005562 -0.0002841 0.00117 0.003012 0.002998
1341836677.007365 0.004054 0.001568 0.001025 0.006838 -0.0004497 0.003776
1341836677.043483 0.005098 -0.006743 -0.002398 -0.0009775 -0.001298 0.002199
1341836677.075484 0.004698 0.004262 0.00484 0.006913 -0.0008892 -0.001353
1341836677.111387 0.00552 -0.008967 -0.003162 -0.007557 -0.00285 -0.001751
1341836677.143425 0.00737 -0.0004261 0.0006849 0.001508 -0.007201 -0.002607
1341836677.175524 -0.008329 -0.01216 -0.005178 -0.01895 0.01112 -0.003427
1341836677.211426 -0.004572 -0.002276 -0.003706 -0.009755 0.01428 0.007849
1341836677.243560 0.01412 -0.006643 0.001777 -0.004285 -0.008434 0.01227
1341836677.279618 0.005207 -0.002852 0.0003823 0.0003731 -0.001836 0.006332
1341836677.311512 0.006816 -0.01837 -0.0006083 -0.02374 -0.001888 -0.001119
1341836677.343587 0.009914 -0.007902 -0.0004576 -0.01347 -0.01288 -0.001818
1341836677.379500 -0.005538 0.01173 0.0006656 0.01524 0.005371 0.001284
1341836677.411433 0.003823 0.00568 0.003627 0.01634 0.00145 0.004101
1341836677.447338 0.004819 -0.002334 0.001932 0.002381 0.002237 -0.003089
1341836677.479386 0.005649 -0.007571 0.001032 -0.007779 0.001812 -0.002543
1341836677.511356 0.002888 -0.004861 0.0009329 -0.005095 0.0009468 0.003555
1341836677.547387 -0.003045 -0.007321 -0.001591 -0.01095 0.01023 0.006354
1341836677.579642 0.001471 -0.003072 -0.0009916 -0.007599 0.01283 0.008075
1341836677.615504 0.01393 -0.01249 0.0008328 -0.01544 -0.0006776 0.0113
1341836677.647341 0.0128 -0.007393 0.002262 -0.005632 -0.005872 0.005717
1341836677.679416 0.004405 -0.003366 -0.001063 -0.004625 0.005037 -0.0007409
1341836677.715476 0.008439 -0.002532 -1e-05 -0.005618 0.002325 0.001065
1341836677.747545 0.006285 -0.00199 0.0008683 -0.0006223 0.001569 0.007059
1341836677.779615 0.01369 -0.01045 0.0004402 -0.01162 -0.009016 0.003787
1341836677.815481 -0.0007875 0.0003047 0.004213 -0.00231 0.002805 -0.005799
1341836677.847419 0.002324 0.001528 -0.006446 0.002873 0.007143 -0.0007521
1341836677.883498 0.008687 -0.007754 0.003783 1.5e-05 -0.001828 0.007994
1341836677.915509 0.004028 0.0007606 0.001821 0.004826 -0.001712 0.004568
1341836677.947453 -0.002741 0.006043 -0.003116 -0.0009718 0.0144 0.004313
1341836677.984244 0.01532 -0.01057 0.004363 -0.007404 -0.005834 0.01048
1341836678.015280 0.005557 -0.007301 0.004215 0.002196 -0.006771 0.01119
1341836678.047351 -0.004177 0.004943 0.003461 0.01521 0.005414 0.005314
1341836678.083387 -0.0007044 0.003844 9.718e-05 0.002771 0.006799 0.0006019
1341836678.115476 -0.0002454 0.00106 2.338e-05 -0.002044 0.008719 0.01183
1341836678.151490 0.01019 -0.009345 0.001732 -0.00954 -0.009175 0.02089
1341836678.183560 0.0009055 -0.0003247 -0.0001528 0.0007378 -0.0001451 0.007107
1341836678.215498 -0.00123 0.008219 0.0009187 0.01329 0.01162 -0.004927
1341836678.251467 0.01187 -0.002626 0.002363 0.0001198 -0.004106 -0.005508
1341836678.283515 0.004702 -0.007004 0.001657 -0.004907 -0.01007 -0.0003425
1341836678.315603 -0.01324 0.005554 -0.0008095 0.01088 0.01046 -0.0007623
1341836678.351452 -0.004042 0.008306 0.0009317 0.0145 0.01222 -0.0002922
1341836678.383472 0.01038 -0.006549 0.002296 -0.001257 -0.008103 0.001604
1341836678.415454 0.001025 -0.01266 0.0009697 -0.003836 -0.01025 -0.000317
1341836678.451320 -0.01484 0.008251 0.0008573 0.01966 0.008031 -0.01244
1341836678.483330 -0.0127 0.01385 -0.001166 0.0171 0.01715 -0.005293
1341836678.519502 0.009032 -0.01372 0.0008965 -0.01321 -0.01412 0.01395
1341836678.551888 -0.006559 -0.01273 -0.004288 -0.01272 -0.01179 0.006243
1341836678.583521 -0.01678 0.01051 -0.005685 0.01079 0.01224 -0.004968
1341836678.619386 0.005361 -0.005587 -0.001619 -0.005088 -0.006438 -0.007238
1341836678.651482 -0.004536 -0.008626 -0.0008423 -0.004577 -0.008808 -0.004222
1341836678.683549 -0.0164 0.005927 -0.002156 0.009319 0.005598 -0.0004531
1341836678.719315 -0.01057 0.008702 -0.002244 0.008439 0.009552 0.00039
1341836678.751611 0.001176 -0.004414 -0.002273 -0.007951 0.001262 0.004247
1341836678.783463 0.008603 -0.01272 -9.854e-05 -0.01284 -0.01579 0.004144
1341836678.819336 -0.01051 0.004653 -1.356e-05 0.01275 0.001678 -0.005369
1341836678.851565 -0.01206 0.01993 -0.0009345 0.02043 0.02 -0.01272
1341836678.887391 0.01069 -0.005981 0.001109 -0.008993 -0.000534 0.003052
1341836678.919470 0.01235 -0.0187 0.00123 -0.01955 -0.02304 0.01035
1341836678.951404 -0.01577 0.01142 -0.003455 0.0124 0.01195 0.0002914
1341836678.987302 0.001518 0.005459 -0.00127 0.002403 0.0101 -0.007849
1341836679.019602 0.00904 -0.005823 0.0009631 -0.005278 -0.002961 -0.002713
1341836679.052343 0.003779 -0.005155 0.001333 -0.002411 -0.008563 0.006635
1341836679.087489 -0.002745 -0.002946 -0.0007379 -0.003299 -0.004386 0.002087
1341836679.119652 -0.009749 0.01102 -0.0001699 0.0144 0.01325 -0.005614
1341836679.152308 0.004856 0.001385 3.429e-05 0.0003778 0.005358 -0.003999
1341836679.187362 0.01097 -0.01416 0.001562 -0.01707 -0.01515 0.005945
1341836679.219699 -0.009459 -0.001131 -0.001033 0.001176 0.0002655 0.006094
1341836679.255499 -0.01005 0.00998 -0.0009942 0.01208 0.01306 -1.623e-05
1341836679.287424 0.006294 -0.002216 -0.0001575 -0.002828 0.003039 -0.003762
1341836679.320453 0.01008 -0.0106 0.002192 -0.0105 -0.01261 0.001367
1341836679.355426 -0.006954 -0.001255 0.001112 0.002886 -0.001824 0.002985
1341836679.387372 -0.007984 0.01012 3.444e-05 0.01216 0.009031 -0.002157
1341836679.420419 0.0009501 0.0007478 -5.109e-06 -0.00209 0.007997 -0.002843
1341836679.455385 0.005634 -0.007253 0.00174 -0.007367 -0.00422 0.005694
1341836679.487485 -0.002196 0.002063 0.001662 0.007245 0.001399 0.007856
1341836679.523309 0.00388 -0.002616 -4.5e-05 -0.002987 -0.001716 -0.002134
1341836679.555484 0.001133 -0.00245 0.0009501 -0.001442 -0.0006762 -0.006565
1341836679.588320 -0.003584 0.001847 0.001799 0.007853 0.003101 -0.001057
1341836679.623300 0.00148 -0.001424 0.0018 0.002072 -0.004271 0.003052
1341836679.655410 -0.003488 0.001417 -0.0003121 0.0008414 0.001697 0.0002102
1341836679.691422 -0.002536 -0.0004287 -0.0006506 -0.002445 0.006534 0.00192
1341836679.723424 0.007885 -0.01013 0.002566 -0.004448 -0.01091 0.00439
1341836679.755502 -0.004653 0.0009584 -9.435e-05 0.004093 -0.00258 -0.003529
1341836679.791471 -0.008896 0.006371 -0.001209 0.005822 0.01103 -0.00558
1341836679.823612 0.003151 -0.005074 0.001751 -0.002546 -0.00231 0.005084
1341836679.859449 0.001723 -0.007639 0.0008713 -0.005459 -0.0105 0.007644
1341836679.891496 -0.007211 0.002647 -0.001609 0.001758 0.003525 -0.00142
1341836679.923536 -0.003234 0.004754 0.0009702 0.006661 0.007586 -0.006576
1341836679.959477 0.003048 -0.001385 0.00229 0.001313 -0.001919 -0.003521
1341836679.991496 0.001234 -0.005133 0.001371 -0.004897 -0.008076 0.0009475
1341836680.027833 -0.009159 0.005314 -0.0006396 0.005111 0.005254 -0.001242
1341836680.059408 -0.005104 0.009477 0.001123 0.01078 0.01011 -0.002111
1341836680.095562 0.006615 -0.00487 -0.0001287 -0.005527 0.0007063 0.0004996
1341836680.127323 0.01171 -0.01339 0.0008743 -0.01579 -0.01409 0.0008847
1341836680.159673 -0.006725 0.002958 -0.001412 0.002651 0.001506 -0.003194
1341836680.195581 -0.005052 0.009478 -0.001233 0.009189 0.01105 -0.005618
1341836680.227990 0.007527 -0.005873 -0.001132 -0.008704 -0.0004902 -0.002209
1341836680.263486 0.006143 -0.008176 -0.0002384 -0.01018 -0.009285 0.001758
1341836680.295695 -0.004881 0.001542 -0.001384 -0.0008442 0.000501 0.0003687
1341836680.328479 -0.00201 0.001584 -0.001099 0.0009406 0.00211 -0.002163
1341836680.367788 -0.001165 -0.0006319 -0.0009256 -0.0002922 0.003042 -0.00154
1341836680.397603 0.000751 -0.003631 0.0006673 -0.001084 -0.002296 0.001811
1341836680.428141 -0.002468 0.001514 0.000595 0.007003 -0.0009854 0.001445
1341836680.466780 -0.002169 0.003137 -4.982e-05 0.005248 0.001497 -0.003118
1341836680.495933 -0.001596 -0.0007739 -0.000551 -0.0007439 0.001507 -0.001114
1341836680.531650 -0.0009559 -0.004335 0.0004108 -0.001238 -0.002223 0.003942
1341836680.567418 -0.00269 0.002338 5.685e-05 0.007073 -0.00154 0.001598
1341836680.624540 -0.003961 0.003283 -0.001382 0.001557 0.006282 -0.006393
1341836680.660480 0.001927 -0.005943 0.0007093 -0.006129 -0.006149 0.004318
1341836680.692969 -0.003433 0.001945 -0.000545 0.001845 -0.001723 0.0006735
1341836680.760849 -0.001385 0.004826 -0.002094 0.0001947 0.01216 -0.005027
1341836680.792605 0.009591 -0.01243 0.001007 -0.01385 -0.01568 0.001656
1341836680.828599 -0.007925 0.004543 -0.003285 0.004325 0.002277 -0.002366
1341836680.896025 0.002742 0.0002119 -0.000452 -0.003256 0.00637 -0.005436
1341836680.960521 -0.004415 0.001882 -0.001086 0.0005001 0.00124 0.003727
