1305031102.211214 0.001826 -0.007021 -0.01058 0.004861 0.006308 0.003618
1305031102.275326 0.0002867 0.0009976 -0.02602 0.02379 0.01216 -0.001756
1305031102.311267 -0.0008869 0.003302 -0.01444 0.01068 0.004855 -0.001651
1305031102.343233 0.0007535 -0.0005984 -0.01145 0.003825 0.00338 -0.003505
1305031102.375329 -0.0006744 -0.0004572 -0.01257 0.004149 0.004433 -0.0003398
1305031102.411258 0.00399 -0.002867 -0.009652 0.002635 0.00289 0.00274
1305031102.443271 0.0004488 -0.005366 -0.01035 0.008475 0.006511 0.0005526
1305031102.475318 -0.002804 0.001586 -0.0149 0.01548 0.005791 0.000518
1305031102.511219 -0.001377 0.00138 -0.01337 0.01078 -0.001429 0.002414
1305031102.575286 -0.002268 0.007964 -0.02752 0.01623 -0.004527 0.006063
1305031102.611233 0.001382 0.003603 -0.01171 -0.00417 -0.006487 -0.002157
1305031102.675285 0.004941 -0.008693 -0.02205 -0.004841 -0.00147 -0.003281
1305031102.711263 -0.0001527 0.001831 -0.01363 0.002627 0.0008993 -0.002474
1305031102.743234 -0.0009532 -0.006049 -0.0121 -0.0005146 0.00107 -0.003339
1305031102.775472 -0.003335 0.001235 -0.01483 0.005505 -0.002145 0.002701
1305031102.811232 0.001504 -0.002325 -0.01199 0.001796 -0.007632 0.00181
1305031102.843290 -0.0009352 0.001574 -0.01433 0.00492 -0.006517 0.00146
1305031102.875363 0.003643 -0.001618 -0.01126 -0.001838 -0.008457 0.004933
1305031102.911185 0.001132 -0.001727 -0.01145 -0.0008953 -0.003515 0.002515
1305031102.975203 0.01404 -0.003302 -0.01983 0.0004292 0.0043 0.005296
1305031103.011215 -0.00096 -0.001625 -0.01145 0.002503 0.01385 -0.005464
1305031103.043227 0.0002362 -0.002438 -0.01194 0.002738 0.01233 -0.004881
1305031103.075319 -0.005614 0.0012 -0.01246 0.0007316 0.01 -0.004867
1305031103.111240 0.001079 -0.007412 -0.007852 -0.006148 -0.001773 -0.001455
1305031103.143318 -0.001481 -0.0001856 -0.01053 0.004588 0.001124 -0.003432
1305031103.175452 0.0002912 -0.005887 -0.007653 -0.001492 -0.003377 -0.0004986
1305031103.243216 0.0005944 -0.00643 -0.0157 0.02289 -0.0005367 -0.009904
1305031103.275370 0.00627 -0.0002859 -0.005791 0.01896 0.00131 -0.007045
1305031103.311210 -0.001737 0.006042 -0.007369 0.01682 0.02049 -0.001386
1305031103.343223 -0.007209 -0.001538 -0.003508 0.0002435 0.01337 0.0005105
1305031103.375327 -0.001535 0.001418 -0.0009788 0.0077 -0.001782 -0.004123
1305031103.411260 0.001839 0.005259 0.002134 0.006365 -0.002059 -0.002494
1305031103.443280 0.001971 0.0006788 0.004696 -0.000694 0.003446 0.001692
1305031103.475274 -0.0006489 0.003693 0.004087 0.001145 0.006171 0.003679
1305031103.511333 0.0003711 0.003722 0.006545 -0.003753 0.002791 0.005187
1305031103.543444 0.0008625 0.004401 0.008192 -0.006568 0.001994 0.004466
1305031103.575474 0.00319 0.0006642 0.01175 -0.009441 0.0007453 0.0002622
1305031103.611223 0.002026 0.00362 0.01033 -0.00346 0.005789 -0.002336
1305031103.643445 0.0002043 0.002651 0.01093 -0.00549 0.008732 -0.0002419
1305031103.675523 -0.001289 0.002048 0.01137 -0.005556 0.006356 0.0003471
1305031103.711610 -0.0006288 0.001776 0.01218 -0.005143 0.002599 0.0007599
1305031103.743326 -0.0003532 0.005156 0.0123 -0.003176 5.67e-06 0.002095
1305031103.775342 0.001417 -0.0008263 0.01565 -0.00796 -0.002059 0.007167
1305031103.811242 0.001016 -0.0008613 0.01463 -0.000562 -0.002987 0.006466
1305031103.843251 0.005589 -0.002224 0.01582 0.004698 -0.004042 0.005165
1305031103.875361 0.0007685 0.01096 0.01062 0.01807 0.006774 0.004379
1305031103.911221 2.418e-05 0.005418 0.01381 -0.0003656 0.008296 0.003201
1305031103.943211 8.986e-05 0.0001577 0.01509 -0.004986 0.005689 0.002422
1305031103.975373 -0.001293 0.004402 0.01316 -0.002232 0.004875 0.00237
1305031104.011232 -0.004133 0.005 0.01181 -0.006675 0.003118 0.002147
1305031104.043249 -0.001239 -0.0004072 0.01621 -0.01565 -0.005952 0.005135
1305031104.075425 -0.0001566 -0.002351 0.01489 -0.009319 -0.009588 0.005347
1305031104.111235 -0.002375 0.005604 0.01166 -0.003801 -0.01045 0.002215
1305031104.143230 0.002621 0.003384 0.01543 -0.008765 -0.01292 0.002183
1305031104.175424 0.001595 0.001331 0.01451 -0.008266 -0.007081 0.001584
1305031104.211283 -0.0002275 0.003984 0.01265 -0.007096 -0.004766 -0.0003526
1305031104.243196 5.632e-05 0.001128 0.01313 -0.009632 -0.004545 0.0002964
1305031104.275546 -0.0004505 0.0008572 0.01264 -0.009054 -0.004955 0.001833
1305031104.311219 -0.0001521 0.0008383 0.01179 -0.007565 -0.006607 0.0001898
1305031104.343342 -0.001061 -0.0005362 0.01181 -0.006945 -0.007832 0.0009025
1305031104.375837 0.001045 0.0006249 0.01104 -0.003683 -0.0103 -0.0005244
1305031104.411509 0.00334 0.000502 0.01119 -0.00288 -0.009333 -0.0008546
1305031104.443288 0.005244 -0.0007983 0.01131 -0.001678 -0.005319 -0.0008703
1305031104.475456 0.004406 0.001282 0.009536 0.0007783 0.0009055 -0.001311
1305031104.511329 0.0007825 0.003935 0.008011 -0.0003969 0.005421 -0.002858
1305031104.543368 -0.002772 0.001995 0.008839 -0.00624 0.005734 -0.001544
1305031104.575343 -0.005748 0.003976 0.007318 -0.007787 0.002326 -0.001101
1305031104.611336 -0.007695 0.008543 0.006667 -0.01591 -0.005468 -0.002472
1305031104.643243 -0.002282 -0.00296 0.01236 -0.02658 -0.01486 0.0004902
1305031104.675525 -0.001381 0.005085 0.00962 -0.02083 -0.01602 -0.001882
1305031104.711277 -0.000623 0.002086 0.0109 -0.02749 -0.01528 -0.00394
1305031104.743280 -0.002904 -0.001052 0.01074 -0.02759 -0.01363 -0.003231
1305031104.775327 -0.0003301 -0.000474 0.009642 -0.02498 -0.01489 -0.002963
1305031104.811465 -0.003353 -0.003358 0.008371 -0.02335 -0.01251 -0.004834
1305031104.843258 0.0007713 -0.002566 0.007319 -0.01778 -0.01448 -0.004005
1305031104.875350 0.004417 -0.005115 0.006383 -0.01295 -0.00876 -0.003901
1305031104.911534 -0.001759 -0.00347 0.001691 -0.005224 -0.001635 -0.004911
1305031104.943262 0.0003871 -0.002114 -0.0002617 -0.002089 -0.002055 -0.0012
1305031104.975202 0.002073 -0.00783 -0.001725 -0.0002439 0.0006561 -0.001214
1305031105.011290 -0.0007655 -0.004091 -0.005633 0.009267 0.001309 -0.001073
1305031105.043373 0.002163 -0.003377 -0.007461 0.01172 0.0004906 0.003086
1305031105.075320 0.0007814 -0.001905 -0.01027 0.01464 0.001997 0.003675
1305031105.111299 0.003479 0.001532 -0.01149 0.0137 0.001114 0.002911
1305031105.143106 0.006818 -0.01062 -0.01047 0.009548 0.003505 0.005844
1305031105.175159 0.0036 -0.005826 -0.01359 0.02535 0.006433 0.007212
1305031105.211268 0.003187 0.006861 -0.01646 0.02879 0.00835 0.002286
1305031105.243270 0.004306 -0.002747 -0.01432 0.01699 0.01083 0.003444
1305031105.275288 0.003981 -0.001851 -0.01469 0.02158 0.01264 0.002955
1305031105.311290 0.0008059 0.002476 -0.01677 0.02279 0.01632 -0.0001433
1305031105.343302 -0.0007507 0.003943 -0.01724 0.01896 0.01493 -0.0007026
1305031105.375338 -0.001188 0.00246 -0.01533 0.009317 0.01204 -0.001503
1305031105.411286 0.002045 -0.005433 -0.0122 0.009387 0.00873 0.002624
1305031105.443316 -0.0008416 0.004462 -0.01728 0.01633 0.009526 -6.707e-05
1305031105.475280 0.0004464 0.0003643 -0.01376 0.007886 0.006756 -7.655e-05
1305031105.511332 -0.0009826 -0.001155 -0.01414 0.009412 0.005827 -7.97e-05
1305031105.543282 -0.0005213 0.003015 -0.01576 0.01025 0.00189 -0.002534
1305031105.575449 0.001905 -0.0007937 -0.01349 0.00562 0.001238 0.0002009
1305031105.611378 -0.002247 0.003664 -0.01632 0.007676 0.00309 -0.002119
1305031105.643273 0.002116 -0.0003895 -0.01346 0.001202 -0.000648 -0.005299
1305031105.711309 -0.009954 0.003314 -0.03099 0.005151 0.002673 -0.002937
1305031105.743312 -0.0002412 -0.005238 -0.01256 -0.005446 -0.008614 -0.0002831
1305031105.775339 -0.003392 0.002203 -0.01628 0.00306 -0.008024 -0.0004613
1305031105.811283 0.00116 -0.0009493 -0.01438 -0.003043 -0.01151 -0.001577
1305031105.843271 -0.003087 -0.0006465 -0.01448 -0.002208 -0.005931 -0.00242
1305031105.875337 -0.0005361 -0.005967 -0.01209 -0.003007 -0.01091 -0.004492
1305031105.911262 5.201e-05 -0.001972 -0.01393 0.005971 -0.008548 -0.009047
1305031105.943272 -0.000126 -0.004574 -0.01256 0.004157 -0.006864 -0.004874
1305031105.975329 0.0004618 -0.002832 -0.01322 0.009153 -0.004744 -0.003149
1305031106.011285 -0.001126 -0.00251 -0.01292 0.00906 -0.003873 -0.00337
1305031106.043355 0.001995 -0.002067 -0.01261 0.00967 -0.005674 -0.001984
1305031106.075330 0.001447 -0.002797 -0.0118 0.008006 -0.002174 -0.003371
1305031106.111327 0.00224 -0.00546 -0.01102 0.008793 -0.00127 -0.001444
1305031106.143355 0.002054 0.0006656 -0.01209 0.01609 0.002646 -0.004036
1305031106.175534 0.0008454 -0.001 -0.01036 0.00814 0.003333 -0.001662
1305031106.211275 0.001429 0.001959 -0.01031 0.008719 0.002724 -0.001238
1305031106.243267 0.001044 -0.00229 -0.007657 -0.0004541 0.003176 -0.006716
1305031106.276385 0.0006975 -0.005393 -0.00655 0.0001867 0.00331 -0.001602
1305031106.311238 0.0002598 -0.002501 -0.005806 0.007257 0.002666 -0.006088
1305031106.343258 0.0005267 -0.00671 -0.003772 0.007776 0.002042 0.0001512
1305031106.375388 -0.003666 -0.0001658 -0.003845 0.01835 0.001101 0.01405
1305031106.411320 -0.0001574 0.00715 -0.001895 0.01668 -0.01159 0.0104
1305031106.443278 0.003969 0.002994 0.002613 0.002782 -0.01081 0.008112
1305031106.475345 0.003067 0.00202 0.00472 0.0003395 -0.0006165 0.002922
1305031106.511129 0.001715 0.004318 0.006481 -0.0007798 0.00599 0.0009009
1305031106.543302 -0.0008157 0.0002295 0.009016 -0.007819 0.008627 0.003639
1305031106.575282 -0.0001008 8.268e-05 0.01102 -0.006801 0.003723 0.002678
1305031106.611151 0.001265 -0.001241 0.01134 -0.001764 0.005201 0.00638
1305031106.643207 0.0005556 0.005594 0.01115 0.002799 0.004757 0.004739
1305031106.675279 0.002724 -0.002094 0.0148 -0.006691 0.004684 0.001392
1305031106.711508 0.002125 0.002605 0.01202 0.004761 0.01072 0.001726
1305031106.743341 0.0013 0.0007762 0.01508 -0.003397 0.01268 0.0009393
1305031106.775390 -0.001725 0.0004017 0.01482 -0.002229 0.01379 0.001187
1305031106.811289 0.0002737 -0.002816 0.01594 -0.001809 0.008193 0.001739
1305031106.843416 0.0008002 0.007947 0.01367 0.00572 0.007911 0.003056
1305031106.875905 -0.002207 0.0014 0.01637 -0.01148 0.006176 0.008041
1305031106.911243 0.001247 -0.005312 0.01901 -0.01114 -0.002402 0.009415
1305031106.943439 -0.0003203 0.006543 0.01446 0.000578 -0.001449 0.008104
1305031106.975547 8.972e-05 0.005313 0.01641 -0.009731 -0.004429 0.006471
1305031107.011576 0.003727 -0.007958 0.02235 -0.01835 -0.00896 0.008294
1305031107.043281 0.0007436 0.005358 0.01391 0.003362 -0.004926 0.003503
1305031107.075432 0.004059 0.005755 0.01714 -0.007083 -0.004135 0.001852
1305031107.111229 0.0004334 -0.003295 0.01727 -0.01237 0.001119 0.001947
1305031107.143260 -0.001602 -0.002 0.01499 -0.004815 -0.001119 0.000238
1305031107.175399 -0.002031 0.00749 0.01113 -0.000575 -0.001688 0.0009056
1305031107.211358 -0.002733 0.004341 0.013 -0.01112 -0.003278 0.002958
1305031107.243378 0.0003857 -0.001835 0.01514 -0.01402 -0.007559 0.0008362
1305031107.275398 -0.002903 0.003865 0.01132 -0.009526 -0.005594 -0.0004348
1305031107.311226 -0.001866 0.005436 0.01016 -0.01241 -0.0068 0.001097
1305031107.343509 -0.004284 0.00499 0.01103 -0.01969 -0.005863 -4.393e-05
1305031107.375413 -0.0005418 -0.006973 0.01293 -0.02302 -0.01127 0.0006137
1305031107.411271 -0.002345 0.001071 0.00776 -0.01259 -0.009475 0.001707
1305031107.443419 -0.002574 -0.002288 0.007508 -0.01175 -0.009193 -0.0003349
1305031107.475377 -0.003011 0.0006769 0.003662 -0.005642 -0.008769 -0.002117
1305031107.511352 -0.001266 -0.004992 0.005085 -0.005086 -0.007702 -0.0007043
1305031107.543605 -0.002578 0.0006077 -0.0005942 0.005639 -0.004972 -0.003679
1305031107.575454 -0.003053 0.004897 -0.001893 0.002878 -0.003525 -0.005849
1305031107.611271 -0.001762 -0.007786 0.001086 -0.004252 -0.002711 -0.00305
1305031107.643323 -0.001005 -0.0001 -0.002364 0.007466 -0.002626 -0.002248
1305031107.675568 0.0007373 -0.0002363 -0.001957 0.002732 -0.001464 -0.001078
1305031107.711307 0.001162 -0.003811 -0.001497 0.001606 1.381e-05 -0.001963
1305031107.743538 0.002932 -0.004111 -0.001391 0.005398 0.001485 -0.0009525
1305031107.775802 -0.0005765 0.001609 -0.003291 0.007021 0.006189 0.002218
1305031107.811596 -0.001382 -0.002168 -0.00238 0.003878 0.004461 -7.178e-05
1305031107.843332 -0.003168 -0.0005201 -0.002696 0.005526 0.002402 0.0009803
1305031107.875358 -0.005681 0.003374 -0.004004 0.003241 -2.681e-05 0.006522
1305031107.911541 -0.002589 -4.672e-05 -0.002471 -0.001776 -0.006385 0.004735
1305031107.943122 -0.005384 0.001283 -0.00279 -0.002999 -0.006324 0.0005691
1305031107.975807 -0.007518 0.0004216 -0.003428 -0.004673 -0.00792 -0.0005981
1305031108.011320 -0.009948 -0.0008343 -0.002394 -0.007803 -0.008276 0.003817
1305031108.043418 -0.01087 -0.001987 -0.002735 -0.00475 -0.0135 -0.004171
1305031108.075352 -0.01046 0.001054 -0.005312 -0.00101 -0.01839 -0.01077
1305031108.111378 -0.006137 0.0008561 -0.003512 -0.004894 -0.01414 5.892e-05
1305031108.143334 -0.0107 -0.003228 -0.002932 -0.005088 -0.007373 -0.001779
1305031108.176058 -0.009208 -0.004815 -0.0007196 0.002442 -0.008222 -0.005854
1305031108.211475 -0.01078 0.001783 -0.006774 0.01107 -0.003041 0.001283
1305031108.243347 -0.01641 0.005419 -0.008806 0.004421 -0.003989 0.003255
1305031108.275358 -0.007065 -0.005076 -7.424e-05 -0.002322 -0.01169 -0.0003403
1305031108.311332 -0.004898 -0.003427 -0.002766 0.007153 -0.005868 -0.002029
1305031108.343278 -0.007634 -0.002385 -0.005339 0.01105 0.001298 -0.003532
1305031108.375410 -0.007145 -0.0006527 -0.004915 0.0119 0.003879 -0.00985
1305031108.411361 -0.01319 0.0006513 -0.005913 0.01151 0.009089 -0.01195
1305031108.443610 -0.0127 -0.001103 -0.005018 0.009298 0.003218 -0.01283
1305031108.475471 -0.01331 0.003688 -0.006266 0.008504 0.002016 -0.01411
1305031108.511378 -0.02045 0.003144 -0.008036 0.0001597 -0.001254 -0.009979
1305031108.543737 -0.01201 0.001161 -0.004037 -0.009262 -0.01478 0.0009872
1305031108.575414 -0.00618 -0.005254 0.002759 -0.009988 -0.01448 0.003307
1305031108.611407 -0.01211 0.0004527 -0.005771 0.0009852 -0.01238 -0.001828
1305031108.643303 -0.005439 -0.002286 -0.0007929 -0.0009058 -0.01597 -0.00334
1305031108.675375 -0.01215 -0.002747 -0.003755 0.005017 -0.01109 -0.007455
1305031108.711411 -0.006662 0.002763 -0.005525 0.01011 -0.01799 -0.00784
1305031108.743502 -0.005177 0.002248 -0.003815 0.003879 -0.01237 -0.002113
1305031108.775493 -0.006992 -0.001153 -0.001642 0.001761 -0.008543 -0.004965
1305031108.811244 -0.002362 0.002091 -0.001413 0.005079 -0.008415 -0.01018
1305031108.843264 -0.001839 0.00244 0.0006939 0.0003383 -0.0007353 -0.01271
1305031108.876515 -0.002443 -0.0002936 0.0025 -0.003105 0.00672 -0.01279
1305031108.911364 -0.001529 0.004049 0.0003603 -0.002376 0.007724 -0.01081
1305031108.943243 0.002511 0.00136 0.004798 -0.009197 0.007009 -0.002795
1305031108.975268 0.001766 -0.005286 0.00786 -0.009932 0.01331 0.002998
1305031109.011269 -0.002485 -0.0005383 0.001079 0.0009281 0.01094 0.002297
1305031109.043277 0.006856 0.0007404 0.003842 -0.001493 0.001489 0.0054
1305031109.075410 0.006344 -0.006657 0.005779 -0.0007847 0.005856 0.01086
1305031109.111282 0.006469 0.001449 0.00044 0.008738 0.003879 0.006274
1305031109.143334 0.01526 0.002393 0.002939 0.002693 0.003037 0.006385
1305031109.175464 0.007824 -0.004941 0.004543 -0.001875 0.01531 0.006712
1305031109.211379 0.00351 -0.008368 0.003414 0.006819 0.01435 -0.004058
1305031109.243290 0.01092 0.001785 -0.0006811 0.01985 0.00629 -0.008725
1305031109.275308 0.01637 0.009932 -0.0007469 0.01092 0.007349 -0.005819
1305031109.311329 0.01143 -0.004997 0.006273 -0.005869 0.02025 -0.001492
1305031109.343248 0.01021 -0.003783 0.004732 0.005709 0.02188 0.003145
1305031109.375397 0.008564 0.003539 -0.003781 0.00853 0.02066 0.002375
1305031109.411329 0.005878 -0.002891 0.003254 0.0005975 0.01967 0.008512
1305031109.443302 0.01136 -0.002246 0.0007751 0.007172 0.01112 0.01153
1305031109.475363 0.01092 0.002766 -0.001568 0.007536 0.006196 0.006775
1305031109.511273 0.0126 0.002826 -0.0002089 0.001093 0.005176 0.008561
1305031109.543294 0.01102 -0.0004788 0.002387 -0.005003 0.005061 0.005644
1305031109.575362 0.01173 -0.002199 0.002833 -0.001132 0.001982 0.0008392
1305031109.611310 0.01238 -0.001198 0.002136 0.0002417 0.003976 0.004912
1305031109.643229 0.009328 -0.00123 0.0006606 0.001381 0.004678 0.001754
1305031109.675263 0.01401 -0.002367 0.001739 0.004449 0.0009274 -0.004259
1305031109.711312 0.01142 -0.003543 0.0008867 0.004539 0.007853 0.002259
1305031109.743274 0.01096 -0.0002114 -0.00232 0.009727 0.007519 0.001708
1305031109.775277 0.008647 0.00154 -0.003148 0.007517 0.006353 -0.0005287
1305031109.811371 0.01325 -0.002679 -8.823e-05 0.003649 0.002169 0.002391
1305031109.843296 0.01311 -0.0007284 -0.002213 0.007104 0.005155 0.001618
1305031109.875306 0.01591 -0.001084 -0.002834 0.007428 0.005526 0.003941
1305031109.911265 0.0122 0.003414 -0.005108 0.004818 0.01215 0.009861
1305031109.943299 0.01039 -0.007878 -0.001108 -0.0002493 0.007354 0.00894
1305031109.975258 0.01383 0.002561 -0.005453 0.01072 0.003771 0.009654
1305031110.011256 0.01184 -0.0006163 -0.003796 0.004675 0.005022 0.01385
1305031110.043299 0.01159 0.0004216 -0.004224 0.005523 0.002055 0.01348
1305031110.075319 0.01411 -0.001409 -0.002074 0.003969 -0.0007116 0.01019
1305031110.111325 0.0148 0.001294 -0.003948 0.01015 0.00181 0.009043
1305031110.143432 0.01187 0.006911 -0.003016 0.006102 0.00736 0.006649
1305031110.175641 0.009939 -0.007175 -0.00144 -0.001144 0.007927 0.003066
1305031110.211637 0.01148 0.004893 -0.003715 0.01018 0.006351 0.002961
1305031110.243323 0.01012 0.003915 -0.002296 0.002292 0.00919 -0.0006328
1305031110.279321 0.006863 0.0008527 -0.001984 -0.003522 0.009716 0.002039
1305031110.311404 0.01345 6.951e-05 0.0006334 -0.005421 0.004451 0.003929
1305031110.343355 0.01087 -0.002174 -0.0003547 -0.003309 0.009446 0.002574
1305031110.379281 0.01202 0.0008079 -0.0009193 -0.001582 0.01032 0.007648
1305031110.411469 0.01267 -0.005739 0.001668 -0.003422 0.01193 0.006098
1305031110.443260 0.009356 -0.001361 -0.003129 0.00817 0.01317 0.006608
1305031110.479331 0.01235 0.004954 -0.003856 0.007864 0.01291 0.01202
1305031110.511429 0.01094 0.0002121 -0.00183 0.0005419 0.01491 0.008342
1305031110.543408 0.009611 -0.00471 -0.000644 0.0006041 0.01371 0.007115
1305031110.579426 0.008183 -0.003269 -0.002796 0.007454 0.01317 0.009345
1305031110.611307 0.004273 0.007073 -0.006531 0.01142 0.01068 0.005579
1305031110.643418 0.008455 0.002796 -0.001447 -0.001931 0.003918 0.006827
1305031110.679606 0.008533 -0.007474 0.001256 -0.004043 0.003946 0.005273
1305031110.711412 0.004581 0.003501 -0.004014 0.008407 0.005123 0.001534
1305031110.743249 0.005121 0.002135 -0.001418 0.00155 0.00341 0.00298
1305031110.779193 0.002282 -0.00218 -0.0003324 -0.001635 0.004454 0.001665
1305031110.811386 0.003164 5.163e-06 -0.0002948 0.001749 0.0003117 0.00357
1305031110.843218 0.003855 0.001031 -0.001502 0.003633 0.002774 0.003901
1305031110.879313 -0.002973 -9.351e-05 -0.0001527 -0.0004531 0.006594 -0.0002421
1305031110.911333 -0.000255 -0.001612 -0.0003501 0.0004415 0.002132 0.001399
1305031110.943862 -0.005672 -0.0009018 -0.0001401 -0.0005624 0.006461 0.002073
1305031110.979345 -0.009881 -0.004947 0.0008966 -0.001939 0.001659 0.0004429
1305031111.011431 -0.008996 -0.0001077 -0.003119 0.003551 -0.007808 -0.00307
1305031111.043327 -0.002936 0.0001103 0.00362 -0.000457 -0.01378 -0.004863
1305031111.079283 -0.002587 -0.002943 0.001568 0.003096 -0.008409 -0.004369
1305031111.111508 -0.009742 0.003415 -0.002095 0.004795 -0.003382 -0.007378
1305031111.143257 -0.008154 0.001516 0.001364 -0.002064 -0.006194 -0.002046
1305031111.179326 -0.01009 -0.003514 0.0005122 -0.006365 -0.009693 0.0001563
1305031111.211433 -0.005241 -0.0004788 0.004744 -0.001848 -0.02084 -0.006869
1305031111.243236 -0.00464 0.002868 -0.0006622 0.0007388 -0.008883 -0.0003225
1305031111.279308 -0.01154 4.357e-06 -2.246e-05 -0.008813 -0.005095 -0.0028
1305031111.311547 -0.002736 -0.004977 0.01039 -0.007833 -0.01532 -0.005809
1305031111.343397 -0.005033 -0.001068 -0.0008233 0.006977 0.002907 0.0001719
1305031111.379134 -0.02104 0.009225 -0.002032 0.003441 0.01065 -0.008276
1305031111.411296 -0.00364 -0.004078 0.007802 -0.01072 -0.003768 0.001553
1305031111.443386 -0.01961 -0.003569 -0.003971 -0.001549 0.01453 0.01011
1305031111.479259 -0.01891 -0.001603 -0.002666 -0.007985 -0.01274 -0.0009211
1305031111.511264 -0.007084 0.0001699 0.005391 -0.006472 -0.02641 -0.0006267
1305031111.543250 -0.008369 0.0004601 -0.000487 -0.007408 -0.01805 -0.002531
1305031111.579237 -0.005265 -0.005948 0.007032 -0.01016 -0.02579 -0.01144
1305031111.611271 -0.004955 0.001775 0.00242 0.003036 -0.01182 -0.01342
1305031111.643395 -0.01483 0.005928 -0.001357 -0.00494 0.001032 -0.0134
1305031111.679320 -0.01642 -0.01057 0.005222 -0.01669 -0.01401 -0.01511
1305031111.711760 -0.01015 -0.001101 -0.002533 -0.001671 -0.01946 -0.00319
1305031111.743386 -0.01447 0.0002001 -0.002013 -0.009304 -0.02533 -0.008501
1305031111.779423 -0.008415 -0.00656 0.002571 -0.01047 -0.04075 -0.008768
1305031111.811406 -0.007331 0.002674 -0.002005 -0.00364 -0.03043 -0.002313
1305031111.843299 -0.00992 -0.0018 0.004289 -0.007814 -0.02213 -0.004268
1305031111.879442 -0.003665 -0.002364 0.00135 -0.0002548 -0.01904 -0.0087
1305031111.911354 -0.003848 0.006541 0.0001435 0.002254 -0.004115 -0.01139
1305031111.943300 -0.01561 -0.002054 -0.0007575 -0.005242 0.009983 -0.01682
1305031111.979449 -0.02642 -0.00164 -0.002393 -0.003042 0.005868 -0.01545
1305031112.011433 -0.01584 0.001121 -0.003024 -0.004233 -0.01334 -0.0004293
1305031112.043270 -0.01285 -0.0009496 0.001226 -0.00876 -0.01771 0.003444
1305031112.079339 -0.01469 3.53e-05 -0.00059 -0.004806 -0.0231 -0.0003278
1305031112.111423 0.001082 -0.002825 0.003094 -0.008501 -0.02738 0.009135
1305031112.144342 -0.01602 -0.0008812 -0.0003179 -0.001787 -0.009188 0.01077
1305031112.179390 -0.01495 0.0004494 -0.002464 0.004486 -0.02479 0.0052
1305031112.211254 -0.00256 0.005392 -0.007445 0.001543 -0.0278 0.008724
1305031112.243369 -0.009346 0.003483 -0.002637 -0.01087 -0.0223 0.006078
1305031112.279353 -0.002212 -0.0002944 -7.215e-05 -0.01171 -0.02018 0.004672
1305031112.311312 -0.009773 0.004171 -0.002805 -0.009999 -0.005334 0.001386
1305031112.343323 -0.01048 -0.0008939 -0.001575 -0.01395 -0.00126 -0.004777
1305031112.379360 -0.009843 -0.0005689 -0.001419 -0.008083 0.002385 -0.008613
1305031112.411442 -0.01312 -0.0005652 -0.001709 -0.004461 0.005961 -0.008674
1305031112.443391 -0.01231 0.002747 -0.003341 -0.002169 0.00273 -0.01298
1305031112.479418 -0.006396 -0.0009626 -0.0001216 -0.005694 0.0004103 -0.01951
1305031112.511504 -0.009475 0.001117 -0.001156 -0.002711 0.007533 -0.01583
1305031112.543212 -0.01085 0.001344 -0.001158 -0.003973 0.0077 -0.008544
1305031112.579252 -0.00931 -0.001167 -0.0005135 -0.00416 0.006733 -0.01169
1305031112.611261 -0.01872 -0.002937 -0.0006718 -0.001476 0.006265 -0.01399
1305031112.643246 -0.01034 0.0002899 -0.002054 0.006082 -0.01089 -0.0142
1305031112.679952 -0.002927 0.001169 -0.001348 0.004497 -0.01346 -0.006213
1305031112.711251 -0.002448 -0.002018 -0.0004644 0.002775 -0.009422 -0.003483
1305031112.743245 -0.00321 -0.00874 0.001121 0.0047 -0.006671 -0.007299
1305031112.779310 0.001973 0.004627 -0.002815 0.01842 -0.01 -0.004243
1305031112.811310 0.008474 0.003506 0.0007403 0.00596 -0.003885 0.001402
1305031112.843286 0.002943 -0.005593 0.0007189 0.002196 0.01059 0.004969
1305031112.879421 0.0001174 9.412e-05 -0.001419 0.008647 0.00779 -0.003626
1305031112.911411 0.008415 0.000194 0.0008887 0.006904 0.00409 -0.003845
1305031112.943321 0.006121 0.001254 -0.0002222 0.005091 0.01094 0.003043
1305031112.979278 0.002573 -0.0007612 0.0004277 0.00113 0.0142 0.00507
1305031113.011353 0.002599 -0.003968 0.003627 0.001567 0.009301 0.0009651
1305031113.043231 0.006167 0.0006078 0.001647 0.009248 0.004692 0.005384
1305031113.079251 0.01303 0.007752 0.000968 0.005257 0.003314 0.01112
1305031113.111316 0.007876 -0.004411 0.006261 -0.007409 0.01261 0.01058
1305031113.143306 0.005798 -0.002733 0.004894 0.004527 0.008392 0.003859
1305031113.179343 0.01307 0.006572 0.0008032 0.00992 0.002794 -0.002788
1305031113.211259 0.01317 -0.0009276 0.005264 -0.003445 0.01143 -0.00178
1305031113.243227 0.008225 -0.002037 0.006321 0.004785 0.01796 -0.0002411
1305031113.279312 0.01213 0.006719 -0.00321 0.008785 0.01292 -0.002488
1305031113.311452 0.01493 0.00576 0.001944 -0.005332 0.01535 -0.00551
1305031113.343252 0.007216 -0.007087 0.009646 -0.01261 0.02724 0.003376
1305031113.379312 0.01493 0.0003672 -0.0005587 0.008577 0.01822 0.005537
1305031113.411625 0.01321 0.007194 -0.00352 0.003617 0.01661 0.0004644
1305031113.443266 0.01219 -0.006713 0.003787 -0.006841 0.01677 0.01274
1305031113.479311 0.01518 0.0008687 -0.0001581 0.009091 0.01462 0.0119
1305031113.511523 0.01343 0.003264 -0.0036 0.01029 0.01385 0.003915
1305031113.543242 0.01537 0.001938 -0.003893 0.004728 0.01262 0.006867
1305031113.579301 0.0141 -0.003538 0.001985 -0.001669 0.01013 0.01107
1305031113.611268 0.01223 1.253e-05 -0.002266 0.005948 0.007106 0.009268
1305031113.643222 0.01125 0.0004338 -0.002144 0.005891 0.002183 0.006549
1305031113.679288 0.01475 0.00101 -0.0007999 0.002661 -0.001757 0.007165
1305031113.711931 0.01111 0.001312 -0.002464 0.001112 0.0005529 0.00911
1305031113.743590 0.01205 -0.001297 -0.000806 -0.002144 -0.004737 0.01036
1305031113.779320 0.01681 0.002498 -0.0003355 -0.0007401 -0.007416 0.008458
1305031113.811237 0.01296 -0.00157 -0.0001076 -0.002997 -0.001904 0.003718
1305031113.843295 0.01329 -0.002505 -0.0008871 5.78e-05 -0.004657 0.006446
1305031113.879281 0.01787 0.009223 -0.002403 0.00208 -0.003429 0.00885
1305031113.911290 0.01122 -0.004897 0.0003451 -0.009447 0.003547 0.001268
1305031113.943291 0.009495 0.001573 -0.001971 -0.004025 -0.001977 0.004157
1305031113.979293 0.01615 -2.528e-05 -0.0001943 -0.007027 -0.005822 0.01037
1305031114.011257 0.01861 -0.001236 0.001291 -0.007459 -0.005261 0.01051
1305031114.043301 0.02148 0.001258 -0.0006274 -0.002819 0.000847 0.004189
1305031114.079285 0.01392 0.001197 -0.001072 -0.005151 0.01115 0.001318
1305031114.111263 0.0124 -0.00317 0.0004075 -0.00688 0.01159 0.007136
1305031114.143284 0.01096 0.0002852 -0.003215 -0.000585 0.0116 0.005825
1305031114.179337 0.007654 0.005058 -0.003293 -0.002877 0.007521 0.003664
1305031114.211303 0.01483 -0.009456 0.002056 -0.009187 -0.0009025 0.00545
1305031114.243337 0.0174 0.002682 -0.004702 0.0053 0.002963 0.007786
1305031114.279390 0.01767 0.001898 -0.001045 -0.0004188 0.009598 0.003729
1305031114.311429 0.008402 -0.001472 -0.002419 0.0004698 0.0192 -0.0002064
1305031114.343331 0.003934 0.00167 -0.003355 0.002204 0.01626 0.004907
1305031114.379320 0.007761 0.002322 -0.002983 0.0004978 0.005538 0.008081
1305031114.411397 0.01348 0.001207 -0.001483 -0.00182 0.001545 0.008996
1305031114.443345 0.01363 5.93e-05 -0.001786 -0.0006125 0.006932 0.003466
1305031114.479332 0.01122 0.003326 -0.003229 0.0009703 0.01405 0.002222
1305031114.511266 0.004795 -0.001738 8.543e-05 -0.0009616 0.0187 0.003521
1305031114.543236 0.0005442 0.002828 -0.002469 0.006459 0.01262 -0.003109
1305031114.579237 0.00452 0.002345 -0.001795 0.002625 0.002327 -0.007064
1305031114.611391 0.006376 -0.001904 -0.0007964 0.003038 0.001205 -0.00478
1305031114.644136 0.007857 0.002135 -0.004522 0.009894 0.00384 -0.002108
1305031114.679251 0.00411 0.003612 -0.002421 0.006279 0.01314 0.001308
1305031114.711306 -0.002103 0.002695 -0.001217 0.001486 0.01251 -0.002479
1305031114.743200 -0.0007773 0.001501 -0.0008723 -0.001222 0.007574 0.006869
1305031114.779289 -0.001296 -0.00123 0.002356 -0.004608 0.003984 0.006931
1305031114.811303 -0.000258 -0.003919 0.001076 -0.001884 -0.0006075 0.001814
1305031114.843208 -0.001678 0.0006482 0.0008181 0.001089 0.001837 0.004784
1305031114.879281 -0.003506 -0.003877 0.001661 -0.0007797 0.001164 -0.000595
1305031114.912879 -0.003375 -0.002418 0.001072 0.001612 0.0009642 0.0004728
1305031114.943234 -0.009399 -0.003826 0.0006471 0.004264 0.00279 0.002636
1305031114.979280 -0.005005 -0.002529 0.001258 0.004583 -0.005193 0.001053
1305031115.011300 -0.006025 -0.005123 -7.11e-05 0.007463 -0.002576 0.002227
1305031115.043508 -0.01143 0.00213 -0.003895 0.01005 -0.003371 9.703e-05
1305031115.079238 -0.005728 -0.00421 0.001839 0.002729 -0.009461 0.002154
1305031115.111230 -0.01305 -0.002734 -0.004691 0.006822 -0.008967 -0.002003
1305031115.143275 -0.008604 0.001227 -0.001709 0.005169 -0.02035 -0.004389
1305031115.179440 -0.003742 -0.002183 0.0003427 0.002991 -0.01214 -0.001335
1305031115.211374 -0.01514 0.004192 -0.00627 0.003824 -0.004241 -0.005135
1305031115.243297 -0.009622 0.001949 0.0002311 -0.007119 -0.01506 -0.004621
1305031115.279966 -0.00589 -0.009012 0.001334 -0.006884 -0.01228 -0.005591
1305031115.311704 -0.01754 0.004484 -0.009183 0.002661 -0.01066 -0.01163
1305031115.343235 -0.007031 -0.004608 0.005404 -0.009129 -0.02624 -0.004183
1305031115.379166 -0.0005109 -0.005405 0.005421 0.007648 -0.01381 -0.01073
1305031115.411237 -0.01245 0.003085 -0.004473 0.01362 0.01093 -0.004095
1305031115.443159 -0.02243 -0.0009118 -0.002364 0.005966 0.007722 -0.01115
1305031115.479241 -0.01142 -0.001785 -0.0004326 0.007408 -0.004254 -0.01041
1305031115.511253 -0.02065 0.0001813 -0.007901 0.004365 -0.004279 -0.008092
1305031115.543604 -0.01462 -0.0001674 -0.000941 -0.001673 -0.0303 -0.01311
1305031115.579315 -0.009066 0.0002205 0.003672 -0.001809 -0.0288 -0.01093
1305031115.611424 -0.01218 -2.96e-05 0.001225 -0.002538 -0.01546 -0.01122
1305031115.643254 -0.0128 0.001365 0.00183 -0.003261 -0.01622 -0.01547
1305031115.679241 -0.008017 0.001393 0.005247 -0.003182 -0.01047 -0.02044
1305031115.711320 -0.02287 -0.003962 0.0004138 -0.00444 0.005649 -0.01874
1305031115.743250 -0.02343 0.001219 -0.003797 -0.001079 -0.008649 -0.01499
1305031115.779425 -0.01407 0.001359 0.004228 -0.004702 -0.02069 -0.01451
1305031115.811277 -0.01497 -0.002846 0.003695 -0.003666 -0.01974 -0.01701
1305031115.843224 -0.009415 0.0001383 -0.0004735 0.002117 -0.02504 -0.01608
1305031115.879198 -0.005248 0.00468 0.001887 -0.001073 -0.01871 -0.01551
1305031115.911118 -0.01695 -0.003816 -0.0003017 -0.008035 -0.004675 -0.01181
1305031115.943311 -0.0136 -0.002188 -0.00211 -0.001725 -0.01393 -0.01316
1305031115.980740 -0.0108 -0.002785 -0.001561 -0.0006762 -0.01433 -0.01213
1305031116.011379 -0.01736 -0.001841 -0.005459 0.0009977 -0.01572 -0.007291
1305031116.043164 -0.005224 -0.002833 -0.004801 0.0003009 -0.03259 -0.004904
1305031116.080030 -0.001066 -0.008163 -0.003586 0.0004274 -0.03113 -0.007964
1305031116.111300 -0.007489 -0.0002175 -0.007853 0.01008 -0.02401 -0.007553
1305031116.143441 -0.002916 0.001609 -0.007088 0.006172 -0.02357 -0.006397
1305031116.179572 -0.005683 -0.002933 -0.004355 5.085e-06 -0.01495 -0.006775
1305031116.211299 -0.009002 -0.0007126 -0.005125 0.005598 -0.0125 -0.007055
1305031116.243320 -0.01171 0.005026 -0.005737 0.005827 -0.01086 -0.007547
1305031116.279385 -0.00809 -0.0005209 -0.0006087 -0.002588 -0.01956 -0.008426
1305031116.311336 -0.007132 -0.0006202 -0.002223 0.002903 -0.01859 -0.008047
1305031116.343292 -0.007002 0.009174 -0.006778 0.006151 -0.01082 -0.006644
1305031116.379384 -0.00436 0.001713 0.00012 -0.01139 -0.005602 -0.00299
1305031116.411333 -0.002071 -0.01206 0.004503 -0.01741 -0.003731 -0.009174
1305031116.443369 -0.00236 -0.002368 0.001359 0.005165 -0.002727 -0.01847
1305031116.479850 -0.001661 0.0101 0.0003856 0.009262 -7.734e-05 -0.007327
1305031116.511205 0.001452 -0.00193 0.003486 -0.006033 0.002396 0.006614
1305031116.543262 0.006452 -0.004223 0.005057 -0.008236 -0.001817 0.0081
1305031116.579313 0.009211 -0.003666 0.002953 -0.000849 0.001823 0.0063
1305031116.611261 0.00765 0.001852 0.001485 0.001274 0.01226 0.01341
1305031116.643355 0.01024 -0.003341 0.00604 -0.004289 0.01605 0.01858
1305031116.679281 0.008582 -0.002301 0.004369 -0.001062 0.0167 0.01826
1305031116.711634 0.01184 -0.00389 0.005899 -0.003269 0.008548 0.0195
1305031116.743291 0.01466 -0.00337 0.004813 0.0009732 0.007348 0.0234
1305031116.779298 0.0142 -0.0016 0.003768 0.003668 0.007805 0.02182
1305031116.811318 0.01775 0.002023 0.002346 0.001086 0.005632 0.01755
1305031116.846089 0.02003 -0.003434 0.00729 -0.004857 0.01379 0.01579
1305031116.880165 0.01785 -0.002673 0.002852 0.001748 0.01926 0.01359
1305031116.912044 0.01764 -0.0001033 0.003157 0.0002629 0.02106 0.01056
1305031116.943296 0.01311 -0.004666 0.002681 -0.0007721 0.0299 0.01658
1305031116.979351 0.01866 -0.0008323 0.0001212 -0.001891 0.02129 0.02231
1305031117.011382 0.01707 -0.002457 0.002518 -0.004311 0.02179 0.01861
1305031117.043261 0.01403 -0.004657 0.002061 -0.001405 0.02095 0.01278
1305031117.079520 0.01196 -0.0006785 0.0002424 0.004427 0.02106 0.01385
1305031117.111238 0.01335 0.0005763 0.0001319 0.005328 0.02204 0.004543
1305031117.143218 0.006792 -0.004653 0.000105 0.002702 0.02439 0.00263
1305031117.179264 0.007303 -0.001347 -0.002844 0.005471 0.01928 0.01163
1305031117.211361 0.003173 -0.0008072 -0.002695 0.003488 0.01595 0.007477
1305031117.243277 0.0005719 -0.005978 -0.002657 0.003208 0.007304 0.004122
1305031117.279299 0.0002086 0.003328 -0.002981 0.01171 9.736e-05 0.008634
1305031117.311200 0.004455 0.004431 -0.000724 0.009633 -0.004908 0.002286
1305031117.343243 0.001769 0.005011 -0.0007155 0.005249 0.0007166 0.001495
1305031117.379454 0.001512 0.004749 0.0007952 0.0001073 -0.0004001 0.0005246
1305031117.411221 0.002648 0.006405 0.001016 -0.0008949 0.001924 -0.001634
1305031117.443274 -0.00111 0.001885 0.001342 -0.007074 0.00446 -0.001798
1305031117.479403 0.001116 0.007081 0.001209 -0.001943 0.001318 -0.002931
1305031117.511325 -0.0004967 0.008662 0.0004204 -0.004778 0.003922 -0.003061
1305031117.544285 0.001248 0.003106 0.001703 -0.01152 0.0008376 -0.0001932
1305031117.579155 0.001684 0.005823 0.0005376 -0.005887 0.002016 0.003528
1305031117.611159 0.0004657 0.007028 -0.001001 -0.001922 0.003391 -0.001429
1305031117.643252 0.0007793 0.008521 -0.001111 -0.002974 0.003876 -0.00182
1305031117.679262 0.0005526 0.005961 -0.001381 -0.001215 0.005364 -0.0009284
1305031117.711184 -0.001772 0.01109 -0.00319 0.002604 0.006772 -0.004755
1305031117.743184 -0.0004556 0.01041 -0.002507 0.0001108 0.005071 -0.006142
1305031117.779467 -9.729e-05 0.006406 -0.001618 -0.002109 0.005183 -0.003347
1305031117.811320 -0.003168 0.01414 -0.004376 0.004603 0.006477 -0.004339
1305031117.843291 -0.004921 0.009054 -0.003418 -0.005622 0.002457 -0.0008985
1305031117.879451 0.0004361 0.007771 -0.001884 -0.003399 -0.006774 -0.0001154
1305031117.911407 0.0009028 0.01333 -0.003822 0.001002 -0.003989 -0.0004245
1305031117.943253 -0.000231 0.006857 -0.002294 -0.004055 -0.004039 0.0005794
1305031117.979228 0.002832 0.008529 -0.003081 0.003012 -0.005188 0.0004937
1305031118.011228 -0.001966 0.0155 -0.005683 0.00649 0.001001 -0.000362
1305031118.043521 -0.0002118 0.00993 -0.003361 -0.002179 -0.002635 -0.0002801
1305031118.079334 -0.002391 0.009403 -0.003261 -0.0001791 -0.001386 0.002702
1305031118.111217 -0.004015 0.01275 -0.004064 0.0006654 -0.006223 0.001207
1305031118.143256 0.00313 0.008388 -0.002476 -0.003779 -0.01147 0.003063
1305031118.179323 -0.0009522 0.01362 -0.004062 0.001382 -0.005211 0.002682
1305031118.211202 0.003392 0.01308 -0.002457 -0.004153 -0.006629 -0.003241
1305031118.243173 0.0006262 0.008878 -0.001746 -0.006803 0.001739 0.0004762
1305031118.279194 -0.003001 0.01358 -0.003672 -0.005038 0.002292 0.0008431
1305031118.311299 0.0007363 0.008601 -0.001188 -0.0129 -0.0001948 0.001325
1305031118.343324 -0.003294 0.003713 -0.002137 -0.01151 -0.0005244 0.002233
1305031118.379208 0.003818 0.0089 -0.001656 -0.007116 -0.005788 0.003348
1305031118.411296 0.002423 0.001811 0.0004665 -0.007715 0.001808 0.0006716
1305031118.445692 -0.002553 0.002445 -0.001945 -0.001557 0.001738 -0.00565
1305031118.479285 -0.0004338 0.003986 -0.002579 -0.0003096 0.001424 -0.004581
1305031118.511255 -0.002949 -0.002679 0.0005092 -0.005513 0.001859 -0.002083
1305031118.544414 0.0002741 -0.004526 0.0008502 0.001147 -0.002186 0.002441
1305031118.579285 -0.00231 -0.001222 -0.001702 0.004841 -0.0006946 -8.566e-05
1305031118.616142 -0.001928 -0.004251 0.0005397 0.001298 -0.003404 0.00402
1305031118.645325 0.003313 -0.007702 0.003401 0.001679 -0.007003 0.005678
1305031118.679295 0.001505 -0.005602 0.000414 0.007287 -0.003078 0.003312
1305031118.711421 0.001485 -0.002982 -0.000334 0.003886 0.0002836 0.005317
1305031118.746770 0.00488 -0.009297 0.005612 -0.004179 0.002178 -0.000177
1305031118.779277 9.737e-05 -0.01721 0.006007 0.001066 0.007391 0.002057
1305031118.811221 -0.004114 0.0007605 -0.001293 0.01412 0.007341 0.001961
1305031118.846753 -0.003182 -0.008384 0.0049 -0.006491 0.001645 -0.002061
1305031118.879208 0.002775 -0.02274 0.009088 -0.007822 -0.006805 0.005192
1305031118.911177 0.0004847 -0.005116 0.00193 0.00858 -0.001833 0.004091
1305031118.946974 0.001307 -0.01239 0.006275 -0.001768 -0.003331 0.003636
1305031118.979374 0.004828 -0.01521 0.006519 0.001089 -0.004698 0.008124
1305031119.011363 0.002637 -0.009785 0.003984 0.008772 -7.282e-05 0.003647
1305031119.047172 0.002253 -0.008353 0.003997 0.005739 0.001069 0.0007701
1305031119.079223 0.004625 -0.0104 0.005157 0.001199 0.002748 0.0005452
1305031119.111328 0.0009145 -0.009685 0.004612 0.001158 0.007896 -0.001107
1305031119.147616 0.002422 -0.01268 0.005675 -0.0005447 0.006622 -0.002049
1305031119.179226 -0.001415 -0.005122 0.002643 0.003188 0.0105 1.689e-05
1305031119.211364 -0.0008164 -0.01333 0.005451 -0.0071 0.004912 -0.002486
1305031119.247399 0.001814 -0.01181 0.00445 -0.002228 0.002025 -0.001455
1305031119.279212 -0.0001526 -0.01097 0.003884 -0.0007654 0.002688 0.00038
1305031119.311212 0.002719 -0.009124 0.0036 0.0002443 -0.0001614 -0.004587
1305031119.347741 0.001818 -0.007935 0.003294 -0.001125 0.003307 -0.004196
1305031119.379239 5.035e-07 -0.01505 0.003619 -0.004294 0.00496 -0.0004135
1305031119.411484 -0.003356 -0.009312 0.001456 0.001938 0.002254 -0.000356
1305031119.447706 0.000893 -0.008649 0.00197 0.002033 -0.005272 -0.0005524
1305031119.479267 0.002953 -0.01298 0.004082 -0.004447 -0.005822 0.001735
1305031119.511240 0.003714 -0.01055 0.002925 0.003027 -0.004054 -0.001445
1305031119.547382 0.001106 -0.01157 0.002084 0.001936 1.079e-05 -0.002745
1305031119.579559 0.0002017 -0.01537 0.001852 0.001568 -0.002339 0.0004098
1305031119.615017 0.002746 -0.005858 0.001164 0.01063 -0.004986 -0.0017
1305031119.647903 0.002695 -0.01482 0.001887 0.002902 -0.002221 -0.001357
1305031119.679208 -0.002081 -0.01247 -0.0007245 0.007884 -0.003002 0.00313
1305031119.715232 0.002287 -0.006278 -0.0004548 0.01428 -0.009661 -0.005638
1305031119.747193 0.003909 -0.007339 0.001247 0.008311 -0.003993 -0.00911
1305031119.779169 0.001376 -0.009097 -0.0006265 0.005831 0.003259 -0.004307
1305031119.814537 -0.001467 -0.01025 -0.0007421 0.00322 0.00385 -0.008155
1305031119.847429 -0.001141 -0.00989 -0.0006948 0.00433 -0.0004057 -0.007969
1305031119.879214 -0.0004753 -0.004186 -0.0004397 0.003463 -0.002958 -0.0003954
1305031119.911401 0.002047 -0.01632 0.001949 -0.005799 -0.004959 -0.00212
1305031119.947392 -0.0007274 -0.006677 -0.001099 0.00929 -0.002399 1.892e-05
1305031119.979537 -0.0002789 -0.005718 0.0003661 0.004865 -0.006378 0.001684
1305031120.015264 0.001757 -0.01268 0.001499 0.004623 -0.007213 -0.004743
1305031120.047290 0.001632 0.006142 -7.453e-05 0.02244 -0.001527 -0.002339
1305031120.079418 0.001854 -0.0002724 0.0005166 0.003768 0.00364 -0.004166
1305031120.115232 -0.0004476 -0.004528 0.0001142 0.0004447 0.005655 -0.003057
1305031120.148157 -0.001921 0.004951 -0.001847 0.006684 0.00331 -0.001714
1305031120.179246 -0.001015 0.004686 -0.001628 -0.001767 0.000332 -0.005478
1305031120.215249 0.0004644 0.003479 -0.0006456 -0.0106 -0.0001781 0.001041
1305031120.248003 9.921e-05 0.001647 0.0001634 -0.01048 -0.0007857 0.005212
1305031120.279430 0.0002637 0.005179 -0.001385 -0.007806 -0.002231 0.003781
1305031120.315196 0.0003501 0.005909 -0.002841 -0.007706 -0.001426 0.00463
1305031120.347787 0.0006715 0.005732 -0.001506 -0.009902 -0.002087 0.003996
1305031120.379437 4.416e-05 0.007831 -0.006516 -0.006588 0.0005962 0.001591
1305031120.415445 0.0006637 0.007712 -0.0063 -0.01838 0.0003381 0.001117
1305031120.447417 0.001 0.002421 -0.000992 -0.01952 0.0001187 0.0009961
1305031120.479432 -0.0004204 0.009596 -0.009078 -0.009299 0.002181 -0.0002094
1305031120.514819 0.00274 0.006827 -0.004684 -0.01843 0.001695 -0.001807
1305031120.547736 0.0007528 0.005262 -0.003423 -0.01742 0.005763 -0.002908
1305031120.579551 0.001259 0.006934 -0.003327 -0.008904 0.007303 -0.005436
1305031120.615236 -0.002573 0.01169 -0.005105 -0.005525 0.01061 -0.004225
1305031120.647354 -0.001734 0.007576 -0.003487 -0.01152 0.00665 0.0003668
1305031120.679318 -0.002107 0.007603 -0.004076 -0.005942 0.004231 -0.001352
1305031120.714522 0.0001966 0.009435 -0.002928 -0.003998 0.00076 -0.001132
1305031120.747369 0.0006246 0.01104 -0.003558 -0.001151 0.004079 -0.0003284
1305031120.779894 -0.00369 0.01187 -0.004466 -0.003023 0.006637 0.0003467
1305031120.814944 0.0003311 0.005269 -0.001087 -0.007671 -9.37e-05 0.001955
1305031120.847921 -0.001 0.01099 -0.004143 0.00279 0.002474 0.003434
1305031120.883435 -0.003005 0.0114 -0.002989 -0.003519 0.0008316 0.00348
1305031120.915444 0.001763 0.005347 -0.0007489 -0.004833 -0.004513 0.004082
1305031120.947488 -6.767e-05 0.01143 -0.002985 0.001907 -0.0006524 0.003581
1305031120.983366 0.0006276 0.01036 -0.002265 -8.249e-05 -0.0004989 0.004008
1305031121.015019 -0.0008036 0.01062 -0.002312 -0.002326 0.001823 0.002138
1305031121.047498 0.0009266 0.006486 -0.0009218 -0.002435 -0.001167 0.001898
1305031121.083099 0.0006563 0.01502 -0.00283 0.001574 0.002283 0.001477
1305031121.114696 -0.0007745 0.007247 -0.0009402 -0.006396 0.0032 -2.816e-05
1305031121.147331 0.0005804 0.009496 -0.001403 -0.002982 0.0008968 0.001241
1305031121.183271 -0.0004416 0.01041 -0.001973 -0.00273 0.003077 0.001181
1305031121.211420 -0.003225 0.01073 -0.002827 -0.004225 0.001163 0.0009308
1305031121.247194 0.003685 0.006915 -0.0005469 -0.004691 -0.005189 0.00106
1305031121.282876 -0.0007645 0.01228 -0.0037 0.002123 0.003536 -0.002905
1305031121.313568 -0.002214 0.01191 -0.003429 -0.004271 0.001528 -0.00132
1305031121.347517 0.003126 0.007529 -0.0006722 -0.004469 0.000398 -0.002276
1305031121.383226 -0.00516 0.01308 -0.006197 -0.001246 0.006118 -0.001815
1305031121.414318 0.0005691 0.008183 -0.001069 -0.00937 -0.002541 0.003258
1305031121.447319 0.0003181 0.007198 -0.001598 -0.003115 -0.001156 -0.001312
1305031121.482964 -0.004244 0.0144 -0.006711 -0.0004498 -0.001463 -0.003907
1305031121.514107 0.005462 0.005127 0.002478 -0.008391 -0.006951 0.0001125
1305031121.547270 -0.0004724 0.00624 -0.00184 0.001973 -5.238e-05 -0.0008185
1305031121.583204 -0.001894 0.01209 -0.005788 0.004689 -0.001489 0.0005659
1305031121.614700 -0.001167 0.00792 -0.002107 -0.002437 -0.003034 0.002276
1305031121.647183 -0.001688 0.005476 -0.001168 -0.001597 -0.007687 0.005274
1305031121.683200 0.004815 0.008426 -0.002279 0.00532 -0.01021 0.002666
1305031121.714520 0.001197 0.008026 -0.002238 0.001448 -0.001624 -0.002676
1305031121.747145 -0.0003302 0.004881 -0.00205 0.003155 -0.0002852 -0.0005829
1305031121.782835 -0.001506 0.007828 -0.003832 0.004234 0.0001947 -0.005004
1305031121.811540 -0.003062 0.003818 -0.002373 0.001859 -0.0007023 -0.004332
1305031121.847335 0.001752 0.003517 -0.0006238 0.00379 -0.004475 -0.006057
1305031121.882060 0.00123 0.002525 -0.001002 0.00418 -0.0008175 -0.012
1305031121.914931 0.0002532 0.001092 -0.000919 0.003623 0.003752 -0.00414
1305031121.947288 -0.003608 6.001e-05 -0.001642 -4.153e-05 0.00633 0.0004012
1305031121.982926 -0.001097 -0.004721 0.001366 -0.0009932 -0.0004579 0.00107
1305031122.014256 0.001684 -0.002413 0.0006211 0.001856 -0.0009855 0.004248
1305031122.047306 -2.305e-05 -0.005564 0.002604 -0.002067 0.00259 0.007459
1305031122.082959 -0.001056 -0.006263 0.001804 -0.0009006 0.001471 0.007193
1305031122.114672 0.001729 -0.009848 0.005136 -0.002674 -0.001108 0.007869
1305031122.150725 -0.0007641 -0.007805 0.002106 0.002374 0.0009274 0.01037
1305031122.183042 -0.0002006 -0.009795 0.004797 -0.002432 -0.002183 0.009923
1305031122.214959 0.005539 -0.01666 0.008443 0.004145 -0.00678 0.01171
1305031122.251319 -0.0004189 -0.003492 -0.0007496 0.01526 0.0001088 0.004844
1305031122.283560 0.003148 -0.01266 0.005176 0.001329 0.0005596 0.00382
1305031122.314289 0.004724 -0.01463 0.005761 0.01182 0.002363 0.009745
1305031122.351327 -0.0002254 -0.006514 0.001473 0.01561 0.006119 0.003522
1305031122.382630 0.004063 -0.01136 0.00396 0.009971 0.002913 0.001244
1305031122.414997 0.002299 -0.005978 0.002818 0.01023 0.008577 4.471e-05
1305031122.451257 0.001599 -0.01212 0.005372 0.003236 0.009622 -0.001808
1305031122.483360 -2.921e-05 -0.008879 0.002953 0.007127 0.01116 -4.588e-05
1305031122.515097 -0.001491 -0.01029 0.00386 0.003196 0.009694 0.002876
1305031122.551490 -0.002018 -0.01115 0.003571 0.003344 0.003666 0.003524
1305031122.583208 0.002158 -0.009048 0.003437 0.004094 -0.003385 0.002835
1305031122.614980 0.005157 -0.006736 0.003302 0.003346 -0.001664 -0.001835
1305031122.648788 0.0008496 -0.01151 0.004623 -0.003044 0.004241 -0.001434
1305031122.683402 0.002056 -0.01087 0.003896 -0.001178 0.002024 -0.00212
1305031122.715208 0.003062 -0.009905 0.003208 -8.809e-05 0.004706 -0.005172
1305031122.751298 -0.001457 -0.01502 0.002953 -0.002787 0.006953 0.0007669
1305031122.783423 0.001449 -0.01438 0.002408 0.004891 4.923e-05 0.001341
1305031122.812555 -0.001354 -0.006447 -0.000589 0.01223 -4.862e-05 0.001339
1305031122.851418 -0.002186 -0.009467 0.0001954 0.004301 -0.006523 0.003974
1305031122.883754 0.004347 -0.01029 0.002969 0.006495 -0.01488 -0.002359
1305031122.914571 0.003731 -0.004432 0.00123 0.009355 -0.006305 -0.002647
1305031122.951341 0.001359 -0.007218 0.001598 0.002461 -0.00155 -0.002039
1305031122.982815 0.003652 -0.01124 0.002579 0.001427 -0.001228 -0.007374
1305031123.015450 -0.00124 -0.004635 2.691e-05 0.006443 0.004213 -0.005717
1305031123.051827 -0.0008465 -0.006242 0.001226 -0.000362 0.0001734 -0.003009
1305031123.082975 0.001811 -0.01408 0.002836 -0.004584 -0.002373 -0.004923
1305031123.113873 0.0004927 -0.0113 0.0007849 0.004438 -0.001954 -0.004517
1305031123.150822 0.00178 -0.007367 0.0008827 0.006625 -0.002495 -0.000336
1305031123.182155 -0.002745 -0.01277 -0.0004959 0.00251 -0.001267 -0.001674
1305031123.214704 -0.0003652 -0.01068 -0.0007148 0.007901 -0.009168 0.0003593
1305031123.250618 0.003031 -0.01413 0.0007981 0.009169 -0.009947 0.0005387
1305031123.282347 -0.0005643 -0.007688 -0.002847 0.01773 -0.005052 -0.005655
1305031123.311327 -0.000908 -0.007794 -0.00231 0.01149 -0.007278 -0.001799
1305031123.350481 4.233e-05 -0.008556 -0.001416 0.009711 -0.008313 -0.00201
1305031123.382255 -0.001561 -0.00973 -0.001911 0.007969 -0.007495 -0.007694
1305031123.411363 -0.0002294 -0.004831 -0.001358 0.008037 -0.009041 -0.00335
1305031123.451255 0.000353 -0.009752 0.0007637 0.003359 -0.00508 -0.004024
1305031123.483594 -0.001551 -0.009504 -0.00129 0.006794 -0.001624 -0.009161
1305031123.511360 -0.0006415 -0.005851 -0.001067 0.0068 -0.002615 -0.004893
1305031123.551513 -0.0009605 -0.007591 0.0001474 0.003283 0.001062 -0.004336
1305031123.579583 -0.002495 -0.007495 -0.002438 0.003538 0.00171 -0.006248
1305031123.611335 -0.002021 -0.009914 0.0004395 0.0001613 -0.001735 -0.002873
1305031123.652411 -0.002415 -0.007445 -0.001969 0.007386 -0.002778 -0.000644
1305031123.683753 -0.002775 -0.00468 -0.001328 0.009451 -0.005088 -0.002536
1305031123.711323 -0.0008779 -0.006959 -0.0006551 0.007575 -0.00685 -0.003328
1305031123.751723 0.0005482 -0.002062 -0.001151 0.007805 -0.004226 -0.00371
1305031123.783858 -0.0003476 -0.002546 -0.0003221 0.003252 0.001399 -0.002753
1305031123.811608 -0.0003545 -0.001908 0.0003963 0.001908 0.0007904 -0.002225
1305031123.851444 0.0001465 0.0001063 8.339e-05 0.002769 0.0005201 -0.004159
1305031123.883786 0.0006244 0.002926 -0.001123 0.0004 0.002548 -0.0001242
1305031123.911243 0.0003601 0.00171 0.001735 -0.006223 0.002343 0.001571
1305031123.951442 0.0003741 0.0004619 0.001968 -0.0001464 0.0008697 -0.003466
1305031123.983415 0.001975 0.00657 -0.004679 0.002712 0.003809 -0.0009848
1305031124.011302 0.00121 0.003224 -0.001795 -0.01482 0.007178 0.003125
1305031124.051505 0.0001797 0.002524 0.001325 -0.01042 0.006098 0.0003177
1305031124.083837 0.000877 0.004325 -0.004974 -0.00607 0.005713 -4.55e-06
1305031124.111331 0.0003364 0.0059 -0.004146 -0.01735 0.006046 0.004323
1305031124.147446 0.0002307 0.0026 0.002146 -0.01354 0.001554 0.005248
1305031124.182694 0.000881 0.007054 -0.005276 -0.005484 0.00179 0.004472
1305031124.211396 0.001373 0.004772 -0.002507 -0.01902 0.0007739 0.005381
1305031124.249327 0.00293 0.002945 0.00237 -0.01489 -0.0003465 0.001785
1305031124.282545 0.001616 0.005444 -0.003073 -0.004898 0.007593 0.001892
1305031124.311361 -0.0007151 0.008205 -0.004402 -0.01187 0.009228 0.001519
1305031124.350354 0.0006277 0.003947 -0.0004934 -0.01532 0.005974 0.003476
1305031124.382420 -0.0006471 0.007328 -0.003202 -0.01104 0.005058 0.003622
1305031124.411439 0.001068 0.00659 -0.002311 -0.01572 0.00198 0.002574
1305031124.450245 0.0007104 0.006286 -0.001481 -0.01891 0.001602 0.005519
1305031124.480099 0.002413 0.007537 -0.001398 -0.01726 2.603e-05 0.00677
1305031124.511324 0.001657 0.005436 -0.0004 -0.01803 0.001987 0.005687
1305031124.550437 0.001655 0.007829 -0.002132 -0.01178 0.001922 0.006926
1305031124.579404 0.0009885 0.01178 -0.002281 -0.008073 0.004003 0.006228
1305031124.611358 -0.0004846 0.01209 -0.001782 -0.009743 0.004848 0.004283
1305031124.651271 2.136e-05 0.0111 -0.001813 -0.007884 0.004244 0.004715
1305031124.679362 -0.002628 0.01409 -0.003415 -0.006658 0.004993 0.004051
1305031124.711251 -0.001133 0.009508 -0.001994 -0.01015 0.0004316 0.00446
1305031124.749890 0.0003778 0.01437 -0.003074 -0.002782 -0.0005591 0.003311
1305031124.779365 -0.0003514 0.01302 -0.003065 -0.005997 0.002428 0.0016
1305031124.811360 -0.0009287 0.009989 -0.003475 -0.005496 0.002126 0.001128
1305031124.850535 -0.0009034 0.0147 -0.005311 0.00111 0.002941 0.0007742
1305031124.879355 -0.005642 0.01328 -0.006177 -0.004023 0.003306 0.00145
1305031124.911448 0.0007096 0.007785 -0.003048 -0.004632 -0.006446 0.0007878
1305031124.950730 -0.001121 0.01262 -0.006164 0.006302 -0.002186 -0.00115
1305031124.979438 -0.0007703 0.0194 -0.006442 0.0009663 -0.001176 -0.005023
1305031125.011454 0.003136 0.009954 -0.002596 -0.01037 0.002624 -0.001485
1305031125.050763 -0.004743 0.004687 -0.003786 -0.006887 0.007074 -0.0009987
1305031125.079364 -0.0003283 0.01268 -0.004962 0.002624 -0.002057 -0.0066
1305031125.111364 0.0002945 0.01313 -0.004302 -0.0008379 0.00204 -0.002272
1305031125.151013 -0.002818 0.007711 -0.003235 -0.008793 0.002089 0.005041
1305031125.179353 0.002655 0.003256 -0.0004355 -0.001656 -0.007351 -0.001154
1305031125.211320 0.0007467 0.01357 -0.005742 0.008241 -0.002844 -0.00122
1305031125.250632 0.001017 0.01288 -0.003588 -0.002545 -0.0007153 0.004582
1305031125.279467 0.0007397 0.003563 -0.000514 -0.007787 -0.0008302 0.002441
1305031125.311493 -0.001423 0.01158 -0.005431 0.001312 -0.002383 -0.001701
1305031125.348880 0.002452 0.005497 -0.0002177 -0.008347 -0.004019 0.007567
1305031125.379401 -0.003875 0.004912 -0.003771 0.0002528 -0.002227 0.007501
1305031125.411335 -0.0004177 0.005631 -0.001638 0.0004891 -0.01301 0.001164
1305031125.451195 0.001631 0.006202 -0.004081 0.00621 -0.01124 0.003544
1305031125.479424 -0.001395 0.008535 -0.003397 0.0001384 -0.006959 0.002054
1305031125.511316 0.001943 0.0004557 0.0009362 -0.002164 -0.009075 0.001948
1305031125.551020 -0.0009397 0.002711 -0.0008025 0.001905 -0.005733 0.003416
1305031125.579308 -0.0007617 0.002489 -0.001475 0.003548 -0.006841 0.004191
1305031125.611533 0.001328 0.005516 -0.0008935 0.0002278 -0.007218 -0.0001798
1305031125.650575 0.005447 0.002323 0.003221 -0.008508 -0.003062 -0.005605
1305031125.679328 0.004455 -0.008387 0.007382 -0.01129 0.006 -0.0007001
1305031125.711443 -0.003089 0.001364 -0.0002842 -0.001303 0.01311 -0.00397
1305031125.751260 -0.002621 -0.0127 0.007128 -0.01283 0.00612 -0.002539
1305031125.779348 -0.0009882 -0.006489 0.002848 0.001083 0.002536 0.005775
1305031125.811573 -0.0005554 -0.008962 0.005462 -0.0005111 -0.001234 0.002391
1305031125.847412 0.00116 -0.005617 0.002228 0.006214 -0.003252 0.003535
1305031125.879318 0.003476 -0.007982 0.004985 0.0007429 -0.0002251 0.0008705
1305031125.911305 0.005433 -0.01108 0.005256 0.006714 0.00385 -0.001191
1305031125.947343 0.001826 -0.003653 0.001397 0.009041 0.01377 -0.006251
1305031125.979324 -0.002192 -0.01173 0.004919 8.769e-05 0.01702 -0.006077
1305031126.011333 -0.004558 -0.01187 0.002113 0.004487 0.01424 0.0006
1305031126.047324 -0.003735 -0.01298 0.001683 0.005837 0.004948 -0.000786
1305031126.079356 0.0002581 -0.01122 0.001486 0.009817 -0.0032 -0.00145
1305031126.111370 -0.0007742 -0.008305 -0.0004058 0.009847 -0.0007993 0.0005784
1305031126.147432 0.002445 -0.0154 0.002716 0.00398 -0.004055 -0.003028
1305031126.179384 0.001609 -0.01189 0.0006082 0.01431 -0.000247 -0.001602
1305031126.211319 -0.002823 -0.007764 -0.001029 0.01157 0.003205 -0.0006342
1305031126.247298 0.0005957 -0.01507 0.002198 0.005035 -0.003237 0.0001363
1305031126.279363 -0.0001938 -0.01099 0.0004329 0.009747 -0.003452 0.001866
1305031126.311332 0.0001935 -0.01331 0.0009246 0.009029 -0.006645 0.003073
1305031126.347363 0.001155 -0.009241 0.0007869 0.01093 -0.00831 0.002111
1305031126.379423 0.002912 -0.01071 0.001877 0.007994 -0.007639 0.002554
1305031126.411465 0.001716 -0.01084 0.001374 0.009879 -0.004175 0.002937
1305031126.447361 0.0008013 -0.006199 0.001233 0.01187 -0.002677 -0.002413
1305031126.479533 0.002647 -0.009823 0.002483 0.004526 -0.0005959 -0.005591
1305031126.511410 0.0006797 -0.01567 0.00147 0.002853 0.003618 -0.003103
1305031126.547374 -0.003683 -0.008317 -0.001903 0.01284 0.003896 -0.001965
1305031126.579454 -0.001159 -0.009096 0.0005955 0.008591 -0.003249 -0.004225
1305031126.611528 0.0002675 -0.007729 0.0003786 0.01129 -0.003516 -0.003315
1305031126.647376 -0.002458 -0.002687 -0.001112 0.01087 -0.001453 -0.004587
1305031126.679479 -0.0001734 -0.006798 0.001563 0.003153 -0.003735 -0.008976
1305031126.711583 -0.001891 -0.007169 0.0003349 0.004763 -0.001105 -0.006409
1305031126.747316 -0.001202 -0.0005588 0.0008597 0.004838 -0.002327 -0.005941
1305031126.779379 -0.0008062 -0.007706 0.001949 -0.002871 -0.001119 -0.006213
1305031126.811602 -0.004035 -0.004214 9.078e-05 0.0003584 -0.001478 -0.001746
1305031126.847343 -0.0002992 -0.003903 0.002081 0.0004907 -0.007861 -0.001413
1305031126.879357 -0.0006705 -0.002742 0.001142 0.001258 -0.003536 -0.001047
1305031126.911364 -0.001501 -0.001292 0.0008976 0.0008269 -0.003596 0.0008464
1305031126.947437 0.001369 -0.001357 0.002062 0.001565 -0.003249 -0.003322
1305031126.979337 -0.001135 0.002313 -0.0001582 0.002827 0.003227 -0.001961
1305031127.011371 -0.0004927 7.766e-05 0.0006546 -0.00295 0.002108 -0.0003985
1305031127.047297 -0.0002833 -0.001747 0.000895 -0.002995 0.0009114 -0.001946
1305031127.079299 0.0001403 0.001905 -0.0004152 0.001891 0.00104 -4.859e-05
1305031127.111435 0.002244 0.002782 -0.0001024 0.0005294 0.002971 -0.001267
1305031127.147307 -6.113e-05 0.00253 -0.001414 -0.002465 0.007554 -0.0003991
1305031127.179349 0.0002877 -0.0005102 0.0006138 -0.005675 0.005336 0.001846
1305031127.211700 -0.001406 0.00184 -0.002119 -0.001612 0.004113 0.0005896
1305031127.247374 -0.0003349 0.004123 -0.001808 -0.003326 0.0006187 0.002285
1305031127.279465 0.00187 -0.0004539 0.001148 -0.006415 -0.001492 0.002542
1305031127.311362 0.0008254 0.003247 -0.002574 0.0007999 0.001507 0.001729
1305031127.347356 -0.0001477 0.005983 -0.002537 -0.002387 0.003699 0.001612
1305031127.379262 0.001305 -0.001398 0.0005938 -0.007933 0.0009473 0.001428
1305031127.411371 0.000574 0.001729 -0.00174 -0.0007847 0.001918 0.001643
1305031127.447333 1.229e-05 0.005675 -0.002699 -2.035e-06 0.002883 0.001026
1305031127.479362 0.001569 -0.002461 0.0006047 -0.006719 0.0006095 0.002311
1305031127.511356 0.0006637 0.001386 -0.002192 0.001995 0.001848 0.002344
1305031127.547348 -0.0006333 0.004973 -0.002618 0.001202 0.002682 0.0002054
1305031127.579345 0.0008597 -0.0008311 0.0003889 -0.004913 9.944e-05 0.001064
1305031127.611271 0.0004738 -0.001056 -0.0006327 -0.0004418 0.0006591 0.0003624
1305031127.647358 -0.0008279 0.004106 -0.002535 0.003316 0.001696 -0.002755
1305031127.679298 0.0002823 0.001264 0.0002165 -0.003139 0.0008778 -0.001022
1305031127.711375 0.000938 -0.002773 0.0007621 -0.003223 0.0005845 0.001367
1305031127.747304 -0.001038 0.003055 -0.001906 0.003674 0.00204 -0.0005194
1305031127.779346 0.0002574 0.002969 -0.0002413 -0.0009736 0.0003109 -0.0001136
1305031127.811829 0.001246 -0.002279 0.001335 -0.004743 -0.0005193 0.002623
1305031127.847366 0.0003445 0.0008576 -0.0003228 0.000859 -8.991e-05 0.001536
1305031127.879380 0.0009752 0.001556 -0.0003241 0.0006537 1.218e-05 0.0008944
1305031127.911476 0.001054 -0.0002795 0.0001166 -0.001121 0.001099 0.001143
1305031127.947366 0.0005978 -0.001518 -0.0003474 0.0001442 0.001202 -0.0001824
1305031127.979371 -0.0007791 0.001693 -0.00217 0.003964 0.00242 -5.856e-05
1305031128.011427 -0.00115 -0.0005164 -0.001275 0.001464 0.0007664 0.0002973
1305031128.047369 -0.001467 0.00327 -0.00386 0.006017 -0.0004965 -0.002729
1305031128.079334 0.0001207 0.003342 -0.001479 0.001077 -0.0006185 -0.001673
1305031128.111391 7.761e-06 0.0003099 -0.0003574 -0.001761 0.0003872 -0.001417
1305031128.147418 -0.001025 0.0007221 -0.00173 0.001217 0.001251 -0.003396
1305031128.179350 -0.001533 0.004531 -0.001978 0.0004566 0.001374 -0.002284
1305031128.211447 0.001232 -0.002024 0.00161 -0.00563 -0.001252 -0.0001161
1305031128.247480 0.0001924 -0.0007968 -0.000223 1.134e-05 0.0008527 -0.0005595
1305031128.279336 -0.001235 0.003771 -0.001675 0.002278 0.001927 -0.000124
1305031128.311483 0.0008302 -0.001581 0.001192 -0.003794 -0.0008529 0.001547
1305031128.347423 0.000838 -0.0002037 0.0003231 -4.953e-05 -0.0004872 0.001918
1305031128.379404 5.015e-05 0.001745 -0.0007708 0.001487 0.0008233 0.003027
1305031128.411337 0.0004605 0.0005374 0.0004115 -0.001231 -0.0004734 0.002408
1305031128.447296 0.001096 -0.000224 0.0007504 -0.0009774 -0.0009037 0.002534
1305031128.479296 0.000134 0.001127 -0.0004099 0.001001 0.0004505 0.002078
1305031128.511433 -8.62e-05 0.0006569 0.000379 -0.0005794 -0.0004327 0.00121
1305031128.547399 -0.0002958 0.0005117 -0.0002755 0.0002441 -0.0008209 0.0008388
1305031128.579455 0.0001462 0.002634 -0.0002333 0.0003215 -0.001298 0.0004697
1305031128.611395 0.001592 0.0002217 0.001323 -0.002654 -0.0009569 -0.0002167
1305031128.647352 0.001169 -0.0003221 0.0009902 -0.001293 0.001769 2.967e-06
1305031128.679282 -0.001065 0.001432 -0.0004847 1.52e-05 0.003749 0.0008112
1305031128.711457 -0.001105 -0.0002373 0.0002515 -0.002621 0.0005807 0.001834
1305031128.747363 0.0003628 -0.0007672 0.0009935 -0.002055 -0.00258 0.002262
