1341839113.693575 0.002807 0.002888 0.001604 0.003405 -0.00214 -0.0036
1341839113.725606 -0.0004641 -0.002791 -0.000847 -7.909e-05 -0.001346 -0.00604
1341839113.793718 -1.52e-05 0.003109 -0.0003392 0.003644 -0.002186 -0.001975
1341839113.861553 0.002594 -0.006782 0.002144 -0.003676 0.002825 0.004933
1341839113.894400 0.001328 0.003042 0.0002543 0.004337 -0.002496 -0.002158
1341839113.925550 -0.0006593 0.002299 -0.003398 0.001868 0.0008296 -0.00454
1341839113.961614 -0.0003543 -0.003793 0.003352 -0.0009228 0.001227 0.001731
1341839113.993616 0.000669 0.002419 -0.004215 0.002348 0.00078 0.00428
1341839114.025642 0.001285 0.0006091 0.0009975 -0.0006589 0.00167 -1.296e-06
1341839114.061534 0.001727 -0.006035 0.004626 -9.705e-06 -0.0005745 0.000724
1341839114.093617 0.0007046 0.002708 -0.0007582 0.00741 -0.0007574 -0.002004
1341839114.129556 -0.002327 0.003719 -0.006988 0.003667 0.003586 -4.435e-05
1341839114.161678 0.001602 -0.005062 0.002407 -0.003789 0.0009329 0.005811
1341839114.229673 0.003542 0.003155 -0.003197 0.006437 0.001857 0.003386
1341839114.261690 0.002539 -0.007374 0.004439 -0.004786 -0.003142 -0.001239
1341839114.293564 0.002032 0.002808 0.00249 0.005001 -0.00219 -0.001845
1341839114.329671 0.0007472 0.004515 -0.003397 0.003714 0.003716 -0.000159
1341839114.361622 0.001899 -0.004244 -0.001138 -0.003196 0.002241 0.003244
1341839114.397666 0.004114 -0.004843 0.005141 -0.001617 -0.002116 0.001257
1341839114.429583 0.003056 0.001586 0.0003402 0.004968 -0.001131 -0.002881
1341839114.461610 0.0008866 -0.0007768 -0.001587 0.002028 0.0002039 -0.005044
1341839114.497561 -8.075e-05 -0.003581 -0.0007374 -0.0003523 -0.0001684 -0.0001746
1341839114.529492 0.001861 0.00109 -0.0006582 0.000857 -0.0001862 0.002147
1341839114.565482 0.003472 -0.00299 0.003855 -0.0002277 0.000108 0.0008653
1341839114.597648 0.001327 -0.00373 0.0002296 0.001743 -0.00159 -0.0004129
1341839114.629596 0.0002174 0.001201 -0.002187 0.002303 -0.002497 -0.001297
1341839114.665607 0.001515 -0.0009229 0.003112 0.0007781 -0.0007239 0.00154
1341839114.697721 0.0005822 0.0001125 -0.001941 0.0008011 -2.933e-06 0.005129
1341839114.730054 0.005119 -0.0009786 0.003928 -0.001548 -0.00463 0.0005341
1341839114.765560 0.00365 -0.002194 0.006083 0.002119 -0.002464 -0.002931
1341839114.797510 0.000359 0.002356 -0.004589 0.002144 -0.00143 -0.001085
1341839114.833570 0.005512 -0.002961 0.006727 -0.002975 -0.003711 -0.001276
1341839114.865530 0.004326 -0.001795 0.004699 0.001588 -0.001094 0.0001109
1341839114.897742 0.002932 2.368e-05 -0.0001841 0.0007315 -0.001687 -0.0006809
1341839114.933721 0.004862 -0.00153 0.003527 -0.00198 -0.002961 -0.0009786
1341839114.965565 0.006989 -0.001892 0.008556 -0.0001272 -0.002362 -0.003416
1341839114.997678 0.003041 -0.005585 0.003117 0.0002364 0.0003216 0.0002417
1341839115.033675 0.004571 -0.002559 -0.0003149 -0.0007596 -0.006332 -0.0003339
1341839115.065634 0.007707 0.003008 0.008583 0.00237 -0.00683 -0.009485
1341839115.101577 0.001119 -0.002299 0.003823 0.00123 0.002734 -0.003915
1341839115.133455 0.001944 -0.005502 -7.395e-05 -0.002552 -4.49e-05 0.006542
1341839115.165699 0.008173 0.001482 0.004633 -0.0009384 -0.005145 0.000164
1341839115.201542 0.008088 -0.005842 0.01252 0.0003688 -0.001808 -0.005786
1341839115.233600 0.00137 -0.0035 1.18e-05 0.005383 0.001772 -0.0001598
1341839115.265499 0.003115 0.001516 -0.0009959 0.001011 -0.001533 0.001823
1341839115.301699 0.009142 -0.006446 0.01196 -0.0008371 -0.001747 0.000748
1341839115.333616 0.003412 -0.0033 0.003205 0.005996 0.002499 0.002678
1341839115.369483 0.000892 0.003359 -0.004453 0.003991 -0.0001378 0.002547
1341839115.401613 0.007596 -0.001687 0.005938 -0.001261 -0.004215 -0.001951
1341839115.469819 0.006589 -0.001354 0.001226 0.01005 -0.001562 -0.0008911
1341839115.533671 0.01491 -0.01099 0.01288 -0.003166 -0.007206 -0.008598
1341839115.569633 -0.0009152 0.006638 -0.006329 0.007261 0.002141 0.003531
1341839115.601623 0.004484 0.00323 -0.002923 -0.002221 -0.003154 0.001701
1341839115.637954 0.0108 -0.00753 0.008346 -0.005596 -0.006532 -0.00492
1341839115.669467 0.005115 -0.00703 0.004743 0.002181 -0.001983 -0.004106
1341839115.701635 -0.002241 0.0133 -0.01048 0.008267 0.0008375 -0.0003385
1341839115.737552 0.006072 0.0009597 -0.0007678 -0.006894 -0.00324 -0.0006665
1341839115.769579 0.01194 -0.01851 0.01057 -0.008604 -0.004331 0.001637
1341839115.805533 0.002634 0.007663 -0.006576 0.008346 -0.0009296 9.374e-05
1341839115.837641 0.006629 0.001908 -0.003132 -0.002149 -0.004138 -0.004925
1341839115.869594 0.01116 -0.01149 0.007961 -0.004278 -0.005531 -0.003924
1341839115.905464 0.005156 0.003053 -0.002106 0.00654 -0.002179 -0.002782
1341839115.937926 0.004502 0.009852 -0.006664 0.001553 -0.003644 -0.005752
1341839115.976772 0.01202 -0.0129 0.008523 -0.009666 -0.008652 -0.005477
1341839116.037844 0.01505 0.007578 0.002108 0.01102 -0.008232 -0.01193
1341839116.073614 0.006083 0.003122 -0.002444 -0.003644 -0.002375 -0.00109
1341839116.105551 0.01242 -0.009952 0.007807 -0.00773 -0.006198 -0.0003751
1341839116.137629 0.01009 0.00127 0.003286 0.003255 -0.00377 -0.002838
1341839116.173741 0.002964 0.007387 -0.005886 0.002409 -0.0005854 -0.002023
1341839116.205705 0.009964 -0.006797 0.003948 -0.007216 -0.006878 0.0003497
1341839116.237744 0.01311 -0.001164 0.006659 0.0002937 -0.007233 -0.003535
1341839116.273644 0.007104 -0.002041 0.001767 0.0005741 -0.002965 -0.00437
1341839116.305590 0.005238 -0.004185 0.0008772 -0.0001349 -0.005193 -0.0005643
1341839116.341693 0.01123 0.004164 0.0002361 0.002056 -0.00859 -0.004358
1341839116.374159 0.01114 -0.001558 0.006033 -0.0001687 -0.004971 -0.009725
1341839116.405626 0.00419 -0.001104 -0.0007438 0.000998 -0.00103 -0.005252
1341839116.441448 0.00792 0.001426 -0.0001189 -0.0004354 -0.004107 -0.004157
1341839116.473792 0.008071 -0.0007602 0.004787 -0.001311 -0.0008566 -0.004115
1341839116.505559 0.005527 -0.005813 0.001257 -0.003193 -0.0002775 0.001027
1341839116.541530 0.01055 -0.005045 0.00711 -5.992e-05 -0.005402 -0.003967
1341839116.573449 0.001187 0.005729 -0.0007099 0.006452 0.002226 -0.002294
1341839116.609629 0.000561 0.001145 -0.002425 -0.001018 0.002004 0.006126
1341839116.642092 0.01003 -0.004646 0.005487 -0.004111 -0.004803 0.004673
1341839116.673494 0.009471 -0.001612 0.007938 0.00208 -0.002482 -0.002792
1341839116.709491 -0.003495 0.00133 -0.003509 0.003696 0.004386 0.003872
1341839116.741798 0.003204 0.002502 -0.0019 -0.0005547 -0.002655 0.008487
1341839116.777780 0.01181 0.0001719 0.006976 -0.001253 -0.004263 0.00279
1341839116.809493 0.005542 -0.005963 0.006041 0.0005462 0.001441 0.001594
1341839116.841577 -0.001711 0.01044 -0.006724 0.006198 0.001458 0.004143
1341839116.877541 0.007201 0.001453 0.001743 -0.004988 -0.00383 0.001656
1341839116.909607 0.01178 -0.01526 0.01138 -0.007488 -0.005056 -0.0007576
1341839116.941574 0.003539 -0.002154 0.002651 0.005759 -0.001521 0.0003463
1341839116.977669 0.0006031 0.01593 -0.006096 0.007667 0.0001066 0.001272
1341839117.009692 0.008614 -0.01086 0.007027 -0.009192 -0.002303 0.004128
1341839117.045446 0.009468 -0.01566 0.008758 -0.002677 -0.004146 0.005282
1341839117.077581 0.004966 0.01157 -0.003396 0.009955 -0.002977 -0.0005756
1341839117.109633 0.004975 -0.0006242 0.00169 -0.001356 -0.0034 -0.002435
1341839117.145451 0.006827 -0.005238 0.004529 -0.002704 -0.004679 0.002058
1341839117.177591 0.01207 0.0004657 0.005871 0.00157 -0.005358 -0.0003278
1341839117.209585 0.005137 0.006347 -0.0003896 0.002572 0.0002466 -0.00194
1341839117.245753 0.008224 -0.009133 0.005107 -0.007376 -0.00524 -0.0003987
1341839117.278976 0.01488 -0.002062 0.009354 0.0003018 -0.008401 -0.003959
1341839117.313580 0.008895 0.004279 0.00337 0.002624 -0.001115 -0.006566
1341839117.345623 0.009469 -0.01168 0.008453 -0.004782 -0.003526 -0.003031
1341839117.377641 0.0108 -0.003582 0.00857 0.003314 -0.003193 1.617e-05
1341839117.413568 0.009902 0.003026 0.002546 0.004141 -0.0007852 0.0009851
1341839117.445717 0.01318 -0.01447 0.01091 -0.002954 -0.003803 -0.001925
1341839117.477601 0.008601 -0.002587 0.00483 0.007832 -0.003147 -0.002
1341839117.513635 0.008503 0.008963 0.0003286 0.00671 -0.002776 -0.005277
1341839117.545603 0.01154 -0.0115 0.0105 -0.003675 -0.00237 -0.002848
1341839117.581707 0.009336 -0.0003958 0.004907 0.004271 -0.0007554 -1.351e-05
1341839117.613653 0.01001 -7.664e-05 0.004103 0.001622 -0.001563 -0.001822
1341839117.645887 0.01172 -0.006047 0.007704 -0.001074 -0.002921 -0.003018
1341839117.681569 0.008739 -0.003583 0.006309 0.002206 -0.0002946 -0.001287
1341839117.713639 0.005584 0.004247 0.001358 0.00385 0.001851 0.003677
1341839117.745712 0.0112 -0.001231 0.00384 -0.002564 -0.002047 0.001828
1341839117.781725 0.01272 -0.0139 0.009577 -0.005293 -0.003733 -0.002295
1341839117.813499 0.01033 -0.004469 0.006711 0.004923 -0.002752 -0.004345
1341839117.849617 0.003252 0.01255 -0.00234 0.008628 0.00293 -0.001525
1341839117.881610 0.008525 -0.005152 0.004218 -0.005301 0.001466 0.004001
1341839117.913581 0.01187 -0.01834 0.01055 -0.005671 -8.458e-05 0.005286
1341839117.949521 0.007642 0.004272 0.001149 0.008288 0.0008382 0.001906
1341839117.981586 0.007803 -0.002052 0.002425 0.001244 5.838e-05 -0.002234
1341839118.017504 0.002865 -0.006375 0.00304 0.001288 0.001124 0.003053
1341839118.049478 0.00704 0.008677 -0.0009899 0.005414 -0.00213 0.004292
1341839118.081566 0.01222 -0.004205 0.00496 -0.00251 -0.00266 -0.0008686
1341839118.117532 0.005728 -0.001487 0.002017 0.002489 0.0002313 -0.002166
1341839118.149476 0.002957 0.01207 -0.003625 0.004813 0.0009428 -6.754e-05
1341839118.182394 0.007688 -0.006293 0.002788 -0.00656 -0.0008613 0.002058
1341839118.217697 0.007415 -0.005905 0.002163 -0.001584 -0.001897 0.002214
1341839118.249595 0.006762 0.01127 -0.002607 0.005224 -0.002753 -0.003024
1341839118.285581 0.005917 0.00157 3.382e-05 -0.00303 -0.0009113 -0.002862
1341839118.317574 0.00635 -0.0007461 0.0004511 -0.002656 -0.001335 0.0003576
1341839118.349685 0.007549 0.004103 -0.0009494 -0.001258 -0.002214 -0.0007841
1341839118.385618 0.009584 -0.004047 0.002071 -0.005014 -0.002741 -0.002932
1341839118.417611 0.008264 -0.003675 0.001933 -0.00133 -0.001858 -0.003691
1341839118.449697 0.004262 0.003094 -0.001929 0.001704 0.0004091 -0.001567
1341839118.485493 0.005746 0.002015 -0.00255 -0.00118 -0.0008669 0.001569
1341839118.517623 0.01036 -0.006701 0.001557 -0.00486 -0.003374 3.288e-06
1341839118.554050 0.01228 -0.008938 0.003801 -0.0005916 -0.0032 -0.002536
1341839118.585668 0.0003612 0.01048 -0.006228 0.008762 0.004144 -0.0003836
1341839118.617700 0.006299 0.003663 -0.004443 -0.002013 -0.001411 0.00259
1341839118.653714 0.0152 -0.01689 0.006828 -0.007531 -0.004583 -0.000259
1341839118.717504 0.008856 0.01831 -0.007521 0.01532 -0.0006943 -0.003692
1341839118.753742 0.01047 -0.01571 0.004701 -0.01071 -0.004004 0.0005062
1341839118.785566 0.01423 -0.007069 0.005845 0.001859 -0.005803 -0.002345
1341839118.821695 0.006416 0.00545 -0.0004681 0.008358 0.0001826 -0.00572
1341839118.853833 -0.001064 0.007026 -0.005641 0.004061 0.00176 0.002501
1341839118.921740 0.02771 -0.006802 0.007447 -0.006871 -0.007604 0.001436
1341839118.953665 0.002458 0.003503 -0.003315 0.004925 -0.0003159 -0.002331
1341839118.989622 0.009054 0.009064 -0.001447 0.001993 -0.005101 -0.003714
1341839119.021687 0.00964 -0.007227 0.003268 -0.006145 -0.003465 -0.001755
1341839119.054550 0.01038 -0.00727 0.003 -0.001909 -0.00501 -0.002106
1341839119.089581 0.01238 0.0002513 0.003126 0.003835 -0.005506 -0.006657
1341839119.121679 0.004481 0.003265 -0.0006234 0.004023 3.217e-05 -0.004024
1341839119.153810 0.007383 -0.0005132 0.0003289 -0.0006995 -0.002435 0.001461
1341839119.190466 0.01364 -0.006421 0.004928 -0.002079 -0.004124 -8.778e-05
1341839119.221601 0.007377 -0.004607 0.001745 0.00257 -0.001431 -0.002087
1341839119.257728 0.005347 0.007202 -0.002315 0.005793 -0.003162 -0.002214
1341839119.289455 0.009166 -0.0004213 0.001099 -0.000921 -0.003849 -0.0005742
1341839119.321569 0.01113 0.0006492 0.001863 0.0004075 -0.003147 -0.00333
1341839119.357502 0.00738 0.0003953 -1.025e-05 -0.0009234 -0.001398 -0.006232
1341839119.389594 0.006366 -0.00827 0.002961 -0.003066 -0.001169 -0.002467
1341839119.421517 0.009322 0.005817 0.0004271 0.004251 -0.0002867 0.0007607
1341839119.457571 0.004239 -0.003121 0.0004101 -0.002285 0.00373 0.002208
1341839119.489537 0.004878 -0.007915 0.001049 -0.002344 -0.001495 0.001709
1341839119.525734 0.01054 -0.002098 0.003101 0.002232 -0.004909 -0.00366
1341839119.557461 0.003587 -0.005921 0.00303 0.00313 0.001416 -0.002731
1341839119.589618 -0.001526 0.01162 -0.004099 0.008986 0.002143 0.005843
1341839119.625979 0.008816 0.002594 0.0005929 -0.00273 -0.002683 0.00392
1341839119.657625 0.008415 -0.0177 0.006295 -0.007651 -0.001678 0.0006087
1341839119.689899 0.002171 0.002887 0.001319 0.008591 0.0008766 0.0008112
1341839119.725735 -1.597e-05 0.01448 -0.004697 0.005775 0.001041 0.003949
1341839119.757807 0.009544 -0.01221 0.004654 -0.008479 -0.003765 0.003812
1341839119.793744 0.007984 -0.003832 0.003992 0.002781 -0.0004484 0.0007236
1341839119.825500 -5.574e-05 0.01149 -0.003744 0.006874 0.002398 0.001106
1341839119.857554 0.006391 0.001095 -1.075e-05 -0.003632 -0.003313 -0.0008777
1341839119.893748 0.0101 -0.01374 0.00602 -0.007124 -0.004425 -0.003804
1341839119.925601 0.003654 -0.002383 0.002393 0.004704 -0.0004907 -0.001658
1341839119.957678 0.005447 0.01742 -0.003165 0.007797 -0.002504 -0.0006688
1341839119.993679 0.008852 -0.005345 0.004205 -0.007452 -0.001331 -0.001783
1341839120.025666 0.005012 -0.004106 0.001682 -0.003033 -8.037e-05 0.001263
1341839120.061576 0.008666 -0.002389 0.001487 -0.001253 -0.003568 -0.001885
1341839120.093515 0.008555 0.0006065 0.0007925 0.000726 -0.004312 -0.006127
1341839120.125657 0.006632 0.0003675 0.001461 8.519e-05 -0.003139 -0.006397
1341839120.161703 0.006265 0.006495 -0.0002821 0.001026 -0.002023 -0.001514
1341839120.193590 0.00942 4.829e-05 0.000564 -0.005192 -0.00282 -0.001423
1341839120.229713 0.007874 -0.01181 0.002497 -0.008539 -0.004241 -0.004524
1341839120.261506 0.01263 -0.003679 0.004488 4.504e-06 -0.008068 -0.008823
1341839120.293457 0.007799 0.006739 0.001621 0.003844 -0.002325 -0.008203
1341839120.329588 0.00479 -0.005566 0.001738 -0.00442 -0.001337 0.0001657
1341839120.361629 0.01493 -0.008842 0.007132 -0.00235 -0.006191 -8.464e-05
1341839120.393790 0.01175 -0.00023 0.004575 0.004959 -0.001743 -0.004566
1341839120.429559 0.004071 -9.107e-06 0.0007601 0.003532 0.0001823 -0.001299
1341839120.461550 0.01249 0.003059 0.003177 0.003345 -0.00383 0.0008115
1341839120.497665 0.01078 -0.0004851 0.003132 0.0001688 -0.0002757 -0.0008922
1341839120.561630 0.01473 -0.006829 0.005558 0.00218 -0.003777 -0.004192
1341839120.597681 0.01031 0.001078 0.003357 0.002119 -0.003093 -0.003902
1341839120.629503 0.005013 -0.005255 0.003677 -0.0005154 0.000772 -0.0005698
1341839120.661993 0.005224 -0.005597 0.002449 0.0007526 -0.002055 0.002132
1341839120.697745 0.01106 0.0009716 0.00359 0.004277 -0.004933 -0.0009822
1341839120.729566 0.007018 -0.001777 0.003059 0.002072 -0.0007263 -0.001644
1341839120.765550 0.003058 0.001213 0.001212 0.00319 -0.000135 0.00327
1341839120.797761 0.0109 0.001931 0.001846 -0.0001393 -0.004378 0.002521
1341839120.829557 0.007941 -0.0086 0.004037 -0.003525 -0.00215 -0.001039
1341839120.865525 0.00556 0.0003136 0.00114 0.0025 -0.003871 -0.002929
1341839120.897669 0.01009 0.00811 0.001443 0.002739 -0.005743 -0.003844
1341839120.929785 0.01025 0.001709 0.003619 -0.002569 -0.002103 -0.002135
1341839120.965555 0.006628 -0.0008346 0.001775 -0.003717 0.0009506 0.001186
1341839120.997581 0.008848 -0.004823 0.001833 -0.004345 -0.0009742 0.001237
1341839121.033744 0.01297 -0.0004561 0.002208 -0.0009768 -0.002137 -0.003994
1341839121.065604 0.004832 0.005011 -0.0008286 0.0007817 0.002506 -0.004313
1341839121.097656 0.007206 -0.003964 0.0004868 -0.004809 0.0002302 0.000143
1341839121.133691 0.01444 -0.001909 0.002925 -0.0006628 -0.0003845 0.0001607
1341839121.165530 0.005643 0.004236 -0.001461 0.001364 0.005549 -0.0005626
1341839121.201575 0.004766 -0.002662 -0.0007007 -0.003161 0.002333 0.001887
1341839121.233546 0.0137 -0.0006827 0.001467 -0.001112 -0.001303 -0.0008975
1341839121.265498 0.00655 -0.001892 0.001129 6.12e-05 0.004316 -0.002281
1341839121.301532 0.00279 0.003655 -0.002091 0.002379 0.00329 0.001259
1341839121.333608 0.006932 0.00327 -0.001295 -0.0007846 0.0007698 0.003066
1341839121.365570 0.007591 -0.005406 0.0009843 -0.004209 -2.115e-05 0.001832
1341839121.401586 0.007511 0.005762 -0.001922 0.0005652 -0.0005272 -0.003292
1341839121.433568 0.002395 -0.009268 0.001761 -0.005915 0.001399 -0.000738
1341839121.470470 0.006065 0.008455 -0.001387 0.005204 -0.001007 0.002883
1341839121.501558 0.005046 0.01621 -0.004699 -0.0001386 0.001282 0.001518
1341839121.533669 0.005259 -0.01411 0.0001678 -0.01516 -0.0007669 0.002962
1341839121.569551 0.009519 0.002183 0.001246 -0.002036 -0.003146 -0.0006057
1341839121.601594 0.004488 0.007874 -0.003005 -0.001817 0.0008653 -0.000988
1341839121.633518 0.00494 -0.008111 0.0002242 -0.00856 -0.001274 0.0003183
1341839121.676759 0.008606 0.007527 -0.0004154 0.001838 -0.002594 -8.383e-05
1341839121.737794 0.01314 0.009003 -0.003466 -0.007782 0.00412 3.351e-05
1341839121.769806 0.004428 0.001005 -0.003074 -0.003977 0.001932 0.007025
1341839121.801610 0.01264 -0.001092 -0.001022 -0.004316 -0.001927 0.003384
1341839121.837558 0.006684 0.0002897 -0.0009646 -0.001189 0.002067 -0.0004677
1341839121.869640 0.004977 0.008399 -0.005856 0.001012 0.0004541 0.001634
1341839121.901603 0.01184 -0.0001058 0.0001057 -0.00437 -0.0006492 0.001048
1341839121.937642 0.00533 -0.0009396 -0.002076 -0.002632 0.002398 0.00192
1341839121.969593 0.00888 -0.003744 -0.001104 -0.002905 -0.003341 -0.0003665
1341839122.005447 0.01331 -5.689e-05 0.002298 0.0007084 -0.00391 -0.005345
1341839122.037577 0.004979 0.001883 -0.0008012 0.002478 0.002937 -0.0001107
1341839122.069508 0.005018 0.003185 -0.003046 0.001471 0.001418 0.004791
1341839122.105677 0.009108 0.0006192 -0.001479 -0.001576 -0.001538 0.002633
1341839122.137560 0.009627 -0.006551 0.001752 -0.003054 -0.001779 -0.0001799
1341839122.169506 0.005758 -0.001833 0.0001493 0.003108 -0.001432 0.0004874
1341839122.205699 0.006445 0.0106 -0.004078 0.006012 -0.002756 -0.0004449
1341839122.237714 0.007784 0.000514 -0.0006941 -0.002853 -0.002159 -0.001424
1341839122.273692 0.005621 -0.007273 0.001189 -0.003559 -0.002699 0.0002393
1341839122.305536 0.009944 0.003128 -0.0009405 0.003024 -0.005644 -0.001671
1341839122.337539 0.01032 0.003605 -0.001042 0.001374 -0.003085 -0.004278
1341839122.373595 0.004303 -0.0005104 -0.0008737 0.0002313 0.0002378 -0.0003748
1341839122.405534 0.007411 0.008265 -0.004349 0.002137 -0.002777 0.0009673
1341839122.441566 0.01178 -0.001734 -0.0007997 -0.005509 -0.002993 -0.002922
1341839122.476666 0.00938 -0.004749 0.001274 -0.002779 -0.001007 -0.003167
1341839122.541642 0.01496 0.0144 -0.006817 0.00016 -0.0004393 -0.007223
1341839122.605781 0.01892 -0.011 0.0007455 -0.009789 -0.001641 -0.001492
1341839122.641573 0.008552 0.008698 -0.003799 0.00372 -0.0001259 -0.005054
1341839122.673585 0.00416 0.001971 -0.002344 -0.001967 0.003553 -0.0008715
1341839122.709612 0.008216 -0.001359 -0.0005668 -0.002767 0.001699 0.004027
1341839122.744481 0.006979 -0.00449 -1.382e-05 -0.002763 0.002185 0.003569
1341839122.809572 0.01506 -0.009871 0.003085 0.005778 -0.00282 -0.002905
1341839122.841637 -0.001905 0.01228 -0.006383 0.007845 0.002634 0.002395
1341839122.873612 0.004646 -0.003468 -0.001868 -0.003309 -0.001227 0.006878
1341839122.909624 0.01354 -0.005459 0.003233 -0.001183 -0.004345 -0.0003761
1341839122.941543 0.0006622 0.002986 -0.001538 0.004907 0.002489 -0.002481
1341839122.977575 -0.002292 0.01205 -0.006619 0.004075 0.0009802 0.002509
1341839123.009572 0.007607 -0.003578 -0.0003276 -0.007428 -0.002418 0.002445
1341839123.041702 0.009275 -0.01575 0.004323 -0.006624 -0.002813 -0.0005791
1341839123.077583 0.004376 -0.002321 0.0008489 0.006334 -0.001808 -0.002472
1341839123.109751 -0.001934 0.0176 -0.006047 0.009617 0.00092 -0.002069
1341839123.141926 0.004117 -0.007807 -7.268e-05 -0.00817 -0.001596 0.002027
1341839123.177759 0.01063 -0.02018 0.005937 -0.005184 -0.004915 0.0005549
1341839123.209570 0.003958 0.002931 -0.0009892 0.009772 -0.003198 -0.005607
1341839123.245725 -0.001802 0.00813 -0.003399 0.007022 -0.0009295 -0.004758
1341839123.277647 -0.001296 0.003977 -0.003164 0.0005377 -0.002218 0.003819
1341839123.309620 0.01134 -0.007179 0.002993 -0.004569 -0.006342 0.001915
1341839123.345630 0.003331 -0.001658 0.00086 0.0006701 -0.001965 -0.006019
1341839123.378204 -0.003901 0.003339 -0.001568 0.001993 -0.002037 -0.004166
1341839123.413605 0.005169 0.002881 -0.000454 -0.0005101 -0.005826 0.0009374
1341839123.445605 0.005887 -0.002707 0.002358 -0.002216 -0.002062 0.001865
1341839123.477524 -0.0005755 0.001756 -0.001157 0.0001948 -0.0004856 0.002449
1341839123.513569 0.002349 -0.001072 -0.0007309 -0.002193 -0.004604 0.002091
1341839123.545681 0.01085 -0.001698 0.001534 -0.001708 -0.007752 -0.002477
1341839123.577643 0.0009233 0.009074 -0.001303 0.002782 -0.0001922 -0.001998
1341839123.613598 0.0005267 -0.001839 -0.001198 -0.005406 -0.001727 0.004724
1341839123.645669 0.01341 -0.008701 0.004322 -0.00466 -0.00727 0.003406
1341839123.681751 0.00792 0.006419 -0.0007138 0.003108 -0.002511 -0.002086
1341839123.713662 0.003184 -0.001244 0.0007672 -0.002617 -0.001502 -0.00181
1341839123.745702 0.005893 0.00307 0.0005696 -0.0002238 -0.003805 0.001867
1341839123.781632 0.01193 0.002438 0.0004908 -0.002064 -0.004521 0.000666
1341839123.813710 0.01198 -0.009714 0.004498 -0.006256 -0.001904 -0.001855
1341839123.845656 0.006686 -0.005135 0.004905 0.002495 0.0008679 0.0004321
1341839123.881576 0.005189 0.006147 -0.001212 0.006482 -0.0008554 0.004318
1341839123.913827 0.01268 -0.001625 0.001986 0.0005936 -0.00373 0.003647
1341839123.949667 0.0157 -0.00567 0.004308 0.001189 -0.002063 0.0008775
1341839123.981668 0.008605 0.007514 -0.001059 0.007154 0.003565 0.001464
1341839124.013726 0.009399 0.002751 -0.0008362 0.0002799 0.002555 0.001698
1341839124.049634 0.01417 -0.003339 0.004333 -0.002091 0.0007138 1.755e-05
1341839124.081682 0.01146 -8.282e-05 0.002782 0.001054 0.002775 -0.001831
1341839124.113596 0.006746 0.001651 0.002042 0.002355 0.003883 0.0007232
1341839124.149548 0.007913 0.00548 -0.001698 0.001642 0.00145 0.002807
1341839124.181547 0.0125 -0.007782 0.005082 -0.004557 -0.0003472 0.0005015
1341839124.217783 0.009393 -0.003454 0.004805 0.002545 0.0005252 0.001395
1341839124.256572 0.008082 0.01096 -0.001984 0.006219 -8.254e-05 0.000173
1341839124.317542 0.01922 -0.009194 0.008456 -0.005983 -0.001449 -0.003015
1341839124.349622 0.01188 -0.0006075 0.002881 0.001142 -0.002597 -0.003689
1341839124.417782 0.00997 0.003948 0.004219 0.005764 -0.001394 -0.005022
1341839124.449587 0.01079 -0.002914 0.002427 -0.004235 -0.003337 -0.0002919
1341839124.485711 0.005833 -0.01189 0.006836 -0.003247 -0.0001884 0.001196
1341839124.549607 0.01401 0.003999 0.003476 0.006443 -0.008174 -0.004363
1341839124.585623 0.005735 -0.004148 0.003972 -0.0009332 -0.001416 -0.0009922
1341839124.617614 0.004149 0.001391 0.002596 0.002919 -0.001359 0.00243
1341839124.653561 0.007998 0.001954 0.0003672 -0.0005401 -0.003483 -0.001348
1341839124.685611 0.006137 -0.01262 0.006269 -0.00456 -0.001736 -0.00283
1341839124.717580 0.003025 0.006346 0.001273 0.007545 -0.001584 0.001326
1341839124.753621 0.006928 0.005326 -0.001383 0.0009011 -0.002329 0.001418
1341839124.785678 0.007196 -0.008229 0.003948 -0.004993 -0.001388 -0.001118
1341839124.817558 -0.0009397 -0.005966 0.003964 0.0009515 -0.001242 -0.0003432
1341839124.885712 0.02655 0.01337 -0.001418 0.001418 -0.01247 -0.003643
1341839124.921721 -0.002726 -0.006706 0.006397 -0.003571 0.007292 -1.614e-05
1341839124.953580 -0.003442 0.009019 -0.001002 0.004529 -0.00195 0.007858
1341839124.985862 0.01887 -0.001521 -0.002251 -0.006087 -0.01108 -0.001211
1341839125.021660 0.0112 -0.01124 0.005453 -0.007747 2.137e-05 -0.01014
1341839125.053606 -0.004714 -0.00173 0.003834 0.003416 0.003925 -0.0005509
1341839125.086082 0.002476 0.01747 -0.004318 0.007416 -0.003351 0.00655
1341839125.121616 0.01628 -0.0072 0.002382 -0.01068 -0.002462 0.0004252
1341839125.153540 0.003765 -0.01898 0.01119 -0.004328 0.005753 0.002111
1341839125.189545 -0.004759 0.0149 -0.003012 0.01577 -0.001568 0.01043
1341839125.221519 0.003557 0.01572 -0.006252 0.00328 -0.005688 0.003397
1341839125.253620 0.007293 -0.0154 0.003684 -0.01141 -0.006182 0.0009493
1341839125.289646 0.007074 -0.004598 0.002888 0.002536 -0.003059 0.0001619
1341839125.321651 -0.007452 0.02501 -0.005346 0.01081 0.003058 0.005818
1341839125.353612 0.003264 -0.008222 0.001101 -0.01101 -0.0055 0.004097
1341839125.389732 0.003073 -0.01571 0.008097 -0.00396 -0.007212 0.0005738
1341839125.421568 0.004449 0.008443 -0.003368 0.01008 -0.009594 -0.001314
1341839125.457605 -0.001753 0.007846 -0.004137 0.003461 -0.003191 -0.001355
1341839125.489491 0.002875 0.000682 -0.001839 -0.002955 -0.006307 0.0001265
1341839125.521521 0.01059 -0.01326 0.003259 -0.005428 -0.006324 -0.004082
1341839125.557578 -0.001911 0.007504 -0.001052 0.007601 0.001638 -0.0009332
1341839125.596685 -0.003531 0.009466 -0.004547 0.002234 -0.002302 0.003488
1341839125.657655 0.01953 -0.01828 0.001418 -0.006719 -0.009965 -0.008478
1341839125.689599 -0.0002044 0.007447 -0.002145 0.008515 0.0003402 -0.002458
1341839125.725674 0.005094 0.01441 -0.007332 0.00469 -0.001915 0.003843
1341839125.757650 0.01083 -0.01255 0.0004975 -0.009819 0.000883 -0.0001889
1341839125.789697 -0.001304 -0.0103 0.001645 0.0001871 0.002303 -0.001164
1341839125.825554 0.01038 0.008615 -0.005798 0.009079 -0.006447 -0.005612
1341839125.857601 0.008526 0.007478 -0.005668 0.003413 -0.001194 -0.005914
1341839125.893542 0.0005143 0.006388 -0.003157 0.001282 0.004107 0.002757
1341839125.925748 0.009927 -0.0002639 -0.004895 -0.003447 -0.001589 0.00456
1341839125.957565 0.01328 -0.007041 -0.0008018 -0.004079 -0.001065 -0.00487
1341839125.993528 0.003 0.002259 -0.001371 0.004289 0.003488 -0.005891
1341839126.025584 0.003268 0.01488 -0.007199 0.006266 -0.0002471 0.001386
1341839126.057677 0.0138 -0.002091 -0.003978 -0.005853 -0.001661 0.0007385
1341839126.093586 0.004583 -0.007965 0.002391 -0.002687 0.003935 -0.000135
1341839126.125584 0.002894 0.01728 -0.007255 0.008454 -1.607e-06 0.001862
1341839126.161675 0.01216 -0.002221 -0.005304 -0.007054 -0.003494 -0.002198
1341839126.193566 0.004789 -0.007392 0.001132 -0.004224 0.0006177 -0.003846
1341839126.225494 0.002299 0.009049 -0.004722 0.004527 -0.002773 -0.0007455
1341839126.262252 0.01367 -0.001846 -0.004891 -0.003331 -0.007933 -0.005855
1341839126.293564 0.009153 0.002539 -0.002716 -5.144e-05 -0.001889 -0.006501
1341839126.325643 0.003487 0.003346 -0.002387 0.000511 0.00273 0.0006718
1341839126.361562 0.004001 0.002789 -0.002928 -3.82e-05 0.001352 0.006318
1341839126.393475 0.0032 -0.005393 -0.0001685 -0.002735 -0.001619 0.004089
1341839126.429534 0.01363 -0.002526 -0.001776 0.0017 -0.008175 -0.001911
1341839126.461585 0.00835 0.004988 -0.004111 0.005314 -0.0004463 -0.006635
1341839126.493573 -0.005336 0.01609 -0.005598 0.005395 0.003411 0.002072
1341839126.529589 0.006888 -0.0006853 -0.003211 -0.006508 -0.004657 0.006813
1341839126.561488 0.01104 -0.01268 0.0002099 -0.008357 -0.004081 -0.00191
1341839126.593549 0.001386 -0.003676 0.001318 0.001307 -0.001665 -0.00757
1341839126.629751 0.0002618 0.01689 -0.00588 0.00898 -0.003738 -0.002284
1341839126.661503 0.006504 0.004342 -0.004801 -0.005798 -0.005038 0.0008759
1341839126.697561 0.004357 -0.01881 0.003949 -0.01168 -0.002791 -0.001352
1341839126.729517 0.001531 0.008045 -0.00121 0.006159 -0.004901 -0.001652
1341839126.761554 0.002083 0.0134 -0.007436 0.0007224 -0.00575 -0.0006253
1341839126.797734 0.003037 -0.01366 0.003167 -0.01093 -0.004001 0.001686
1341839126.829608 0.001033 0.003192 -0.0003103 0.001165 -0.006038 0.002736
1341839126.865650 0.01328 -0.003075 -0.001667 -0.002535 -0.01071 -0.003985
1341839126.897640 0.0003945 0.00792 -0.002493 0.002081 -0.001992 -0.00317
1341839126.929680 0.004318 0.001917 -0.003084 -0.00487 -0.005226 -0.001314
1341839126.965564 0.008567 -0.02204 0.003264 -0.01024 -0.003435 -0.001979
1341839126.997665 0.0005439 0.01599 -0.003299 0.01241 0.001506 0.001321
1341839127.029597 0.002718 0.01708 -0.006184 -0.0002173 -0.001405 0.001669
1341839127.065594 0.001533 -0.009317 0.001707 -0.01249 0.00161 0.004083
1341839127.097689 0.001239 0.001393 0.001754 -0.003794 -0.002191 0.004192
1341839127.133571 0.008548 -0.004165 0.002636 -0.00372 -0.007812 -0.004089
1341839127.165684 0.002766 0.006674 -0.001831 0.002013 -0.005579 -0.006099
1341839127.197636 0.0007921 0.003639 -0.00145 -0.001525 -0.003921 -0.001917
1341839127.233596 0.003979 0.007601 -0.002097 -0.002021 -0.004924 0.003385
1341839127.265755 0.008169 -0.01059 0.003166 -0.009664 -0.005929 -0.001601
1341839127.297673 0.001427 0.0002061 0.003455 0.001081 -0.004764 -0.002865
1341839127.333679 0.002662 0.003581 -0.001832 0.002467 -0.006284 0.001019
1341839127.372174 0.007088 0.006643 -0.003022 0.001894 -0.007038 0.003679
1341839127.401871 0.01113 -0.004195 -0.0007879 -0.006428 -0.006902 -0.0007263
1341839127.434153 0.002198 -0.004693 0.005132 -0.002115 -0.003271 -0.002767
1341839127.465725 0.01309 0.004864 -0.003085 0.002582 -0.01046 -0.004013
1341839127.502087 0.004677 -0.004905 0.003407 -0.003305 -0.00329 -0.005706
1341839127.533614 -0.002455 -0.003831 0.004256 0.002124 -0.003045 0.001872
1341839127.565666 0.02067 0.002681 -0.001345 0.007878 -0.01605 -0.002533
1341839127.601497 0.01579 0.009084 -0.007727 0.004586 -0.006901 -0.009026
1341839127.633641 -0.0004591 0.005475 -0.0003116 -0.00202 0.002449 -0.003503
1341839127.669721 0.01076 -0.00163 -0.0002015 -0.004767 -0.003372 0.001832
1341839127.701590 0.01256 -0.004937 0.000707 -0.004069 -0.0009004 -0.002567
1341839127.733628 0.004736 0.0007504 0.001422 0.001402 0.001225 -0.004696
1341839127.769756 0.003549 0.005968 -0.002374 0.00336 9.266e-05 0.001016
1341839127.801629 0.01014 0.00392 -0.003708 -0.0003454 -0.002743 0.004458
1341839127.837525 0.00642 -0.002272 -0.0003947 -0.004603 -0.001393 -0.0004513
1341839127.869904 0.007225 -0.005486 0.00221 -0.002308 -0.00519 -0.005511
1341839127.901787 0.007817 0.006034 -0.005218 0.003488 -0.003777 -0.005665
1341839127.937458 -0.001867 0.004606 -0.001931 -0.001192 -1.432e-05 -0.001084
1341839127.970000 0.01115 -0.0015 -0.001801 -0.003376 -0.00763 -0.00146
1341839128.001556 0.009975 -0.002231 -0.00125 -0.002733 -0.001459 -0.004461
1341839128.037646 -0.0009385 0.004528 -0.000695 0.0002908 0.004121 -0.0007251
1341839128.069528 -0.001338 -0.002769 0.001248 -0.002539 0.001148 0.004768
1341839128.105485 0.002236 -0.01222 0.003398 -0.0005213 -0.005743 -0.001647
1341839128.137556 0.02021 0.001221 -0.00226 0.01028 -0.01368 -0.01604
1341839128.169766 -0.006766 0.009392 -0.005474 0.008715 0.005421 -0.007446
1341839128.205769 -0.001999 0.01117 -0.003884 0.002403 -0.0001029 0.009556
1341839128.237693 0.01406 -0.0122 -0.0007588 -0.01003 -0.005704 0.002194
1341839128.269778 -0.0007293 -0.0116 0.006309 -0.001253 0.003426 -0.006963
1341839128.305489 0.002135 0.01674 -0.005881 0.012 -0.002845 -0.002697
1341839128.337488 0.004657 0.002281 -0.004915 -0.002453 -0.00395 -0.0009238
1341839128.373648 0.003543 -0.007001 0.001943 -0.004984 -0.000498 8.552e-05
1341839128.405628 -0.003503 0.003555 0.0004221 0.002508 0.0005478 0.002075
1341839128.438499 0.0092 0.001909 -0.004419 0.0009553 -0.009139 -0.002507
1341839128.473696 0.004643 -0.001162 -0.001625 -0.0009019 -0.003808 -0.006264
1341839128.505546 -0.002457 0.004426 -0.001402 0.002179 -0.0004132 0.001102
1341839128.537583 0.002169 0.002941 -0.002798 0.0004439 -0.003041 0.005853
1341839128.573515 0.009457 0.0002208 -0.002598 -0.001971 -0.008146 0.0003119
1341839128.605707 0.01101 -0.01364 0.001335 -0.005052 -0.007056 -0.01137
1341839128.641615 9.018e-05 0.008106 -0.003382 0.009059 0.0006196 -0.004486
1341839128.674297 0.007836 0.01153 -0.009281 0.00212 -0.005853 0.001123
1341839128.705724 0.01166 -0.01306 -0.0002213 -0.009261 -0.00621 -0.006324
1341839128.741577 0.006546 -0.004401 -0.000833 0.00143 -0.0003444 -0.007863
1341839128.773449 0.004488 0.01151 -0.007488 0.006712 0.0009281 0.0007055
1341839128.805626 0.002519 -0.0001118 -0.002275 -0.003294 0.0003522 0.004313
1341839128.841524 0.00723 -0.007498 0.003152 -0.001694 -0.007071 -0.004083
1341839128.873613 0.01936 -0.006083 -0.003429 0.00328 -0.0103 -0.01644
1341839128.909718 -0.003744 0.007257 -0.004047 0.008354 0.005635 -0.00504
1341839128.941487 0.006933 0.01912 -0.007719 0.004984 -0.002263 0.01309
1341839128.973556 0.0109 -0.01899 0.001823 -0.01381 -0.003872 0.00335
1341839129.009679 0.004302 -0.01299 0.00558 0.002942 0.003228 -0.006646
1341839129.041584 0.003666 0.03138 -0.006191 0.01979 -0.002184 0.003147
1341839129.077533 0.01472 -0.009172 -0.004387 -0.009648 -0.01132 -0.003155
1341839129.109520 0.009525 -0.0186 0.003 -0.003994 -0.000573 -0.006986
1341839129.141619 0.003838 0.01525 -0.003149 0.0141 0.002966 -0.0003218
1341839129.177574 0.003465 0.01457 -0.004928 0.004135 -0.004924 0.003826
1341839129.209655 0.01634 -0.01616 -0.000231 -0.009264 -0.01111 -0.007009
1341839129.241510 0.005896 -0.002366 -0.001604 0.004476 0.0002351 -0.009589
1341839129.277541 0.004126 0.02051 -0.006831 0.009553 -0.00258 0.0007765
1341839129.309548 0.01096 -0.002885 -0.005075 -0.0072 -0.007834 -0.0003265
1341839129.345615 0.0102 -0.01351 -0.0006493 -0.006619 -0.00168 -0.005176
1341839129.377515 0.0003604 0.008585 -0.002646 0.007416 0.004764 0.0003846
1341839129.409635 0.008062 0.01301 -0.00826 0.003184 -0.005447 0.003314
1341839129.445518 0.009111 -0.01499 -0.002262 -0.009348 -0.004986 -0.006166
1341839129.477523 0.003225 -0.003947 -0.002128 0.003461 0.002553 -0.004484
1341839129.509566 0.00605 0.01728 -0.00829 0.00933 -0.002083 0.003617
1341839129.545536 0.007501 -0.009589 -0.001546 -0.006459 -0.005367 -0.003538
1341839129.577541 0.002115 -0.005869 0.0003656 0.003383 -0.0008187 -0.007249
1341839129.613707 0.009262 0.01769 -0.009266 0.01002 -0.006101 0.0002428
1341839129.645497 0.00439 -0.001719 -0.003713 -0.004841 -0.002474 0.004056
1341839129.677529 0.008049 -0.001127 -0.002462 -0.002472 -0.002594 0.004821
1341839129.713807 0.009574 -0.002234 -0.004232 -0.002103 -0.001673 -0.004999
1341839129.745656 -0.005682 0.006987 0.000223 0.002786 0.004571 -0.0008245
1341839129.777553 0.006141 0.0123 -0.004824 0.00284 -0.006621 0.005028
1341839129.813668 0.0146 -0.009247 -0.00427 -0.0101 -0.008873 -0.006457
1341839129.845557 -0.002956 -0.005715 0.003543 -0.001713 0.005227 -0.008343
1341839129.881595 0.001709 0.02132 -0.005 0.008987 -0.0003263 0.008039
1341839129.913656 0.01091 -0.001761 -0.004306 -0.0109 -0.008073 0.005328
1341839129.945668 -9.155e-05 -0.02131 0.006127 -0.0105 0.001424 -0.008166
1341839129.981581 -0.001331 0.01564 -0.001493 0.01368 0.0004233 0.001069
1341839130.013837 0.01682 0.01377 -0.01184 0.0002239 -0.01118 0.00712
1341839130.049672 0.003527 -0.02141 0.002587 -0.01776 -4.373e-05 -0.003201
1341839130.081470 -0.002844 -0.0021 0.005347 0.004676 0.004777 -0.002216
1341839130.113580 0.01331 0.01572 -0.01112 0.008935 -0.006574 0.0009774
1341839130.149498 0.00875 -0.0002896 -0.004135 -0.007698 -0.003301 -0.003266
1341839130.181614 -0.002138 -0.01395 0.007448 -0.007709 0.002387 -0.005159
1341839130.213597 0.006436 0.003118 -0.001213 0.007253 -0.002504 -0.002195
1341839130.249495 0.01199 0.01308 -0.008724 0.004917 -0.006913 -0.0005654
1341839130.281707 0.003146 -0.011 0.004609 -0.008504 -0.004487 -0.007357
1341839130.317659 0.006421 -0.004619 0.001246 0.002496 -0.004397 -0.006298
1341839130.349604 0.01662 0.01159 -0.009818 0.004544 -0.007376 -0.004675
1341839130.382034 -0.002535 -0.0004185 0.004453 -0.005471 0.0004145 -0.004802
1341839130.417728 0.0053 -0.005296 0.004834 -0.003004 -0.006805 -0.0007861
1341839130.481948 0.01364 0.001067 -0.001652 0.009858 -0.004643 -0.01133
1341839130.517772 0.01328 0.003893 -0.003766 -0.001214 -0.00993 0.002281
1341839130.549519 0.01183 -0.01562 0.001609 -0.007142 -0.003501 -0.009609
1341839130.585696 -0.001338 0.006183 0.000321 0.006611 0.008383 -0.00248
1341839130.617684 0.004956 0.01673 -0.002785 0.004661 -0.002408 0.01184
1341839130.649566 0.01124 -0.01384 0.00292 -0.008788 -0.006633 0.0005598
1341839130.685466 0.0111 -0.003982 0.0002845 -0.000451 -0.001583 -0.007639
1341839130.717517 -0.00351 0.004473 0.005702 0.005046 0.003814 -0.001354
1341839130.749572 0.01092 0.0101 -0.004003 0.005143 -0.005629 0.009314
1341839130.785686 0.01491 -0.003744 -0.0005515 -0.00548 -0.006912 0.0005255
1341839130.817796 0.003963 -0.01204 0.006378 -0.004091 -0.0002365 -0.01144
1341839130.854788 0.002599 0.008437 -0.0002924 0.01022 0.002372 -0.002096
1341839130.885541 0.01821 0.01882 -0.009011 0.003357 -0.007423 0.009745
1341839130.917632 0.005266 -0.0138 0.005404 -0.01505 -0.0002315 -0.001256
1341839130.953712 -0.0009896 -0.01187 0.009576 -0.00252 0.001967 -0.006383
1341839130.985630 0.01478 0.01055 -0.006345 0.01049 -0.005881 -0.00364
1341839131.017560 0.01479 0.008198 -0.006521 -0.002737 -0.004543 -0.001376
1341839131.053526 -0.00182 -0.01268 0.009745 -0.01044 0.006172 0.001078
1341839131.085681 0.009253 -0.001142 0.001373 0.0007143 0.0008771 0.004027
1341839131.121737 0.008343 -0.0004378 0.0001758 0.001421 0.000373 -0.001923
1341839131.153629 0.004204 -0.003419 0.002172 0.0009878 0.001394 -0.00377
1341839131.185722 0.0006945 0.002713 0.002863 0.006191 0.00268 0.002936
1341839131.221649 0.01396 0.004073 -0.005078 0.003996 -0.007094 0.002809
1341839131.253615 0.006756 -0.01028 0.0009068 -0.003284 -0.0006353 -0.007203
1341839131.289544 -0.002433 -0.0008834 0.005042 0.006229 0.005277 -0.002189
1341839131.321742 0.01389 0.01537 -0.008928 0.009624 -0.005381 0.00698
1341839131.353559 0.008679 -0.007688 -6.067e-05 -0.007189 -0.002708 -0.002369
1341839131.389563 -0.002459 -0.01094 0.006101 -0.0005758 0.003554 -0.007292
1341839131.422027 0.01198 0.01448 -0.008391 0.01065 -0.002994 0.001495
1341839131.453618 0.00871 0.007715 -0.00494 -0.002395 -0.001578 0.005671
1341839131.489531 0.00333 -0.008979 0.003752 -0.008465 -0.0002447 0.001386
1341839131.521613 0.005014 -0.006719 0.001564 -0.0009408 0.000625 -0.006108
1341839131.557577 0.009175 0.01286 -0.006574 0.007113 -0.0009071 -0.001975
1341839131.589573 0.005562 0.003819 -0.002377 -0.003242 0.0001518 0.002716
1341839131.621822 0.005486 -0.007056 0.002585 -0.005878 0.001554 0.0006567
1341839131.657680 0.008878 0.002439 -0.002185 0.0006174 0.0006927 -0.002648
1341839131.689554 0.006883 0.006126 -0.003136 0.0004064 -0.0009422 -0.002139
1341839131.721592 0.005648 -0.002782 -0.0005335 -0.00463 0.0004073 -0.001227
1341839131.757613 0.005203 -0.002479 0.001176 -0.001893 0.001862 -0.001851
1341839131.789523 0.005137 0.0009131 -0.0003155 0.0009415 -9.115e-05 -0.001514
1341839131.825565 0.005486 0.0003327 0.0006384 0.00197 -0.001816 -0.001361
1341839131.857572 0.007962 0.001561 -0.002696 0.001004 -0.002917 -0.001792
1341839131.889513 0.002683 0.002051 0.001785 0.0008535 0.0001797 0.002856
1341839131.925750 0.01052 -0.0004978 -0.001133 -0.001016 -0.005431 0.0003103
1341839131.964633 0.001573 -0.008544 0.004999 -0.001586 0.0003029 -0.00556
1341839132.025660 0.0222 0.01864 -0.009504 0.006477 -0.007791 0.005885
1341839132.057881 -0.00142 -0.01398 0.009238 -0.01003 0.001724 -0.001476
1341839132.093669 0.006063 0.002528 0.001545 0.006079 -0.003778 -0.002651
1341839132.125565 0.01091 0.007009 -0.004497 0.004142 -0.009313 -0.004807
1341839132.157636 0.001533 -0.009349 0.004766 -0.002808 -0.004075 -0.008184
1341839132.193673 0.008796 0.006359 -0.003768 0.005568 -0.003026 0.0002684
1341839132.225804 0.0118 0.004072 -0.003142 -0.00152 -0.005488 -0.0002284
1341839132.261812 0.001897 -0.01295 0.006853 -0.006454 0.0003374 -0.01047
1341839132.293590 0.006424 0.008868 -0.001662 0.007073 -0.0003856 -0.001558
1341839132.325554 0.008792 0.00454 -0.00217 -0.001181 -0.006044 0.001535
1341839132.361528 0.0009757 -0.01239 0.00632 -0.005287 -0.002893 -0.006396
1341839132.393650 0.007735 0.0002005 -0.00218 0.004598 -0.004154 -0.007135
1341839132.425622 0.006747 0.007893 -0.003713 0.0037 -0.003373 -0.0009822
1341839132.461663 0.004172 -0.005052 0.002062 -0.003778 -0.00454 -0.001348
1341839132.493798 0.002729 -0.01241 0.003405 -0.001806 0.0005216 -0.004864
1341839132.529690 0.008237 0.01052 -0.00446 0.009559 -0.0002566 0.004055
1341839132.561519 0.01329 0.006621 -0.006184 -0.0001198 -0.007737 0.002539
1341839132.593700 0.001657 -0.01471 0.005617 -0.00845 0.0002126 -0.009686
1341839132.629507 0.0006918 -0.00276 0.003636 0.005153 0.005608 -0.004151
1341839132.661576 0.01447 0.01858 -0.01095 0.00971 -0.002519 0.008963
1341839132.693571 0.009275 -0.003333 -0.00164 -0.009088 0.0006252 0.004157
1341839132.729515 -0.002595 -0.01331 0.01123 -0.007508 0.009903 -0.001927
1341839132.761625 0.005085 0.006322 -0.000949 0.007024 0.005183 0.002962
1341839132.797547 0.01188 0.007489 -0.007955 0.001033 -0.0005941 0.003132
1341839132.829637 0.0009601 -0.009317 0.006201 -0.007453 0.00414 -0.01034
1341839132.861592 -5.921e-05 -0.00131 0.005076 0.004677 0.005038 -0.01222
1341839132.897486 0.00837 0.011 -0.005501 0.006716 -0.001065 -0.003962
1341839132.929713 0.002516 -0.0005578 0.002394 -0.001995 0.0006714 -0.00213
1341839132.961705 0.007057 0.002072 -0.001698 -0.001501 -0.0003193 -0.003705
1341839132.997927 -0.004497 -0.002588 0.007705 -0.003122 0.003945 -0.004468
1341839133.029816 0.002684 0.005827 0.000757 0.004578 -0.002465 0.002551
1341839133.065602 0.007696 0.004139 -0.003303 -0.001985 -0.00113 0.003104
1341839133.097540 -0.004637 -0.00357 0.007946 -0.005551 0.003432 0.003261
1341839133.129508 0.00148 0.0001863 0.002943 0.002093 -0.00273 0.002804
1341839133.165630 0.004019 0.002836 -0.001038 0.0001513 -0.001218 0.005328
1341839133.197576 -0.0003967 -0.003947 0.00547 -0.001893 -4.815e-05 0.005916
1341839133.229574 0.005719 -0.00272 0.0001894 0.0005741 -0.000209 0.003454
1341839133.265549 0.006191 0.006432 -0.001999 0.002187 -0.001939 0.003726
1341839133.297600 0.00151 -0.008236 0.005785 -0.004259 -0.004984 -0.00554
1341839133.333601 0.004009 -0.00578 0.001617 -0.0002588 0.0004154 -0.006173
1341839133.365789 -0.0007833 -0.002157 0.006278 0.002854 0.001446 -0.001794
1341839133.397692 0.005111 -0.0008002 0.001404 0.006587 -0.003033 -0.001108
1341839133.433673 0.009676 0.001613 -0.001954 0.001027 -0.004729 0.004008
1341839133.465589 -0.001192 -0.01604 0.009668 -0.00471 0.00203 0.0001017
1341839133.501571 0.007398 0.002109 0.001145 0.00917 -0.003357 0.001743
1341839133.533533 0.01061 0.001221 -0.001707 0.003706 -0.006788 -0.003063
1341839133.565553 -0.0001091 -0.007485 0.006413 -0.0006872 -0.002296 -0.004365
1341839133.633642 0.02061 0.003472 -0.002577 0.009685 -0.01501 -0.004518
1341839133.672597 -0.002146 -0.01341 0.008728 -0.006009 0.001176 -0.007315
1341839133.708834 0.003192 0.0003605 0.003929 0.006732 -0.001554 0.002306
1341839133.740662 0.01556 0.0005665 -0.005426 0.002725 -0.006767 -0.001467
1341839133.776632 0.004179 -0.004818 0.00357 -0.001695 0.004022 -0.005046
1341839133.808566 0.004629 0.005579 0.001106 0.004005 0.0003977 0.003911
1341839133.842375 0.01378 -0.001074 -0.003357 -0.00221 -0.005063 0.0008229
1341839133.876620 0.004924 -0.009738 0.004784 -0.005572 0.003548 -0.007626
1341839133.908528 0.0003739 0.0005346 0.00543 0.004272 0.005878 -0.001695
1341839133.940713 0.009605 0.006446 -0.002983 0.005447 -0.002536 0.005951
1341839133.976740 0.01044 -0.004257 -0.0008092 -0.002479 -0.001447 0.0009879
1341839134.008547 0.003585 -0.005068 0.004368 -0.0006849 0.004227 -0.0002652
1341839134.040599 0.009783 0.006164 -0.003097 0.004485 0.001578 0.007165
1341839134.076583 0.01185 -1.697e-05 -0.002167 -0.002812 0.0007212 0.0067
1341839134.108666 0.003948 -0.008046 0.005816 -0.004211 0.004274 0.001744
1341839134.145583 0.005706 -0.001663 0.002496 0.004106 0.003617 0.002009
1341839134.177037 0.01381 0.0132 -0.008101 0.00739 -0.001365 0.007806
1341839134.208585 0.01584 0.004611 -0.005511 -0.004426 -0.006002 0.002104
1341839134.245077 0.006342 -0.01044 0.004523 -0.01094 0.0008108 -0.01405
1341839134.276660 -0.002897 -0.002053 0.01116 0.0006434 0.01116 -0.008239
1341839134.344596 0.02903 0.005762 -0.009225 -0.005514 0.0001659 0.006871
1341839134.405658 0.01556 0.001796 0.007078 0.00917 0.016 -0.0002025
1341839134.437582 0.01659 0.001748 -0.006578 -0.00549 -0.003441 0.003896
1341839134.473570 0.00228 -0.01475 0.01629 -0.009221 0.007772 -0.004811
1341839134.505576 0.006995 0.006052 0.0005292 0.009093 0.007215 0.0008276
1341839134.537527 0.01797 0.01366 -0.01165 0.003393 -0.004636 0.006984
1341839134.573575 0.01157 -0.006765 0.001662 -0.01191 0.0008299 0.0001833
1341839134.605581 0.005477 -0.00436 0.005831 -0.007657 0.002582 -0.003742
1341839134.637613 0.006015 0.001211 0.004978 0.001888 -0.0006073 -0.002623
1341839134.673530 0.0214 0.01196 -0.01172 -0.0004954 -0.008477 0.0001181
1341839134.705768 0.003717 -0.01114 0.008396 -0.01956 0.0003147 -0.005849
1341839134.741672 -0.00283 -0.008219 0.01595 0.0005754 0.007104 -0.002169
1341839134.773479 0.02181 0.01595 -0.01865 0.009103 -0.00935 0.0005887
1341839134.805757 0.009107 -0.0003218 -0.000506 -0.0135 -0.006888 -0.004768
1341839134.841632 -0.002152 -0.01393 0.01584 -0.01179 0.002249 -0.007978
1341839134.873616 0.004363 0.003977 0.001721 0.005264 0.001895 3.205e-05
1341839134.905696 0.0103 0.007584 -0.00622 0.002359 -0.003818 0.006421
1341839134.941552 0.007707 0.000255 -0.001317 -0.004933 -0.00344 0.004576
1341839134.974666 0.00374 -0.005413 0.005876 -0.005568 -0.003788 -0.004548
1341839135.009601 -0.0009421 -0.005528 0.00841 0.001372 0.002987 -0.004748
1341839135.042135 0.009585 0.01115 -0.0118 0.007784 -0.004963 0.007108
1341839135.073504 0.005698 -0.004154 0.00204 -0.005136 -0.01046 0.003434
1341839135.109696 0.002944 -0.01177 0.009544 -0.001856 -0.0007255 -0.00514
1341839135.141720 0.008957 0.008516 -0.01022 0.00784 -6.479e-05 0.001114
1341839135.173566 0.006675 0.007788 -0.007634 -0.0006839 -0.00827 0.007834
1341839135.209553 0.007058 -0.01136 0.003582 -0.009497 -0.00777 -0.00402
1341839135.241688 -0.002756 -0.009037 0.009868 -0.002269 0.006751 -0.01062
1341839135.277641 0.004761 0.01436 -0.006788 0.01251 -0.0007876 0.00623
1341839135.309842 0.01841 0.007507 -0.01946 -0.00205 -0.01636 0.007342
1341839135.341555 -0.001895 -0.0187 0.0124 -0.01735 -0.002378 -0.009172
1341839135.377558 -0.005854 -0.003411 0.009342 0.007361 0.007143 -0.002933
1341839135.409554 0.02149 0.01892 -0.02936 0.01049 -0.0141 0.008577
1341839135.441588 0.006765 -0.008572 -0.001691 -0.01664 -0.01186 -0.002498
1341839135.477530 -0.009494 -0.01888 0.01975 -0.006459 0.005073 -0.008267
1341839135.509758 0.01009 0.01482 -0.01098 0.01819 -0.004793 0.004093
1341839135.545510 0.0163 0.01047 -0.01986 -0.0009078 -0.01567 0.004724
1341839135.577577 -0.001597 -0.0136 0.01096 -0.01584 -0.007562 -0.005584
1341839135.609596 -0.00677 -0.01372 0.01195 0.001666 0.001558 -0.01157
1341839135.645470 0.01689 0.01876 -0.02024 0.01403 -0.01013 0.001193
1341839135.677567 0.01004 0.001148 -0.008802 -0.0128 -0.008084 0.0003876
1341839135.713508 -0.002546 -0.01127 0.007776 -0.0154 0.001631 -0.003199
1341839135.745626 -0.0005258 0.0001082 0.004377 0.002267 -0.000983 -0.002339
1341839135.777556 0.01348 0.01165 -0.01304 0.005222 -0.01025 0.0007211
1341839135.813582 0.00475 -0.003428 -0.001063 -0.01015 -0.006257 -0.005522
1341839135.845539 -0.003872 -0.009069 0.01017 -0.003823 0.0005446 -0.005999
1341839135.877786 0.01066 0.008869 -0.00926 0.007242 -0.006304 0.00198
1341839135.913620 0.00793 0.001835 -0.004947 -0.005998 -0.003804 0.002522
1341839135.945920 -0.00141 -0.005936 0.006196 -0.006082 -3.879e-05 -0.0001227
1341839135.981913 0.005036 -0.002971 -0.0003116 0.001233 -0.003757 -0.006563
1341839136.014297 0.009394 0.004294 -0.006 0.00283 -0.003324 -0.006034
1341839136.059226 0.006267 0.00689 -0.00311 -0.0005701 -0.002162 0.0005449
1341839136.120606 0.006389 -0.01089 0.006132 -0.006451 -0.0004288 -0.0007701
1341839136.181673 0.01148 0.008873 -0.006041 0.005319 -0.005617 0.005226
1341839136.214507 0.007828 -0.006756 -0.003318 -0.005848 -0.003675 -0.009418
1341839136.249624 -0.0002193 -0.002081 0.009045 -0.0009511 0.008484 -0.00886
1341839136.281495 0.009061 0.01285 -0.008568 0.007476 0.001034 0.007191
1341839136.314066 0.008575 0.002401 -0.006384 -0.006977 -0.003984 0.006251
1341839136.349787 -0.004214 -0.01027 0.0115 -0.009671 0.004046 -0.007339
1341839136.388618 0.0001815 0.00254 0.005039 0.008467 0.003409 -0.004761
1341839136.449733 0.01911 0.004506 -0.01454 0.000778 -0.008904 0.00694
1341839136.481697 -0.001606 -0.00782 0.008578 -0.004105 0.006682 -0.003868
1341839136.517624 0.004459 0.006888 -0.001957 0.00722 0.001657 0.001667
1341839136.549505 0.009425 0.003243 -0.007356 0.0006175 -0.005045 0.00232
1341839136.581632 0.0005592 -0.008117 0.006171 -0.00615 0.002741 -0.004578
1341839136.617613 -7.92e-05 0.001234 0.004788 0.004109 0.004732 -0.0001127
1341839136.649571 0.01051 0.00591 -0.008592 0.004444 -0.004509 0.003692
1341839136.685554 0.004837 -0.004946 0.0003561 -0.005628 0.0002037 -0.001505
1341839136.717527 -0.001441 -0.004181 0.008551 -0.001217 0.005387 -0.001408
1341839136.749496 0.00453 0.001606 0.0003403 0.00566 0.001769 0.002712
1341839136.785674 0.01086 0.005131 -0.007631 0.003062 -0.003561 0.005071
1341839136.817542 0.002866 -0.005397 0.004326 -0.004756 -0.0007321 -0.002092
1341839136.849615 0.001129 -0.004822 0.0073 0.001291 0.002714 -0.003955
1341839136.892657 0.01295 0.00752 -0.00932 0.0062 -0.003629 0.001062
1341839136.953615 0.006895 -0.00568 0.009232 -0.01202 -0.002755 -0.006304
1341839136.985942 0.006253 0.00265 0.0007653 0.005668 -0.0003056 0.0001425
1341839137.017616 0.01318 0.00657 -0.00796 0.001551 -0.006888 0.003244
1341839137.053572 0.002552 -0.005384 0.007131 -0.007013 -0.002817 -0.001328
1341839137.085843 0.003208 -0.005423 0.006976 9.588e-05 -0.001756 -0.004814
1341839137.117537 0.01105 0.001355 -0.003228 0.003308 -0.003507 -0.004848
1341839137.153707 0.008884 0.006668 -0.002041 0.0003523 -0.005498 0.001788
1341839137.186296 0.00565 -0.005123 0.005111 -0.006506 -0.008136 -0.002755
1341839137.221759 0.002253 -0.01025 0.01198 -0.00432 -0.0008492 -0.01098
1341839137.253565 0.007626 0.007034 0.001138 0.008191 -0.002786 -0.001535
1341839137.285736 0.01636 0.006656 -0.01067 0.0004152 -0.01474 0.001317
1341839137.321642 0.0007329 -0.01225 0.01347 -0.01225 -0.003987 -0.008474
1341839137.353692 0.0002419 -0.001383 0.01166 0.003676 -0.0007247 -0.00502
1341839137.386256 0.01563 0.009161 -0.009751 0.006615 -0.01282 0.0009829
1341839137.421671 0.005732 -0.005155 0.004606 -0.006924 -0.008341 -0.002255
1341839137.453657 0.0008594 -0.005849 0.01082 -0.002531 -0.002586 -0.003964
1341839137.489830 0.007438 0.004042 0.001314 0.004867 -0.005861 0.002133
1341839137.521652 0.009017 0.00102 -0.001089 -0.0003646 -0.007688 0.004522
1341839137.553558 0.004325 -0.004814 0.006232 -0.00379 -0.003401 0.0009907
1341839137.592577 0.002203 -0.00146 0.007491 0.001272 -0.0031 0.002237
1341839137.628551 0.006979 -0.002714 0.001615 0.002483 -0.006336 0.0008622
1341839137.660598 0.006865 -0.004146 0.002686 0.0003854 -0.003516 -0.002316
1341839137.692612 0.005415 -0.002477 0.003953 0.001576 -0.002495 -0.0003583
1341839137.728532 0.00534 -0.006617 0.005883 0.001558 -0.0008105 -0.001157
1341839137.760497 0.01026 0.0007986 -0.001832 0.005018 -0.002946 7.166e-05
1341839137.796681 0.007621 -0.002665 0.002178 -0.0001922 -0.001701 -0.0008018
1341839137.828611 0.003786 -0.007348 0.008204 0.0006403 0.001667 -3.838e-05
1341839137.860523 0.01078 0.002569 -0.003316 0.006023 -0.001498 0.002716
1341839137.896603 0.009624 -0.001185 -0.0008785 -0.001081 -0.003398 -0.001453
1341839137.928510 0.001448 -0.01032 0.01252 -0.002192 0.003481 -0.004282
1341839137.964534 0.01073 0.005591 -0.004003 0.009247 -0.0002689 0.00373
1341839137.996524 0.01488 0.003231 -0.00751 -0.001923 -0.005071 0.001787
1341839138.028640 -0.00116 -0.01183 0.01541 -0.007835 0.006732 -0.001382
1341839138.064541 0.006288 0.00218 0.00201 0.006299 0.002041 0.003796
1341839138.096479 0.0144 0.00173 -0.007608 0.0008125 -0.00509 -0.002178
1341839138.132550 0.004754 -0.006981 0.007753 -0.004854 0.002344 -0.006905
1341839138.164623 0.006815 -6.151e-05 0.003589 0.004146 0.004264 0.0009637
1341839138.196431 0.01446 0.005446 -0.01001 0.001977 -0.003326 0.001991
1341839138.232704 0.00449 -0.006604 0.005734 -0.006467 0.0003177 -0.00784
1341839138.264578 0.004328 -0.002865 0.005897 0.001744 0.002559 -0.006272
1341839138.300697 0.01058 0.005251 -0.006108 0.005011 -0.001259 0.002162
1341839138.332541 0.005365 -0.001181 0.001559 -0.001185 0.001038 0.004235
1341839138.364517 0.005089 0.002151 0.0007318 0.003073 -0.0004257 0.01047
1341839138.400834 0.008919 -0.002377 -0.004525 -0.001697 -0.001586 0.007601
1341839138.432562 0.002658 -0.002024 0.002561 -0.001388 0.0005352 0.001552
1341839138.469017 0.002215 -0.0007297 0.001852 0.003149 -0.00231 -0.004644
1341839138.500623 0.005599 0.002043 -0.004458 0.004082 -0.004903 -0.002361
1341839138.532584 0.0058 -0.0003703 -0.003891 0.0002219 -0.004344 -0.001806
1341839138.568521 0.004338 0.001084 -0.002467 -0.0005731 -0.00318 -5.65e-06
1341839138.600559 0.002896 -0.00216 0.0001267 -0.001899 -0.001928 -6.05e-05
1341839138.637679 0.003589 0.001588 -0.001742 0.0008191 -0.001726 0.001343
1341839138.668579 0.003401 0.00308 -0.002262 0.0008357 -0.003814 0.003623
1341839138.700570 0.001405 -0.002874 0.0005489 -0.001204 -0.003752 0.001106
1341839138.736618 0.002657 -0.001782 -0.001844 0.001215 -0.00422 -0.002902
1341839138.768580 0.002723 0.0001221 -0.002203 0.00275 -0.003961 -0.002379
1341839138.800591 0.003782 0.001995 -0.003773 0.002631 -0.004869 0.003652
1341839138.836668 0.001447 -0.0049 -0.0001836 -4.019e-05 -0.004416 0.001657
1341839138.868631 0.006249 0.0009156 -0.006488 0.003611 -0.004965 0.0006863
1341839138.900591 0.005164 0.002444 -0.006255 0.0002201 -0.005154 0.001487
1341839138.936751 -0.001019 -0.002617 0.002119 -0.0003467 -0.003571 0.0002321
1341839138.968925 0.004182 -0.002424 -0.002976 0.001616 -0.00623 -0.004656
1341839139.004685 0.0007751 0.002107 0.0004687 0.004769 -0.004471 -0.0007188
1341839139.036835 0.00499 0.0002531 -0.003264 0.003625 -0.008271 0.001123
1341839139.069010 0.003345 -0.001968 -0.001347 0.001926 -0.005266 0.0008669
1341839139.105164 0.003783 -0.003746 -0.001022 0.001948 -0.005424 -0.002104
1341839139.137964 0.009146 0.003774 -0.008338 0.004428 -0.005398 -0.002658
1341839139.168993 0.005307 0.004617 -0.003886 -0.0007323 -0.005348 -0.000697
1341839139.208632 0.002763 -0.001823 0.001349 -0.002824 -0.004132 0.0007599
1341839139.237233 0.005582 -0.00202 -0.002103 -0.00252 -0.002635 -0.001348
1341839139.269740 6.921e-05 0.002996 0.002986 0.001328 -0.002193 -0.0001716
1341839139.305090 0.003444 0.001341 -0.0001242 0.00266 -0.007849 0.001193
1341839139.336872 0.01028 -0.00314 -0.006423 -0.001251 -0.005992 -0.002706
1341839139.404779 0.007266 0.01056 -0.00143 0.001815 -0.003781 0.00456
1341839139.436967 0.005619 -0.005381 -0.00136 -0.005355 -0.00699 -0.001354
1341839139.479384 -0.0007523 -0.007485 0.00636 -0.001711 0.001869 -0.006999
1341839139.504961 0.008218 0.01345 -0.00804 0.008884 -0.005634 0.00403
1341839139.572716 0.002568 -0.009809 0.007252 -0.008274 -0.01063 -0.0003606
1341839139.633776 0.01236 0.005114 -0.007553 0.008708 -0.008162 0.0002733
1341839139.665625 0.003671 -0.001661 8.254e-05 0.0003708 -0.005466 0.0002071
1341839139.701587 0.005186 -0.004607 -0.0007623 0.0003086 -0.003506 -0.003885
1341839139.733553 0.003598 0.00273 -0.001001 0.004108 -0.003238 -0.0009967
1341839139.765553 0.005615 -0.002138 -0.001749 0.00201 -0.00672 -0.003551
1341839139.801543 0.005654 -0.00662 -0.0004672 -3.355e-05 -0.0008265 -0.006524
1341839139.833756 0.004973 0.006174 -0.001299 0.005903 0.0007602 0.004335
1341839139.865591 0.007678 0.003683 -0.003857 0.001803 -0.006056 0.004777
1341839139.901631 0.003981 -0.01026 0.00288 -0.004757 -0.002396 -0.008813
1341839139.933716 0.003516 -0.001062 0.003203 0.003532 0.005495 -0.002744
1341839139.969603 0.007324 0.01381 -0.007873 0.007021 -0.0002271 0.01146
1341839140.001567 0.003767 -0.0008355 -0.0005596 -0.004527 -0.005808 0.003258
1341839140.033569 0.0001554 -0.01216 0.006596 -0.00499 -0.0004027 -0.01119
1341839140.069602 0.00137 0.003384 0.003523 0.007656 0.002786 -0.002886
1341839140.101607 0.009774 0.01557 -0.01234 0.007496 -0.008142 0.01225
1341839140.137593 0.003899 -0.01126 -0.0006096 -0.01294 -0.006632 -0.002223
1341839140.169583 -0.00517 -0.0135 0.01448 -0.003812 0.00555 -0.008697
1341839140.201678 0.006459 0.01417 -0.005188 0.01477 -0.003709 0.005578
1341839140.237641 0.01285 0.004486 -0.01159 -0.0001339 -0.01003 0.003714
1341839140.269632 0.0004731 -0.01218 0.008105 -0.009817 0.001251 -0.004723
1341839140.301538 0.0006975 0.002504 0.005882 0.005132 0.001863 0.00252
1341839140.337608 0.009925 0.004326 -0.004943 0.003961 -0.006712 0.002297
1341839140.369503 0.005801 -0.006164 0.00261 -0.003202 -0.002205 -0.005233
1341839140.405652 0.003515 0.0007137 0.005139 0.002961 0.0001383 -0.001923
1341839140.437622 0.008911 0.005334 -0.002211 0.004066 -0.005856 0.001589
1341839140.469802 0.007836 -0.005273 0.001396 -0.003582 -0.004106 -0.005075
1341839140.505600 0.004591 -0.002437 0.006166 8.474e-05 0.002 -0.002802
1341839140.537508 0.008217 0.01105 -0.002765 0.004946 -0.004451 0.007529
1341839140.569631 0.006258 -0.006639 0.00407 -0.005995 -0.007816 -0.004329
1341839140.605614 0.001693 -0.01167 0.01149 -0.002254 -0.0002519 -0.01166
1341839140.637520 0.008228 0.006314 0.001331 0.009845 -0.001796 0.001695
1341839140.673589 0.0131 0.006847 -0.005526 0.002775 -0.008173 0.007366
1341839140.705526 0.004058 -0.01165 0.009324 -0.0071 -0.00238 -0.002638
1341839140.737690 0.00309 -0.003396 0.009308 0.005684 2.017e-05 -0.003781
1341839140.780691 0.01591 0.008919 -0.008073 0.009805 -0.008488 -0.002375
1341839140.837561 0.01429 -0.004873 0.009791 -0.005905 -0.001056 -0.002592
1341839140.873616 0.008866 0.002602 0.000844 0.002672 -0.003809 0.004573
1341839140.905496 0.008254 -0.004938 0.002415 -0.001486 -0.002805 -0.004027
1341839140.941764 0.007284 0.002108 0.002542 0.003137 -0.001929 -0.003147
1341839140.973483 0.008194 0.001203 0.002253 0.001637 -0.004151 -7.305e-05
1341839141.005687 0.01061 0.0001649 -7.292e-07 0.0004005 -0.002463 0.003769
1341839141.041564 0.01273 0.001186 -0.002946 -0.002325 -0.001741 0.00167
1341839141.074063 0.006591 -0.0008819 0.004669 -0.003198 0.001755 -0.003181
1341839141.110271 0.0078 0.002567 0.002607 -7.687e-06 -0.0002348 -0.0004724
1341839141.141854 0.01091 0.00463 -0.002085 -0.0009037 -0.001924 0.002455
1341839141.176858 0.006161 -0.003312 0.004564 -0.006108 -0.0001107 -0.002365
1341839141.209658 0.002399 -0.001564 0.008626 -0.0001226 0.002762 0.0001292
1341839141.241623 0.0111 0.007912 -0.004316 0.003906 -0.004153 0.006028
1341839141.273659 0.006972 -0.004211 0.002728 -0.005689 -0.00417 -0.00359
1341839141.309576 0.001094 -0.008913 0.012 -0.001833 0.001867 -0.006928
1341839141.341687 0.01229 0.006931 -0.004955 0.006959 -0.002092 0.004851
1341839141.378026 0.009409 0.0004124 -0.0005486 -0.003075 -0.002891 0.004792
1341839141.409623 0.001792 -0.005441 0.009027 -0.002813 -0.0007213 -0.0001967
1341839141.441571 0.006528 -0.005729 0.002922 0.001959 -0.001821 -0.006422
1341839141.477635 0.01202 0.007757 -0.005857 0.005377 -0.003925 0.0004751
1341839141.509696 0.01013 0.002963 -0.002149 -0.003367 -0.006387 0.002478
1341839141.541659 0.005168 -0.007509 0.004558 -0.008956 -0.001332 -0.002342
1341839141.577526 0.002683 -0.0001321 0.00659 -0.001007 -0.0002745 -0.001274
1341839141.645706 0.01703 -0.001353 -0.002533 -0.0002008 -0.007246 -0.01253
1341839141.677487 0.00172 -0.001223 0.007435 -0.002278 0.00491 0.004149
1341839141.709572 0.008746 0.008886 -0.003883 0.003719 -0.0007815 0.0152
1341839141.745638 0.006614 -0.004632 -0.0006858 -0.007718 -0.002715 -0.001939
1341839141.777895 -0.002079 -0.007413 0.0146 -0.001273 0.004784 -0.01007
1341839141.809561 0.01232 0.01235 -0.01016 0.00983 -0.002964 0.005661
1341839141.845701 0.0108 0.0005065 -0.006451 -0.006984 -0.003628 0.002632
1341839141.877530 -0.002797 -0.01121 0.01593 -0.008198 0.00575 -0.006253
1341839141.913569 0.005958 0.008632 -0.0004691 0.009944 0.001321 0.006728
1341839141.945636 0.01156 0.00671 -0.0113 0.0009779 -0.006707 0.008379
1341839141.977668 0.0007416 -0.00835 0.007358 -0.007511 -0.0008904 -0.003327
1341839142.013466 0.001435 0.001729 0.005039 0.004969 -0.0009381 0.002064
1341839142.048866 0.009479 0.006851 -0.008681 0.005831 -0.008277 0.006339
1341839142.116693 0.009148 -0.007381 -0.0005524 -0.007706 -0.01119 -0.007799
1341839142.181588 0.01618 0.008837 -0.0133 0.006461 -0.01206 0.0009175
1341839142.213523 0.005149 -0.003131 -0.001032 -0.007054 -0.005691 -0.006698
1341839142.245657 0.001284 -0.00651 0.006309 -0.00233 0.0006624 -0.006828
1341839142.281484 0.01269 0.01374 -0.0145 0.005571 -0.005008 0.009173
1341839142.313501 0.002935 0.0005969 0.002798 -0.009111 -0.008638 0.003958
1341839142.349595 -0.003296 -0.01313 0.01419 -0.004285 -0.002999 -0.01356
1341839142.413736 0.01968 0.01681 -0.01824 0.01268 -0.01857 -0.001678
1341839142.449600 0.005056 -0.004763 -3.222e-05 -0.008622 -0.009401 -0.0001378
1341839142.481586 0.002724 -0.008114 0.005963 -0.00493 -0.001836 -0.005193
1341839142.513495 0.006244 0.003413 0.0007993 0.004812 -0.001178 -0.0004858
1341839142.549621 0.01082 0.01076 -0.008734 0.003326 -0.008955 0.006218
1341839142.581646 0.002891 -0.008789 0.006645 -0.00914 -0.006562 -0.004279
1341839142.617733 0.002172 -0.004122 0.007963 0.002186 0.001402 -0.003722
1341839142.649501 0.01127 0.01406 -0.01063 0.008534 -0.006836 0.005343
1341839142.681490 0.005673 -0.002154 4.155e-05 -0.005278 -0.008064 -0.003671
1341839142.717648 0.003961 -0.002742 0.002745 -0.00277 -0.001471 -0.003023
1341839142.749655 0.006587 0.007356 -0.002662 0.001841 -0.003866 0.001031
1341839142.781698 0.0029 -0.001743 0.003096 -0.003038 -0.005122 -0.005507
1341839142.817748 0.0058 -0.0005815 -0.0009781 -0.0001212 -0.002289 -0.003263
1341839142.849646 0.006238 0.004077 -0.001909 -0.0006951 -0.002022 0.002542
1341839142.885615 0.001436 0.001605 0.004511 0.0001708 -0.003153 0.002463
1341839142.917485 0.004303 -0.003447 -0.0001846 -8.898e-05 -0.004722 -0.004475
1341839142.949726 0.006104 0.0005711 -0.001842 0.001111 -0.001506 -0.002723
1341839142.985900 0.004451 0.006373 0.0002568 0.002024 -0.004568 0.004923
1341839143.025376 0.002671 -0.004806 0.00244 -0.002842 -0.006728 -0.002685
1341839143.056750 0.003463 -0.007181 0.002461 -0.0009486 -0.0005462 -0.006493
1341839143.092610 0.007998 0.005849 -0.005094 0.004667 -0.0007299 0.003419
1341839143.124560 0.007214 0.00278 -0.003293 -0.002001 -0.003218 0.004433
1341839143.160701 0.00251 -0.003556 0.004988 -0.005029 -0.0006927 0.001971
1341839143.224815 0.007677 0.0001077 0.006132 0.004196 -0.000662 0.001837
1341839143.285789 0.009714 -0.008336 0.003883 0.002599 -0.001936 -0.002571
1341839143.321671 0.009792 0.00552 -0.006157 0.003755 0.0002588 0.004518
1341839143.353517 0.004732 0.001036 0.00261 -0.002393 -0.00135 0.005411
1341839143.385603 0.0009111 -0.006025 0.008613 -0.0009868 0.0002117 -0.001738
1341839143.421529 0.007355 0.0007321 -0.001609 0.005408 -0.0004506 -0.002598
1341839143.453645 0.008488 0.005088 -0.003517 0.002295 -0.003583 0.002885
1341839143.485734 0.003728 -0.002669 0.005139 -0.002361 -0.002834 0.003315
1341839143.521668 0.004179 -0.003662 0.004003 0.0008273 -0.001937 0.001944
1341839143.553630 0.006636 -0.0002975 -7.921e-05 0.003164 -0.002522 -0.001268
1341839143.590154 0.007648 0.003479 -0.0009743 0.003088 -0.005282 0.0004846
1341839143.621854 0.00396 -0.005886 0.006277 -0.001539 -0.003736 -0.001456
1341839143.653546 0.006075 0.0003246 0.0028 0.005983 -0.002283 0.0009292
1341839143.689669 0.009411 0.007809 -0.004812 0.004151 -0.009343 0.006095
1341839143.721563 -0.003521 -0.01159 0.01639 -0.001877 -0.007984 -0.004867
1341839143.753557 0.006593 -0.01039 -0.002081 0.007835 -0.004176 -0.01541
1341839143.789597 0.01447 0.008725 -0.01443 0.005494 -0.003992 0.0003572
1341839143.821488 0.004653 0.003615 0.004321 -0.005994 -0.007181 0.01173
1341839143.857691 0.0008166 -0.01216 0.01005 -0.00473 -0.003084 -0.005243
1341839143.889668 0.008934 0.001771 -0.005079 0.005161 -2.935e-05 -0.006657
1341839143.921613 0.007165 0.008538 -0.002081 0.00318 -0.004882 -0.0001265
1341839143.957679 0.003873 -0.007553 0.00459 -0.004172 -0.003488 -0.006145
1341839143.989692 0.00668 0.0002536 -0.0003709 0.002433 0.002242 0.0007541
1341839144.021612 0.006875 0.006807 -0.003501 0.002442 -0.001909 0.005262
1341839144.057581 0.003958 -0.004302 0.002442 -0.002407 -0.001822 -0.004152
1341839144.089682 0.006377 0.001318 -0.002471 0.00126 0.0002561 -0.002682
1341839144.125588 0.005607 0.00474 -0.001801 0.001349 -0.0007207 0.0005347
1341839144.157579 0.005373 0.003125 -0.002159 -0.001238 -0.002339 0.001303
1341839144.189633 0.002876 -0.002825 0.002358 -0.003986 -0.0008023 -0.002266
1341839144.225642 0.002783 0.001001 0.002686 0.002194 0.0005554 -0.00183
1341839144.257760 0.007521 0.008016 -0.007638 0.002525 -0.00456 0.002855
1341839144.289779 0.0004773 -0.005476 0.006283 -0.00539 -0.002952 -0.004578
1341839144.325641 0.001561 -0.001991 0.004099 0.003821 -0.001365 -0.003658
1341839144.357603 0.008329 0.005631 -0.009254 0.004711 -0.004023 0.0004594
1341839144.393630 0.004112 -0.001625 -0.0006277 -0.004122 -0.001192 0.0008907
1341839144.425526 0.002852 -0.003531 0.002573 -0.002364 0.002049 0.0004321
1341839144.457696 0.004852 0.002604 -0.002061 0.001647 0.001658 0.0001004
1341839144.493799 0.005239 0.005608 -0.003209 0.001031 -0.001271 0.00152
1341839144.525996 0.001526 -0.006404 0.004512 -0.004796 0.001071 -0.005178
1341839144.561696 0.003389 0.002389 0.0009692 0.004118 0.003972 0.0004274
1341839144.593602 0.006736 0.00922 -0.008307 0.002774 -0.003071 0.003204
1341839144.627771 0.0003187 -0.008117 0.005525 -0.007442 0.0002461 -0.009772
1341839144.661818 0.003722 0.005579 -0.001914 0.004011 0.004112 0.002733
1341839144.732548 0.002527 0.003528 0.001774 -0.008355 0.00105 0.006747
1341839144.793602 0.003847 0.006334 -0.004867 0.003296 -0.002725 -0.0005778
1341839144.829602 -0.000942 -0.0001597 0.00304 -0.002329 0.000975 -0.001383
1341839144.861614 0.002151 0.004835 -0.003769 0.0007169 -0.001122 0.004879
1341839144.893704 0.0002497 -0.002918 -0.0001742 -0.006012 0.0001618 1.358e-05
1341839144.929498 -0.002994 -0.0007322 0.006916 0.0005284 0.00292 -0.001803
1341839144.961563 0.002795 0.006009 -0.005854 0.004893 -0.002505 0.002723
1341839144.993581 0.001181 -0.003065 -0.001961 -0.00383 -0.001124 -0.002101
1341839145.029623 -0.001108 -0.0007093 0.003368 -0.0003146 0.002145 -0.0003902
1341839145.061626 0.002259 0.004041 -0.003746 0.00219 -0.0005334 0.004923
1341839145.097529 0.0003634 -0.002763 0.0001073 -0.003948 -0.0001744 0.001951
1341839145.129540 -0.001718 -0.003027 0.004667 -0.0005612 0.002824 -0.001478
1341839145.161548 0.001231 0.004552 -0.001859 0.0045 -0.0002341 0.003169
1341839145.197472 0.0004327 0.0001785 -0.001338 -2.563e-05 -0.002176 0.003768
1341839145.229600 -0.00104 -0.004106 0.001642 -0.001955 -0.0001072 0.0005808
1341839145.262518 -0.001248 0.0005649 0.001825 0.003275 0.001033 0.0009265
1341839145.297552 0.001856 0.003098 -0.005561 0.002099 -0.003554 0.002147
1341839145.329591 -0.002033 -0.006365 0.003401 -0.003736 0.0001248 -0.004892
