1341840839.225363 -0.006295 -0.009701 -0.001846 -0.0006378 0.003117 0.001411
1341840839.261700 -0.004379 0.01625 -0.003467 0.006319 0.0004218 0.0001666
1341840839.294583 0.01054 -0.01443 0.004171 -0.007189 -0.003706 0.001901
1341840839.329412 0.0007903 -0.002706 -0.001857 0.003263 0.002645 0.0002313
1341840839.361439 -0.009501 0.01511 -0.003964 0.005293 0.004848 0.001733
1341840839.393461 0.003992 -0.00638 0.003558 -0.005064 -0.001673 0.003725
1341840839.429312 -0.004467 -0.001523 -0.0006019 -0.00026 0.002808 0.002321
1341840839.461283 -0.007793 -0.006885 0.0009608 -0.00241 0.001159 0.002722
1341840839.497390 0.00909 -0.006088 0.001974 0.0006492 -0.003833 0.001124
1341840839.529496 -0.006972 0.00567 -0.002093 0.003958 0.004595 0.001074
1341840839.561316 -0.01329 -0.005584 0.0002815 -0.002792 0.003488 0.003195
1341840839.597405 -0.008209 -0.01505 0.001798 -0.003732 -0.0006758 0.0009941
1341840839.629282 -0.002994 0.003617 -0.001209 0.004698 -0.001292 0.0009394
1341840839.665514 -0.002534 -0.003996 0.001323 -0.0009586 0.0005041 0.003122
1341840839.697361 -0.01265 -0.01628 -0.0006777 -0.003151 0.003159 0.002339
1341840839.729327 -0.007434 0.006823 -0.001891 0.005952 -0.0006625 5.323e-07
1341840839.765445 0.00417 -0.000663 0.002572 -0.0001903 -0.002744 0.001229
1341840839.797266 -0.004492 -0.007517 0.0004931 -0.001579 0.002862 -0.000312
1341840839.833487 -0.01356 -0.005655 -0.001305 -0.0002737 0.003754 -0.001356
1341840839.865409 -0.008704 -0.01234 0.0004636 -0.002107 0.0004437 -5.66e-05
1341840839.897303 -0.01101 -0.00131 -0.002802 0.003135 0.001377 -0.00183
1341840839.933443 -0.004977 -0.002722 0.0005683 0.0005827 -0.0007607 -0.002119
1341840839.965343 -0.001291 -0.004342 0.0007907 0.0004411 -0.0001926 -0.001018
1341840840.001548 -0.008274 -0.001687 -0.001382 0.001436 0.003263 -0.0003927
1341840840.033327 -0.0001652 0.01138 -0.0004726 0.004717 -0.0004803 -0.002255
1341840840.065272 0.008721 -0.003138 0.004171 -0.003169 -0.0001069 -0.001868
1341840840.101431 -0.01263 -0.02091 -0.0009953 -0.006272 0.008154 -0.000592
1341840840.133310 -0.02216 0.002094 -0.007324 0.005311 0.005202 -0.002461
1341840840.169494 0.001716 0.01496 4.742e-07 0.004142 -0.003543 -0.001886
1341840840.201335 -0.004179 -0.02044 0.0033 -0.009064 0.002486 0.0004686
1341840840.233363 -0.01547 -0.0159 -0.002553 5.645e-06 0.003822 -0.002847
1341840840.294570 -0.02198 0.01897 -0.005176 0.008337 0.002814 -0.003621
1341840840.330394 -0.003461 0.006034 0.001323 -0.001014 -0.0002316 -0.004229
1341840840.362487 0.002704 -0.01538 0.005658 -0.007616 -0.0004852 -0.00439
1341840840.394382 -0.01102 -0.007162 -0.002798 0.00206 0.006054 -0.003339
1341840840.430325 -0.0231 0.01825 -0.00696 0.007048 0.007287 -0.002771
1341840840.462407 -0.004655 -0.01281 0.004263 -0.008698 -0.0024 0.0002824
1341840840.494502 -0.002208 -0.01527 0.001091 -0.00142 -0.0009323 -0.001915
1341840840.530297 -0.009036 0.01268 -0.004034 0.007977 0.002929 -0.003316
1341840840.562361 -0.007002 0.001647 0.001112 -0.00141 0.00153 -0.0008284
1341840840.598321 0.001878 -0.001632 0.003285 -3.978e-05 -0.001317 -0.002111
1341840840.630280 0.0001806 0.02183 0.0003733 0.007015 0.002757 -0.003889
1341840840.662439 -0.01373 -0.01655 0.001403 -0.01036 0.007535 0.002145
1341840840.698371 -0.0297 -0.01647 -0.006092 -0.004916 0.007115 0.001517
1341840840.730361 -0.02312 0.01865 -0.006465 0.00719 0.00167 -0.002015
1341840840.762407 0.003544 0.007729 0.005513 -0.002469 -0.005227 -0.001002
1341840840.798303 -0.004783 -0.01739 0.004242 -0.008006 0.00236 0.001944
1341840840.830375 -0.02911 4.331e-06 -0.00808 0.002845 0.008269 -0.0004525
1341840840.866393 -0.01807 0.0203 -0.00403 0.004667 0.0007113 -0.001562
1341840840.898320 -0.0001191 -0.007906 0.006301 -0.00854 -0.003575 0.002001
1341840840.930454 -0.00643 -0.02278 0.002243 -0.006666 0.0008992 0.001531
1341840840.966498 -0.02241 0.0005937 -0.007985 0.005454 0.004788 0.001368
1341840840.998398 -0.01901 0.005358 -0.002614 0.001163 0.002145 0.0001742
1341840841.034538 -0.02485 -0.02279 -0.003458 -0.008457 0.003246 0.003762
1341840841.066345 -0.02373 -0.02497 -0.002402 -0.00493 0.001198 0.001226
1341840841.098335 -0.006862 0.009933 -0.003337 0.01118 -0.001533 -0.00269
1341840841.134331 -0.0197 0.02193 -0.003233 0.005213 0.007171 -0.002155
1341840841.166392 -0.0296 -0.02945 -0.0005558 -0.01481 0.006554 0.0009324
1341840841.198348 -0.02378 -0.01143 -0.006473 -0.0003528 0.00145 -0.002751
1341840841.234400 -0.006952 0.02875 -0.002104 0.01102 -0.001077 -0.007426
1341840841.266296 -0.01061 0.008354 0.004891 -0.004828 0.005003 -0.002549
1341840841.302430 -0.01663 -0.01765 0.003045 -0.009793 0.005096 -0.001794
1341840841.334542 -0.004803 -0.004721 0.005001 -0.0007087 -0.002672 -0.002384
1341840841.366311 -0.00411 0.0035 0.001504 0.001085 7.478e-05 0.0007701
1341840841.402475 -0.01143 0.003321 -0.003441 0.001367 0.004817 0.0007064
1341840841.434345 -0.0101 -0.006218 -0.0002498 -0.001814 0.003023 0.001261
1341840841.466383 -0.006529 -0.002156 -0.0001436 0.0009379 0.0005081 0.0009
1341840841.502454 -0.003685 0.007197 -0.0003562 0.00384 0.0006139 -0.0002289
1341840841.534696 -0.008503 0.001726 0.0001016 -0.001084 0.003409 -0.001475
1341840841.570470 -0.006329 -0.02146 0.00299 -0.007608 0.0008883 -0.0007115
1341840841.602476 -0.01268 -0.005387 -0.006199 0.004233 0.002172 0.001355
1341840841.634468 -0.0178 0.01629 -0.006597 0.00637 0.002997 0.000353
1341840841.671032 0.01405 -0.00996 0.012 -0.007354 -0.009093 0.0007046
1341840841.702284 0.003344 -0.008312 0.003935 -0.001733 0.0006435 -0.002476
1341840841.734304 -0.01967 0.003408 -0.01037 0.005241 0.009517 -0.00276
1341840841.770351 -0.003499 0.01339 -0.001632 0.006179 0.0004372 -0.002837
1341840841.802313 0.01611 0.005751 0.00839 0.00138 -0.003645 -0.005647
1341840841.838370 0.02423 0.01499 0.007934 0.005821 -0.001987 -0.003382
1341840841.870881 0.005085 0.0008756 0.003218 -0.002843 0.006267 0.008702
1341840841.902346 -0.02626 -0.03972 -0.008707 -0.01652 0.009318 0.01094
1341840841.938375 -0.00926 0.002396 -0.003995 0.006488 -0.003909 -0.002281
1341840841.970352 0.01928 0.009914 0.006594 0.005717 -0.006972 0.001811
1341840842.006342 -0.004177 -0.01502 0.001516 -0.005084 0.006545 0.00681
1341840842.038475 -0.02616 -0.005735 -0.01056 -0.0002494 0.007931 0.004903
1341840842.070419 -0.008649 0.004072 0.0005508 0.0007655 -0.002978 0.001782
1341840842.106404 0.008125 0.001011 0.006209 0.001792 -0.005402 0.001248
1341840842.138367 0.006378 0.02694 0.003294 0.009227 0.001808 0.001091
1341840842.170410 -0.01215 -0.002535 0.002492 -0.007837 0.008827 0.005438
1341840842.206430 -0.01791 -0.009144 0.0004287 -0.007135 0.005152 0.005153
1341840842.238319 -0.01184 0.0006218 0.001215 -0.001781 0.001431 0.008114
1341840842.274385 -0.02114 0.003958 -0.003429 -0.001471 0.004478 0.008726
1341840842.306571 -0.005848 0.002355 0.003142 -0.003447 -0.002324 0.003635
1341840842.338413 0.006485 -0.00775 0.00894 -0.00435 -0.002487 0.003564
1341840842.374365 0.002468 0.01623 0.0008173 0.006879 0.00208 0.00218
1341840842.406739 -0.002318 0.01837 0.003985 -0.0006387 0.005914 0.00403
1341840842.438410 -0.02523 -0.05158 -0.002883 -0.0212 0.008077 0.01261
1341840842.474299 -0.08093 -0.04491 -0.03033 -0.01002 0.02585 0.01869
1341840842.506377 -0.07646 -0.0007283 -0.03136 -0.002392 0.02385 0.01926
1341840842.542388 -0.01569 -0.002294 -0.002064 -0.01285 -0.002789 0.004422
1341840842.574346 0.001684 -0.04057 0.007404 -0.0189 -0.005684 0.005326
1341840842.606530 -0.04126 -0.03961 -0.02092 -0.008501 0.01119 0.003637
1341840842.642329 -0.02649 0.01232 -0.01718 0.007384 0.0038 -0.008544
1341840842.674386 0.01679 0.01357 0.0124 0.0005134 -0.005807 -0.004119
1341840842.706548 -0.01337 -0.03045 0.0001326 -0.01285 0.009925 0.008602
1341840842.742312 -0.05985 -0.0105 -0.02338 -0.002887 0.01715 0.00549
1341840842.774261 -0.06666 -0.02258 -0.02011 -0.01485 0.02096 0.02068
1341840842.810490 0.01773 -0.02462 5.236e-05 -0.01522 -0.0135 -0.0001627
1341840842.842296 0.01964 -0.0181 0.009866 -0.002479 -0.003749 0.003229
1341840842.874411 -0.01736 0.01166 -0.006747 0.01095 0.008169 0.002526
1341840842.942647 -0.02306 -0.0007811 -0.0006888 -0.007903 0.001891 -0.008414
1341840842.974535 -0.01315 -0.01999 -0.004916 -0.00572 0.005322 0.006947
1341840843.010449 -0.03194 -0.0003388 -0.0152 0.0007612 0.006262 -0.002831
1341840843.042429 -0.002924 -0.005573 -0.006391 -0.005286 -0.006294 -0.0113
1341840843.078385 0.02926 -0.008219 0.01143 -0.003329 -0.008491 -0.004855
1341840843.110373 -0.009325 0.00386 0.004542 0.006417 0.01071 0.007432
1341840843.142285 -0.04787 0.003754 -0.01549 0.001009 0.01439 0.003505
1341840843.178476 -0.04281 -0.02405 -0.01395 -0.01494 0.01044 0.005835
1341840843.210589 0.02718 -0.01554 0.001618 -0.007053 -0.01411 0.0003938
1341840843.246317 0.004824 0.0006214 0.007176 0.003963 0.005801 0.009176
1341840843.278543 -0.03712 0.002966 -0.01326 0.002343 0.01208 0.002077
1341840843.310587 -0.01953 -0.007999 -0.01427 -0.00848 -0.000647 -0.005742
1341840843.346529 0.01444 -0.02086 0.004081 -0.0116 -0.008059 -0.002405
1341840843.385053 -0.001783 -0.0202 -0.001917 -0.001332 0.004757 0.002275
1341840843.411509 -0.01649 0.006661 -0.01227 0.008933 0.003732 -0.002917
1341840843.447220 -0.000467 0.006402 -0.001819 0.001112 -0.005332 -0.004326
1341840843.515039 -0.009848 -0.02963 -0.008226 -0.0038 0.007029 0.01101
1341840843.548527 -0.0123 0.01384 -0.01108 0.005222 -0.001603 -0.001293
1341840843.614798 0.007628 -0.04901 0.01207 -0.02416 -0.0062 -0.0003128
1341840843.653429 -0.003895 0.01661 -0.006711 0.01313 0.003351 0.00105
1341840843.687928 -0.01316 0.02768 -0.00842 0.008541 0.003093 0.002118
1341840843.720258 -0.004287 -0.02763 0.005654 -0.01514 -0.0009315 -0.000616
1341840843.785505 -0.002142 0.01444 -0.008935 0.009922 -0.0004165 0.002636
1341840843.846439 -0.01078 -0.01779 0.00257 -0.01075 3.337e-06 -0.005668
1341840843.882429 -0.004428 0.005531 -0.005034 0.003322 0.0009369 0.001863
1341840843.914321 -0.01349 -0.003691 -0.004961 -0.00144 0.001365 0.002911
1341840843.946316 -0.005927 -0.0002981 -0.003462 -0.001783 -0.005019 8.577e-05
1341840843.982401 0.004697 -0.01344 -0.0001975 -0.005243 -0.005705 -0.0009122
1341840844.014387 -0.001947 0.002394 -0.004272 0.004373 0.0005966 0.001676
1341840844.050399 -0.01357 0.02013 -0.00143 0.004677 0.002943 0.003483
1341840844.082349 -0.01043 -0.0194 0.002591 -0.01455 -0.001286 -0.001442
1341840844.114393 0.004416 -0.01505 -0.0005698 -0.003892 -0.004265 -0.001087
1341840844.150523 -0.008036 0.00725 -0.003607 0.005167 0.003243 0.002933
1341840844.182299 -0.01477 0.008907 -0.001511 0.001394 0.001184 0.003454
1341840844.218448 -0.005524 0.004162 -0.001607 -0.004086 -0.003562 0.0004331
1341840844.250566 0.0004798 -0.01598 0.002049 -0.01086 -0.003201 -0.001334
1341840844.282274 0.001802 -0.01571 -0.001248 -0.002656 0.0007248 -0.002819
1341840844.318322 -0.002042 0.02178 -0.003511 0.01108 0.00337 0.0009754
1341840844.350432 -0.01719 0.01051 0.003613 -0.002784 0.008704 0.005132
1341840844.382375 -0.0232 -0.03688 0.006395 -0.01717 0.0064 0.001804
1341840844.418837 0.01464 0.02139 -0.007026 0.01291 -0.0107 0.001949
1341840844.450418 0.008841 0.01717 0.002584 0.003876 -0.0005812 -0.0003105
1341840844.486330 -0.0225 -0.003359 0.001308 -0.005364 0.01302 0.002981
1341840844.518335 -0.02751 -0.001187 0.0003428 -0.002711 0.005599 0.002477
1341840844.550458 0.01001 -0.01037 -0.002061 -0.003707 -0.01032 0.0003711
1341840844.586351 0.0119 0.01173 -0.0006967 0.004977 -0.002536 -0.0006424
1341840844.618382 -0.01674 -0.00773 0.0002479 -0.003778 0.01083 -0.001002
1341840844.650334 -0.01399 -0.003593 -0.002502 0.001091 0.005156 0.0009701
1341840844.686320 -0.005803 0.01393 -0.002842 0.005159 -0.0006346 0.003951
1341840844.718495 -0.008944 -0.004011 0.0007557 -0.005273 0.0002707 0.002036
1341840844.757582 -4.291e-05 -0.01249 -0.001362 -0.002585 -0.00209 -0.00111
1341840844.818394 -0.02152 0.01263 -0.003658 0.004307 0.007665 0.0005601
1341840844.854307 -0.004335 -0.001188 -0.001844 8.087e-05 -0.003035 -0.001333
1341840844.888045 -0.000646 -0.00198 -0.001173 -0.000398 -0.002179 -0.003204
1341840844.918612 -0.007274 -0.01563 0.0002267 -0.003441 0.002655 -0.002071
1341840844.954718 -0.01077 0.00469 -0.00293 0.003793 0.002349 0.0005895
1341840844.986719 -0.01162 0.0003923 -0.0007403 -5.909e-05 0.0001888 0.001405
1341840845.022279 -0.00682 0.008036 -0.0058 0.003889 -0.002731 -0.001293
1341840845.054280 -0.006753 -0.009663 0.003178 -0.005137 -0.002802 -0.003781
1341840845.086344 0.001585 -0.001114 -0.004119 0.001508 -0.004752 -0.002093
1341840845.123640 0.003284 0.009768 -0.003556 0.005588 -0.0005666 0.003471
1341840845.154408 -0.01267 0.00849 0.0008827 -0.001786 0.005886 0.004508
1341840845.186393 -0.003406 -0.02226 0.001253 -0.008292 0.0004815 -0.005748
1341840845.222296 0.01632 0.007766 -0.005528 0.008898 -0.003877 -0.00367
1341840845.254440 -0.01685 0.01055 -0.0008105 0.001908 0.01121 0.00411
1341840845.290376 -0.02574 -0.01441 -0.0003181 -0.007181 0.00667 0.003512
1341840845.322289 0.01063 0.003163 -0.0007712 0.00339 -0.01147 0.0001698
1341840845.354494 0.02405 0.01603 0.002083 0.005277 -0.007188 0.0007367
1341840845.390309 -0.003397 0.01077 0.0008335 -0.0008787 0.009179 0.003218
1341840845.422339 -0.02276 -0.01023 0.001268 -0.008625 0.01084 0.003033
1341840845.458335 -0.01514 -0.02277 -0.001225 -0.00651 0.001969 0.002777
1341840845.490264 -0.005081 0.003866 -0.003609 0.006768 -0.004705 0.001609
1341840845.522343 0.01316 0.01001 -0.0007455 0.004483 -0.009321 -0.001688
1341840845.558310 0.01805 0.0005427 0.000998 -0.0003836 -0.002994 -0.004006
1341840845.597232 -0.005044 0.004799 2.377e-05 0.001114 0.01033 -0.001602
1341840845.658634 -0.04244 -0.02189 -0.002626 -0.00865 0.01514 0.001509
1341840845.690353 -0.003038 2.52e-06 -0.001801 0.00338 -0.004333 0.004962
1341840845.790466 0.01672 0.01092 0.003151 0.002705 -0.007104 0.001888
1341840845.826375 -0.01331 -0.02841 0.007671 -0.01148 0.01233 0.004182
1341840845.858782 -0.03436 -0.01592 -0.007679 -0.003019 0.009749 0.005387
1341840845.890417 -0.01649 0.02665 -0.0239 0.01111 -0.0004565 0.00251
1341840845.926383 0.01641 -0.00835 0.002368 -0.007772 -0.007821 0.0008044
1341840845.958390 -0.0169 -0.01971 -0.0002506 -0.004391 0.008793 0.001356
1341840845.994269 -0.007773 0.0195 -0.000897 0.009732 -0.0008937 -0.0002053
1341840846.026558 -0.0007641 -0.004578 0.002766 -0.005139 -0.002565 -0.002479
1341840846.058807 0.0007634 -0.005878 0.0004214 -0.001017 0.0007179 -0.0007863
1341840846.094265 -0.02462 0.002046 -0.0002752 0.001472 0.01005 0.002468
1341840846.126378 -0.02807 -0.002558 9.802e-05 -0.001897 0.003103 0.001234
1341840846.158446 0.002664 -0.00376 0.0009909 -0.0008344 -0.00973 -0.0009598
1341840846.194427 0.01411 -0.008821 0.0001938 -0.0006666 -0.0066 -0.002437
1341840846.226385 -0.02106 0.006209 -0.001712 0.006275 0.008768 -0.001346
1341840846.262497 -0.02739 0.01042 0.001701 0.002303 0.003864 -0.002909
1341840846.294419 0.005174 -0.02256 0.009496 -0.01065 -0.009845 -0.0006984
1341840846.326478 0.0135 0.003637 -0.0001499 0.003109 -0.004861 -0.0002676
1341840846.362426 -0.03195 0.003864 -0.003974 0.001657 0.01422 0.001097
1341840846.394323 -0.01957 -0.006852 0.008735 -0.00368 -0.0001179 0.001573
1341840846.430454 0.0006239 0.002896 -0.006175 0.00214 -0.007383 -0.003611
1341840846.465291 0.004405 -0.004009 -0.0004642 0.003163 -0.002572 6.373e-05
1341840846.530439 -0.04046 0.01263 0.002275 0.003678 0.007139 -0.0004568
1341840846.562569 0.02029 -0.0215 0.008024 -0.01037 -0.01353 -0.003762
1341840846.594486 0.001163 -0.01198 -0.0004809 8.862e-05 0.001716 0.0004253
1341840846.630509 -0.03402 0.001255 -0.00453 0.005378 0.01169 0.003767
1341840846.662363 -0.02777 0.02545 0.002277 0.008465 0.001142 0.003336
1341840846.698323 0.01108 -0.01828 0.00221 -0.009755 -0.01295 0.003024
1341840846.730390 0.01563 -0.01253 -0.002297 0.0005492 -0.005047 -0.001282
1341840846.762470 -0.02202 0.0115 -0.002926 0.008018 0.01147 -0.0005945
1341840846.798363 -0.02337 -0.01297 0.002083 -0.005513 0.003929 0.0008813
1341840846.830356 0.00962 0.008129 -0.01054 0.008551 -0.00865 -0.002987
1341840846.862350 0.0002043 0.002675 0.001126 0.001432 0.001409 0.002043
1341840846.898489 -0.02409 -0.0101 -0.004535 -0.003378 0.007539 0.002104
1341840846.930380 -0.00475 -0.01863 -0.003637 -7.07e-05 -0.003528 -0.0005521
1341840846.966358 0.01655 0.006603 0.001646 0.005265 -0.008221 -0.0008917
1341840846.998844 0.0008591 -0.0006615 0.001297 -0.004078 0.004086 0.002162
1341840847.030411 -0.02207 -0.02619 -0.0019 -0.008438 0.01052 0.002699
1341840847.066359 -0.006876 0.001337 -0.003276 0.006335 -0.002596 -0.000349
1341840847.098410 0.01365 0.01095 -0.001684 0.00514 -0.006591 0.0004066
1341840847.130366 -0.007097 -0.008264 0.00136 -0.004235 0.005799 0.001541
1341840847.166401 -0.01555 -0.01056 -0.0006348 -0.00104 0.004794 -0.001433
1341840847.198307 0.005153 0.02108 -0.0002096 0.009373 -0.00578 -0.001727
1341840847.234496 0.01457 0.01339 0.003732 -0.0007387 -0.004281 -0.000739
1341840847.266747 -0.01147 -0.02186 0.002273 -0.01083 0.009088 8.294e-06
1341840847.298356 -0.02167 -0.002601 -0.001535 0.002863 0.006853 9.139e-05
1341840847.334573 0.007056 0.01429 0.0007566 0.00533 -0.007454 0.0004517
1341840847.366405 0.00288 0.01444 -0.002382 0.002332 0.0001191 0.0007397
1341840847.398361 -0.01808 -0.01004 0.001533 -0.005626 0.008215 0.004053
1341840847.434625 -0.01635 -0.01191 0.01121 -0.001486 0.0001969 0.00293
1341840847.466370 0.01045 0.01981 -6.971e-05 0.01012 -0.01122 -0.001585
1341840847.502590 0.0132 9.147e-05 0.0001663 -0.002306 -0.004687 -0.001206
1341840847.534309 -0.01301 -0.01474 -0.0008099 -0.004052 0.008684 0.0006863
1341840847.566354 -0.02028 0.01055 -0.001459 0.008052 0.005029 -0.0002707
1341840847.603337 0.004668 0.01599 0.0003234 0.00463 -0.007702 -0.0001048
1341840847.634465 0.0003823 0.003206 -0.004047 -0.0008282 -6.378e-06 -3.572e-06
1341840847.670420 -0.008646 -0.007759 0.006001 -0.002862 0.003742 0.001571
1341840847.702420 -0.0154 -0.007387 0.0008913 0.0003603 0.0009439 -0.002173
1341840847.734342 0.001079 0.01188 -0.001705 0.008681 -0.005954 -0.0009482
1341840847.770464 -0.003968 0.03483 -0.005117 0.01093 0.0005235 -0.001626
1341840847.802407 0.001958 -0.01856 0.01175 -0.01264 -0.0002702 0.006097
1341840847.834306 -0.02042 -0.001852 -0.005583 0.001834 0.00455 -3.326e-05
1341840847.870532 0.004972 0.01471 -0.0006227 0.0059 -0.006021 -0.002439
1341840847.902485 0.00919 -0.01641 0.005254 -0.007444 -0.00308 -0.0003858
1341840847.938405 -0.01334 0.004097 -0.001915 0.004599 0.0069 0.0007842
1341840847.970339 -0.008112 0.01834 0.001172 0.004927 0.002463 0.001274
1341840848.002312 -0.001685 -0.003041 0.00319 -0.005179 2.761e-05 0.001789
1341840848.038354 -0.004901 0.001321 0.001089 -0.001481 0.003453 0.0009296
1341840848.070743 -0.01595 0.0001484 0.003149 -0.0005368 0.005614 0.001426
1341840848.102909 -0.01034 0.0006888 0.002778 0.001838 -0.001059 0.0002852
1341840848.138432 0.002291 9.413e-05 0.0009537 0.002528 -0.005212 -0.001048
1341840848.170385 -0.007631 0.009911 -0.0005917 0.005486 0.001678 -0.0008258
1341840848.206548 -0.008387 0.0101 0.002373 0.001961 0.0005584 -0.001841
1341840848.238651 -0.0006795 -0.003011 0.002941 -0.002784 -0.00173 -0.0008636
1341840848.277372 -0.006913 -0.001635 -0.000459 0.0009973 0.001736 0.0003233
1341840848.313384 -0.007434 0.01224 0.0003402 0.004677 0.001308 0.0008853
1341840848.345285 -0.007787 0.004635 0.003667 -0.0001299 0.0005244 0.0003956
1341840848.377729 -0.01092 0.001066 -0.002471 0.0009552 0.001033 -0.001674
1341840848.413434 -0.005963 0.002533 9.383e-05 0.003221 -2.936e-06 0.0007075
1341840848.446614 -0.002481 0.01067 0.008449 0.004753 -0.003133 -0.001105
1341840848.477376 0.001631 0.001631 0.003168 -0.0006483 -0.004739 -0.003437
1341840848.514358 -0.004152 -0.01099 0.0001221 -0.00169 0.000493 -0.0006426
1341840848.545352 -0.01859 0.02547 0.0006789 0.01248 0.005357 0.00109
1341840848.581630 -0.01853 0.0394 0.007267 0.01089 0.0006287 0.0002025
1341840848.613497 0.01757 -0.01854 0.007678 -0.0114 -0.01223 -0.003507
1341840848.645345 -0.0004479 -0.005208 -0.004458 0.0002734 0.002587 -0.005631
1341840848.681427 -0.02507 0.02808 0.003502 0.008654 0.01172 0.0003649
1341840848.713310 -0.03868 0.02565 0.001495 0.006348 0.009431 -0.0008194
1341840848.774529 -0.01555 0.005496 0.0166 0.0001298 -0.00433 -0.009158
1341840848.806548 -0.0001214 -0.01003 -0.003273 0.001139 -0.001331 -0.005401
1341840848.842443 -0.0002011 0.02132 0.006681 0.008409 -0.0004155 -0.00208
1341840848.874427 -0.008336 0.008899 0.008689 -0.003284 0.00238 0.002958
1341840848.910589 -0.00479 -0.01622 0.003552 -0.006794 -0.0007287 0.003416
1341840848.942390 -0.007111 0.02347 -0.0007588 0.01046 -0.0003593 -0.0003239
1341840848.974342 0.004439 0.02762 0.01152 0.002751 -0.002812 -0.00294
1341840849.010480 0.008755 -0.03855 0.004995 -0.02064 0.0007744 0.002033
1341840849.042373 -0.01678 -0.008852 -0.005338 0.002924 0.00889 0.002179
1341840849.074269 -0.01482 0.03287 0.002134 0.01258 0.001358 -0.0007857
1341840849.110433 -0.006877 0.009378 -0.004055 0.0006555 -0.000384 -0.002407
1341840849.142356 0.008659 -0.002509 0.006403 -0.004467 -0.001879 0.001808
1341840849.178427 -0.007057 -0.00948 0.002548 -0.005631 0.005175 0.001216
1341840849.210439 -0.009162 0.01118 -0.0005596 0.003339 0.003153 -0.003114
1341840849.242309 -0.001493 0.004644 0.004777 -0.003342 0.001213 -0.001905
1341840849.278391 -0.01336 -0.02523 0.0006797 -0.009153 0.004876 0.00396
1341840849.310332 -0.03274 0.009551 -0.0008855 0.009118 0.005537 0.0005203
1341840849.342402 -0.06819 0.03822 0.01375 0.013 0.02236 0.003313
1341840849.378339 0.001815 0.006002 -0.005946 -0.003049 -0.006652 -0.004655
1341840849.410390 0.01414 -0.04056 0.006976 -0.0141 -0.003675 -0.002986
1341840849.446437 -0.04369 0.02671 -0.01207 0.01497 0.01647 -0.004658
1341840849.478425 -0.05704 0.03466 0.03838 0.0095 0.01686 -0.0003
1341840849.546449 -0.09147 -0.03584 0.005524 -0.01195 0.03363 0.01756
1341840849.578498 -0.03226 0.004258 -0.000707 0.008393 0.006827 -0.002722
1341840849.610692 -0.01712 0.02207 0.0005631 0.007932 -0.0004357 -0.005459
1341840849.646317 -0.004349 -0.0233 0.003324 -0.01022 -0.001305 -0.004364
1341840849.685647 -0.02755 -0.02699 -0.003685 -0.003043 0.009667 -0.003461
1341840849.746347 -0.0555 0.03009 0.00457 0.01645 0.009393 -0.009142
1341840849.778359 0.0003412 -0.01921 -0.008338 -0.004754 -0.001628 0.0003444
1341840849.814323 -0.01464 0.001475 -0.003425 0.005973 0.004459 -0.00146
1341840849.846557 0.001483 0.02054 -0.00505 0.007622 -0.002001 0.0003172
1341840849.882256 -0.00805 -0.01077 0.004581 -0.008789 0.004207 0.0007397
1341840849.921575 -0.02857 -0.04211 0.01071 -0.01373 0.01121 -0.002649
1341840849.982476 -0.03559 0.04908 -0.000326 0.01889 0.007329 -0.0003988
1341840850.014371 -0.002831 -0.03253 0.002889 -0.01538 -0.003071 -0.006215
1341840850.046326 0.01206 -0.01844 -0.007985 -0.0003896 -0.001348 0.0003863
1341840850.082415 -0.01395 0.02371 -0.0006366 0.01206 0.008352 0.004416
1341840850.121449 -0.02463 0.01548 0.008346 0.0008365 0.00502 -0.0002406
1341840850.157539 0.002095 -0.02889 0.001205 -0.01211 -0.00472 -0.002548
1341840850.189410 0.01115 0.006601 -0.01175 0.00818 -0.0009621 0.003219
1341840850.221491 -0.02109 0.01381 0.007903 0.003994 0.01029 0.003042
1341840850.257570 -0.025 0.005904 0.008748 -0.002112 0.00499 0.0002026
1341840850.314521 0.001518 -0.03255 -0.003335 -0.009202 -0.005214 0.001972
1341840850.350348 -0.02526 0.002836 0.002355 0.003658 0.009983 0.002403
1341840850.382480 -0.01396 0.001292 -0.0006349 0.001324 -0.001192 0.001057
1341840850.418448 0.01617 -0.008427 -0.003149 -0.003868 -0.00836 -0.0004254
1341840850.450229 -0.01401 0.001937 0.004082 0.0006915 0.009305 0.002492
1341840850.482352 -0.05357 0.01792 0.01359 0.006587 0.01617 0.003272
1341840850.518351 -0.05477 -0.002541 0.01228 -0.001138 0.01441 0.002541
1341840850.550287 0.03733 -0.01816 -0.009322 -0.006663 -0.016 -0.0008155
1341840850.582563 0.04481 0.02563 -0.02547 0.009455 -0.01103 0.0005707
1341840850.618439 -0.01682 0.004895 0.01643 -0.006321 0.01213 0.004657
1341840850.650443 -0.006646 -0.02334 -0.005028 -0.01011 0.0006442 0.002368
1341840850.686406 -0.01253 -0.01995 0.002105 -0.00103 0.0033 -0.007277
1341840850.718516 0.003258 0.02672 -0.005036 0.009917 -0.001631 -0.001475
1341840850.750308 -0.008484 -0.01196 0.00604 -0.009323 0.004275 -0.001183
1341840850.786319 -0.01318 -0.02136 0.001291 -0.005268 0.004297 -0.001765
1341840850.818316 -0.0169 0.01017 -0.003317 0.008491 0.003298 -0.0008177
1341840850.854290 -0.02102 0.007077 0.004286 0.00171 0.003257 0.000379
1341840850.886322 -0.01993 -0.02001 0.003993 -0.006621 0.001196 -0.003993
1341840850.918358 0.001988 0.001342 -0.003588 0.004765 -0.00444 -0.006185
1341840850.954395 -0.002369 0.01939 -0.001654 0.005676 0.002546 -0.001044
1341840850.986448 -0.01027 -0.003766 -0.001304 -0.003585 0.002774 -0.0007163
1341840851.018447 -0.005872 -0.007488 -0.002086 0.0001495 -0.001252 -0.004078
1341840851.054395 -0.003638 0.009579 0.001308 0.002457 0.001087 -0.001019
1341840851.086362 -0.01548 -0.006476 0.003662 -0.005458 0.005758 0.001778
1341840851.122353 -0.009907 0.01031 -0.00651 0.004598 -0.001153 -0.002713
1341840851.154293 -0.004488 -0.002699 0.004077 -0.004268 -0.0009651 -0.003754
1341840851.186482 -0.003075 -0.0001753 -0.003161 0.000518 0.0005705 0.001077
1341840851.222499 -0.01512 0.01103 -0.001672 0.004669 0.004224 -1.363e-06
1341840851.254587 -0.01111 0.002441 0.004158 -0.00302 0.0008416 0.0007971
1341840851.286786 -0.00198 -0.007289 0.0005605 -0.005269 -0.001427 0.0007039
1341840851.322525 -0.009593 -0.005494 -0.0005706 -0.0006432 0.003617 0.001813
1341840851.354461 -0.01953 0.01549 -0.001387 0.007001 0.005274 0.002974
1341840851.390383 -0.01845 0.001697 0.003529 -0.002238 0.001454 0.002047
1341840851.422373 0.01039 0.005252 -0.003247 0.0007453 -0.008668 -0.00207
1341840851.454333 0.03512 0.02012 -0.008876 0.004328 -0.01022 0.0003599
1341840851.490328 -0.02423 -0.01313 0.01126 -0.007777 0.01619 0.001751
1341840851.522431 -0.03043 0.01927 -0.006914 0.008513 0.007466 0.00112
1341840851.555777 -0.002565 0.0198 0.0008963 0.002551 -0.0053 0.0001919
1341840851.590800 0.006434 -0.0226 0.00381 -0.01209 -0.002261 0.0003955
1341840851.622401 -0.01843 -0.0006281 -0.002193 0.004777 0.008678 -0.001098
1341840851.658371 -0.02844 0.0152 0.00643 0.004644 0.007208 -0.002511
1341840851.690446 -0.008017 -0.005656 0.001247 -0.004787 -0.003154 -0.001219
1341840851.722387 0.001728 0.007103 -0.001532 0.001988 -0.002571 -0.0009092
1341840851.758379 -0.01115 0.007637 0.0002391 0.000506 0.004419 0.001158
1341840851.790498 -0.006088 0.01303 -0.001912 0.001167 -0.001001 -0.001425
1341840851.822502 0.001489 -0.009691 0.001507 -0.00759 -0.001764 -0.001827
1341840851.858469 -0.01844 -0.02401 0.001991 -0.006424 0.006954 -0.001387
1341840851.890382 -0.0246 0.02595 -0.00585 0.01349 0.004631 -0.002663
1341840851.926297 -0.00336 0.01381 0.001842 -0.001861 -0.004741 -0.003454
1341840851.958364 0.01062 -0.02953 0.001992 -0.0126 -0.004867 -0.002988
1341840851.990589 -0.01654 0.01504 -0.007298 0.01248 0.009317 -0.0003762
1341840852.026374 -0.03001 0.01657 0.003976 0.004505 0.006963 -0.003273
1341840852.058336 0.002526 0.005194 -0.004299 -0.00186 -0.007505 -0.006224
1341840852.094404 0.007954 -0.01488 0.0002606 -0.005702 -0.001885 -0.00185
1341840852.126392 -0.02255 -0.004804 -0.001238 0.002995 0.01125 0.002903
1341840852.158516 -0.04267 0.03129 0.001881 0.01341 0.009957 -0.0009222
1341840852.194279 -0.03248 0.0135 0.01153 0.0003521 0.003454 -0.002936
1341840852.226380 0.02413 -0.03379 -0.002234 -0.01247 -0.01149 -0.003695
1341840852.258313 0.002768 0.01567 -0.003007 0.01144 0.00696 -9.774e-05
1341840852.294500 -0.03463 0.03647 0.004538 0.01115 0.01237 0.002766
1341840852.326311 -0.02879 -0.007166 0.01037 -0.008512 0.002626 0.0027
1341840852.362368 -0.004305 -0.02708 0.003042 -0.006955 -0.004531 -0.000865
1341840852.394489 -0.01081 0.02335 -0.005416 0.01267 0.001263 -0.002713
1341840852.426307 -0.0149 0.01282 0.001148 0.0003341 0.0009671 -0.002646
1341840852.462394 -0.002041 -0.01186 0.001789 -0.00804 -0.003531 -0.003987
1341840852.494557 -0.01112 -0.008659 0.0007731 -0.001919 0.001795 -0.004813
1341840852.526348 -0.01973 0.00298 -0.00186 0.004169 0.002823 -0.003187
1341840852.562305 -0.01071 -0.001309 -0.000206 0.0006298 -0.001617 -0.002161
1341840852.594400 -0.004089 -0.009875 -0.0004592 -0.0004334 -0.002832 -0.002713
1341840852.630345 0.001345 0.02387 -0.005752 0.00984 -0.001056 -0.001005
1341840852.663508 -0.00212 0.004862 0.001407 -0.005621 0.00199 -0.0002579
1341840852.694654 0.005679 -0.02537 0.002143 -0.01193 -0.000623 -0.001615
1341840852.732477 -0.004214 -0.002298 -0.00265 0.003601 0.004817 -0.001495
1341840852.762455 -0.01151 -0.00835 -0.0001066 -0.0002393 0.004315 0.0001683
1341840852.794631 -0.01308 0.003154 -0.003586 0.006004 0.002497 0.004578
1341840852.862990 -0.01371 0.0234 -0.0005446 -0.001208 -0.003384 0.007569
1341840852.898597 0.001878 -0.0352 0.002463 -0.01184 -0.002433 -0.0003474
1341840852.930367 0.002363 0.006783 -0.006032 0.012 -0.0006862 -0.000749
1341840852.962482 -0.01057 0.02989 -0.003628 0.009575 0.005201 0.001202
1341840852.998535 -0.01073 -0.01476 0.005194 -0.01116 0.002631 0.002989
1341840853.037588 -0.003875 -0.008404 0.0004815 -0.0009717 -0.0009644 0.001325
1341840853.098354 -0.01271 0.008645 0.001656 -6.621e-06 0.004882 0.001032
1341840853.131999 -0.01585 -0.00802 0.0004417 -0.001921 0.003241 0.002722
1341840853.166530 -0.003753 0.01916 -0.002633 0.006308 -0.001477 0.003156
1341840853.198406 -0.001161 -0.0112 0.005286 -0.009907 0.0006823 0.002751
1341840853.231726 -0.01441 -0.03234 0.002209 -0.008852 0.005524 0.005694
1341840853.266442 -0.02441 0.0151 -0.00554 0.0133 0.003891 0.003764
1341840853.298516 -0.002632 0.03259 -0.001109 0.007519 -0.00348 -0.0008466
1341840853.334385 0.001966 -0.01637 0.008101 -0.01432 0.001771 0.001497
1341840853.398402 -0.03543 -0.007079 -0.001146 0.005145 0.01121 0.002379
1341840853.434335 -0.003451 -0.003344 0.002127 -0.003393 -0.001891 0.001923
1341840853.466387 -0.001807 -0.009001 0.0008703 -0.002035 0.0001137 0.003114
1341840853.498430 -0.01722 0.01022 -0.001481 0.004629 0.005988 0.00406
1341840853.534407 -0.01403 -0.00551 0.0004358 -0.004169 0.0001648 0.001187
1341840853.566451 0.002922 -0.01844 0.001649 -0.005235 -0.003769 -0.0006268
1341840853.602691 -0.008644 -0.01391 -0.00197 0.002074 0.003259 0.002381
1341840853.634832 -0.008364 0.01951 -0.006078 0.01192 0.000257 0.002089
1341840853.666488 -5.304e-05 0.01561 -0.0006229 0.0007896 -0.001314 0.002282
1341840853.702424 0.001781 -0.02492 0.00458 -0.01257 0.0002616 0.002181
1341840853.734353 -0.0118 0.002603 -0.005754 0.009082 0.006715 0.004069
1341840853.766467 -0.005293 0.01015 -0.0002896 0.003579 0.0001183 0.00258
1341840853.802607 -0.01655 0.0103 -0.002431 -0.0004369 0.004699 0.0006129
1341840853.834576 0.00173 -0.04161 0.006026 -0.01517 -0.002571 0.003853
1341840853.870615 -0.01391 0.01402 -0.007826 0.01243 0.004484 0.003813
1341840853.902573 -0.005481 -0.009117 0.0009366 -0.002375 -0.001712 0.001243
1341840853.940152 -0.003289 0.007222 -0.002478 0.004252 6.725e-05 0.0006215
1341840854.002413 -0.03517 -0.01145 -0.003398 0.001506 0.009423 0.007253
1341840854.034566 -0.003016 -0.002431 0.004006 -0.004424 -0.006058 0.002077
1341840854.070475 -0.00722 -0.003619 -0.001691 -0.00117 0.0003282 -0.001613
1341840854.102373 0.0008468 -0.005244 0.001189 0.001077 0.0008994 -0.001155
1341840854.138343 -0.01816 0.005586 -0.001086 0.003629 0.007951 0.001716
1341840854.170475 -0.0207 0.01247 -0.002002 0.001999 0.003021 0.0003265
1341840854.202459 0.006795 -0.01077 0.003439 -0.008345 -0.006795 -0.002668
1341840854.238384 0.009741 -0.007807 0.003135 -0.001419 -0.0004545 0.0002344
1341840854.270355 -0.01388 0.01955 -0.001123 0.006694 0.009467 0.001023
1341840854.306367 -0.02824 -0.001917 0.001512 -0.006007 0.007563 -2.207e-05
1341840854.338540 0.0006408 -0.01642 0.001371 -0.007225 -0.006446 -0.001899
1341840854.370427 0.01229 -0.006811 0.001566 0.0006526 -0.003353 -0.00355
1341840854.406491 -0.01431 0.00746 -0.002175 0.005605 0.008891 7.545e-05
1341840854.438402 -0.008933 -0.004499 -0.0006061 -0.002374 0.0005257 -0.001808
1341840854.470341 0.01128 -0.01061 0.001948 -0.001995 -0.003666 -0.0007294
1341840854.506442 -0.01386 -0.0009177 -0.001176 0.002823 0.008587 0.004107
1341840854.538722 -0.02866 -0.002708 -0.003296 -0.0003713 0.006017 0.001168
1341840854.574331 -0.007528 -0.01153 -0.002201 -0.001675 -0.004337 0.0005577
1341840854.606460 0.007448 0.008931 -0.001656 0.005489 -0.004127 0.0008849
1341840854.638476 -0.005104 -0.00913 0.001129 -0.003729 0.003367 -0.002845
1341840854.674312 -0.007188 -0.007573 -0.001893 0.0008718 0.002298 -0.0008494
1341840854.706362 3.165e-05 0.007915 -0.001039 0.003299 -0.0007485 0.003171
1341840854.738328 -0.01206 -0.009002 -0.0005387 -0.005127 0.003516 0.002597
1341840854.774384 0.0003811 -0.002521 -0.001979 0.0004795 -0.003481 -4.695e-05
1341840854.806396 -0.004853 0.0001844 -0.0006512 0.0008696 0.001796 0.00238
1341840854.842383 -0.007426 0.008146 -0.002726 0.0036 0.001718 0.003506
1341840854.874351 0.000603 0.02789 -0.000784 0.005523 -0.001186 -0.001751
1341840854.906375 0.006704 -0.006281 0.007043 -0.009838 0.0003566 -0.002588
1341840854.942414 -0.0002396 -0.0235 0.00466 -0.007458 0.006051 0.005563
1341840854.974632 -0.02359 0.0204 -0.004976 0.01111 0.00914 0.005613
1341840855.006485 -0.006647 0.01547 -0.002343 -0.0004909 -0.003658 0.0001858
1341840855.042409 0.004128 -0.02921 0.005129 -0.01435 -0.001817 0.00365
1341840855.074380 -0.02335 -0.02756 -0.006004 -0.001461 0.007776 0.009498
