1305031453.391690 0.002229 -0.001155 0.009238 0.004317 -0.01679 -0.02142
1305031453.423683 -0.004872 -0.002295 0.008306 -0.002404 -0.008084 -0.01861
1305031453.459685 -0.005911 -0.004643 0.01056 -0.008331 -0.01135 -0.01798
1305031453.491698 -8.284e-05 -0.003642 0.01122 -0.008133 -0.01615 -0.01907
1305031453.523684 0.0003831 -0.004859 0.01311 -0.01393 -0.01189 -0.01752
1305031453.559753 -0.002005 -0.003559 0.01417 -0.01359 -0.00511 -0.01362
1305031453.591640 -0.0001722 -0.007924 0.01579 -0.01692 -0.006068 -0.008824
1305031453.627706 0.007849 -0.003197 0.01591 -0.01224 -0.006402 -0.007547
1305031453.659600 0.004654 -0.007795 0.01703 -0.01647 0.007354 0.002707
1305031453.691678 0.0008437 -0.0114 0.01719 -0.016 0.0134 0.007058
1305031453.727652 0.007353 -0.007135 0.01604 -0.008137 0.00991 0.00934
1305031453.759694 0.01214 -0.004481 0.01345 -0.007736 0.0153 0.01517
1305031453.791716 -0.0007865 -0.01016 0.01635 -0.01053 0.02524 0.01243
1305031453.827773 0.01163 -0.003958 0.01234 -0.003415 0.01405 0.0123
1305031453.859705 0.01341 -0.006259 0.01205 -0.003103 0.0248 0.01348
1305031453.891710 0.009557 -0.006038 0.01124 0.001739 0.03515 0.01136
1305031453.927723 0.0107 -0.002404 0.007491 0.007425 0.03871 0.005892
1305031453.959641 0.0009662 -0.001726 0.008897 0.007353 0.04117 0.01382
1305031453.991624 0.008183 0.002904 -0.0004043 0.007447 0.02789 0.01975
1305031454.027662 0.01188 0.0001494 0.004594 -0.002026 0.02642 0.01868
1305031454.059654 0.009889 -0.004545 0.003635 -0.001427 0.02671 0.02215
1305031454.091651 0.01434 0.002221 -0.004256 0.002876 0.02433 0.02636
1305031454.127701 0.01506 0.0005194 0.0008856 -0.004464 0.02863 0.027
1305031454.159672 0.01362 -0.00548 0.0006828 -0.002544 0.03204 0.02367
1305031454.191658 0.01158 -8.331e-05 -0.004504 0.005561 0.03646 0.02608
1305031454.227671 0.0072 0.01009 -0.008103 0.002923 0.03957 0.0335
1305031454.259627 0.003686 -0.003781 0.002361 -0.01052 0.03043 0.03051
1305031454.291639 0.01057 -0.004491 -0.002222 0.003202 0.01645 0.02278
1305031454.327699 0.01056 0.01074 -0.005679 0.005527 0.02369 0.03018
1305031454.359636 0.006259 -0.002371 -0.002086 -0.01223 0.0259 0.03102
1305031454.391677 0.01175 -0.003834 -0.0002806 -0.002331 0.01554 0.02423
1305031454.427465 0.01056 0.002138 -0.002205 -0.0006587 0.02788 0.02993
1305031454.459913 -0.0006762 -0.004538 -0.003228 -0.005093 0.02791 0.0315
1305031454.491617 0.008741 -0.002491 -0.0008542 0.0009337 0.01237 0.03337
1305031454.527700 0.008578 -0.006156 0.0005821 0.002634 0.0161 0.03129
1305031454.559575 0.01049 -0.0039 -0.0005269 0.007682 0.01481 0.02484
1305031454.591635 0.01026 -0.001075 -0.002071 0.007626 0.02577 0.03309
1305031454.627580 0.004685 -0.003925 0.0005959 0.001249 0.03185 0.0251
1305031454.659528 0.006138 -0.007777 0.002796 0.005366 0.02945 0.01121
1305031454.691884 0.002505 -0.003272 -0.002396 0.008037 0.03607 0.01051
1305031454.727659 -0.004038 -0.005561 0.001101 0.001527 0.0339 0.006309
1305031454.759732 -0.003982 -0.007554 0.002877 0.004033 0.01775 -0.01177
1305031454.791641 -0.0007685 -0.006912 0.002018 0.003248 0.007743 -0.01755
1305031454.827570 -0.002016 -0.01155 0.002985 0.00212 0.004848 -0.0159
1305031454.859620 -0.0008249 -0.007007 0.0008138 0.008725 -0.003744 -0.01816
1305031454.891764 0.001754 -0.007756 0.001733 0.005762 -0.009981 -0.01721
1305031454.927567 0.004672 -0.008369 0.002168 0.006336 -0.0125 -0.01526
1305031454.959648 0.007594 -0.00541 0.002012 0.006889 -0.01266 -0.01467
1305031454.991937 0.01099 -0.003938 0.001785 0.004719 -0.009315 -0.01308
1305031455.027799 0.00761 -0.009755 0.001974 -0.001798 -0.00235 -0.006154
1305031455.059636 0.008191 -0.003753 -0.0009859 0.003875 -0.006559 -0.004998
1305031455.091700 0.01093 -0.004762 0.0005949 -0.002745 -0.009732 0.000158
1305031455.127695 0.01305 -0.007209 0.001163 -0.001599 -0.0127 -0.002515
1305031455.159720 0.01504 -0.002967 0.0001263 0.003232 -0.01218 -0.009244
1305031455.191655 0.01376 -0.002266 -0.002144 0.006226 -0.008369 -0.01346
1305031455.227581 0.0129 -0.0008593 -0.001153 0.0006644 -0.008471 -0.01179
1305031455.259631 0.01328 -0.009187 0.0007604 0.001332 -0.0108 -0.0141
1305031455.291831 0.01537 0.003224 -0.002841 0.01685 -0.01201 -0.02342
1305031455.327766 0.01832 -0.003322 0.00158 0.006356 -0.008186 -0.02354
1305031455.359630 0.009307 -0.007125 -0.001922 0.01157 -0.0003233 -0.01639
1305031455.391665 0.0121 0.004143 -0.003542 0.02149 -0.01273 -0.02175
1305031455.427642 0.01756 0.002448 -0.0003942 0.01369 -0.01506 -0.0244
1305031455.459589 0.01592 0.005482 -0.0005387 0.009279 -0.007912 -0.02009
1305031455.491637 0.01634 -0.0007667 0.001612 0.004433 -0.008371 -0.02375
1305031455.527610 0.01911 0.007669 -0.0008345 0.007885 -0.008058 -0.02908
1305031455.559669 0.02146 0.003196 0.002754 -0.001121 -0.001745 -0.02709
1305031455.591645 0.01812 -0.002204 0.005076 -0.002906 0.0008108 -0.02861
1305031455.627617 0.01412 0.008601 -0.002909 0.00781 -0.000255 -0.0277
1305031455.659615 0.0193 0.0066 0.003224 -0.005795 -0.006254 -0.01042
1305031455.691605 0.02012 0.0005313 0.005457 -0.008171 -0.006733 0.004032
1305031455.727628 0.01741 0.004872 0.004324 -0.00145 -0.008279 0.009863
1305031455.759683 0.01878 0.004213 0.005498 -0.0008485 -0.01368 0.006539
1305031455.791666 0.0182 0.01164 0.00562 -8.986e-06 -0.01249 -0.002187
1305031455.827590 0.02143 0.004468 0.01001 -0.005692 -0.01094 0.0004958
1305031455.859526 0.01543 0.00747 0.006712 0.001355 -0.004538 0.002156
1305031455.891657 0.01459 0.005243 0.007305 -0.0001795 -0.00677 0.0004955
1305031455.927955 0.01284 0.007889 0.005147 0.003423 -0.007198 0.0009316
1305031455.959716 0.01509 0.002139 0.00789 -0.001587 -0.009726 0.004872
1305031455.991694 0.01168 0.004609 0.005375 0.005712 -0.009608 0.003527
1305031456.027770 0.01511 -0.001897 0.007586 0.009076 -0.01489 0.007038
1305031456.059713 0.0135 0.01187 0.001126 0.02495 -0.01069 0.01219
1305031456.091707 0.01067 0.0125 0.0004149 0.01589 -0.008103 0.007545
1305031456.127645 0.0111 0.009086 0.00256 0.004984 -0.009674 0.001694
1305031456.159731 0.004242 0.01234 -0.002018 0.005768 -0.008272 -0.001059
1305031456.191658 0.008183 0.01098 0.001824 -0.007039 -0.01751 -0.004835
1305031456.227678 0.01105 -0.004198 0.003981 -0.01016 -0.02292 -0.005914
1305031456.291675 0.01893 0.02116 -0.00919 0.003651 -0.0461 -0.01692
1305031456.327718 0.008849 0.007971 -0.003658 -0.007264 -0.02216 -0.01413
1305031456.391619 0.01984 0.009136 -0.01108 -0.007024 -0.05145 -0.02039
1305031456.427662 0.01525 0.004483 -0.003984 -0.01085 -0.02379 -0.01277
1305031456.491677 0.03687 -0.01053 -0.0162 0.004511 -0.0175 -0.02477
1305031456.527641 0.00967 0.002625 -0.01193 0.01191 0.005569 -0.01178
1305031456.591651 0.01861 0.001695 -0.01721 0.00422 -0.008131 -0.02389
1305031456.627612 0.01271 -0.007234 -0.009954 0.02296 -0.01148 -0.01294
1305031456.691612 0.02379 0.01658 -0.02765 0.02548 -0.01497 -0.03544
1305031456.727693 0.01581 -0.01439 -0.01058 0.001901 -0.002534 -0.02082
1305031456.791649 0.02621 0.01347 -0.0246 0.008579 0.02337 -0.0285
1305031456.827603 0.005966 -0.01634 -0.0104 -0.00605 0.009783 -0.01674
1305031456.891672 0.01446 0.012 -0.02652 0.02421 -0.00267 -0.02419
1305031456.927690 0.01293 -0.006527 -0.008223 -0.01335 -0.01263 -0.01294
1305031456.959667 0.01444 -0.0153 -0.006469 -0.003648 -0.01432 -0.01087
1305031456.991709 0.01334 0.004901 -0.008905 0.01942 -0.01091 -0.004968
1305031457.027648 0.01282 0.0001975 -0.004715 0.003607 -0.009384 -0.00821
1305031457.091655 0.02382 -0.005926 -0.005305 0.02385 -0.02213 -0.02124
1305031457.127632 0.01096 0.008822 -0.0002743 0.01057 -0.01147 -0.009563
1305031457.191735 0.02774 -0.007578 0.009783 -0.008536 -0.0314 -0.02867
1305031457.227543 0.01382 0.003013 0.004506 0.00986 -0.01426 -0.01266
1305031457.291656 0.0252 0.00542 0.01712 -0.01754 -0.02832 -0.02807
1305031457.327548 0.01366 -0.007177 0.01088 -0.009205 -0.02117 -0.01229
1305031457.391684 0.03055 0.009191 0.02225 -0.005561 -0.04627 -0.03007
1305031457.427641 0.02013 -0.005783 0.01364 -0.009052 -0.0204 -0.01665
1305031457.491705 0.02947 0.008865 0.02487 0.002005 -0.01188 -0.01792
1305031457.527638 0.01106 0.003492 0.01354 -0.006823 -0.005596 -0.007563
1305031457.559685 0.01236 0.0003351 0.01303 -0.008051 -0.009501 -0.009081
1305031457.591678 0.01627 -0.004114 0.01272 -0.008655 -0.01077 -0.008832
1305031457.627526 0.01529 0.007845 0.009701 0.002692 -0.00612 -0.005551
1305031457.659632 0.01264 -0.00923 0.01318 -0.01144 -0.003387 -0.01004
1305031457.691570 0.01439 0.002961 0.008614 0.01157 -0.003064 -0.004177
1305031457.727669 0.01378 0.01642 0.008682 0.008926 -0.00353 0.002759
1305031457.759556 0.01359 0.007941 0.009668 -0.005141 -0.004734 0.002603
1305031457.791567 0.009318 0.01586 0.009904 -0.01067 -0.006297 0.0008767
1305031457.827699 0.01126 -0.008119 0.01254 -0.027 -0.01393 -0.004553
1305031457.859623 0.01409 0.00611 0.008662 -0.005391 -0.01722 -0.002099
1305031457.891593 0.01971 0.0195 0.007133 -0.009387 -0.01724 -0.002611
1305031457.927633 0.01922 -0.004038 0.00957 -0.02967 -0.00937 -0.01195
1305031457.991644 0.02665 0.009263 0.01031 -0.02195 -0.001776 -0.01365
1305031458.027845 0.01292 0.008344 0.002211 -0.01705 -0.005229 -0.002878
1305031458.059689 0.0148 -0.01253 0.00324 -0.02393 -0.009325 -0.00786
1305031458.091690 0.01675 -0.004525 -0.001285 -0.002542 -0.01052 -0.004362
1305031458.127605 0.02076 0.007657 -0.004353 0.004533 -0.01093 -0.000105
1305031458.159638 0.02181 0.005199 -0.004365 -0.001996 -0.007221 -0.00389
1305031458.191646 0.01755 -0.01053 -0.005283 -0.003568 0.0002879 -0.009301
1305031458.227611 0.01655 0.00199 -0.0105 0.01604 0.004696 -0.0005731
1305031458.259934 0.02561 0.03056 -0.01452 0.0165 0.001662 0.007578
1305031458.291664 0.01832 -0.006581 -0.004167 -0.02131 0.011 -0.0028
1305031458.327628 0.01615 0.0005518 -0.01186 -0.001983 0.01261 -0.005
1305031458.359590 0.01833 0.01635 -0.01615 -0.007885 0.009549 -0.002533
1305031458.391626 0.01071 -0.01042 -0.008736 -0.02816 0.01063 -0.01027
1305031458.427598 0.007683 -0.001307 -0.01377 -0.01384 0.003941 -0.01903
1305031458.459637 0.002582 0.01157 -0.01714 -0.0178 -0.003356 -0.01711
1305031458.491696 0.00996 -2.479e-05 -0.01555 -0.04512 -0.01527 -0.002005
1305031458.527737 0.01272 -0.03054 -0.009564 -0.0518 -0.01705 0.001365
1305031458.559628 0.01113 -0.01121 -0.01628 -0.02054 -0.01679 0.002873
1305031458.591641 0.01811 -0.01046 -0.01525 -0.02446 -0.01209 0.009643
1305031458.627659 0.01122 -0.03678 -0.01269 -0.01925 0.0006601 0.007832
1305031458.659623 0.02015 -0.009828 -0.02162 0.01326 0.002883 0.001442
1305031458.691674 0.0082 -0.008875 -0.02195 0.01275 0.03219 0.01207
1305031458.727650 -0.001713 0.004667 -0.0247 0.008833 0.03625 0.01559
1305031458.759945 0.006194 -0.01097 -0.01358 -0.01367 0.03421 0.0176
1305031458.791632 -0.006245 -0.01576 -0.01149 -0.0007123 0.04011 0.01449
1305031458.827564 -0.004721 0.001416 -0.01564 0.01653 0.02189 0.003897
1305031458.891665 -0.001881 0.003333 -0.0203 -0.01344 0.01364 0.01829
1305031458.927621 0.01094 -0.009492 -0.004859 -0.000188 -0.01733 -0.009937
1305031458.959617 0.008368 0.005983 -0.009176 0.01919 -0.01559 -0.02406
1305031458.991647 0.01611 0.02466 -0.007399 0.006575 -0.009876 -0.008312
1305031459.027665 0.02311 -0.001706 -0.003568 -0.02271 0.002374 -0.001535
1305031459.059631 0.0254 0.005087 -0.006476 -0.01147 0.009843 -0.02181
1305031459.127618 0.04815 0.00381 -0.01735 -0.03551 0.07686 -0.04122
1305031459.159639 0.007997 -0.00188 -0.005662 -0.01143 0.05589 -0.01166
1305031459.191674 0.006384 -0.005079 -0.006941 -0.007052 0.04108 -0.01868
1305031459.227607 0.004743 -0.004752 -0.007281 -0.0004807 0.02634 -0.0262
1305031459.259760 -0.004797 -0.007653 -0.008793 0.001373 0.009899 -0.02238
1305031459.327632 0.006573 -0.0116 -0.01827 0.000785 -0.06865 -0.05296
1305031459.359651 0.01166 -0.01299 -0.003353 -0.01721 -0.05481 -0.03451
1305031459.391667 0.004949 -0.03156 -0.001452 -0.0109 -0.061 -0.04345
1305031459.427646 -0.002801 -0.005953 -0.01046 0.01622 -0.07734 -0.06381
1305031459.459679 0.0193 -0.005025 0.00682 -0.004679 -0.0889 -0.07137
1305031459.527594 0.01961 -0.03326 0.004458 0.02102 -0.1166 -0.1163
1305031459.559647 0.01239 0.005566 0.01446 0.01817 -0.039 -0.05442
1305031459.591695 0.01157 -0.01054 0.008016 0.00617 -0.01982 -0.03578
1305031459.627608 0.01074 -0.003491 0.0005017 0.01118 -0.01007 -0.0191
1305031459.659641 0.007525 -0.01301 -0.001064 -0.00849 -0.01287 -0.0002074
1305031459.691604 0.01665 -0.009596 0.00364 0.002153 -0.03098 -0.007177
1305031459.727551 0.02123 0.002782 0.006268 0.008735 -0.02462 -0.004103
1305031459.791650 0.04593 -0.005083 0.01477 -0.01194 -0.02317 0.01276
1305031459.827664 0.01963 -0.004452 0.004645 -0.0005099 -0.001642 0.005839
1305031459.859660 0.02152 -0.004759 0.003763 0.006729 -0.001843 0.005494
1305031459.891596 0.0177 0.002758 0.0007529 0.01545 0.004532 -0.003073
1305031459.927607 0.01641 0.002525 0.0005943 0.005801 0.004595 -0.005526
1305031459.991725 0.03437 -0.0001374 0.0003646 0.01377 -0.001152 -0.01243
1305031460.027565 0.01548 0.006962 -0.0007743 0.00646 -0.0008575 -0.006909
1305031460.059659 0.01983 0.001038 0.0009037 -0.001324 -0.003098 -0.003443
1305031460.091717 0.02252 0.002031 0.0009851 0.002913 0.004245 -0.01359
1305031460.127690 0.01453 0.006449 -0.00236 0.00414 0.01894 -0.02216
1305031460.159678 0.01323 -0.002729 -0.00218 -0.004261 0.01732 -0.01834
1305031460.191559 0.009265 0.001502 -0.006205 0.009348 0.01198 -0.01512
1305031460.227761 0.003025 0.01071 -0.0103 0.005147 0.004182 -0.009478
1305031460.291689 0.02019 0.007204 -0.007848 -0.01845 -0.02914 -0.0005951
1305031460.327512 0.01153 0.004714 -0.001743 -0.008353 -0.01667 -0.00397
1305031460.391611 0.01962 0.006744 -0.009821 -0.0064 -0.04304 -0.01231
1305031460.427477 0.01079 0.004957 -0.003031 -0.004764 -0.02323 -0.0105
1305031460.459620 0.006881 0.002003 -0.004186 -0.006418 -0.02673 -0.008659
1305031460.491504 0.009298 0.0008405 0.002492 0.001282 -0.03387 -0.01163
1305031460.527570 0.009698 0.006863 -0.001357 0.009393 -0.02987 -0.01821
1305031460.559647 0.009174 0.007447 -0.003161 0.005604 -0.02429 -0.006321
1305031460.591855 0.01113 0.002603 0.0002262 -0.001952 -0.02155 -0.0008784
1305031460.627625 0.01048 0.005171 -0.001172 -0.0006651 -0.01938 -0.004819
1305031460.659764 0.01253 0.001389 0.0009824 -0.005209 -0.01739 0.000945
1305031460.691671 0.01531 -0.001594 0.001133 0.0001066 -0.01434 -0.001167
1305031460.727675 0.01115 0.002729 -0.003767 0.006451 -0.008928 0.002181
1305031460.759667 0.01211 0.004759 -0.002554 8.822e-05 -0.01254 0.003824
1305031460.791660 0.01658 9.93e-05 -0.0002362 -0.001089 -0.01286 0.003095
1305031460.827660 0.01145 0.0003721 -0.004225 0.003746 -0.0064 0.007829
1305031460.859714 0.009453 0.002986 -0.004771 0.005783 -0.01096 0.008412
1305031460.891774 0.01445 0.005256 -0.00311 0.006557 -0.01626 0.009102
1305031460.927562 0.01487 0.003789 -0.003307 0.00712 -0.01019 0.003695
1305031460.991668 0.02325 0.02148 -0.009951 0.007596 -0.01298 -0.00422
1305031461.027620 0.01357 0.007776 -0.003562 -0.002081 -0.004954 -0.003688
1305031461.091728 0.02077 0.004959 -0.008134 -0.004323 0.003736 -0.0004215
1305031461.127586 0.006968 0.01124 -0.007016 0.004442 0.000367 0.00526
1305031461.159720 0.01134 0.009101 -0.004576 -0.00434 -0.001808 0.002457
1305031461.192013 0.004849 0.001578 -0.004504 -0.009862 0.004827 0.006681
1305031461.227607 0.007183 0.004117 -0.004566 -0.003206 -0.001705 0.004427
1305031461.259642 0.008306 0.007195 -0.005324 -0.003649 0.0008809 0.00599
1305031461.291656 0.003973 0.002067 -0.005872 -0.009133 0.00396 0.01105
1305031461.327751 0.0003938 0.00233 -0.006839 -0.007515 0.0002595 0.007976
1305031461.359709 0.003561 -0.004947 -0.004741 -0.002184 -0.008933 0.00901
1305031461.391708 0.007831 0.01134 -0.009609 0.01676 -0.007814 0.003642
1305031461.427624 0.001645 0.005338 -0.006157 -0.0009789 -0.0006108 0.003741
1305031461.459781 -0.0002829 -0.001938 -0.004243 0.005722 -0.002649 -0.001354
1305031461.491677 0.001948 0.01692 -0.006996 0.01191 -0.003302 -6.261e-05
1305031461.527705 -0.002768 -0.001009 -0.000979 -0.01425 0.003396 0.0002665
1305031461.559677 -0.009377 0.00199 -0.002928 -0.002436 0.0003324 0.00668
1305031461.591690 -0.004595 0.002083 -8.966e-06 -0.008662 -0.01368 0.005334
1305031461.627541 -0.003774 -0.0002372 -0.001937 -0.0006444 -0.01446 0.0004109
1305031461.659622 -0.003335 0.0007365 -0.002638 -3.835e-05 -0.0121 0.0002446
1305031461.691563 -0.004509 -0.003691 -0.00109 0.003194 -0.00936 -0.01141
1305031461.727602 -0.007891 0.003309 -0.004954 0.01027 -0.004249 -0.009085
1305031461.759684 -0.009319 -0.003361 0.0007261 0.0008106 -0.004681 -0.00602
1305031461.791612 -0.01009 -0.002352 -0.00243 0.00903 -0.008875 -0.006428
1305031461.827615 -0.009475 -0.0007578 -0.002749 0.00422 -0.01223 -0.008692
1305031461.859767 -0.009702 -0.008266 0.001682 0.002662 -0.01256 -0.01498
1305031461.891723 -0.006592 -0.007906 -0.00103 0.01496 -0.01387 -0.02085
1305031461.927758 -0.007935 -0.0006467 -0.006002 0.02263 -0.007284 -0.01389
1305031461.959703 -0.01671 -0.001491 -0.002859 0.009413 -0.01015 -0.002259
1305031461.991590 -0.002651 -0.01261 0.002155 0.01016 -0.02916 -0.01213
1305031462.027675 0.003897 -0.001024 -0.002778 0.02988 -0.01981 -0.01569
1305031462.059837 -0.001295 -0.002215 -0.002056 0.02411 -0.00204 -0.02017
1305031462.091777 -0.007827 -0.002125 -0.001792 0.02162 0.005321 -0.01862
1305031462.127739 -0.008026 -0.004845 -0.001359 0.01668 0.0001941 -0.01468
1305031462.159646 -0.004535 -0.003254 -0.0005951 0.0149 -0.003328 -0.009667
1305031462.191641 -0.008168 -0.008896 -0.001144 0.004264 -0.0001929 0.004022
1305031462.227633 -0.004146 -0.007885 0.0003103 0.01029 -0.008119 0.001916
1305031462.259765 -0.0006 -0.006476 -0.0003216 0.01221 -0.007013 0.008135
1305031462.291629 -0.002412 -0.008459 -0.0009452 0.0105 -0.001187 0.01415
1305031462.327540 -0.005269 -0.006585 -0.0007205 0.01271 -0.0005734 0.0164
1305031462.359732 -0.0004513 -0.01259 -0.001078 0.006337 -0.006335 0.0187
1305031462.391695 -0.0005486 -0.01198 -0.001838 0.01474 -7.862e-05 0.01721
1305031462.427635 0.0005034 -0.007789 -0.0003816 0.02002 0.001303 0.0175
1305031462.459897 -0.0007231 -0.01123 0.002961 0.01716 0.007054 0.01981
1305031462.492008 -0.004899 -0.007004 -0.0004412 0.02403 0.008668 0.01872
1305031462.527670 0.001456 -0.005516 0.001749 0.01785 0.006164 0.01441
1305031462.559862 -0.008581 -0.005819 0.001531 0.01271 0.01852 0.02202
1305031462.591862 -0.005981 -0.005408 0.003317 0.005223 0.007746 0.02226
1305031462.627851 -0.006856 -0.00811 0.003396 -0.0006482 0.006546 0.02462
1305031462.659660 -0.005141 -0.004914 0.004989 -0.002334 0.003413 0.02294
1305031462.692548 0.0001665 -0.007483 0.007434 -0.006439 0.001491 0.02061
1305031462.727652 -0.004609 -0.008757 0.005634 -0.001867 0.01173 0.02576
1305031462.759782 -0.008658 -0.00822 0.00532 0.0002858 0.01541 0.02718
1305031462.791943 -0.00912 -0.007091 0.006128 0.002236 0.0108 0.02001
1305031462.827816 -0.009164 -0.009316 0.006211 0.003632 0.009573 0.01472
1305031462.859782 -0.01741 -0.006671 0.003648 0.008084 0.01262 0.01697
1305031462.891847 -0.01398 -0.006002 0.006325 0.001592 0.001289 0.009357
1305031462.927607 -0.01273 -0.004735 0.007731 0.001308 0.00114 0.004439
1305031462.959676 -0.01242 -0.004198 0.007693 5.746e-05 0.006425 0.006154
1305031462.995550 -0.0165 -0.002095 0.006765 -0.005216 0.0141 0.01057
1305031463.027667 -0.009653 -0.0004968 0.01153 -0.008433 0.007405 0.01227
1305031463.059810 -0.01244 -0.008433 0.00916 -0.01311 0.01429 0.01582
1305031463.095809 -0.02007 -0.003445 0.006638 -0.001868 0.01684 0.02159
1305031463.127550 -0.01406 -0.001047 0.008861 -0.008876 0.007475 0.01891
1305031463.159787 -0.01383 -0.007007 0.008908 -0.01606 0.007704 0.01869
1305031463.195657 -0.01314 -0.00611 0.008455 -0.003481 0.003114 0.0158
1305031463.227784 -0.01881 0.001122 0.003689 0.003128 0.009395 0.01161
1305031463.260034 -0.01359 -0.001586 0.007503 -0.01289 0.003276 0.007973
1305031463.295737 -0.01302 -0.00782 0.005855 -0.01133 0.002397 0.01176
1305031463.327739 -0.01533 0.0007959 0.002124 0.002955 0.009235 0.009048
1305031463.359750 -0.01493 0.0005427 0.004434 -0.00948 0.01305 0.004989
1305031463.395630 -0.01923 -0.008481 0.002384 -0.01373 0.01628 0.007468
1305031463.427716 -0.01951 -0.0007593 0.001506 0.0005908 0.00999 0.009098
1305031463.459756 -0.01955 -0.004259 0.0003439 -0.005751 0.003691 0.006805
1305031463.495629 -0.01914 -0.006012 -0.002698 -0.006178 -0.003218 0.006323
1305031463.527670 -0.01394 0.0001555 -0.0007938 -0.007688 -0.01258 0.004444
1305031463.559751 -0.01174 -0.003292 0.004535 -0.01132 -0.007796 -0.002083
1305031463.595600 -0.01572 -0.001723 0.001747 -0.001559 0.003715 0.001022
1305031463.627588 -0.01888 0.007393 0.0005855 -0.001556 0.005246 0.004788
1305031463.659766 -0.01329 -0.0006195 0.005978 -0.02268 -0.003478 0.004829
1305031463.695640 -0.01405 -0.006534 0.007504 -0.01666 -0.0004718 0.007455
1305031463.727588 -0.0205 0.01087 0.002377 0.002656 0.00238 0.007915
1305031463.759674 -0.01559 0.01046 0.006615 -0.01452 -0.005861 0.01134
1305031463.795647 -0.01518 0.002081 0.01129 -0.01987 -0.003699 0.01869
1305031463.827761 -0.0201 0.01123 0.008444 -0.002983 0.001857 0.02118
1305031463.859910 -0.01709 0.01538 0.009511 -0.005648 -0.002117 0.02007
1305031463.895648 -0.01666 0.005549 0.01173 -0.01455 -0.0004787 0.01672
1305031463.927664 -0.01385 0.008865 0.008592 -0.00392 0.00306 0.01151
1305031463.959680 -0.01628 0.01496 0.009148 -0.001048 0.01075 0.01163
1305031463.995821 -0.01835 0.01058 0.01179 -0.009121 0.01182 0.01173
1305031464.027703 -0.01581 0.005825 0.01156 -0.007144 0.008519 0.01627
1305031464.059652 -0.01708 0.01702 0.01032 -0.0001809 0.004684 0.01775
1305031464.095634 -0.01125 0.008926 0.01196 -0.01222 -0.001462 0.01638
1305031464.127681 -0.005461 0.004846 0.01069 -0.01012 0.0002822 0.008685
1305031464.159817 -0.005148 0.01472 0.008635 -0.005981 0.00828 0.002306
1305031464.195585 -0.006216 0.0106 0.009611 -0.01777 0.0173 0.004738
1305031464.227624 -0.006589 -0.0007751 0.01254 -0.02239 0.02416 0.003164
1305031464.259644 -0.008069 -0.001543 0.0112 -0.01197 0.03281 0.00115
1305031464.295667 -0.01336 0.004122 0.00846 -0.002233 0.03792 0.009466
1305031464.327866 -0.01766 0.006378 0.008415 -0.001851 0.0319 0.01244
1305031464.359684 -0.01556 0.01129 0.008453 -0.004847 0.02268 0.009712
1305031464.395611 -0.02199 0.0008878 0.009301 -0.01356 0.01797 0.01509
1305031464.427634 -0.01613 0.00323 0.01042 -0.006862 0.004517 0.01823
1305031464.459689 -0.0103 0.01082 0.01122 -0.004113 0.00515 0.01704
1305031464.495633 -0.02203 0.004488 0.01089 -0.006438 0.01051 0.01213
1305031464.527574 -0.01393 0.001655 0.01271 -0.00687 0.001524 0.01529
1305031464.559703 -0.01831 0.008566 0.01077 0.003048 0.00671 0.02452
1305031464.595698 -0.02506 0.02584 0.01372 -0.001937 -0.002432 0.02223
1305031464.627672 -0.01687 0.008513 0.01355 -0.02445 -0.01997 0.01541
1305031464.659749 -0.01386 0.007495 0.01009 -0.0246 -0.02088 0.02397
1305031464.695663 -0.01202 0.01926 0.0053 -0.02855 -0.01787 0.02968
1305031464.727652 -0.003078 0.00328 0.006571 -0.04332 -0.01064 0.02704
1305031464.759740 -0.009709 -0.007133 0.005812 -0.03491 0.006537 0.03225
1305031464.796021 0.0006696 0.008645 -0.002802 -0.01767 0.01082 0.03312
1305031464.827759 0.001297 -0.001377 -0.004673 -0.0271 0.02551 0.02222
1305031464.859654 -0.01565 -0.01159 0.002909 -0.02132 0.04151 0.02466
1305031464.895817 -0.01841 -0.002621 -0.001469 -0.002279 0.04059 0.03762
1305031464.927799 -0.0184 0.0208 -0.01035 0.007076 0.03111 0.04181
1305031464.959763 -0.01892 0.01424 -0.009749 -0.006446 0.01709 0.03499
1305031464.995687 -0.01742 -0.004658 -0.008324 -0.01756 0.008498 0.0353
1305031465.027823 -0.004525 -0.003922 -0.01691 -0.01202 0.001931 0.04255
1305031465.059749 0.007805 -0.02461 -0.01773 -0.02386 0.009198 0.03633
1305031465.095700 -8.903e-05 -0.05367 -0.007972 -0.01178 0.02556 0.02977
1305031465.127664 -0.009442 -0.01504 -0.01552 0.03012 0.03288 0.03134
1305031465.159842 -0.007275 -0.004681 -0.02141 0.03293 0.02771 0.01941
1305031465.195564 -0.01024 -0.007465 -0.01966 0.02333 0.02531 0.01572
1305031465.227907 -0.007679 -0.0196 -0.017 0.0181 0.01996 0.01253
1305031465.259807 -0.009273 -0.001559 -0.02148 0.02584 0.02006 0.001847
1305031465.295623 -0.004943 -0.01421 -0.01455 0.007782 0.01635 -0.01654
1305031465.327674 -0.003844 -0.01635 -0.0148 0.01069 0.02148 -0.02396
1305031465.359948 -0.008525 -0.002908 -0.01447 0.009786 0.02913 -0.02287
1305031465.395586 -0.02418 -0.00785 -0.003236 -0.003821 0.03849 -0.02297
1305031465.427697 -0.02708 -0.01233 0.000791 -0.00798 0.03119 -0.02263
1305031465.460125 -0.02196 -0.01892 0.002797 -0.01072 0.024 -0.0279
1305031465.495703 -0.0255 -0.02158 0.002939 -0.002047 0.02528 -0.02131
1305031465.527622 -0.02063 0.002001 -0.0002472 0.008641 0.0203 -0.007799
1305031465.559812 -0.02363 -0.01051 0.007102 -0.013 0.01926 -0.01106
1305031465.595599 -0.02741 -0.01867 0.008784 -0.01519 0.01384 -0.0182
1305031465.627688 -0.01277 -0.01591 0.007891 -0.01148 0.004985 -0.01892
1305031465.660060 -0.0174 -0.01306 0.008998 -0.009889 0.01839 -0.01744
1305031465.695668 -0.03364 -0.01559 0.01001 -0.01399 0.02264 -0.01509
1305031465.727682 -0.02169 -0.01644 0.01011 -0.01696 0.007398 -0.01803
1305031465.759766 -0.02314 -0.02025 0.01164 -0.01806 0.01065 -0.01795
1305031465.795937 -0.02671 -0.01659 0.008757 -0.01256 0.009448 -0.01312
1305031465.827996 -0.02136 -0.009381 0.009373 -0.01572 0.006259 -0.01077
1305031465.859861 -0.02595 -0.02696 0.01484 -0.02771 0.006482 -0.008285
1305031465.895494 -0.02728 -0.02248 0.008413 -0.009361 -0.006274 -0.003588
1305031465.927495 -0.02127 -0.007171 0.00791 -0.008037 -0.01501 -0.001875
1305031465.959710 -0.01638 -0.01722 0.01411 -0.02212 -0.01788 0.005161
1305031465.995753 -0.00866 -0.0207 0.01356 -0.01624 -0.01772 0.01064
1305031466.027644 -0.01169 -0.02123 0.01391 -0.01329 -0.006915 0.005257
1305031466.059757 -0.01081 -0.02417 0.01237 -8.359e-05 -0.007058 -0.0001539
1305031466.095840 -0.01032 -0.01397 0.01114 0.01084 0.0005701 -0.002364
1305031466.127640 -0.01406 -0.01394 0.01169 0.01233 0.008941 -0.002011
1305031466.160428 -0.01014 -0.01249 0.01428 0.01135 0.008509 -0.005757
1305031466.195833 -0.008777 -0.01533 0.01564 0.01461 0.01487 -0.003211
1305031466.227951 -0.01639 -0.005873 0.01331 0.02504 0.01983 0.00646
1305031466.259815 -0.02318 0.003138 0.0122 0.01182 0.01174 0.01313
1305031466.295737 -0.01741 -0.009682 0.01589 -0.00436 -0.00691 0.02472
1305031466.327702 -0.01028 -0.01109 0.01869 -0.0008214 -0.02097 0.02083
1305031466.359829 -0.008561 -0.005222 0.01612 0.01283 -0.0193 0.01214
1305031466.395784 -0.008386 0.009284 0.01342 0.007959 -0.008488 0.00821
1305031466.427819 -0.006756 -0.01152 0.01803 -0.0152 0.001433 0.009566
1305031466.459790 -0.01475 -0.01265 0.01406 -0.001444 0.01162 0.00771
1305031466.495809 -0.02188 -0.006639 0.009877 0.008544 0.01193 0.0007797
1305031466.527538 -0.0253 -0.002968 0.007805 0.005825 0.001635 -0.0001922
1305031466.560353 -0.01314 -0.01331 0.01171 0.001192 -0.009836 0.00419
1305031466.595936 -0.01654 -0.01062 0.007463 0.01577 -0.0009039 0.005234
1305031466.627549 -0.02824 0.01021 0.003041 0.02051 0.002215 0.005637
1305031466.659688 -0.01581 -0.005081 0.009928 -0.01157 -0.007742 0.01162
1305031466.695822 -0.01086 -0.01942 0.00935 -0.007184 -0.001543 0.01688
1305031466.728074 -0.02224 -0.0031 0.003346 0.01546 0.009239 0.01728
1305031466.759637 -0.0225 0.006726 0.003397 0.002335 0.00305 0.01582
1305031466.795604 -0.00967 -0.01451 0.01084 -0.01761 -0.001426 0.01423
1305031466.827879 -0.01488 -0.01132 0.006308 0.002021 0.009379 0.006644
1305031466.859665 -0.01264 0.00547 0.0045 0.008713 0.01091 -0.002199
1305031466.895694 -0.01072 -0.006321 0.008315 -0.01025 0.02117 0.002018
1305031466.927756 -0.01741 -0.005622 0.008318 -0.003633 0.03133 0.003972
1305031466.959728 -0.02337 -0.0009581 0.007961 -0.001595 0.02633 0.001307
1305031466.995712 -0.01917 -0.005192 0.00743 -0.003263 0.01359 0.00518
1305031467.027843 -0.01507 -0.003105 0.007141 -0.0006915 0.009415 0.008627
1305031467.059700 -0.01808 -0.005393 0.007183 -0.001656 0.008268 0.006429
1305031467.095687 -0.01282 -0.003639 0.006877 0.005175 0.002678 0.01017
1305031467.128974 -0.01319 0.0001079 0.004704 0.002561 0.007268 0.02052
1305031467.159660 -0.01212 -0.004129 0.00607 -0.003243 0.006587 0.01691
1305031467.195663 -0.008539 -0.003831 0.006656 -0.002596 0.00777 0.009377
1305031467.227704 -0.01285 -0.003574 0.006371 -0.002095 0.01532 0.01075
1305031467.259694 -0.01414 -0.002973 0.006572 -0.003583 0.01286 0.009628
1305031467.295846 -0.01109 -0.005124 0.007787 -0.005075 0.01102 0.01323
1305031467.328008 -0.01098 -0.006201 0.009035 -0.004302 0.01172 0.01086
1305031467.359654 -0.009315 -0.009281 0.009497 0.001347 0.01279 0.003596
1305031467.395756 -0.0129 -0.00286 0.007699 0.0114 0.01806 0.007099
1305031467.427783 -0.01363 3.404e-05 0.007786 0.004959 0.01425 0.006407
1305031467.459692 -0.009542 -0.006413 0.01059 -0.003306 0.01268 0.004065
1305031467.496058 -0.01328 -0.009858 0.01092 0.004589 0.01776 0.008429
1305031467.527663 -0.01722 -0.0007531 0.006576 0.01323 0.01265 0.01068
1305031467.559763 -0.0145 0.0003455 0.005814 0.002026 0.004005 0.005315
1305031467.595989 -0.009606 -0.003778 0.006895 -0.001201 0.001765 -0.001862
1305031467.627532 -0.01321 0.009169 0.001697 0.001173 0.01027 -0.004708
1305031467.659626 -0.01557 0.002177 0.004083 -0.01455 0.01144 -0.004833
1305031467.695886 -0.01447 -0.005879 0.002881 -0.01076 0.008722 0.00484
1305031467.727535 -0.01594 0.006161 -0.004396 -0.00447 0.006069 0.01087
1305031467.759907 -0.01209 0.001676 -0.003398 -0.01277 0.002489 0.007613
1305031467.796075 -0.01193 -0.001974 -0.005702 -0.01062 0.004803 0.007899
1305031467.827800 -0.01406 0.006641 -0.01319 -0.008696 0.004842 0.003655
1305031467.859729 -0.01067 0.002509 -0.009516 -0.01804 0.005187 -0.002634
1305031467.895947 -0.009328 -0.002619 -0.006944 -0.0155 0.01187 0.001768
1305031467.927754 -0.01854 0.00501 -0.01381 -0.006872 0.01871 0.006085
1305031467.959826 -0.01766 0.004317 -0.01336 -0.01466 0.01122 0.004454
1305031467.995754 -0.01101 -0.01144 -0.0104 -0.01395 0.00258 0.008486
1305031468.028107 -0.01185 0.005009 -0.02377 0.0042 0.0003604 0.006225
1305031468.059850 -0.0113 0.006643 -0.017 -0.009935 0.002133 0.008147
1305031468.095867 -0.01139 -0.003252 -0.009944 -0.008703 0.005331 0.00633
1305031468.127816 -0.01653 0.007036 -0.01867 0.00268 0.006098 0.001361
1305031468.159864 -0.01273 0.002885 -0.01482 -0.005536 0.002379 0.008059
1305031468.195985 -0.01366 0.001872 -0.01407 -0.0005741 0.0007754 0.00818
1305031468.228158 -0.01356 0.008243 -0.01642 0.002989 -0.003157 -6.275e-05
1305031468.259754 -0.01281 0.005312 -0.01402 -0.00164 -0.006186 -0.002086
1305031468.295830 -0.01123 0.007591 -0.0146 0.001356 -0.007221 0.001059
1305031468.327847 -0.01313 0.01261 -0.01596 -0.003016 -0.007011 -0.003237
1305031468.359787 -0.009787 0.004496 -0.005132 -0.01048 -0.0103 -0.005676
1305031468.395860 -0.008608 0.006245 -0.006354 0.003478 -0.004381 -0.000472
1305031468.428025 -0.01368 0.0197 -0.01103 0.01125 0.00189 -0.003184
1305031468.459759 -0.01341 0.0119 -0.005825 -2.46e-06 0.001807 -0.005636
1305031468.495809 -0.01184 0.01115 -0.007791 0.005224 -0.001398 3.487e-05
1305031468.527756 -0.007569 0.01838 -0.0146 0.003793 -0.002347 0.009812
1305031468.559739 -0.005116 0.0153 -0.007052 -0.009816 -0.0005313 0.01933
1305031468.595768 -0.003401 0.01012 0.002145 -0.003823 0.00042 0.01347
1305031468.627626 -0.004051 0.01586 -0.009208 0.01271 0.0042 -9.81e-05
1305031468.659579 -0.001678 0.02021 -0.01357 0.001903 0.007653 0.00183
1305031468.695835 -0.003542 0.01742 -0.007266 -0.008987 0.01231 0.008536
1305031468.727785 -0.004434 0.01217 -0.005396 -0.01075 0.01201 0.003919
1305031468.759628 -0.005374 0.0131 -0.006788 -0.003835 0.009798 0.001056
1305031468.795796 -0.006521 0.02117 -0.009397 -0.002813 0.005981 0.009896
1305031468.829247 -0.001921 0.01246 -0.004632 -0.01422 0.002133 0.01641
1305031468.859659 -0.00649 0.001038 -0.004852 -0.006406 0.001003 0.01039
1305031468.895873 -0.005592 0.01192 -0.007231 0.009325 -0.007444 0.002841
1305031468.928141 -0.001945 0.007585 -0.006331 0.008255 -0.01121 -0.007092
1305031468.959594 0.002683 0.002223 -0.001718 0.0121 -0.01239 -0.008414
1305031468.995711 0.007534 -0.00856 -0.002669 0.02395 -0.004909 0.002666
1305031469.027699 -0.003713 0.01281 -0.01136 0.04384 0.003398 0.003465
1305031469.059832 0.001433 0.01412 -0.01005 0.03233 0.002292 0.007588
1305031469.095723 -0.009175 5.988e-06 -0.009131 0.02425 0.007876 0.01588
1305031469.127679 -0.01071 0.008095 -0.01251 0.03324 -0.003076 0.01451
1305031469.159703 -0.005013 0.007194 -0.01228 0.0277 -0.01177 0.009768
1305031469.195540 -0.002151 0.01123 -0.01297 0.02499 -0.0152 0.006691
1305031469.227754 0.004394 0.007504 -0.01042 0.01467 -0.01336 0.003939
1305031469.259586 -0.00264 0.0003868 -0.01131 0.01121 -0.002439 0.00552
1305031469.296754 -0.00237 0.003725 -0.0124 0.0138 -0.006757 0.002544
1305031469.327618 0.001077 -0.001282 -0.01122 0.01169 -0.00509 0.00102
1305031469.359592 -0.01103 -0.0003203 -0.01553 0.01734 -0.001156 0.006603
1305031469.395695 -0.00609 0.003973 -0.01476 0.01296 -0.01931 0.009075
1305031469.427651 0.002099 -0.004285 -0.01203 0.005489 -0.02552 0.01173
1305031469.459668 0.00541 -0.002144 -0.01474 0.008716 -0.02135 0.01366
1305031469.495744 0.01011 -0.000169 -0.01466 0.00707 -0.01515 0.00663
1305031469.527622 0.004757 -0.008234 -0.01249 0.004341 0.0007501 -0.0002461
1305031469.559645 0.0005875 -0.007906 -0.01503 0.01029 0.006012 -0.001105
1305031469.595755 0.0007675 -0.008427 -0.01466 0.01353 0.006177 -0.003814
1305031469.627752 0.0008384 -0.005692 -0.01498 0.01935 0.003028 -0.003359
1305031469.659590 0.005592 -0.001541 -0.01704 0.01585 -0.006316 -0.001814
1305031469.695613 0.003186 -0.008085 -0.01443 0.008974 -0.00419 -0.004136
1305031469.727679 0.005741 -0.004938 -0.01509 0.01393 -0.006964 -0.004753
1305031469.759599 0.008654 -0.00825 -0.01416 0.01202 -0.006756 -0.007855
1305031469.795621 0.01384 -0.005849 -0.01692 0.01363 -0.003808 -0.006736
1305031469.827526 0.008656 -0.00502 -0.01257 0.01123 0.005794 -0.005009
1305031469.859574 0.01328 -0.006827 -0.01461 0.0124 0.004049 -0.005822
1305031469.895755 0.01369 -0.005611 -0.01326 0.01014 0.002613 -0.005942
1305031469.927854 0.01601 -0.005354 -0.01473 0.007431 0.002361 -0.006795
1305031469.959805 0.01402 -0.005201 -0.01173 0.003396 0.006482 -0.004191
1305031469.995551 0.01493 -0.006763 -0.01064 0.002197 0.003774 -0.004264
1305031470.027694 0.01517 -0.006981 -0.008797 0.003214 0.004996 -0.001933
1305031470.059638 0.0171 -0.00569 -0.009371 0.004575 0.0005712 -0.001172
1305031470.095944 0.01618 -0.005996 -0.007269 0.002562 9.648e-05 -0.004669
1305031470.127633 0.0163 -0.006895 -0.006276 0.006536 0.002186 -0.006213
1305031470.159626 0.01837 -0.004989 -0.008718 0.006311 0.002481 -0.007465
1305031470.196092 0.01547 -0.004297 -0.00417 0.00394 0.005636 -0.006719
1305031470.227618 0.01572 -0.005047 -0.003957 0.006924 0.003303 -0.007863
1305031470.259965 0.01606 -0.004412 -0.004466 0.00877 0.002343 -0.007328
1305031470.295718 0.01565 -0.00448 -0.004191 0.01133 0.002445 -0.006737
1305031470.327644 0.01634 -0.003618 -0.006284 0.0134 0.004166 -0.008718
1305031470.359624 0.01658 -0.002997 -0.005155 0.01018 0.006188 -0.01105
1305031470.395823 0.01559 -0.00314 -0.004298 0.006789 0.006729 -0.008159
1305031470.427641 0.01563 -0.002643 -0.005003 0.002181 0.005606 0.0008515
1305031470.459721 0.01608 -0.003179 -0.004083 -0.003753 0.003104 -0.0004334
1305031470.495686 0.01375 -0.002349 -0.002419 -0.004113 0.005701 -0.003202
1305031470.527689 0.01191 -0.002133 -0.001956 -0.001875 0.005543 7.672e-06
1305031470.559677 0.0141 -0.002933 -0.003609 -0.0005947 -0.0008129 -0.002859
1305031470.595760 0.01301 -0.0006978 -0.002496 0.0007174 0.0005865 -0.007334
1305031470.627729 0.01211 -0.002008 -0.003747 0.001926 0.001954 -0.01025
1305031470.659690 0.01156 -0.0001377 -0.00315 0.002265 0.002067 -0.009133
1305031470.695630 0.01198 -0.001878 -0.004552 0.001413 0.003387 -0.007746
1305031470.727654 0.009631 0.0006012 -0.004712 -0.001915 0.004001 -0.004659
1305031470.759682 0.006128 -0.002121 -0.0002279 -0.0017 -0.0003657 -0.007965
1305031470.795615 0.01173 0.002483 -0.0037 0.00838 -0.01026 -0.01161
1305031470.827831 0.009355 0.001453 -0.002193 -0.008047 -1.395e-06 -0.008616
1305031470.859645 0.007998 -0.0005321 -0.0007346 -0.01504 0.002917 -0.00794
1305031470.895722 0.009137 -0.001614 0.0003717 -0.01478 0.003047 -0.00919
1305031470.927684 0.005924 -0.0008829 -0.001152 -0.01644 0.01089 -0.005447
1305031470.959647 0.00665 0.0009213 -0.0001409 -0.02564 0.008195 -0.002013
1305031470.995996 0.007198 -0.0008655 0.0004732 -0.02345 0.0007076 -0.003236
1305031471.027644 0.005397 0.0007863 -0.0001768 -0.02291 -0.001673 -0.00343
1305031471.059636 0.007808 0.0001064 0.001711 -0.02546 -0.006922 -0.008354
1305031471.095777 0.008347 -0.0007012 0.002277 -0.02273 -0.003574 -0.01351
1305031471.127663 0.006256 0.002106 0.0009725 -0.01583 0.001714 -0.01237
1305031471.159649 0.005866 -0.001319 0.001445 -0.01832 -0.001554 -0.01115
1305031471.195703 0.006521 0.0002078 0.001113 -0.008024 -0.00646 -0.01209
1305031471.227569 0.008199 0.002113 0.0002905 -0.000582 -0.008061 -0.01095
1305031471.259722 0.006223 0.004436 -0.0008152 0.003146 -0.003326 -0.0072
1305031471.296068 0.004561 0.004072 -0.00069 -0.001367 -0.00317 -0.009147
1305031471.327642 0.003023 0.0002264 0.002225 -0.009327 -0.007316 -0.005882
1305031471.359615 0.004889 -0.0008182 0.001897 -0.002573 -0.01681 -0.005909
1305031471.395730 0.007417 0.008499 -0.000134 0.006587 -0.01671 -0.01181
1305031471.427704 0.008693 0.001613 0.003387 -0.008402 -0.008994 -0.01485
1305031471.459647 0.005284 -0.0005617 0.00258 -0.00396 0.0002727 -0.01038
1305031471.496491 0.004083 0.001379 0.001009 0.001639 -0.0001628 -0.008894
1305031471.527624 0.004707 0.00162 0.002101 0.0005183 -0.00139 -0.00937
1305031471.559671 0.002262 -0.001222 0.002099 -0.001662 -0.002019 -0.004235
1305031471.595702 0.0032 0.0008617 0.002379 0.0009313 -0.009064 -0.005067
1305031471.627621 0.003167 0.0005202 0.002633 -0.0002784 -0.00976 -0.004071
1305031471.659642 0.003385 0.001116 0.002611 -0.001986 -0.01098 -0.006987
1305031471.695609 0.004437 -0.001548 0.003912 -0.005147 -0.01043 -0.01047
1305031471.727501 0.002409 -0.002383 0.002612 0.0001165 -0.007115 -0.009686
1305031471.759702 -0.0005415 0.0007865 0.000251 0.00312 -0.005981 -0.01317
1305031471.795801 0.002248 -0.003397 0.003137 -0.004219 -0.01345 -0.0169
1305031471.827639 0.005014 -0.004123 0.001776 0.004674 -0.01213 -0.01479
1305031471.859665 0.001667 -0.0003416 -0.0009367 0.008488 -0.004967 -0.01344
1305031471.895604 0.00269 -0.004711 0.0008083 0.003672 -0.00771 -0.01476
1305031471.927651 0.0008443 -0.002194 -0.001754 0.01134 -0.007173 -0.008741
1305031471.959643 0.001984 0.003611 -0.002236 0.008617 -0.01312 -0.004424
1305031471.995573 0.006247 -0.009767 0.003048 -0.008046 -0.01898 -0.009336
1305031472.027638 0.005249 -0.001919 -0.001942 0.01606 -0.01215 -0.007051
1305031472.059668 0.004249 0.00294 -0.002703 0.009707 -0.009303 -0.00638
1305031472.095601 0.005784 -0.005511 0.001383 -0.004503 -0.01163 -0.01227
1305031472.127594 0.006508 -0.004325 -0.001542 0.008802 -0.00709 -0.007057
1305031472.159645 0.003726 0.00607 -0.003836 0.01369 -0.001021 -0.003721
1305031472.195682 0.003721 0.0002874 0.0003364 -0.006931 -0.001936 -0.009832
1305031472.227626 0.002199 -0.003018 0.0008366 -0.007376 -0.0007733 -0.005641
1305031472.263840 0.001726 0.005546 -0.0009001 0.001273 -0.002543 -0.001866
1305031472.295671 0.001832 0.0008514 0.00173 -0.01365 -0.004102 -0.00503
1305031472.327678 0.002645 -0.004558 0.002811 -0.01571 -0.003833 -0.003847
1305031472.363577 0.002271 -0.001824 0.001079 -0.003031 -0.0009575 -0.00237
1305031472.395599 0.002145 0.004515 -0.0004846 0.003993 0.002856 -0.002652
1305031472.427686 -0.0006752 0.003194 0.0003384 -0.002465 0.007816 -0.0006377
1305031472.463603 -0.002246 0.00196 0.0009691 -0.003345 0.004596 0.002094
1305031472.495626 -0.001486 0.00119 0.0008383 -0.0003725 -0.002422 0.00112
1305031472.527625 0.000999 0.007245 -0.0007503 0.004696 -0.005451 -0.002199
1305031472.563587 -0.0001629 0.005083 0.001123 -0.007735 0.001139 -0.00343
1305031472.595675 -0.002048 -0.002996 0.002583 -0.01425 0.004196 -0.004719
1305031472.627701 -0.002333 0.003089 -0.0001607 0.0008881 0.003303 -0.00362
1305031472.663575 -0.002065 0.005303 -0.0006348 0.001653 0.002106 -0.002816
1305031472.695755 -0.001856 0.004007 -0.0001458 -0.00237 0.002309 -0.002656
1305031472.727628 -0.002337 0.003739 -5.544e-05 -0.003878 0.002683 0.0004623
1305031472.763578 -0.00237 0.002297 6.189e-05 -0.004171 0.0006374 0.002972
1305031472.795640 -0.0009704 0.003796 -0.000977 -0.00242 -0.002603 0.003332
1305031472.827627 9.117e-05 0.002337 -0.0004509 -0.005203 -0.002775 0.0003521
1305031472.863598 0.0009556 0.001051 -0.0002831 -0.004557 -0.001268 -0.002255
1305031472.895713 -0.0002177 0.0005126 -0.0006491 -0.000985 0.003011 -0.004195
1305031472.927685 -0.002088 0.002941 -0.001561 0.002552 0.004098 -0.003155
1305031472.963756 -0.0001872 0.0003374 -0.0003341 -0.001502 -0.0005679 -0.00235
1305031472.995704 0.0009509 0.0008443 -0.001088 0.002026 0.0006781 -0.002018
1305031473.027638 -0.0006723 0.0007009 -0.0007587 0.001505 0.003548 0.0001245
1305031473.063684 -0.001421 0.001914 -0.001258 0.002831 0.002242 0.00246
1305031473.095695 -0.0006639 0.0007002 -6.793e-05 -0.0009045 -0.001604 0.003825
1305031473.127744 0.001362 0.001191 -0.0006366 0.00101 -0.003821 0.002563
1305031473.167060 0.001196 0.001576 -8.471e-05 -0.0006833 0.0001249 0.0007092
1305031473.196069 -0.0008982 0.000624 0.0004637 -0.002106 0.002343 0.0004777
