1341846647.834093 -0.001488 0.003116 0.001132 -0.000509 -0.0004899 -0.002619
1341846647.866652 -0.0005208 0.003047 0.004158 -0.001498 -0.004453 -0.002505
1341846647.901972 -0.00031 0.001116 0.004964 0.0006099 -0.004564 6.203e-05
1341846647.934224 -0.0001764 0.0008297 0.000724 0.002763 -0.0003132 -0.0003298
1341846647.970225 -0.0005353 0.003099 -0.000371 0.001888 0.003275 -0.001208
1341846648.002341 0.0005718 0.001558 0.004802 0.002189 0.001246 0.0003072
1341846648.034343 0.0008105 0.001795 0.001468 0.005272 0.002471 0.0005198
1341846648.070164 0.0003855 0.003333 -0.004226 0.00322 0.006377 -0.0009234
1341846648.102152 0.001948 0.003575 0.0004118 -2.605e-05 0.005925 -0.001062
1341846648.138185 0.003048 0.003315 0.005808 0.002451 0.001775 0.0007153
1341846648.170568 0.002606 0.003273 0.001538 0.007252 0.00273 0.002303
1341846648.202106 0.0009778 0.005504 -0.005852 0.004317 0.009073 0.0008883
1341846648.238157 0.003254 0.004354 0.0007667 7.324e-05 0.009601 5.394e-05
1341846648.270152 0.003848 0.001513 0.00889 0.005128 0.009318 0.006705
1341846648.302183 0.002244 0.003365 -0.0006076 0.01189 0.009245 0.01042
1341846648.338170 0.0005037 0.003471 -0.00445 0.007563 0.01055 0.006811
1341846648.370216 0.0005624 0.001568 -0.001263 0.004055 0.01516 0.0009531
1341846648.406052 0.0004874 0.0004652 -0.0035 0.002952 0.01992 -0.001891
1341846648.438342 0.0003113 0.0001575 -0.003583 -0.0004857 0.01152 -0.002343
1341846648.470076 0.001287 0.0001992 0.003883 0.002353 0.009953 -0.0003844
1341846648.506263 -0.0001528 0.001556 0.000757 0.006916 0.01268 0.001437
1341846648.538249 -0.0007093 0.001586 -0.001056 0.00696 0.01257 0.003382
1341846648.570179 -0.001089 0.001228 0.0004218 0.006877 0.005875 0.004441
1341846648.606081 -0.008179 0.002441 -0.003478 0.005902 0.01275 0.001295
1341846648.638395 -0.004206 0.002165 -0.007019 0.0005279 0.01909 0.003595
1341846648.674053 -0.0006299 0.001711 0.00159 -0.002184 0.006541 0.002292
1341846648.706058 -0.004298 0.001892 0.006904 0.002234 0.0158 -0.001119
1341846648.738116 -0.00247 0.0002004 -0.007146 0.0003113 0.01725 -0.0007586
1341846648.774049 -0.003283 -0.003201 -0.001976 -0.006435 0.004166 0.002534
1341846648.805941 -0.00297 -0.0009973 0.005418 -0.003793 0.006647 -0.004376
1341846648.838602 -0.00267 -0.003767 0.0043 6.873e-05 0.01566 -0.0028
1341846648.874088 -0.003717 -0.005133 0.002534 0.001968 0.006332 0.003259
1341846648.906165 -0.01462 -0.000775 -0.0005836 0.003368 0.0173 -0.001458
1341846648.942154 -0.01289 -0.002092 0.001221 -0.001737 0.03575 -0.005199
1341846648.974090 0.0006894 -0.007183 0.01002 0.0023 0.01689 0.004743
1341846649.006157 -0.01245 0.000166 -0.0005329 0.007649 0.008947 0.001967
1341846649.042101 -0.01785 -0.0001841 0.005886 -0.001352 0.02301 -0.0007468
1341846649.074128 -0.008599 -0.01004 0.01149 0.002304 0.01608 0.01241
1341846649.106188 -0.01265 -0.007993 0.0004867 0.006061 0.003276 0.01727
1341846649.142042 -0.008623 0.0001665 0.006394 0.006566 0.006057 0.002706
1341846649.174442 -0.01457 -0.007365 0.0007451 0.003092 0.01517 0.00738
1341846649.216152 -0.01326 -0.008356 -0.00111 0.0002563 0.004618 0.007553
1341846649.248048 -0.008103 -0.001011 0.007008 0.003586 0.0007745 -0.004032
1341846649.280075 -0.007541 -0.00312 0.008347 0.006998 0.007415 -0.00334
1341846649.316071 -0.01304 -0.002183 -0.002622 0.00891 0.004957 -1.558e-05
1341846649.348041 -0.01292 0.004063 -0.00549 0.003133 0.008094 -0.007251
1341846649.383973 -0.007753 -0.001899 0.001036 -0.005552 0.01087 -0.007375
1341846649.416053 -0.00243 -0.00887 0.006192 0.000218 -0.0006624 0.007565
1341846649.448084 -0.00625 0.003025 -0.0007848 0.01089 -0.004852 0.001767
1341846649.484154 -0.007319 0.007117 -0.004464 0.006647 0.006536 -0.004711
1341846649.516198 -0.007762 -0.002314 -0.005648 -0.002069 0.005236 0.005166
1341846649.552101 -0.005154 0.0006841 -0.002352 -0.001664 -0.003875 0.008396
1341846649.616167 -0.003059 0.01389 0.004833 0.001164 0.007268 -0.01119
1341846649.678101 -0.008293 0.01134 -0.004553 0.001982 0.005721 0.005436
1341846649.710937 0.003578 0.005831 0.007188 -0.000837 0.01075 -0.002036
1341846649.746112 -0.005502 0.0008888 -0.006327 -0.002286 0.01326 0.007257
1341846649.778019 -0.0003526 0.001818 0.001505 -0.002589 0.00828 0.00391
1341846649.810257 0.002359 0.002253 0.006249 -0.00153 0.01516 -0.000287
1341846649.846059 0.002895 -0.005943 0.01222 0.002262 0.0158 0.005515
1341846649.878137 -0.008318 0.00313 -0.007556 0.01104 0.01186 0.002441
1341846649.914184 -0.01269 0.004185 -0.01297 -0.003208 0.01477 -0.003717
1341846649.952612 -0.003413 -0.004378 0.005248 -0.006468 0.005388 -0.0043
1341846650.014156 -0.01497 0.003712 -0.002924 -0.003783 0.0097 -0.01498
1341846650.046184 -0.008097 -0.001862 -0.001126 -0.003281 0.007188 -0.00272
1341846650.078250 -0.01041 0.001038 -0.004546 -0.003028 -0.0005048 0.0029
1341846650.114215 -0.004899 0.00457 0.003339 -0.002742 1.795e-05 -0.004395
1341846650.146137 -0.009961 0.002835 -0.00366 -0.004164 0.007327 -0.003344
1341846650.182236 -0.00796 -0.0007869 -0.0004239 -0.008001 -0.0004489 0.005968
1341846650.214164 -0.001162 0.002696 0.01076 -0.001835 -0.003413 0.001509
1341846650.246084 -0.005907 0.002625 0.001521 0.004152 0.003275 -0.0003977
1341846650.282167 -0.01279 0.002465 -0.01053 -0.004881 -0.001169 0.01109
1341846650.314158 0.002533 0.003581 0.01473 -0.002891 -0.008969 0.005513
1341846650.350453 0.001106 0.00336 0.00913 0.005255 -0.0007141 -0.0004942
1341846650.382075 -0.006577 0.0008339 -0.004989 0.004248 0.001079 0.006245
1341846650.414224 -0.006328 0.001169 -0.006748 -0.004265 -0.008053 0.003998
1341846650.450353 0.005918 0.001573 0.01304 -0.002701 -0.01175 -0.004336
1341846650.484849 0.003961 -0.001479 0.006174 0.004035 -0.007202 0.003476
1341846650.514091 -0.004398 0.001606 -0.01262 0.001594 -0.01056 0.004085
1341846650.550746 4.839e-05 0.003065 -0.006597 -0.009602 -0.01324 -0.001132
1341846650.582069 0.01229 -0.0005968 0.01347 -0.008218 -0.0155 0.001313
1341846650.618092 0.008684 -2.109e-05 0.003599 0.001722 -0.01352 0.005726
1341846650.650422 0.005762 0.001053 -0.004342 -0.0001611 -0.01526 0.00587
1341846650.682114 0.01017 0.002718 0.001988 -0.0006321 -0.01525 0.002947
1341846650.718110 0.01021 0.000812 0.0001316 0.0003272 -0.01198 0.004675
1341846650.750112 0.01048 -0.001291 -0.001097 -0.001567 -0.01663 0.006595
1341846650.782116 0.007058 0.004772 -0.006673 -0.001692 -0.01919 -0.004843
1341846650.818115 0.01186 0.004358 0.002152 -0.004836 -0.008038 -0.003791
1341846650.850139 0.01458 -0.004304 0.004908 -0.001901 -0.01126 0.003691
1341846650.886238 0.009291 -0.001045 -0.003726 0.003324 -0.02339 0.002129
1341846650.918288 0.009083 0.005245 -0.003796 0.001171 -0.01999 -0.007157
1341846650.950233 0.01482 -0.001204 0.005395 -0.00151 -0.01494 -0.006498
1341846650.986247 0.00829 -0.001576 -0.006446 0.0009564 -0.0203 -0.003684
1341846651.050482 0.02925 0.004271 0.0119 -0.003481 -0.03743 -0.01766
1341846651.086169 0.009884 -0.00345 -0.004387 0.007189 -0.01582 -0.002037
1341846651.118423 0.003508 0.002661 -0.01413 -0.003526 -0.01701 -0.00684
1341846651.154189 0.01518 0.001066 0.007355 -0.008284 -0.0157 -0.00553
1341846651.186391 0.01436 0.0006684 0.005504 0.002578 -0.01368 -0.004261
1341846651.218036 0.008416 0.000443 -0.006422 0.003683 -0.01074 -0.0009295
1341846651.254031 0.01044 0.002094 -0.002496 0.001382 -0.01117 -0.00206
1341846651.286406 0.0121 0.001065 -0.001611 0.004656 -0.01138 0.002812
1341846651.318309 0.008835 0.00325 -0.008562 0.003708 -0.008772 0.003783
1341846651.354135 0.01164 0.0003452 -0.005718 -0.001671 -0.01381 0.004111
1341846651.386180 0.01186 0.004685 -0.003464 -0.0003958 -0.01446 -0.001138
1341846651.422237 0.01612 0.003322 0.001817 0.001997 -0.007106 0.0006823
1341846651.492135 0.02122 0.005918 -0.01797 0.009495 -0.01738 0.0133
1341846651.560316 0.02364 0.01333 -0.01473 -0.002805 -0.03448 -0.002868
1341846651.622176 0.03204 0.008281 -0.007241 -0.01445 -0.0251 0.005324
1341846651.654223 0.0189 0.00435 -0.001572 -0.005752 -0.0104 -0.001735
1341846651.690127 0.02023 0.00231 -0.0007648 -0.007873 -0.008727 -0.001967
1341846651.722318 0.02295 0.002372 0.001593 -0.005951 -0.01231 -0.002405
1341846651.754212 0.02656 0.001332 0.005887 -0.002509 -0.01255 0.001326
1341846651.790200 0.02583 4.698e-05 0.005621 0.003919 -0.01565 0.003343
1341846651.822233 0.01941 0.003282 -0.007875 -0.00158 -0.01449 -0.00305
1341846651.858213 0.02577 0.0003091 0.001776 -0.0177 -0.01423 -0.003691
1341846651.890237 0.03033 0.0003134 0.009864 -0.01327 -0.0172 -0.0007963
1341846651.922186 0.02905 0.001611 0.006843 -0.00219 -0.0147 -0.001144
1341846651.958047 0.02254 0.002734 -0.005795 -0.003962 -0.008756 -0.004804
1341846651.990020 0.02671 0.001056 -0.0008757 -0.01293 -0.01606 -0.005488
1341846652.022081 0.03257 0.002359 0.01029 -0.009641 -0.01471 -0.006125
1341846652.058058 0.03306 0.001126 0.008964 0.001085 -0.00909 0.0007035
1341846652.090106 0.02672 0.001659 0.0002203 0.004897 -0.007689 0.003948
1341846652.126257 0.03093 0.002879 0.0002045 0.005106 -0.01324 0.002554
1341846652.158232 0.03329 0.003381 0.0003811 0.004184 -0.009504 -0.0001943
1341846652.190049 0.02548 0.002572 -0.008094 0.001604 -0.006702 0.001843
1341846652.225981 0.03085 0.002815 -0.005365 -0.001613 -0.02004 -0.0003056
1341846652.258089 0.04131 0.0029 0.005823 -0.003849 -0.01992 -0.004609
1341846652.290189 0.03259 0.003035 -0.01201 -0.006339 -0.005386 -0.007191
1341846652.326148 0.0258 -0.002039 -0.00792 -0.01292 -0.008083 -0.002287
1341846652.358184 0.03476 -0.004328 0.005704 -0.006095 -0.01471 0.002253
1341846652.394279 0.02937 -0.002118 -0.002829 -0.001867 -0.008748 0.001262
1341846652.426287 0.01965 -0.0009567 -0.001313 -0.004054 -0.007114 0.001515
1341846652.458277 0.02528 -0.001151 0.0004795 -0.00572 -0.01151 -0.000561
1341846652.494100 0.0216 -0.004466 0.005197 -0.006076 -0.009032 0.002024
1341846652.526469 0.01595 -0.005542 0.003816 -0.0006095 -0.01064 0.003199
1341846652.562089 0.01907 0.002367 -0.01569 -0.000335 -0.01832 0.002772
1341846652.594254 0.02953 -0.008185 -0.004983 -0.006872 -0.02911 0.004288
1341846652.626356 0.02022 -0.003687 -0.01374 -0.003986 -0.02643 0.0035
1341846652.662152 0.01039 -0.007982 0.0009786 -0.00416 -0.04144 0.01085
1341846652.694113 0.02592 -0.003586 -0.01764 0.002162 -0.05988 0.01315
1341846652.726378 0.02881 -0.00343 -0.01858 -0.004404 -0.06472 0.009019
1341846652.762129 0.02766 -0.007336 -0.00179 -0.001449 -0.06017 0.008811
1341846652.794152 0.01819 -0.0001364 -0.006702 0.004356 -0.06585 0.004972
1341846652.830250 0.02347 -0.001734 -0.003086 0.0008331 -0.0609 0.003001
1341846652.862014 0.02035 -0.0005914 5.324e-05 0.003563 -0.0384 -0.001921
1341846652.894426 0.01355 0.002468 -0.009776 0.003557 -0.03952 -0.004579
1341846652.930346 0.01909 -9.532e-05 -0.001581 -0.002537 -0.04259 -0.00253
1341846652.962213 0.02477 -0.005482 0.01472 -3.38e-05 -0.03489 0.003502
1341846653.030292 0.029 0.00842 -0.01347 0.01287 -0.0672 0.003168
1341846653.062672 0.01951 0.0021 0.01227 -0.003963 -0.0325 -0.005216
1341846653.099024 0.0155 -0.002725 0.02078 0.001822 -0.03358 0.001142
1341846653.130475 0.01445 0.004304 0.004908 0.006708 -0.03928 0.004666
1341846653.162620 0.0177 0.005556 0.01406 0.002076 -0.03454 -0.002333
1341846653.198437 0.01692 0.001956 0.01087 0.001683 -0.02738 -0.005355
1341846653.230042 0.01774 -0.0003681 0.007423 -0.0004069 -0.03001 -0.004289
1341846653.298380 0.03485 -0.01046 0.01228 0.003302 -0.062 -0.007296
1341846653.330162 0.01521 -0.007225 0.002403 0.001037 -0.02868 -0.004826
1341846653.366319 0.01961 -0.003726 0.007871 0.004145 -0.02677 -0.004105
1341846653.398226 0.01748 -0.005691 -0.001439 0.001089 -0.02496 -0.006137
1341846653.430060 0.01588 -0.007422 0.005455 -0.004678 -0.0203 -0.006537
1341846653.466341 0.01771 0.0003811 0.01763 -0.004199 -0.01701 0.002223
1341846653.498194 0.009723 -0.0009315 0.02373 -0.0009309 -0.01187 0.002829
1341846653.530205 0.008179 0.0008532 0.01432 -0.001906 -0.005585 0.004438
1341846653.566601 0.004767 0.003887 0.01719 -0.002083 -0.00275 0.00576
1341846653.598213 0.004505 0.0002798 0.01323 0.00091 -0.001986 -0.0003056
1341846653.634793 0.006573 0.0006995 0.008215 0.00156 0.002205 0.001107
1341846653.666143 0.002912 0.000459 0.01238 0.0002292 0.002975 -0.002335
1341846653.698738 0.002917 0.0003042 0.01111 0.003987 0.008877 -0.000926
1341846653.734313 0.005825 -0.001455 0.002776 0.005692 0.01052 -0.0007991
1341846653.766275 0.007397 -0.001757 -0.001458 0.002811 0.005202 -0.003573
1341846653.802358 0.007404 -0.003399 0.01117 0.002699 0.01245 -0.002735
1341846653.834226 0.006972 -0.001721 -0.004562 0.002526 0.01949 -0.00396
1341846653.866214 0.006269 -0.0005606 0.002462 0.002059 0.01327 -0.0009059
1341846653.902170 0.007036 -0.002942 -0.0004479 0.004408 0.01678 -0.001568
1341846653.934160 0.008216 -0.0007774 -0.01335 0.002766 0.0179 0.003545
1341846653.966155 0.003383 0.0008719 -0.0009012 0.003555 0.01639 0.004375
1341846654.002169 0.001914 0.002363 -0.006884 0.008211 0.02101 0.006777
1341846654.034140 0.003942 0.00178 -0.02799 0.007045 0.01901 0.006238
1341846654.070172 0.004699 0.003699 -0.02485 -0.002778 0.02488 -0.001459
1341846654.102438 0.00952 0.003498 -0.01929 -0.006224 0.02448 -0.003448
1341846654.134349 0.004908 -0.001663 -0.007636 -0.007753 0.02369 -0.002923
1341846654.170244 0.01021 -0.000711 -0.003026 -0.005537 0.02967 0.00204
1341846654.202087 -0.002829 0.002858 -0.01598 -0.004703 0.03443 0.005742
1341846654.234434 0.005657 -0.0002496 -0.005098 -0.004935 0.01838 0.003191
1341846654.270041 0.006849 -0.0007359 -0.002466 -0.002441 0.02773 0.00619
1341846654.302117 -0.004739 -0.0009861 -0.007898 -0.000751 0.03618 0.006212
1341846654.338026 -0.01495 0.0006664 -0.0126 0.002681 0.02015 -0.0007812
1341846654.369979 0.01283 0.001229 -0.006917 0.0002488 0.02137 -0.0009398
1341846654.402172 0.0003506 -0.002482 -0.002727 -0.003856 0.04768 0.0006054
1341846654.438133 -0.0203 -0.005958 0.001258 0.002968 0.03086 0.004152
1341846654.470186 0.003828 0.006154 -0.01156 0.006095 0.01873 0.003626
1341846654.502267 0.005159 0.001229 -0.00531 -0.0006516 0.04396 0.002883
1341846654.539064 -0.0236 -0.005479 -0.006782 -0.001418 0.03645 0.005031
1341846654.570053 -2.463e-05 -0.001287 -0.004738 0.004136 0.009068 0.007202
1341846654.606030 0.01013 0.005014 -0.01044 0.0002096 0.03465 0.005606
1341846654.637980 -0.02857 0.004265 -0.01445 -0.005041 0.03986 -0.001895
1341846654.670155 -0.004125 -0.003106 0.003566 -0.00613 0.01284 -0.001206
1341846654.706022 4.003e-05 -0.0002846 -0.006877 -0.004464 0.02833 -0.003756
1341846654.738497 -0.02232 0.005148 0.00516 -0.006299 0.03992 -0.006727
1341846654.774056 -0.01705 -0.007325 0.01597 -0.003331 0.01803 -0.004534
1341846654.806040 0.002181 -0.000641 -0.005563 0.005126 0.0203 -0.001242
1341846654.838060 -0.007887 0.00309 -0.002567 0.0005358 0.03347 -0.001798
1341846654.874136 -0.02252 -0.006461 0.01551 0.001006 0.02849 0.0002327
1341846654.906209 0.0002412 0.001883 -0.009958 0.008364 0.02071 0.001847
1341846654.938214 0.004152 0.002816 -0.02304 -0.003563 0.03142 -0.002546
1341846654.974334 -0.01519 -0.003037 0.01266 -0.008286 0.03485 -0.005803
1341846655.006124 -0.01929 -0.00646 0.01793 0.0008526 0.02904 -0.002574
1341846655.042239 0.0005601 0.003068 -0.01762 0.003894 0.03788 -0.0009222
1341846655.074179 -0.003093 0.001002 0.002961 -0.004201 0.03969 -0.003154
1341846655.106132 -0.01491 -0.003816 0.01054 -0.001435 0.02977 0.002349
1341846655.142070 -0.01091 -0.00223 0.005355 0.002056 0.04814 0.003575
1341846655.174000 -0.01435 0.001242 0.006401 0.00434 0.0412 0.002784
1341846655.206124 -0.008329 0.001661 0.0006604 0.005821 0.02242 0.004715
1341846655.242079 -0.004969 0.00401 -0.01069 -0.002187 0.02647 -0.001556
1341846655.274211 -0.01585 0.0007136 0.001613 -0.006261 0.01688 -0.0006551
1341846655.310175 -0.008365 0.003699 -0.008378 -0.01092 0.003146 -0.006019
1341846655.342236 -0.01564 -0.002265 0.007012 -0.01488 0.01394 -0.01095
1341846655.374134 -0.01909 -0.006013 0.01063 -0.00689 0.008941 -0.004314
1341846655.410207 -0.005242 0.001824 -0.01594 -0.003176 0.001501 -0.004256
1341846655.442262 -0.01474 -0.00131 0.003005 -0.009881 0.0227 -0.006162
1341846655.474205 -0.02186 -0.007467 0.0146 -0.002705 0.02524 -0.003954
1341846655.510277 -0.0159 -0.002533 0.000242 0.007728 0.02362 -0.002024
1341846655.542135 -0.01485 -1.007e-05 -0.00651 0.008761 0.01854 -0.005539
1341846655.578132 -0.01344 0.0007869 -0.01041 0.005712 0.01765 -0.003801
1341846655.642348 -0.03479 -0.0002735 -0.007103 0.01386 0.04538 -0.005966
1341846655.678110 -0.01722 0.003843 -0.01191 0.00116 0.02451 -0.003757
1341846655.710074 -0.02679 -0.0009529 0.01224 -0.002791 0.02902 -0.006329
1341846655.748050 -0.02371 9.856e-05 0.008151 0.006679 0.02566 -0.00559
1341846655.810222 -0.04802 0.008679 -0.009234 0.00881 0.04897 -0.01193
1341846655.846257 -0.02789 0.0001885 0.009834 0.00483 0.02536 -0.005012
1341846655.910355 -0.04893 0.01051 -0.01185 0.01673 0.0472 -0.004901
1341846655.946240 -0.03067 0.00367 0.01308 0.00461 0.027 -0.001829
1341846655.978412 -0.02853 0.005323 0.003993 0.007968 0.01932 -0.002462
1341846656.014188 -0.02439 0.005546 0.0004303 0.006543 0.01108 -0.003851
1341846656.046211 -0.01768 0.004908 -0.009396 0.004681 0.00895 -0.005579
1341846656.078165 -0.01774 0.002094 -0.004757 0.001246 0.01212 -0.005702
1341846656.114220 -0.01879 -0.003385 0.005033 0.003043 0.01284 -0.003682
1341846656.146158 -0.01597 0.002418 -0.0143 0.005296 0.01502 -0.001315
1341846656.178154 -0.01582 -0.0001603 -0.002197 -0.0002492 0.01628 -0.001896
1341846656.214132 -0.01516 -0.0007352 0.001294 0.001025 0.01452 0.0003368
1341846656.246093 -0.01392 0.0002644 -0.0001306 -0.0008872 0.00998 -0.0004551
1341846656.282181 -0.009645 -0.003188 0.006477 8.516e-05 0.007064 -0.003316
1341846656.314258 -0.006704 0.001534 -0.001435 0.00424 0.01032 0.001621
1341846656.346094 -0.01011 -0.003322 0.01171 0.003811 0.01048 0.001105
1341846656.382222 -0.003272 0.003724 -0.008252 0.00679 0.008239 -0.0001845
1341846656.414253 0.0004135 0.003137 0.0009325 -0.001276 0.01833 0.0001658
1341846656.446177 -0.01084 -0.0095 0.03694 0.002252 0.0197 -0.001165
1341846656.482260 -0.0003306 0.003797 -0.003947 0.01088 0.01182 -0.001121
1341846656.519461 -0.001362 0.003542 0.003363 0.0001584 0.01552 -0.0004036
1341846656.582247 -0.0005263 -0.00545 0.03005 0.009098 0.01132 -0.002507
1341846656.614195 0.001463 0.002834 0.003637 0.002917 0.005401 -0.0004572
1341846656.649995 0.003224 -0.0005665 0.01078 -7.996e-05 0.00171 0.0005323
1341846656.682076 0.008025 0.001426 0.007252 0.002115 0.006408 -0.0001285
1341846656.714216 0.001228 -0.00606 0.01466 0.001004 0.009157 -0.0003825
1341846656.749974 0.002893 -0.004326 0.00387 0.004081 0.002708 -0.0001416
1341846656.782653 0.003876 0.00102 -0.003313 0.0009038 0.003418 0.0008918
1341846656.824388 0.004741 -0.007044 0.01015 -0.001041 0.005512 -0.001444
1341846656.856226 0.0007421 -0.007963 0.01006 0.004221 0.001573 0.0002793
1341846656.892050 0.002194 0.001418 -0.003899 0.003183 -0.005512 -0.0005811
1341846656.924099 0.001025 -0.00468 0.004816 -0.0005122 -0.002262 0.001117
1341846656.956112 0.00209 -0.005918 0.01856 0.001429 -0.01222 0.001188
1341846656.992122 0.004748 0.001663 -0.006976 0.002925 -0.01453 -0.002066
1341846657.024108 0.000732 -0.002366 0.001998 -0.001104 -0.006245 -0.0004673
1341846657.056121 -0.003329 -0.00121 0.01234 -0.0004301 -0.01232 -0.002216
1341846657.092006 -0.004643 0.006859 -0.01478 -0.007196 -0.02134 -0.002761
1341846657.124027 0.000931 0.00129 0.008051 -0.01567 -0.02211 -0.0007444
1341846657.155973 0.001374 0.00294 0.02318 -0.008947 -0.02577 0.0004258
1341846657.192094 -0.001572 -2.141e-06 0.01169 -0.004559 -0.03066 0.003585
1341846657.224195 -0.007753 -0.003206 0.008158 -0.004644 -0.0197 0.005438
1341846657.292164 -0.03014 -0.009571 0.03613 -0.004868 -0.03529 0.00893
1341846657.354367 -0.03581 -0.009191 0.03566 0.0001731 -0.0302 0.006495
1341846657.386193 -0.01426 -0.002696 -0.004318 -0.001002 -0.01949 0.004478
1341846657.418105 -0.01022 -0.002185 0.0004212 -0.005728 -0.02067 0.002162
1341846657.454277 -0.008404 -0.004734 0.01127 -0.004585 -0.02007 0.002574
1341846657.486117 -0.01846 -0.001753 -0.006898 -0.002048 -0.0231 0.005008
1341846657.522092 -0.01746 -0.0005354 -0.004832 -0.006206 -0.02018 0.003609
1341846657.554062 -0.0138 -0.0009128 0.01053 -0.004935 -0.01237 0.002659
1341846657.586078 -0.01934 0.001138 0.01143 0.001122 -0.02265 0.004089
1341846657.622205 -0.02037 0.003915 -0.00929 0.00101 -0.01985 0.004102
1341846657.654161 -0.01921 0.002262 0.006402 -0.00253 -0.01118 0.0007102
1341846657.686517 -0.02231 0.002872 -0.001042 -0.0005007 -0.02127 0.0009704
1341846657.722061 -0.01423 0.002861 -0.00643 -0.002353 -0.02474 0.005063
1341846657.754104 -0.009649 -0.000794 0.01872 -0.0002585 -0.01873 0.0003856
1341846657.790066 -0.01742 0.004533 -0.0002214 0.01064 -0.02752 0.003116
1341846657.822089 -0.007899 0.0105 -0.03503 0.002172 -0.0335 0.005155
1341846657.853972 -0.027 0.00188 -0.0007306 -0.005985 -0.01517 -0.006862
1341846657.889993 -0.04277 -0.001152 -0.001971 0.002863 -0.01492 -0.003271
1341846657.922046 -0.02714 0.002675 -0.02461 -0.002195 -0.01781 -0.001448
1341846657.954192 -0.02333 -0.01155 0.009855 -0.004059 -0.009379 -0.006381
1341846657.990141 -0.01364 -0.002903 -0.01892 0.00548 -0.01779 0.0001707
1341846658.022419 -0.002364 -0.0004602 -0.01816 -0.005584 -0.01383 -0.0008358
1341846658.090215 -0.009275 -0.005884 0.001864 -0.002678 -0.02739 -0.0004359
1341846658.122355 0.007526 -0.002758 -0.008236 0.001313 -0.01422 0.001643
1341846658.158136 -0.001293 -0.002081 -0.001757 0.003016 -0.006947 0.000582
1341846658.190098 -0.009736 0.002428 -0.004586 0.004667 -0.01033 0.0002332
1341846658.226027 0.01555 0.007888 -0.01215 -0.00133 -0.01401 0.00346
1341846658.258133 -0.0008632 -0.009451 0.006403 -0.00629 -0.003411 0.002912
1341846658.290020 -0.001595 0.001862 -0.004357 0.002582 -0.008442 0.007541
1341846658.326239 0.008969 -0.001418 -0.001674 -0.001922 -0.008461 0.007291
1341846658.358248 0.0118 -0.01388 0.00235 0.002283 -0.002651 0.008359
1341846658.390215 -0.01027 0.006583 0.003326 0.01266 0.003185 0.006626
1341846658.426300 0.006699 0.01044 -0.009012 0.005778 -0.008433 0.001667
1341846658.458168 0.02015 0.0003259 0.0007501 -0.003612 -0.0003982 -0.002887
1341846658.494176 -0.003573 -0.02188 0.01573 0.0002989 0.01054 -0.005766
1341846658.526214 -0.003428 -0.00271 0.001659 0.01927 0.003031 0.002393
1341846658.558129 0.008991 -0.00603 2.408e-05 0.0206 0.004148 -0.0005517
1341846658.594206 0.0005856 -0.01132 0.002962 0.0405 0.008247 0.001811
1341846658.626105 0.006635 0.03207 -0.004347 0.03938 0.008318 0.007715
1341846658.658181 -0.00911 0.008564 0.006766 0.01388 0.01177 -0.001923
1341846658.694141 -0.004755 -0.01813 0.007558 0.02104 0.003192 -0.003636
1341846658.726153 0.02059 0.01388 -0.01155 0.02841 -0.001034 0.001333
1341846658.762100 -0.002106 0.009721 -0.0003693 0.007827 0.01424 -0.0007359
1341846658.794185 -0.01389 -0.008981 0.01583 0.006537 0.00406 -0.006906
1341846658.826155 0.008491 -0.003618 -0.004198 0.02048 -0.007702 0.001217
1341846658.862197 0.008566 0.01291 -0.003837 0.01367 0.004742 0.0001314
1341846658.894170 -0.0186 -0.001349 0.01248 0.00548 0.002286 -0.009081
1341846658.962404 0.004297 -0.0002598 -0.006415 0.03005 -0.008015 0.0008015
1341846658.994217 -0.01329 0.004332 -0.0001241 0.003174 0.009343 -0.002941
1341846659.030070 -0.005608 0.0093 -0.0009075 -0.001053 -0.001536 0.004751
1341846659.062007 0.001788 0.004664 0.002765 -0.006554 0.001684 -0.0001182
1341846659.094100 -0.007068 -0.004643 0.007198 -0.003236 0.004432 -0.0002308
1341846659.130368 -0.01052 0.002601 -0.001675 0.003802 -0.003469 0.004218
1341846659.162537 0.006664 0.01273 -0.001077 -0.002129 -0.002573 -0.001381
1341846659.198696 -0.01144 -0.00283 0.007115 -0.005132 0.00749 -0.0001036
1341846659.231286 -0.01422 -0.002205 0.002542 0.002169 -0.004979 0.001642
1341846659.263549 0.002724 0.004423 -0.000936 0.001286 -0.00151 -0.003195
1341846659.298797 -0.0127 -0.002827 0.002996 -0.0001121 0.008296 -0.001731
1341846659.331074 -0.01415 0.0002459 0.001999 0.003068 0.0008082 0.0001979
1341846659.362420 -0.01165 0.005901 -0.002733 0.001683 0.000938 -0.002437
1341846659.398303 -0.0029 0.002366 0.001974 -0.004017 0.00346 -0.003003
1341846659.430262 -0.019 -0.007565 0.007051 -0.002225 0.007373 0.000105
1341846659.466583 -0.01663 0.002363 -0.001431 0.002603 0.0004741 0.001366
1341846659.498531 -0.0005518 0.006309 0.0008141 -0.00176 0.003082 -0.002371
1341846659.530267 -0.0123 -0.004217 0.003687 -0.005054 0.007232 0.0004941
1341846659.566571 -0.006157 -0.001343 0.002832 -0.001665 -0.004388 0.001058
1341846659.598122 0.0109 0.008029 -0.002958 -0.001057 -0.007105 -0.002272
1341846659.630209 0.001908 -0.004431 0.002617 -0.006706 0.005604 -0.0006705
1341846659.666409 -0.005307 -0.005854 0.004965 -0.0009784 0.0005188 0.003818
1341846659.698237 0.01408 0.004062 -0.002654 0.002521 -0.005985 0.001952
1341846659.734169 0.004743 0.0002165 0.001793 -0.001377 0.009917 0.002425
1341846659.766421 -0.00771 -0.00143 0.002569 3.945e-05 0.006317 0.004388
1341846659.798087 0.003124 0.004161 -0.001649 0.0006925 -0.002162 0.001851
1341846659.834075 0.009671 0.001133 0.002307 -0.002832 0.003796 -0.0004212
1341846659.866481 -0.001647 -0.003919 0.003467 -0.002292 0.008264 0.0002007
1341846659.898128 -0.001399 0.004367 -0.002031 0.0005302 0.002678 -0.0008009
1341846659.934286 0.005146 0.00363 0.001119 -0.005069 0.003517 -0.002134
1341846659.966354 0.001351 -0.003596 0.004794 -0.004963 0.007886 0.0004901
1341846660.002267 -0.004839 -0.0009301 0.0001953 -0.001847 0.003521 0.003632
1341846660.034581 0.004257 0.006589 -0.0003379 -0.002281 -4.472e-05 0.002037
1341846660.066206 0.005086 0.002916 0.0006889 -0.007349 0.008387 0.00139
1341846660.102245 -0.007963 -0.005189 0.004784 -0.00837 0.00727 0.002864
1341846660.140244 0.000867 -0.002624 0.001172 -0.002382 -0.001921 0.002213
1341846660.202316 0.002375 0.003919 -0.000139 -0.008143 0.01348 0.00223
1341846660.234105 -0.005463 -0.002089 -0.001867 -0.007609 -0.0007264 0.002477
1341846660.270168 0.00987 0.01742 -0.001595 -0.01044 -8.854e-05 -0.0006248
1341846660.302258 -0.002447 0.001459 -0.0008386 -0.02731 0.01028 0.0003766
1341846660.334349 -0.004236 -0.01071 0.005385 -0.0235 0.0009227 0.005725
1341846660.370214 0.00601 -0.006972 0.00703 -0.009922 -0.004202 0.003633
1341846660.401986 0.006946 -0.004579 0.003318 -0.001585 0.002772 0.002591
1341846660.438062 -0.01022 0.006017 -0.003403 0.0004162 0.004702 0.002226
1341846660.470191 0.005032 0.002827 0.0008356 -0.00504 -0.001214 -0.0002983
1341846660.502233 0.002114 -0.006037 0.004018 -0.005671 0.004331 -0.001565
1341846660.537985 -0.009743 -0.003841 0.0006557 -0.0001816 0.003367 -0.0007246
1341846660.570279 0.002334 0.01167 -0.003767 0.0004169 -0.002772 -0.00407
1341846660.602130 0.008521 -0.0005712 0.005301 -0.008509 0.003469 -0.005955
1341846660.638256 -0.01392 -0.01217 0.005683 -0.004262 0.007059 -0.0008763
1341846660.670338 -0.008635 0.008384 -0.008101 0.003792 -0.004809 -0.0008009
1341846660.706457 0.009603 0.01471 0.0002642 -0.007099 -0.00286 -0.006761
1341846660.738241 -0.00518 -0.009082 0.003817 -0.01388 0.004145 -0.002996
1341846660.770121 -0.0139 -0.003197 -0.001732 -0.004858 -0.004148 0.0003992
1341846660.806117 0.005625 0.0141 -0.00493 -0.006344 -0.009659 -0.0009302
1341846660.838338 0.004129 0.004039 0.00157 -0.01777 0.0008769 -0.005113
1341846660.870203 -0.01069 -0.008942 0.00331 -0.01633 0.0002647 0.002927
1341846660.906366 -0.00168 0.004593 -0.003302 -0.009599 -0.01116 0.002266
1341846660.938063 0.009884 0.01336 -0.0009058 -0.018 -0.003047 -0.005003
1341846660.974147 -0.007583 -0.008479 0.005488 -0.02354 0.002861 -0.0001423
1341846661.006234 -1.803e-05 -0.008248 0.007059 -0.00838 -0.008038 0.002653
1341846661.038225 0.01304 0.01715 -0.007717 -0.003726 -0.003094 -0.001149
1341846661.074059 -0.007295 0.00828 -0.002617 -0.02092 0.006892 -0.002366
1341846661.106184 -0.002139 -0.01821 0.01121 -0.01728 -0.00349 0.00336
1341846661.138209 0.006846 -0.008462 0.003037 0.001601 -0.003295 0.002857
1341846661.174244 -0.006436 0.0183 -0.005748 0.00274 0.001654 3.627e-05
1341846661.206205 0.001322 -0.006031 0.002808 -0.008873 -0.001562 -0.001206
1341846661.242184 -0.001657 -0.006001 0.004337 -0.003332 0.0007597 -0.00043
1341846661.274177 -0.001631 -0.004747 0.002784 0.001895 -0.0009514 0.002569
1341846661.308814 0.004635 0.005682 0.0009878 0.004023 0.000146 0.0002442
1341846661.342489 0.001904 0.005423 0.01072 0.002523 0.001707 0.0008961
1341846661.374640 0.01215 0.01214 0.006164 0.004897 -0.002942 0.004741
1341846661.410178 0.02439 0.01063 0.004504 -0.006463 -0.001439 0.0009924
1341846661.442211 0.002053 -0.00124 0.02915 -0.007389 0.003737 -0.0004024
1341846661.474354 0.01952 0.002576 0.01227 0.003459 -0.007161 0.005763
1341846661.510169 0.02335 0.002994 0.01233 0.004266 -0.0006263 0.003412
1341846661.542767 0.01155 0.007657 0.02242 0.01264 0.0002571 0.007588
1341846661.574217 0.03519 0.01412 -0.01062 0.007955 -0.009231 0.01114
1341846661.610041 0.02066 0.00642 0.01808 -0.004471 0.002926 -0.0006369
1341846661.642253 0.01429 0.007957 0.02355 0.00502 -0.001159 0.002212
1341846661.678078 0.03264 0.0129 -0.002321 0.00622 -0.006071 0.005651
1341846661.710142 0.03143 0.01761 0.003675 -0.003364 -0.001123 0.005604
1341846661.742341 0.02616 0.01741 0.01205 -0.01105 -0.00223 0.009693
1341846661.778063 0.02311 0.01302 0.02015 -0.01414 -0.00504 0.007129
1341846661.810103 0.02627 0.01059 0.01574 -0.01208 -0.005882 0.006837
1341846661.842216 0.02602 0.01157 0.01605 -0.01222 -0.003985 0.006852
1341846661.878157 0.02315 0.007183 0.02226 -0.007659 -0.006966 0.004446
1341846661.910222 0.03398 0.002411 0.0069 -0.002021 -0.01188 0.007199
1341846661.946090 0.03832 0.003894 0.001507 -0.004703 -0.007732 0.01035
1341846662.010311 0.08069 0.001526 -0.02109 -0.02811 -0.0123 0.01297
1341846662.046195 0.03491 0.002697 0.009609 -0.01699 -0.002044 0.002464
1341846662.078099 0.03136 0.002171 0.01263 -0.01209 -0.003601 0.003737
1341846662.110672 0.03587 0.00262 0.002361 -0.01176 -0.008469 0.003841
1341846662.146166 0.03431 0.001719 0.01059 -0.01552 -0.002507 -0.001536
1341846662.178168 0.03581 0.001476 0.006441 -0.01458 -0.003756 -0.002
1341846662.214136 0.03348 0.002902 -0.007948 -0.01969 -0.008912 -0.002713
1341846662.246167 0.03248 -0.001286 0.02266 -0.02255 -0.001967 -0.002737
1341846662.278007 0.03152 0.001267 0.001529 -0.009881 -0.004571 0.004236
1341846662.314144 0.03104 0.001564 -0.006505 -0.01028 -0.007882 0.00335
1341846662.346164 0.02981 0.001588 9.954e-05 -0.009915 -0.0007513 -0.001485
1341846662.378069 0.02664 0.0009353 -0.02442 -0.01028 -0.002819 -0.0003842
1341846662.414229 0.02922 0.002714 -0.004998 -0.01329 -0.007122 -0.0006458
1341846662.446102 0.0291 0.003224 -0.001139 -0.01281 -0.001052 -0.001948
1341846662.482229 0.02557 0.002959 -0.01945 -0.01334 -0.001557 -0.0004775
1341846662.514117 0.02914 0.002979 0.001767 -0.01793 -0.005785 -0.001488
1341846662.546261 0.02909 0.001299 0.005172 -0.01612 -0.004091 -0.001964
1341846662.582101 0.03012 -0.0003573 0.01038 -0.008396 -0.00554 0.003732
1341846662.620264 0.02692 0.00053 -0.01156 -0.005318 -0.006054 -0.001639
1341846662.682024 0.07286 -0.00382 0.0238 -0.01875 -0.005412 -2.167e-06
1341846662.714075 0.01571 -0.003807 -0.01232 -0.00355 -0.003583 -0.0001186
1341846662.750127 0.02141 -0.001056 -0.01931 -0.008322 -0.0008694 -0.005483
1341846662.782002 0.02602 -0.005316 1.569e-05 -0.006756 -0.002205 0.002536
1341846662.814097 0.02437 -0.000722 -0.002548 0.005686 -0.002156 -8.228e-05
1341846662.850193 0.01204 -0.005973 -0.03472 -0.001471 0.001148 -0.001102
1341846662.882162 0.02463 -0.003058 0.001923 -0.006073 -0.001646 -0.0003092
1341846662.918191 0.001211 -0.0006023 -0.0004451 0.002195 0.001835 0.0005962
1341846662.956034 -0.005169 -0.0009286 -0.01111 7.887e-05 0.001197 0.001332
1341846663.018208 0.005968 0.002533 0.002796 -0.01039 0.005525 -0.0042
1341846663.049994 -0.003304 -0.001314 -0.00903 0.001731 0.001336 0.003437
1341846663.118078 0.01249 -0.0005429 -0.01098 -0.004648 -0.001039 0.002813
1341846663.150227 -0.002108 -0.005794 -0.0166 -0.002388 -0.00053 0.003071
1341846663.186300 0.01537 -0.00438 0.004255 -0.0001142 -0.002865 0.0008949
1341846663.218442 0.005485 -0.003646 -0.0004832 0.007505 -0.0001037 0.002154
1341846663.250380 0.00396 0.002076 -0.007518 0.01217 -0.0009448 0.00179
1341846663.286056 0.003194 -0.002996 -0.0001794 0.00982 -0.0007843 -0.001357
1341846663.318060 0.001449 -0.01372 0.00604 0.01332 0.001656 -0.0033
1341846663.350114 -0.00195 -0.003346 -0.003153 0.02054 0.001536 0.0003147
1341846663.385985 0.006186 0.02686 -0.0143 0.02303 -0.0001351 -2.557e-06
1341846663.418056 0.0005951 -0.003491 0.0001949 0.01069 0.004985 -0.00382
1341846663.454044 -0.005058 -0.006334 0.003415 0.01312 0.002154 -0.000538
1341846663.486091 0.002791 0.001943 0.0006713 0.01554 0.0007898 -0.002627
1341846663.518394 -0.002163 0.0006753 0.0001066 0.01551 0.002777 -0.003825
1341846663.554251 -0.002781 0.0009599 -0.007964 0.01388 0.0006839 -0.0006486
1341846663.586143 0.003112 -0.009245 0.01035 0.01267 -0.0002249 -0.0009148
1341846663.622145 -0.0001906 0.00908 -0.006918 0.01772 0.003231 -0.002503
1341846663.654099 -0.003246 -0.003467 -0.002285 0.01217 0.002414 0.0004712
1341846663.686099 0.0006463 -0.01401 0.01147 0.01392 -0.0003527 0.001111
1341846663.722109 -0.001917 0.02312 -0.01122 0.02215 0.000981 -0.002245
1341846663.755694 -0.003741 -0.004203 -0.005444 0.01062 -0.001771 -0.0007327
1341846663.786304 -0.0008598 -0.051 0.0273 0.008942 -0.003962 0.004257
1341846663.822090 0.003427 0.006061 0.002118 0.03262 -0.001897 0.001881
1341846663.854115 -0.00536 0.02313 -0.005631 0.02089 8.014e-05 -0.0006043
1341846663.890140 -0.004482 -0.0429 0.01881 0.007775 -0.002659 0.0003058
1341846663.921987 0.002086 -0.0157 0.003595 0.03233 -0.003524 0.005193
1341846663.954282 -0.00369 0.02484 -0.004293 0.03282 -0.0004523 0.00199
1341846663.990370 -0.004599 -0.004235 0.001045 0.01871 -0.004643 9.934e-05
1341846664.022124 0.003714 -0.008902 0.003686 0.02564 -0.005452 0.001073
1341846664.054171 -0.0009047 0.005098 -0.0009462 0.03015 -0.001793 0.003986
1341846664.090250 6.549e-05 0.01422 -0.003585 0.02414 -0.003572 0.001167
1341846664.122237 0.003682 0.004872 -0.001027 0.01187 -0.001462 -0.0009484
1341846664.158241 -0.0002509 -0.006726 0.003357 0.01002 0.001834 2.833e-06
1341846664.190141 -0.005815 -0.004855 0.0006884 0.0179 0.0001836 0.003415
1341846664.222189 0.004998 0.007289 -0.003255 0.01796 -0.00346 -0.0005841
1341846664.258172 -0.001444 0.001857 0.0007394 0.009248 0.001609 -0.001378
1341846664.290022 -0.006266 -0.008558 0.003342 0.0111 -0.001972 0.001126
1341846664.322491 0.003286 -0.0003505 -6.607e-05 0.01912 -0.004391 0.0005017
1341846664.358302 0.003263 0.003248 -0.001437 0.01713 -0.0001857 -0.0003661
1341846664.390101 -0.004183 -0.001233 0.001285 0.01453 0.001047 0.001926
1341846664.426143 -0.0007961 -0.0007928 0.0003077 0.01643 -0.002 -0.0002996
1341846664.458304 -0.0004476 -0.002049 0.001098 0.01746 -0.0009589 0.00038
1341846664.490116 -0.002944 0.0004678 -0.0002275 0.01878 -0.002706 0.001341
1341846664.526173 0.004562 0.003433 -0.001382 0.01736 -0.002567 -0.001884
1341846664.558129 -0.001459 -0.001935 -2.335e-05 0.01522 0.001181 -0.0004397
1341846664.590129 -0.003953 -0.0004961 -0.001703 0.01384 -0.003628 0.001151
1341846664.626196 0.003223 0.01129 -0.007508 0.0087 -0.004503 -0.0004505
1341846664.658276 0.001452 0.005211 -0.0002956 -0.004566 0.002029 -0.00182
1341846664.694136 -0.003157 -0.01238 0.007092 -0.00522 -0.001598 0.001939
1341846664.726667 0.002649 -0.001979 -0.0001154 0.005991 -0.007741 0.002076
1341846664.758141 0.007182 0.005888 -0.002031 0.004505 -0.0006966 -0.00179
1341846664.794104 -0.005153 -0.003895 0.003255 0.0007968 0.004194 9.198e-05
1341846664.826123 0.00173 -0.0001973 -0.0003371 0.004499 -0.003248 -0.00131
1341846664.862093 0.001944 0.0009005 -0.001237 0.003065 0.002421 -0.003174
1341846664.894198 -0.00518 -0.003008 0.0007729 0.0001815 0.002532 -0.001217
1341846664.926270 0.0001747 -0.002143 0.001491 0.002275 -0.006121 -0.0001281
1341846664.962375 0.004661 6.785e-05 -0.0001415 0.004102 -0.00146 0.0002303
1341846664.997077 -0.002641 -0.002072 0.001454 0.004474 0.0003288 0.001781
1341846665.026380 -2.922e-05 6.433e-05 -0.0004251 0.005429 -0.003076 0.001685
1341846665.062417 0.005013 0.001837 -0.0002685 0.003015 -0.0008744 -0.001767
1341846665.094077 -0.004065 -0.003663 0.005229 0.004703 0.002158 -0.0006661
1341846665.130160 6.788e-05 -0.0001448 0.001001 0.01022 -0.006336 -0.0006685
1341846665.162114 0.005652 0.0002776 -0.003452 0.007284 0.000715 -0.002135
1341846665.194100 -0.005712 -0.0015 0.003447 0.004205 0.004421 -0.001266
1341846665.230221 -0.001696 0.00131 0.006741 0.01357 -0.005294 -0.0007714
1341846665.262005 0.001905 -0.001544 -0.002311 0.01826 -0.002291 0.0009997
1341846665.300077 0.0001278 -0.001388 0.0001398 0.0151 2.645e-05 0.0004587
1341846665.362294 0.001781 -0.007477 -0.00699 0.01613 -0.009403 0.0006797
1341846665.398079 -0.0005963 0.0008402 0.004695 0.007206 0.005721 0.001264
1341846665.430162 -0.005051 0.002477 0.008288 0.01977 -0.003405 0.004415
1341846665.462226 -7.956e-05 -0.00294 -0.003809 0.01976 -0.0076 0.0006561
1341846665.498226 0.005111 -0.007211 -0.0049 0.007394 0.003137 -0.0007468
1341846665.530109 -0.006446 0.0006482 0.0005665 0.002372 0.003168 -0.001118
1341846665.562222 0.002003 -0.001593 0.0003815 0.0008673 -0.003745 -0.002009
1341846665.598196 0.001802 -0.001785 0.002506 0.003133 0.002073 -0.0007984
1341846665.630107 -0.002003 -0.0005145 0.00361 0.007358 -0.0009917 0.001006
1341846665.666289 -0.0004654 -0.001486 -0.000206 0.007818 -0.00471 -0.000216
1341846665.698060 0.002427 -0.002898 -0.001182 0.00514 0.001509 0.000361
1341846665.730361 -0.002125 0.0002721 0.004097 0.005961 0.001678 0.000825
1341846665.766193 -0.0004351 -0.002214 0.0008915 0.007751 -0.004376 -0.0002529
1341846665.798338 0.005506 -0.002768 0.0004575 0.006242 -0.003912 -0.0001704
1341846665.834237 0.008103 0.002393 0.005469 0.009533 -0.00384 -0.0002277
1341846665.866106 0.009544 0.004654 0.008555 0.01508 -0.00914 -0.002116
1341846665.898073 0.01093 -0.00342 0.001271 0.01391 -0.009889 -0.001928
1341846665.934076 0.01349 -0.006968 -0.001536 0.007789 -0.002975 -0.002015
1341846665.966137 0.007108 0.001979 0.005948 0.01047 -0.003001 -0.001637
1341846665.998149 0.006687 -0.005538 -0.00177 0.006721 -0.009209 -0.002785
1341846666.034210 0.009772 -0.00464 -0.0006706 -0.001087 -0.00133 -0.004512
1341846666.072502 0.005484 0.003655 0.01002 0.004992 -0.0008329 -0.00167
1341846666.134147 0.01029 -0.00513 0.002512 0.01523 -0.009935 -0.002482
1341846666.166356 0.006481 -0.002925 0.003311 0.002552 -4.157e-05 -0.001089
1341846666.202327 0.0009856 0.003118 0.004907 0.006621 -0.005431 4.079e-05
1341846666.234319 0.0005072 -0.007713 0.001495 0.002442 0.001736 0.001119
1341846666.266322 0.0034 0.01919 0.01421 0.01891 0.003056 0.0009171
1341846666.302195 0.005869 0.02527 0.01091 0.03341 -0.007731 0.002188
1341846666.335080 -0.005653 -0.006371 -0.004106 0.01968 -0.0006112 0.00492
1341846666.370216 -0.001657 0.006269 0.00629 0.01675 0.006802 0.002004
1341846666.402019 -0.0002576 0.02068 0.01299 0.02334 -0.001669 0.0002893
1341846666.434088 -0.0067 0.008523 0.007594 0.01515 -0.000391 -0.001476
1341846666.470060 -0.005596 0.007932 0.01215 0.008371 0.008229 -0.003935
1341846666.502190 -0.0008006 0.01672 0.0155 0.02156 -0.0008813 -0.003606
1341846666.534121 -0.00133 0.01029 0.01113 0.02645 -0.00642 -0.000186
1341846666.570131 0.004547 0.004552 0.01098 0.0194 -0.001282 -0.00157
1341846666.602180 0.001503 0.00836 0.0132 0.0185 -0.0005383 0.0007875
1341846666.638072 0.003747 0.02072 0.008448 0.0223 -0.006206 0.002061
1341846666.670134 0.01607 0.01326 0.00467 0.01226 -0.00375 0.0006599
1341846666.738266 0.01795 -0.0003295 0.01181 0.01094 -0.003109 -0.0008295
1341846666.770390 0.01001 0.004348 0.00392 0.006856 -0.0003221 -0.0002567
1341846666.802119 0.02204 0.007186 0.01481 0.006922 -0.001229 -0.004509
1341846666.838108 0.01295 0.001198 0.008213 0.005909 -0.002376 -0.003652
1341846666.870483 0.003999 0.002146 0.007409 0.007856 -0.001622 -0.0004518
1341846666.906019 0.005434 0.00606 0.01175 0.0104 -0.001088 -0.0005632
1341846666.937989 -0.006217 0.006932 0.01558 0.01259 0.003663 0.004124
1341846666.970036 -0.01301 0.004682 0.01359 0.01127 0.0022 0.004489
1341846667.006200 -0.0325 0.007719 0.006149 0.009291 0.008199 0.008676
1341846667.038153 -0.03909 0.004932 0.007985 0.009077 0.01878 0.008781
1341846667.074153 -0.03517 0.00177 0.01386 0.01681 0.008781 0.009148
1341846667.106156 -0.04704 0.02777 0.01162 0.02532 0.007425 0.01289
1341846667.138108 -0.06304 0.01917 0.0005105 0.00692 0.02612 0.01418
1341846667.174105 -0.06336 0.003976 0.001962 -0.00157 0.0201 0.01125
1341846667.206107 -0.0633 -0.0006784 -0.01237 -0.005731 0.01321 0.01387
1341846667.238075 -0.06437 -0.000662 -0.01331 -0.01167 0.02213 0.01337
1341846667.274016 -0.05145 0.0161 0.006909 -0.007473 0.01873 0.007556
1341846667.306189 -0.03783 0.0209 0.01057 -0.01265 0.006663 0.00625
1341846667.342253 -0.04881 0.007284 0.01312 -0.02427 0.02382 0.001912
1341846667.374345 -0.04362 0.002743 0.02594 -0.01439 0.01774 0.003256
1341846667.406982 -0.0533 0.003555 0.005336 -0.01239 0.01154 0.007212
1341846667.442109 -0.04872 0.01256 0.01135 -0.01924 0.01938 -0.001777
1341846667.474109 -0.02573 0.002975 0.01668 -0.02248 0.01091 0.004987
1341846667.506006 -0.01087 -0.0105 0.0193 -0.02984 -0.002443 0.005097
1341846667.542298 -0.01675 0.002201 0.0261 -0.02854 0.007148 0.002476
1341846667.574196 -0.01793 -0.0095 0.02032 -0.03347 0.006372 0.008534
1341846667.610099 -0.0229 -0.003837 0.01213 -0.0222 -0.0004682 0.008378
1341846667.642293 -0.02685 -0.003051 0.01059 -0.01774 0.0075 0.005122
1341846667.674072 -0.0247 -0.002499 0.006491 -0.007794 0.007521 0.003586
1341846667.710179 -0.03268 -8.685e-06 -0.002955 -0.001385 0.003083 0.006073
1341846667.742255 -0.0334 -0.006024 -0.004478 -0.01186 0.008176 0.003983
1341846667.774114 -0.03585 -0.0121 -0.002995 -0.01998 0.01527 0.001655
1341846667.810099 -0.03601 -0.00783 0.002168 -0.01119 0.00351 0.005201
1341846667.842103 -0.04218 -0.0006231 -0.008536 -0.01091 0.00827 0.006524
1341846667.878139 -0.04417 -0.004164 -0.002725 -0.01957 0.01684 0.002001
1341846667.910558 -0.04265 -0.006344 0.004172 -0.01394 0.005523 0.005233
1341846667.942116 -0.04617 0.0008785 -0.005388 -0.009522 0.007555 0.004208
1341846667.978287 -0.04987 -0.002703 -0.005241 -0.01657 0.0179 -9.976e-05
1341846668.010215 -0.04958 -0.00404 -0.00298 -0.01833 0.009197 0.002389
1341846668.046247 -0.0566 -0.003612 -0.007651 -0.01843 0.01161 0.00125
1341846668.078111 -0.06048 -0.00606 -0.008737 -0.02038 0.01999 -0.002431
1341846668.110130 -0.05993 -0.009934 -0.00365 -0.01975 0.01386 0.002355
1341846668.146332 -0.05671 -0.005172 -0.01491 -0.01787 0.01239 0.001187
1341846668.178208 -0.0599 -0.006671 -0.0127 -0.02556 0.02445 -0.003032
1341846668.211262 -0.05761 -0.003314 -0.006926 -0.02617 0.01783 0.002046
1341846668.246163 -0.05891 -0.005286 -0.01181 -0.02781 0.0162 -0.002022
1341846668.278397 -0.06112 -0.01134 -0.01175 -0.0294 0.02479 -0.005289
1341846668.314248 -0.04254 -0.0003301 -0.02005 -0.0203 0.01195 -0.0006534
1341846668.346231 -0.02791 -0.002392 -0.02158 -0.013 0.003795 -0.00409
1341846668.378099 -0.02742 -0.005979 -0.01737 -0.01452 0.01131 -0.007832
1341846668.414247 -0.02911 -0.001753 -0.006733 -0.01385 0.008349 -0.001934
1341846668.445965 -0.02752 -0.009939 -0.01484 -0.02154 0.008454 -0.009663
1341846668.478153 -0.02139 -0.003913 -0.01891 -0.03886 0.0123 -0.01156
1341846668.514213 -0.0341 -0.005544 -5.632e-05 -0.03082 0.009771 -0.005507
1341846668.546115 -0.0207 -0.003304 -0.006591 -0.01475 0.005336 -0.002916
1341846668.582467 -0.01807 0.003837 -0.01518 -0.01385 0.005757 0.001456
1341846668.614140 -0.01631 0.01092 -0.01943 -0.02329 0.001731 -0.0008345
1341846668.646312 -0.01988 -0.0009367 -0.005974 -0.02331 0.007622 -0.008155
1341846668.682455 -0.01728 -0.001025 -0.01264 -0.0158 0.00941 -0.001882
1341846668.714133 -0.01438 0.002815 -0.01916 -0.02275 0.008542 -0.0004336
1341846668.746132 -0.02856 -0.01469 0.007686 -0.02199 0.01053 -0.009873
1341846668.782338 -0.02156 -0.01196 0.008732 -0.002015 0.005944 -0.003622
1341846668.814140 -0.005827 0.0007395 -0.01606 0.003693 0.0003002 0.0008176
1341846668.850214 -0.009848 -0.006287 -0.00325 -0.001587 0.004793 -0.003004
1341846668.882442 -0.01744 -0.00414 -0.002311 0.004026 0.006767 0.001007
1341846668.914289 -0.005703 0.004146 -0.0152 0.002862 0.003546 0.005052
1341846668.950088 -0.01133 -0.008682 -0.005205 -0.006168 0.01036 0.002033
1341846668.982227 -0.02283 -0.01393 0.01381 0.00387 0.01134 0.004301
1341846669.014062 -0.006129 -0.002053 -0.0095 0.01436 0.004085 0.009974
1341846669.050056 -4.548e-05 0.001252 -0.01375 0.008495 0.007532 0.008553
1341846669.082525 -0.01577 -0.008921 0.005505 0.00656 0.01229 0.01109
1341846669.118346 -0.01061 -0.005725 -0.0007014 0.01615 0.005384 0.01673
1341846669.150086 0.003363 0.007719 -0.01912 0.012 0.004842 0.0145
1341846669.182477 -0.01503 -0.006613 0.003364 0.0009569 0.01158 0.01164
1341846669.218046 -0.01444 -0.01116 -0.0007904 0.009624 0.003154 0.01354
1341846669.250205 0.000805 0.00436 -0.01703 0.009436 0.004128 0.009004
1341846669.286114 -0.01774 -0.003289 -0.0007342 0.0004894 0.008925 0.007478
1341846669.318030 -0.01604 -0.006598 -0.004482 0.002544 0.001426 0.008579
1341846669.350255 -0.006307 -0.0002351 -0.01669 0.002083 0.006492 0.01069
1341846669.418200 -0.05098 -0.02157 -0.007946 0.01075 0.01936 0.03237
1341846669.450219 -0.01544 0.0008451 -0.0211 0.007489 0.007501 0.01821
1341846669.486175 -0.02592 -0.01056 -0.001953 0.003845 0.01203 0.01729
1341846669.518033 -0.01957 -0.006996 -0.005289 0.01226 0.001989 0.02085
1341846669.554159 -0.0007123 0.003242 -0.01895 0.01214 -0.001727 0.02002
1341846669.586348 -0.01107 -0.002816 0.002201 0.008718 0.005016 0.0155
1341846669.617976 -0.01643 -0.001994 0.00033 0.0156 -0.0003899 0.01801
1341846669.654096 0.005189 0.0113 -0.01464 0.01302 -0.008397 0.01722
1341846669.686069 -0.002446 0.004195 -0.001177 0.002382 -0.002595 0.01054
1341846669.718075 -0.009398 -0.007359 0.009428 0.004846 -0.001348 0.01225
1341846669.754171 -0.006073 -0.002629 -0.001071 0.01342 -0.004086 0.01694
1341846669.786139 -0.0002322 0.006741 -0.008408 0.01172 -0.004216 0.01727
1341846669.822151 -0.007886 -0.001739 0.00122 0.005322 -0.0004415 0.01385
1341846669.854118 -0.01072 -0.004367 0.001387 0.0106 0.0008698 0.01452
1341846669.886219 -0.004908 0.00258 -0.006601 0.01294 -0.002701 0.01899
1341846669.922050 -0.002181 0.00312 -0.003154 0.006355 -0.003155 0.01589
1341846669.954047 -0.01376 -0.00855 0.01097 0.007297 0.001641 0.01165
1341846669.986285 -0.009937 0.0003289 -0.0007629 0.01631 -0.002307 0.01833
1341846670.022242 -0.005067 0.004031 -0.00199 0.009795 -0.006131 0.01894
1341846670.054135 -0.01152 -0.005359 0.008154 0.006529 -0.002227 0.01205
1341846670.090228 -0.01442 -0.003188 0.005742 0.01146 -0.001169 0.01937
1341846670.121996 -0.01421 -0.003996 0.007127 0.009796 -0.006286 0.02286
1341846670.154057 -0.01176 -0.006498 0.007878 0.009415 -0.005698 0.01795
1341846670.190103 -0.01773 -0.01016 0.003674 0.006467 0.0002525 0.02064
1341846670.222197 -0.02479 -0.01604 0.01109 0.001068 -0.00204 0.02345
1341846670.258571 -0.01458 -0.01106 0.009033 0.003694 -0.006702 0.01454
1341846670.290254 -0.02247 -0.0187 0.007407 -0.001103 0.001571 0.01399
1341846670.358377 -0.06491 -0.05198 0.01643 -0.01244 -0.009944 0.03592
1341846670.390114 -0.02033 -0.01732 0.00411 -0.002871 -0.01055 0.01248
1341846670.422206 -0.02907 -0.02513 -0.0006455 -0.01137 -0.01031 0.01674
1341846670.464003 -0.01917 -0.02227 0.01782 -0.01123 -0.01772 0.01199
1341846670.526271 -0.0333 -0.0472 0.02216 -0.01226 -0.02705 0.01567
1341846670.566977 -0.01442 -0.02031 0.002381 -0.00568 -0.007713 0.008833
1341846670.596103 -0.01039 -0.01789 0.01152 -0.006652 -0.007661 0.006078
1341846670.628412 -0.01157 -0.01685 0.006483 -0.006254 -0.006952 0.006079
1341846670.664027 -0.01524 -0.01757 0.001958 -0.00984 -0.007884 0.005954
1341846670.696002 -0.009163 -0.01631 0.004287 -0.01157 -0.01423 0.004005
1341846670.728093 -0.005647 -0.01823 0.0102 -0.01204 -0.01493 0.005985
1341846670.764128 -0.009595 -0.01717 0.005773 -0.00683 -0.01403 0.006794
1341846670.796059 -0.01119 -0.01465 -0.004857 -0.009285 -0.01408 0.001201
1341846670.832246 -0.007569 -0.0138 0.005467 -0.01345 -0.01013 -0.008526
1341846670.863970 -0.009226 -0.01486 0.009857 -0.008712 -0.003498 -0.009327
1341846670.896139 -0.01137 -0.01331 0.001487 -0.00818 -0.01259 -0.006812
1341846670.932028 -0.01075 -0.01058 -0.003608 -0.01469 -0.01276 -0.01785
1341846670.964063 -0.004244 -0.01429 0.004427 -0.02056 -0.007598 -0.01858
1341846671.000270 -0.006066 -0.01404 0.006745 -0.01498 -0.008728 -0.002206
1341846671.032112 -0.01037 -0.008992 -0.0003647 -0.01082 -0.01564 0.0008118
1341846671.064030 -0.002438 -0.007214 0.0009849 -0.01437 -0.01319 0.0007148
1341846671.101398 -0.007793 -0.006941 0.003556 -0.01554 -0.006564 0.007324
1341846671.132289 -0.01093 -0.001748 -0.004308 -0.01749 -0.01066 0.006896
1341846671.168159 -0.009096 -0.003297 0.002833 -0.02491 -0.004367 -0.005126
1341846671.200149 -0.007938 -0.00568 0.006955 -0.02441 -0.0008653 0.002008
1341846671.232280 -0.0134 -0.003011 0.009671 -0.01897 -0.007079 0.00862
1341846671.268147 -0.005888 -0.00465 0.002566 -0.01702 -0.01234 0.001613
1341846671.300337 -0.004114 -0.007796 0.01407 -0.01914 -0.002601 -0.002808
1341846671.336125 -0.01069 -0.004606 0.009937 -0.01434 -0.0003186 0.007647
1341846671.368236 -0.006208 -0.005737 0.01028 -0.01186 -0.006904 0.003977
1341846671.400327 -0.0006388 -0.008289 0.007037 -0.0143 0.001277 -0.0002895
1341846671.436064 -0.002648 -0.0114 0.006079 -0.01545 0.0005163 0.008351
1341846671.468197 0.002478 -0.01304 0.007204 -0.01327 -0.005572 0.006886
1341846671.504294 0.00399 -0.009519 0.006837 -0.01391 0.005942 0.004614
1341846671.536197 -0.004793 -0.008939 0.002205 -0.02014 0.008968 0.01618
1341846671.568120 -0.005593 -0.01067 0.009574 -0.02022 -0.0009962 0.01416
1341846671.604188 -0.002414 -0.01238 0.008841 -0.01933 0.00422 0.005909
1341846671.636057 -0.002129 -0.006236 0.0001733 -0.0258 0.008676 0.01124
1341846671.672157 -0.005818 -0.01097 0.01665 -0.02651 0.003149 0.004592
1341846671.704027 -0.003674 -0.009593 0.02117 -0.01206 0.003864 0.00476
1341846671.736479 -0.00322 0.000269 0.01481 -0.004893 0.006628 0.01184
1341846671.774745 -0.001978 0.003121 0.007748 -0.008452 0.004896 0.009922
1341846671.804605 -0.003707 -0.0003757 0.01984 -0.00989 0.006539 0.002405
1341846671.840252 -0.005004 0.00635 0.01912 -0.004554 0.007539 0.009088
1341846671.872106 -0.003542 0.002634 0.01484 -0.00586 0.001412 0.006981
1341846671.904035 -0.0017 0.001506 0.01759 -0.002526 0.003605 0.003447
1341846671.972239 -0.006183 0.01309 0.01625 -0.001065 0.006334 0.02294
1341846672.034218 -0.01096 0.005328 0.01774 -0.005358 0.01118 0.02407
1341846672.066227 -0.004534 0.003036 0.003505 -0.0005234 0.001944 0.01405
1341846672.098024 -0.000377 0.002745 -0.005345 -0.002625 0.005601 0.009324
1341846672.134061 -0.008142 3.407e-05 0.005238 -0.004665 0.006598 0.01072
1341846672.166000 -0.00586 0.001325 0.003202 0.0003963 0.001848 0.01198
1341846672.198405 -7.959e-05 0.002292 -0.00564 -0.0004302 0.001449 0.008951
1341846672.234130 -0.003411 0.002202 -0.003656 -0.005863 0.004181 0.008852
1341846672.266403 -0.005743 -0.004572 0.006367 -0.007195 -0.0002028 0.004303
1341846672.302710 0.0003654 -0.00612 -0.0007189 -0.00146 0.001813 0.001215
1341846672.335022 -0.004647 -0.001947 -0.001364 4.408e-05 0.006501 0.004214
1341846672.366487 -0.003528 -0.001982 -0.004796 -0.001212 5.716e-05 0.003943
1341846672.402478 -0.0009854 -0.007688 0.0002368 -0.002747 -0.001688 -0.003715
1341846672.434330 -0.0003986 -0.004142 -0.003581 0.0003549 0.001116 -0.002765
1341846672.472323 -0.001072 -0.004581 -0.004439 -0.001543 0.0004319 -0.003092
1341846672.534812 9.265e-05 -0.01309 0.0002672 -0.004025 0.003848 -0.008774
1341846672.570153 0.001553 -0.003509 -0.008364 0.002802 0.005468 0.0003868
1341846672.608881 0.004462 -0.004641 -0.01168 -0.003367 0.002182 -0.004645
1341846672.640836 0.002276 -0.01499 -0.004681 -0.003428 0.004418 -0.01142
1341846672.708152 0.006494 -0.01066 -0.02244 -0.00286 0.004885 -0.02814
1341846672.770288 0.004229 -0.01342 -0.01395 -0.007963 0.004148 -0.05175
1341846672.803280 0.003172 -0.005581 -0.01171 -0.004834 0.001249 -0.02246
1341846672.838034 0.002753 -0.007448 -0.009825 -0.004742 0.003299 -0.0239
1341846672.870092 0.000411 -0.006984 -0.009411 -0.004685 0.005762 -0.01855
1341846672.902275 0.003709 -0.006177 -0.01211 -0.003409 0.004065 -0.01789
1341846672.938315 0.001929 -0.007571 -0.008999 -0.002596 0.006025 -0.02186
1341846672.970326 0.002863 -0.00526 -0.01035 -0.000199 0.006357 -0.02176
1341846673.008221 -0.0003631 -0.007025 -0.002457 0.0007345 0.005522 -0.0233
1341846673.070235 0.005262 -0.002877 -0.01801 0.00933 0.008576 -0.04693
1341846673.106189 0.001931 -0.001924 -0.009659 -0.003713 0.00256 -0.03052
1341846673.138104 4.143e-05 -0.002844 -0.002996 -0.004372 0.004362 -0.03111
1341846673.170298 -0.000595 -0.0002341 -0.004113 -0.002263 0.004349 -0.02237
1341846673.206489 0.001986 0.001207 -0.009936 -0.004921 0.002527 -0.02217
1341846673.238153 -0.0007579 -0.0009683 5.27e-05 -0.006301 0.005001 -0.02411
1341846673.274220 -0.001437 0.002375 -0.007035 -0.003889 0.00293 -0.01714
1341846673.306107 0.0007634 -5.036e-05 -0.004586 -0.007436 0.0009115 -0.02122
1341846673.338187 0.0003429 0.00122 -0.005552 -0.006061 0.002876 -0.02298
1341846673.374098 -0.002143 0.0008881 -0.002919 -0.00687 0.0005125 -0.02197
1341846673.406266 0.001526 -0.0005158 -0.004191 -0.005564 -0.001453 -0.02631
1341846673.438267 0.001787 0.002947 -0.007366 -0.007627 0.002073 -0.02862
1341846673.474135 -0.002386 -0.0009952 0.001513 -0.009465 0.0001911 -0.03026
1341846673.506260 0.002749 0.0003709 -0.00292 -0.005694 0.0002229 -0.03033
1341846673.542168 0.00257 -0.0004844 0.00175 -0.003023 0.005801 -0.02715
1341846673.574072 0.001231 0.0005414 -0.002297 -0.0009298 0.005053 -0.02249
1341846673.606102 0.005716 -0.0003105 -0.002503 -0.001709 0.005098 -0.02487
1341846673.648026 0.005607 -0.002405 0.002103 0.0004158 0.009184 -0.02593
1341846673.710162 0.008471 0.001305 -0.004368 0.01194 0.01815 -0.05107
1341846673.742225 0.007734 -0.00272 0.002412 0.00224 0.009307 -0.0322
1341846673.774298 0.00153 0.004215 -0.004958 0.00326 0.01104 -0.03229
1341846673.810154 0.007248 -6.458e-05 6.436e-05 0.000632 0.007525 -0.03036
1341846673.842305 0.008367 0.0002486 0.0005162 0.001675 0.009193 -0.02906
1341846673.874285 0.00288 -0.002898 0.003942 0.003725 0.007811 -0.0233
1341846673.910253 0.009134 0.001143 -0.003033 0.008195 0.003324 -0.02301
1341846673.942284 0.001343 0.005915 -0.003887 0.004471 0.006777 -0.02163
1341846673.978434 -0.001785 0.004844 -0.006816 0.001122 0.001251 -0.01847
1341846674.016486 0.007101 0.001606 -0.000612 -0.003321 -0.00426 -0.01792
1341846674.052060 0.008088 0.001255 -0.001527 -0.001041 -0.001593 -0.01788
1341846674.084057 0.004351 -0.001185 0.0006993 -0.002773 -0.002151 -0.01438
1341846674.152235 0.01861 0.003084 -5.308e-05 0.01509 -0.006037 -0.02792
1341846674.210322 0.01438 -0.003431 0.008622 0.009241 -0.007478 -0.0279
1341846674.246217 0.01098 0.005853 -0.0007177 0.009057 -0.001526 -0.01407
1341846674.278035 0.006637 0.002301 0.00129 -0.003313 0.0008234 -0.0166
1341846674.310117 0.01033 -0.0016 0.006749 -0.0003316 -0.00129 -0.01635
1341846674.346212 0.006188 0.001847 0.0004309 0.004199 -0.002135 -0.01409
1341846674.378058 0.00838 0.006091 0.001606 -0.001988 -0.004728 -0.01676
1341846674.410162 0.01129 0.0009671 0.008665 -0.0003332 -0.00281 -0.01426
1341846674.446125 0.007079 0.00248 0.001367 0.004618 -0.002264 -0.01033
1341846674.478198 0.009915 0.005577 0.00399 -0.0008275 -0.004324 -0.008255
1341846674.514124 0.01051 0.001621 0.007692 0.0007085 -0.002494 -0.007332
1341846674.546062 0.006167 0.003504 0.00261 0.001931 0.0001284 -0.008472
1341846674.578094 0.00418 0.0006413 0.004088 -0.001225 -0.002613 -0.006902
1341846674.614179 0.008216 0.001886 0.0097 0.003361 -0.005394 -0.01089
1341846674.682209 -0.0001893 0.008628 0.00893 -0.004788 0.001635 -0.03385
1341846674.714186 0.003452 0.001246 0.01415 -0.002586 -0.003097 -0.01919
1341846674.752271 -0.0005717 0.003225 0.009792 -0.0003893 7.429e-05 -0.02038
1341846674.814222 -0.004438 0.005835 0.02355 0.0007965 -0.003863 -0.03248
1341846674.846370 -0.002104 0.00188 0.01334 -0.001636 -0.0009051 -0.01644
1341846674.882158 -0.003981 0.001565 0.01052 0.00101 -0.0004922 -0.01565
1341846674.914224 -0.004631 8.762e-05 0.01039 0.003656 -4.385e-05 -0.01264
1341846674.950305 -0.007582 0.004192 0.003262 0.006052 0.0004865 -0.01299
1341846674.982342 -0.004018 0.002116 0.01152 0.007575 0.003779 -0.009058
1341846675.014137 -0.006449 0.0002562 0.00777 0.01809 0.003413 -0.007438
1341846675.050230 -0.01161 0.005945 -0.002465 0.01947 0.003803 -0.01144
1341846675.088201 -0.008448 0.00178 0.004921 0.01265 0.0001399 -0.008598
1341846675.150188 -0.0107 0.0004729 0.02936 0.0546 -0.006617 -0.009761
1341846675.182290 -0.01249 0.002489 0.003952 0.0224 -0.00496 -0.0005347
1341846675.218759 -0.009565 0.003096 0.009326 0.01422 -0.0008696 -0.007323
1341846675.251951 -0.01529 0.002298 0.003702 0.01337 0.002304 -0.004261
1341846675.282406 -0.01673 -0.00177 0.001282 0.004715 -0.0004264 -0.00419
1341846675.318078 -0.01263 -0.006438 0.009266 0.005832 -0.005202 -0.004126
1341846675.350149 -0.01039 -0.002565 0.009672 0.01728 -0.006366 -0.003193
1341846675.382271 -0.01303 0.003001 -0.001981 0.02225 -0.007131 -0.002141
1341846675.450238 0.009478 0.05022 0.04209 0.02517 -0.03473 -0.03199
1341846675.486165 -0.009301 0.005799 -0.009723 -0.01736 -0.005464 -0.0208
1341846675.518083 -0.009834 0.005907 -0.002571 -0.01568 -0.003012 -0.01724
1341846675.550092 -0.01049 0.004469 3.152e-05 -0.01151 0.001155 -0.01567
1341846675.586070 -0.01379 0.004334 -0.006413 -0.005927 -0.0005229 -0.00692
1341846675.618075 -0.01457 0.005617 -0.01251 -0.009567 -0.00298 -0.003846
1341846675.650024 -0.01351 0.005289 -0.005169 -0.009393 0.003498 -0.005356
1341846675.686118 -0.01365 0.004451 -0.004864 -0.005883 0.005135 0.001199
1341846675.718055 -0.01648 0.004607 -0.009856 -0.008419 -0.001107 0.005966
1341846675.754170 -0.01566 0.004874 -0.002744 -0.01126 0.001984 0.002869
1341846675.786330 -0.01446 0.004279 0.004816 -0.006341 0.0007325 0.001163
1341846675.818106 -0.01839 0.004872 -0.00414 -0.006041 -0.002299 0.004498
1341846675.854095 -0.01809 0.004383 0.002344 -0.007525 0.001737 0.001539
1341846675.886163 -0.02063 0.00369 -0.004219 -0.01235 0.009989 -0.003231
1341846675.922346 -0.02136 0.006766 0.002627 -0.01724 0.005339 -0.00137
1341846675.961651 -0.0219 0.00597 0.002416 -0.01645 0.006633 0.002827
1341846676.028080 -0.05408 0.01901 0.008125 -0.03854 0.02514 0.001096
1341846676.122163 -0.0793 0.02809 0.06042 -0.002067 0.02547 0.009382
1341846676.154447 -0.02945 0.008568 -0.001073 0.006396 0.007661 0.0009952
1341846676.190230 -0.02999 0.007732 0.01291 0.001277 0.01089 -0.00318
1341846676.222476 -0.03296 0.007718 0.02019 0.01113 0.003298 0.0002583
1341846676.257017 -0.03064 0.009813 0.004661 0.01675 0.002127 0.002339
1341846676.290401 -0.02854 0.009276 0.001525 0.006256 0.006148 -0.001049
1341846676.322689 -0.03599 0.004547 0.01509 0.006115 0.0002327 -0.0005479
1341846676.360815 -0.03404 0.003988 0.008365 0.02503 -0.003712 0.00456
1341846676.390851 -0.02343 0.00598 -0.01695 0.0157 0.0001522 0.006137
1341846676.424250 -0.03409 0.003619 -0.005404 -0.004046 0.001995 -0.004638
1341846676.459033 -0.03144 -0.001414 0.001355 0.004754 -0.002607 -0.004808
1341846676.490669 -0.02233 0.003373 -0.02327 0.00941 -0.00449 -0.002602
1341846676.532743 -0.0293 0.00326 -0.01032 0.001977 -0.003085 -0.00364
1341846676.564052 -0.02726 -0.0006597 -0.007908 0.004245 -0.002966 -0.002985
1341846676.596566 -0.02524 0.0009233 -0.01444 0.007555 0.001087 0.0001077
1341846676.632057 -0.02666 0.001435 -0.01135 0.001885 -0.0007487 0.003106
1341846676.690079 -0.0503 -0.0003862 -0.01594 0.0006902 0.004562 0.003874
1341846676.726102 -0.02012 0.0007929 -0.006217 -0.001633 -0.002977 0.004331
1341846676.758419 -0.01287 -0.001375 -0.007023 -0.006344 -0.003633 -0.0001671
1341846676.790227 -0.01478 -0.003793 -0.000359 -0.003361 0.001391 -0.001087
1341846676.826179 -0.02184 0.002782 -0.003107 -0.001038 -0.0035 0.001798
1341846676.858331 -0.003956 -0.003874 -0.005278 -0.004639 -0.005649 -0.001752
1341846676.894086 -0.004494 -0.005433 -0.0005543 -0.001444 0.003172 -0.003438
1341846676.926062 -0.0183 0.003053 -0.000515 0.001799 0.0022 0.001809
1341846676.958080 0.00197 0.0001515 -0.00227 -0.001074 -0.004365 0.0002658
1341846676.994140 -0.0004012 -0.000799 0.001078 -0.00253 0.003382 -0.001915
1341846677.026242 -0.008679 -0.002844 0.002991 -0.001197 0.003204 0.001161
1341846677.094244 0.00366 0.001604 0.002927 0.004691 -2.479e-05 0.001695
1341846677.126108 -0.008444 0.009239 0.0009638 -0.001223 0.004747 -0.002386
1341846677.162066 -3.634e-05 -0.006079 0.005984 -0.005546 -0.001114 0.001199
1341846677.194068 0.001856 -0.00438 0.004474 0.001002 0.001211 0.0005433
1341846677.226206 -0.01281 0.01134 -0.00119 0.003457 0.001905 0.0001896
1341846677.262033 0.002725 0.002909 0.002761 -0.005132 -0.005421 0.0001201
1341846677.294125 0.005898 -0.009025 0.007638 -0.00428 0.001274 -5.77e-05
1341846677.326503 -0.01433 0.001019 1.956e-05 0.003654 0.002055 0.001717
1341846677.362194 0.001336 0.007304 -0.0002288 0.0001371 -0.005902 0.0001141
1341846677.394280 0.003764 -0.003741 0.004177 -0.003762 -0.0006581 -0.0007601
1341846677.430058 -0.009791 0.001269 0.001121 -0.0001506 -0.000366 0.002141
1341846677.468326 0.001609 0.004912 0.0001515 -0.001196 -0.005881 0.00162
1341846677.530161 -0.003842 0.0005272 0.004591 -0.009134 -0.004297 0.003247
1341846677.562051 0.001907 -0.0009586 0.002318 -0.003013 -0.006086 0.003656
1341846677.594105 0.003649 -0.001699 0.002775 -0.001505 -0.002471 0.002186
1341846677.630227 -0.004136 0.002529 0.000226 -0.0006452 -0.0006638 0.001286
1341846677.662033 0.002652 -0.001789 0.002568 -0.002268 -0.00319 0.0008308
1341846677.730320 -0.004291 0.0006468 0.0006317 0.001499 0.0007432 -0.0005379
1341846677.763691 0.004502 0.00193 0.001829 -0.002479 -0.002585 0.0006558
1341846677.798630 0.00198 -0.006384 0.004124 -0.00108 0.002718 0.001023
1341846677.830104 -0.01132 0.009377 -0.003167 0.003048 0.001182 0.001487
1341846677.862185 0.002164 0.007251 0.0001222 -0.004588 -0.004546 0.0017
1341846677.898344 0.003943 -0.002 0.003676 -0.007169 0.0002784 -0.0003573
1341846677.930181 -0.006428 0.000525 0.002442 -0.003883 0.001101 0.00215
1341846677.966256 -0.001336 0.009643 -0.0006577 -0.003952 -0.003407 0.0009892
1341846677.998516 0.009882 0.000402 0.005967 -0.009418 -0.0002923 -0.002005
1341846678.030368 -0.003902 -0.001534 0.003532 -0.005657 0.005272 -0.0009676
1341846678.066187 -0.004608 0.003662 0.002409 -0.002743 -0.00157 0.002828
1341846678.098076 0.01196 0.001535 0.003975 -0.003665 -0.00213 -0.0003593
1341846678.134082 -0.002504 0.0005745 0.002017 -0.002932 0.006419 -0.001897
1341846678.166092 -0.008272 0.00262 0.001114 -0.001794 0.0003443 0.001125
1341846678.204293 0.008254 0.002312 0.002228 -0.00303 -0.002273 -0.0004556
1341846678.266209 -0.004911 0.002017 0.002875 -0.007312 0.00738 -0.0008663
1341846678.298316 0.004306 -0.003326 0.003954 -0.00171 0.001776 -0.000298
1341846678.334135 -0.003443 0.004863 0.0006812 0.001536 0.004766 -0.0004183
1341846678.366593 -0.002383 0.006128 0.001496 -0.00192 -0.0004703 0.0001854
1341846678.402292 0.005505 -0.002139 0.005478 -0.003677 -0.0004696 -8.738e-05
1341846678.439991 -0.003477 0.002859 0.002013 -0.0008947 0.000634 0.0003104
