1341839845.497851 0.006763 -0.004052 0.003038 -0.005048 0.002318 0.002775
1341839845.529877 -0.0018 -0.01981 0.00339 -0.003032 0.006688 0.00438
1341839845.562013 -0.003439 0.0175 -0.005734 0.01044 0.005388 0.004509
1341839845.598549 -0.004566 0.009248 0.002855 0.0003268 0.002489 0.00234
1341839845.629819 0.002729 -0.01468 0.0004967 -0.004631 -0.0009081 0.004374
1341839845.665955 0.01579 -0.001812 -0.005866 0.002692 -0.001195 0.006216
1341839845.698027 -0.006276 0.005194 0.002193 0.003852 0.008645 0.004316
1341839845.730035 -0.006478 0.004258 -0.0007971 0.002298 0.003184 0.003289
1341839845.766091 0.01021 0.0006762 -0.001646 -0.0006171 -0.002078 0.002492
1341839845.798274 -0.001864 -0.01081 0.002538 -0.001411 0.004506 0.00252
1341839845.833868 0.002817 0.01209 -0.006125 0.006949 0.002311 0.004973
1341839845.865884 -0.001825 0.008412 0.00252 -4.363e-05 0.003314 0.002833
1341839845.897882 -0.00631 -0.01996 0.004647 -0.005712 0.002549 3.66e-05
1341839845.933769 0.01127 0.007251 -0.009039 0.006994 -0.002314 0.003567
1341839845.966008 -0.00438 0.01678 0.001826 0.002842 0.004544 0.0008348
1341839845.997926 -0.01427 -0.01648 0.007535 -0.006803 0.003221 -0.0008948
1341839846.033941 0.01002 -0.002746 -0.007336 0.003106 -0.006015 0.004289
1341839846.065923 0.007476 0.01154 -0.00244 0.003521 -0.001216 -8.047e-05
1341839846.101945 -0.006854 -0.006196 0.004068 -0.00266 0.004046 4.129e-06
1341839846.133881 -0.007658 0.005345 -0.0001262 0.00277 0.001699 0.002602
1341839846.165870 -0.009232 -0.0002068 0.004714 -0.0007037 -0.001338 0.001019
1341839846.201921 0.009715 -0.007669 -0.005858 -0.0002905 -0.008331 0.002015
1341839846.233820 0.01198 0.00867 -0.005074 0.00342 -0.002794 0.002481
1341839846.266171 -0.01435 0.0005694 0.005164 -0.001315 0.005296 -0.002006
1341839846.302140 0.00518 -0.007794 -0.004555 -0.001316 -0.004315 -0.001359
1341839846.333843 0.01032 0.009678 -0.005259 0.003605 -0.0004054 0.003726
1341839846.369840 -0.01909 -0.007333 0.007914 -0.002239 0.008798 0.003386
1341839846.402011 -0.005892 0.0008349 -0.004572 0.004236 -0.002769 0.003627
1341839846.433900 0.01661 0.01383 -0.009227 0.003799 -0.008614 0.001826
1341839846.469927 0.002709 -0.01094 0.001424 -0.006483 0.0009934 -0.002442
1341839846.501920 0.004888 -0.005151 -0.006121 0.0009949 0.003103 -0.001646
1341839846.535053 -0.01145 0.02103 0.000605 0.006508 0.008772 0.0001099
1341839846.569928 -0.01696 -0.003828 0.005062 -0.003433 0.003589 -0.001831
1341839846.602754 0.01147 -0.001424 -0.009645 0.0009949 -0.007012 -0.0006571
1341839846.637836 0.002826 0.01594 -0.004233 0.003556 0.001186 0.001751
1341839846.669984 -0.02061 -0.00477 0.006176 -0.00338 0.005868 0.0001909
1341839846.701829 0.007931 -0.0009604 -0.0106 0.002537 -0.00811 0.0004674
1341839846.737910 0.02423 0.01191 -0.01214 0.003498 -0.006169 0.0002302
1341839846.769925 -0.01252 0.00499 0.001499 -0.0002836 0.01064 -0.00178
1341839846.805852 -0.01797 0.007304 -0.001251 0.001782 0.00456 -0.0009396
1341839846.837837 0.006516 0.009938 -0.008667 0.001095 -0.006584 0.00154
1341839846.869888 0.002322 -0.004217 -0.002289 -0.002812 -0.001432 0.001612
1341839846.906029 -0.001681 0.01296 -0.009939 0.005601 -0.0003752 0.003011
1341839846.938034 0.002564 0.02142 -0.006593 0.001543 -0.003077 0.001457
1341839846.969926 0.006808 -0.01225 -0.004849 -0.00894 -0.003309 -0.004475
1341839847.006052 0.005465 0.01317 -0.009882 0.003669 0.001637 -0.001964
1341839847.037860 -0.02705 0.02696 0.00191 0.003262 0.008837 -0.000456
1341839847.073971 -0.003317 -0.01556 -0.002474 -0.009403 -0.008243 -0.003753
1341839847.105943 0.02831 0.009931 -0.01781 0.004464 -0.01251 -0.00338
1341839847.137970 -0.008917 0.02258 -0.003505 0.003283 0.006747 -0.002042
1341839847.173932 -0.02408 -0.003032 0.004279 -0.003102 0.003605 -0.001779
1341839847.206020 0.01528 0.01459 -0.0151 0.005988 -0.01222 0.001845
1341839847.238111 0.01242 0.01684 -0.007734 0.0006509 -0.004888 0.0002065
1341839847.273912 0.004462 -0.01261 -0.004962 -0.005586 0.000498 -0.001655
1341839847.305944 0.006784 0.0273 -0.01242 0.009887 0.00303 0.0002494
1341839847.341841 -0.02095 0.0294 0.0005597 0.0009246 0.009157 -0.002062
1341839847.373878 -0.006615 -0.02105 0.0009271 -0.01215 -0.003172 -0.001261
1341839847.405870 0.01769 0.01429 -0.01341 0.006366 -0.007801 0.001576
1341839847.441942 -0.00197 0.01682 -0.00347 0.0005562 0.002302 -0.001412
1341839847.473884 0.003547 -0.01291 -0.005521 -0.005423 -0.001511 -0.004569
1341839847.505964 0.02238 0.02523 -0.01216 0.008179 -0.001534 -0.003335
1341839847.541985 -0.01821 0.009175 0.0004061 -0.00269 0.0146 -0.002422
1341839847.573837 -0.02409 0.002816 -0.00136 -0.0004534 0.006193 0.0004441
1341839847.609996 0.0006785 0.02044 -0.006553 0.003498 -0.007956 0.002255
1341839847.642100 0.008336 -0.00159 -0.004124 -0.00575 -0.008391 -0.001022
1341839847.674027 -0.001457 0.003369 -0.006262 -0.0008637 -0.002959 -0.0003109
1341839847.710094 -0.001225 0.005856 -0.004329 -0.0004559 -0.003228 0.002245
1341839847.741882 -0.0003792 -0.01021 -0.004836 -0.001593 -0.003351 0.001349
1341839847.773869 0.008846 0.01978 -0.01093 0.01024 -0.004665 0.004067
1341839847.809897 0.0007681 0.008207 -0.005762 0.001562 -3.126e-05 0.004238
1341839847.841880 -0.006515 -5.16e-05 -0.006237 0.001244 0.001157 0.001499
1341839847.878289 0.002437 0.01811 -0.00984 0.006659 -0.004114 0.002436
1341839847.909840 0.01363 -0.001413 -0.007379 -0.002102 -0.00485 -0.0002521
1341839847.941861 -0.003796 0.007011 -0.009995 0.004165 0.004905 -0.002534
1341839847.977961 -0.01478 0.02624 -0.006241 0.006098 0.004117 1.813e-05
1341839848.009877 0.00148 -0.01209 -0.005684 -0.006203 -0.004404 -0.0004675
1341839848.045768 0.01003 0.01477 -0.01257 0.006976 -0.004144 -0.002061
1341839848.077904 0.00509 0.01478 -0.008343 0.001727 0.001247 -0.001229
1341839848.109911 0.001455 -0.009947 -0.005933 -0.003971 0.004637 -0.003702
1341839848.145877 -0.007719 0.02431 -0.01126 0.01033 0.008729 -0.0005763
1341839848.177941 -0.02098 0.03908 -0.005554 0.005221 0.00722 0.001193
1341839848.210005 -0.01288 -0.0213 -0.0002419 -0.01556 -0.002644 0.0003104
1341839848.245924 0.02156 -0.002019 -0.01198 0.001794 -0.01162 0.001806
1341839848.278057 0.00742 0.03806 -0.01356 0.0106 0.002542 0.001256
1341839848.313996 -0.03006 0.001152 0.0002764 -0.008227 0.009888 -0.001459
1341839848.345902 0.01191 -0.01576 -0.008246 -0.00397 -0.007576 -0.0009042
1341839848.378083 0.01123 0.03347 -0.01331 0.01307 0.0003665 -0.001951
1341839848.413902 -0.01552 0.02915 -0.006993 0.002088 0.01009 -0.006201
1341839848.446051 -0.03702 0.0001673 -0.0003608 -0.009161 0.009319 0.0005375
1341839848.477990 -0.01339 -0.01335 -0.003606 -0.00614 -0.007436 0.005727
1341839848.514027 0.01103 0.01631 -0.01153 0.008752 -0.01446 0.004334
1341839848.545899 0.006426 0.03393 -0.01066 0.007102 -0.009393 -0.00078
1341839848.581848 0.01275 -0.01929 -0.005127 -0.01265 -0.005719 -0.003738
1341839848.614329 -0.003308 0.001997 -0.009756 0.004994 0.006894 0.002444
1341839848.646056 -0.02489 0.04049 -0.007624 0.01346 0.009493 0.006849
1341839848.681939 -0.02367 0.007742 -0.001282 -0.003992 -0.002244 0.00488
1341839848.713946 0.01693 -0.009528 -0.007805 -0.004568 -0.01764 0.003997
1341839848.745899 0.02852 0.01184 -0.01091 0.004419 -0.01013 0.003817
1341839848.782038 0.0101 0.005743 -0.009096 8.886e-05 0.005165 -0.0004933
1341839848.813915 -0.001826 0.009196 -0.008258 0.00174 0.0109 -0.003548
1341839848.850000 -0.01362 0.001889 -0.005474 -0.0005321 0.01479 0.00247
1341839848.881968 -0.02184 0.0004659 -0.003923 0.002358 0.01046 0.00531
1341839848.914184 0.009233 0.0116 -0.01015 0.008155 -0.005021 0.003648
1341839848.949897 0.01609 0.02178 -0.01145 0.006994 -0.001601 0.001498
1341839848.981903 -0.007166 0.0002239 -0.005307 -0.003278 0.009506 0.0006209
1341839849.018057 -0.01158 -0.005098 -0.00502 0.0001012 0.007468 0.0009795
1341839849.050047 -0.001535 0.02285 -0.01103 0.01063 0.0005868 0.00138
1341839849.082045 -0.004045 0.01275 -0.006842 0.001242 0.0009219 0.00107
1341839849.118139 -0.0003674 -0.01215 -0.004747 -0.004942 -0.001572 -0.002722
1341839849.149926 0.01213 0.007781 -0.01216 0.006861 -0.001738 -0.001504
1341839849.181857 -0.01002 0.01697 -0.007678 0.006483 0.008693 0.0006858
1341839849.217924 -0.01293 0.001385 -0.005356 0.001326 0.003956 -0.001886
1341839849.249844 0.006282 0.02493 -0.01202 0.008449 -0.005945 -0.004597
1341839849.285792 0.01086 0.01331 -0.008467 -0.002401 -0.001977 -0.005855
1341839849.317899 -0.02803 -0.01155 -0.001736 -0.008356 0.01246 -0.002461
1341839849.349911 -0.02052 0.01116 -0.005951 0.005699 -0.000728 0.001101
1341839849.385901 0.01653 0.01723 -0.01041 0.004817 -0.01671 -0.002306
1341839849.417927 0.02319 0.006655 -0.008942 -0.0005279 -0.007591 -0.003723
1341839849.450043 -0.02369 0.03121 -0.0036 0.006323 0.01318 -0.001757
1341839849.485994 -0.0303 0.01147 0.003712 -0.007029 -0.001256 -0.006958
1341839849.517976 0.03939 -0.007518 -0.01053 -0.008887 -0.02485 -0.008461
1341839849.554305 0.02025 0.03365 -0.01112 0.004079 0.001286 -0.004502
1341839849.585964 -0.03858 0.007007 0.0004396 -0.01191 0.01927 -0.005044
1341839849.618027 -0.02021 -0.00748 0.003117 -0.009946 0.0006244 -0.003878
1341839849.653990 0.0112 0.02522 -0.009128 0.004126 -0.01153 -0.002889
1341839849.686025 0.006845 0.01919 -0.006201 -0.003725 -0.003703 -0.004339
1341839849.718004 -0.01289 0.007759 -0.001182 -0.009182 0.003011 -0.008938
1341839849.753965 0.0009013 -0.002153 -0.003046 -0.009637 -0.003905 -0.009524
1341839849.786542 0.00278 0.01234 -0.007986 -0.001192 -0.0005814 -0.006629
1341839849.822760 -0.01418 0.015 -0.003859 -0.002545 0.004593 -0.005125
1341839849.853815 0.00348 -0.00754 -0.003553 -0.007978 -0.003849 -0.003093
1341839849.885920 0.007303 0.0152 -0.009879 0.004076 -0.001182 -0.001523
1341839849.921991 -0.0003012 0.0185 -0.007836 0.0002934 0.002597 -0.00429
1341839849.953839 -0.00546 -0.002053 -0.004414 -0.006088 0.003875 -0.004857
1341839849.985986 -0.01701 0.01996 -0.004817 0.003222 0.005188 -0.001355
1341839850.022022 -0.006699 -0.003184 -0.001566 -0.00629 -0.005108 -0.002739
1341839850.053889 0.01429 -0.005764 -0.009741 -0.0001713 -0.01061 0.0004891
1341839850.089916 0.001407 0.03174 -0.01261 0.01045 -0.0006138 0.001342
1341839850.122696 0.002915 -0.01161 -0.001843 -0.009462 -0.003548 -0.005808
1341839850.153891 0.01296 -0.007029 -0.01079 0.003061 -0.001163 -0.001169
1341839850.189806 -0.02083 0.04895 -0.008291 0.01743 0.01265 0.002781
1341839850.221923 -0.02276 -0.009124 0.005088 -0.01076 -0.000236 -0.002308
1341839850.257926 0.03035 -0.009789 -0.01193 -0.0007314 -0.01853 0.0008142
1341839850.289928 0.01121 0.03051 -0.01284 0.01069 0.001968 0.003177
1341839850.322006 -0.02445 -0.001342 0.002123 -0.005537 0.009948 -0.003612
1341839850.358083 0.006788 0.001131 -0.008856 0.001002 -0.00491 0.0005963
1341839850.389942 0.001507 0.03116 -0.009824 0.007346 0.001785 0.003546
1341839850.422122 -0.01196 -0.01635 0.003473 -0.01151 0.002978 -0.0004476
1341839850.458155 0.00973 0.007047 -0.01143 0.005704 -0.004694 0.002504
1341839850.490219 6.768e-05 0.03795 -0.01135 0.008206 0.00179 0.0007386
1341839850.525914 -0.007193 -0.02338 0.002584 -0.01569 0.001892 -0.003387
1341839850.558165 0.006919 0.009067 -0.01109 0.005675 -0.001481 0.003103
1341839850.590065 0.001766 0.03314 -0.01044 0.006929 0.003273 0.003465
1341839850.658023 -0.01793 0.00558 -0.00824 -0.009208 0.005533 -0.0002368
1341839850.689870 -0.01788 0.03055 -0.001688 0.003577 0.003687 0.008334
1341839850.726039 0.0008209 -0.01628 0.001064 -0.01259 -0.009764 0.003505
1341839850.758642 0.04164 -0.002295 -0.01401 0.001667 -0.01574 0.0002268
1341839850.794077 0.02431 0.04438 -0.01782 0.01019 0.008126 -0.001427
1341839850.826012 -0.05812 0.005581 0.009969 -0.01032 0.03341 -0.003672
1341839850.857996 -0.04354 0.0125 0.002857 -0.0003307 0.008258 0.005713
1341839850.897049 0.005942 0.01636 -0.008446 -0.001217 -0.01823 0.00558
1341839850.958076 0.05716 -0.0001975 -0.01988 -0.01213 -0.02427 -0.0008203
1341839850.994159 0.001403 0.01404 -0.006924 0.0003541 0.01279 -0.00614
1341839851.025938 -0.03668 0.02653 -0.001213 0.002952 0.02175 -0.001634
1341839851.061884 -0.03637 0.01181 0.002888 -0.004937 0.008738 0.003218
1341839851.093981 -0.006633 -0.000358 -0.004201 -0.005183 -0.01022 0.002032
1341839851.125983 0.006498 0.02212 -0.01166 0.001135 -0.0133 0.002806
1341839851.162029 0.01648 -0.00954 -0.004554 -0.0118 -0.01068 0.0005584
1341839851.201363 0.004728 -0.004851 -0.006965 -0.002895 -0.0004222 -0.002617
1341839851.261859 -0.02472 0.01477 -0.01075 0.0006431 0.01128 3.712e-05
1341839851.301178 0.0007189 -0.008988 -0.00726 0.002549 -0.003377 0.0006187
1341839851.333106 0.0002089 0.04689 -0.01566 0.01799 -0.002233 2.556e-06
1341839851.364936 0.006003 0.001882 -0.004694 -0.01087 -0.003624 -0.002362
1341839851.400800 -0.0001534 -0.04108 0.001212 -0.01262 0.002865 -0.001449
1341839851.432978 -0.01342 0.04848 -0.01418 0.02443 0.006003 0.00202
1341839851.468951 -0.01091 0.02369 -0.005332 -0.002344 -0.002252 -0.0003367
1341839851.500846 0.01264 -0.04611 0.001236 -0.01793 -0.009088 -0.000902
1341839851.532849 0.005819 0.03973 -0.01473 0.01946 -0.0006707 0.003883
1341839851.568942 9.394e-05 0.01045 -0.004315 -0.004836 0.001059 -0.0003128
1341839851.601011 0.001523 -0.02347 -0.002136 -0.007139 0.00102 -0.001265
1341839851.636933 0.0001804 0.04513 -0.01471 0.0171 0.002917 0.002073
1341839851.668994 -0.002322 0.001827 -0.002688 -0.01023 0.002698 -0.003565
1341839851.700879 -0.002058 -0.01716 -0.002958 -0.006693 0.002048 -0.001291
1341839851.736883 0.003188 0.03004 -0.01202 0.01093 0.001376 0.001693
1341839851.768951 -0.00835 0.003339 -0.003223 -0.00503 0.00432 -0.002974
1341839851.804954 -0.004306 0.003238 -0.006201 0.001141 0.0003869 0.0002753
1341839851.837032 -0.01091 0.03401 -0.009396 0.007191 0.0002717 0.001925
1341839851.868921 0.005233 -0.02236 -0.000718 -0.01365 -0.008717 -0.0009233
1341839851.904888 0.02306 0.01292 -0.01105 0.007037 -0.007324 0.0007688
1341839851.936873 -0.00242 0.03968 -0.01026 0.006329 0.00947 -0.003368
1341839851.972969 -0.04056 -0.02033 0.002942 -0.0163 0.01209 -0.005543
1341839852.004880 0.007757 0.005271 -0.008807 0.004705 -0.01068 0.004214
1341839852.036887 0.01598 0.03423 -0.01286 0.008084 -0.008093 -0.002232
1341839852.072836 -0.008593 0.003863 -0.003429 -0.007785 0.00184 -0.008122
1341839852.104917 -0.0007162 0.003211 -0.004588 -0.003638 -0.0009431 0.001918
1341839852.140937 0.005232 0.004843 -0.006152 -0.0002357 -0.00205 0.0008432
1341839852.172894 0.005884 0.02377 -0.009555 0.0059 -0.0009213 -0.003169
1341839852.234030 -0.02233 0.009976 -0.009114 -0.01262 0.01239 -0.001382
1341839852.265924 0.003506 0.01057 -0.009085 0.005612 -0.00986 -0.001009
1341839852.301932 0.04044 0.03922 -0.01166 0.008115 -0.01175 -0.00102
1341839852.334063 -0.008368 -0.005248 -0.003041 -0.01344 0.01487 -0.006063
1341839852.365960 -0.03047 0.003396 -0.00341 -0.0006567 0.01188 -0.0004262
1341839852.402082 -0.005881 0.03952 -0.01153 0.007922 -0.006584 0.001762
1341839852.433897 0.01578 -0.02525 0.002246 -0.01815 -0.01196 -0.001081
1341839852.469906 0.004809 0.01094 -0.008003 0.006184 -0.001733 0.001389
1341839852.501863 0.006209 0.03496 -0.01123 0.007261 -0.00106 -0.00255
1341839852.533949 -0.004038 -0.006977 -0.00214 -0.01133 0.003348 -0.006408
1341839852.569896 -0.004299 0.004407 -0.005597 -0.001181 0.002595 -0.0001822
1341839852.601883 -0.0002534 0.01387 -0.007008 0.001495 0.0004271 -0.0005685
1341839852.634062 -0.01546 0.004944 -0.005244 -0.002496 0.003148 -0.001104
1341839852.669878 -0.001907 -0.002383 -0.004704 -0.003282 -0.00651 0.003268
1341839852.701915 0.02543 -0.007913 -0.006089 -0.0007008 -0.01067 0.0003317
1341839852.737942 0.01537 0.02109 -0.01113 0.01107 0.004305 -0.001805
1341839852.769982 -0.003551 0.0095 -0.007465 0.0003912 0.01349 -0.001454
1341839852.801999 -0.01566 -0.01456 -0.002259 -0.003158 0.01236 -0.003114
1341839852.838034 -0.01145 0.03586 -0.01281 0.0164 0.003563 0.001397
1341839852.869909 0.005559 0.002866 -0.005464 -0.005182 -0.004094 0.003042
1341839852.901899 0.007108 -0.01757 -0.001143 -0.004194 -0.0007013 0.002482
1341839852.937980 -0.002054 0.04148 -0.01334 0.01738 0.002862 -0.000149
1341839852.969844 -0.002092 0.01152 -0.006364 -0.005526 0.001529 -0.001611
1341839853.005873 -0.006183 -0.02727 0.001551 -0.01246 0.003037 0.002616
1341839853.037853 -0.007298 0.03081 -0.01072 0.01435 -0.0007391 0.004532
1341839853.069999 0.003676 0.008859 -0.006662 -0.003864 -0.008409 0.001244
1341839853.105921 0.003074 -0.02158 0.0006154 -0.007467 -0.003442 -0.00104
1341839853.137883 -0.008167 0.03686 -0.01356 0.01674 -0.002018 6.084e-05
1341839853.170078 0.005653 0.009508 -0.007772 -0.003795 -0.007365 -0.0001626
1341839853.205871 0.0009259 -0.009653 -0.003175 -0.006475 -0.001432 -0.001656
1341839853.237899 0.00213 0.01794 -0.01006 0.00575 -0.001117 -0.0002045
1341839853.273915 0.01012 0.0169 -0.007458 0.0002094 -0.0001691 -0.001098
1341839853.305981 -0.01003 0.006244 -0.006972 -0.004957 0.009985 0.001672
1341839853.337978 -0.01443 0.003654 -0.004413 -0.005171 0.005137 0.004291
1341839853.373951 0.01119 -0.006861 -0.004054 -0.003289 -0.007058 -0.002058
1341839853.442054 0.01158 0.03191 -0.01695 0.001734 0.0137 -0.002352
1341839853.505922 -0.04113 0.04212 -0.01612 0.01476 0.01042 0.004523
1341839853.542097 0.02266 0.01429 -0.006103 -0.00687 -0.01392 -0.0008295
1341839853.573956 -0.003609 -0.01109 -0.0006738 -0.01201 0.004284 -0.0005235
1341839853.606086 -0.004124 0.02035 -0.009323 0.003082 0.002089 0.001108
1341839853.641956 0.002733 0.0006572 -0.003102 -0.0071 -0.0001805 -0.001842
1341839853.710154 -0.009386 0.023 -0.01424 0.001621 0.007271 0.0037
1341839853.742061 -0.01196 0.001525 -0.003803 -0.003973 0.002973 0.00338
1341839853.774203 -0.005107 0.01505 -0.007633 0.002483 -0.005484 0.00169
1341839853.809870 0.009356 -0.001723 -0.004619 -0.00545 -0.008512 -0.0002961
1341839853.841862 0.003572 0.001447 -0.005647 0.001192 -0.001515 -0.0008912
1341839853.874056 0.005362 0.02526 -0.01086 0.007067 -0.001027 -0.0009774
1341839853.910043 -0.005669 -0.01009 -0.002651 -0.008128 0.005729 -0.002106
1341839853.941919 -0.01155 0.009386 -0.007332 0.004134 0.003517 0.0008254
1341839853.977952 -0.002001 0.01111 -0.007249 0.00143 -0.003876 0.00232
1341839854.017422 0.009066 -0.006004 -0.002949 -0.002643 -0.005625 0.0005979
1341839854.049528 0.007326 0.0141 -0.008506 0.00615 0.0001124 0.001639
1341839854.080991 -0.00298 0.003548 -0.005065 -0.0002349 0.005352 -0.001058
1341839854.116931 -0.01321 0.00404 -0.00545 0.001822 0.005145 -0.004262
1341839854.148886 -0.02369 0.02072 -0.007968 0.004315 0.001266 0.0008007
1341839854.184921 0.007014 -0.02749 0.00326 -0.01285 -0.01336 0.005498
1341839854.216976 0.0218 0.001725 -0.005 0.009976 -0.01035 0.0009197
1341839854.248759 0.008287 0.0484 -0.01613 0.02006 0.001845 -0.002386
1341839854.284863 -0.01703 -0.01138 -0.0007279 -0.01211 0.01082 -0.005592
1341839854.316904 -0.0191 -0.009784 -0.001721 -0.001117 0.005134 -0.001622
1341839854.352954 -0.01149 0.03704 -0.01228 0.0136 -0.005082 0.002059
1341839854.385229 -0.003237 -0.0109 0.0009135 -0.01094 -0.01095 0.002048
1341839854.417199 0.02988 -0.02164 -0.003719 -0.003878 -0.0173 0.00255
1341839854.452925 0.03213 0.0341 -0.01883 0.01755 -0.004127 -0.0001217
1341839854.484956 -0.01102 0.01434 -0.006849 -0.001748 0.01473 -0.008386
1341839854.520956 -0.01971 -0.01114 -0.003458 -0.008644 0.01153 -0.003916
1341839854.553347 -0.0129 0.008582 -0.005101 0.00273 0.002803 0.003535
1341839854.621017 0.01282 0.01834 -0.01414 -0.0004696 -0.01645 -2.624e-05
1341839854.682031 0.003006 0.01746 -0.01264 -0.0003073 0.002296 -0.005089
1341839854.713930 -0.01245 0.01436 -0.006158 0.001194 0.001792 -0.005252
1341839854.745858 0.006252 0.01362 -0.009047 -0.0012 -0.006982 -0.003797
1341839854.781934 -0.00331 -0.004725 -0.00194 -0.008461 -7.356e-05 -0.00322
1341839854.813894 -0.01267 0.00293 -0.003618 0.001392 0.001415 -0.002793
1341839854.845894 -0.001112 0.03423 -0.01438 0.009966 -0.008445 -0.002571
1341839854.882028 0.02319 -0.01076 -0.002544 -0.01261 -0.01253 -0.004307
1341839854.913923 0.01116 0.006448 -0.009522 0.006396 0.003859 -0.003305
1341839854.950288 -0.02592 0.05358 -0.01234 0.017 0.01503 -0.005043
1341839854.982075 -0.02301 -0.003247 0.001397 -0.01781 0.0009053 -0.006039
1341839855.013812 0.01558 -0.03393 0.004334 -0.01592 -0.01164 0.003996
1341839855.050129 0.02425 0.0284 -0.01455 0.0134 -0.006425 0.003682
1341839855.081800 -0.00114 0.02683 -0.008293 0.002012 0.007198 -0.005966
1341839855.114073 -0.02347 0.002652 -0.002087 -0.007954 0.01103 -0.003795
1341839855.150030 -0.01292 0.008008 -0.003529 -0.005944 0.0006357 0.003274
1341839855.182071 0.001917 -0.008963 0.0006627 -0.009482 -0.006195 0.004293
1341839855.217767 0.004841 0.0176 -0.008694 0.004231 -0.00633 0.002641
1341839855.249960 0.029 0.02153 -0.01071 -0.000785 -0.01243 -0.002458
1341839855.281992 0.0296 -0.01735 0.0007026 -0.01417 0.0006786 -0.003094
1341839855.317935 -0.0334 0.0108 -0.003229 0.003512 0.02777 0.003043
1341839855.349844 -0.0541 0.03167 -0.003198 0.004245 0.01339 0.005915
1341839855.381947 0.01573 -0.02818 0.005597 -0.01446 -0.02497 0.0092
1341839855.417890 0.05151 0.0109 -0.01436 0.008158 -0.02094 0.006422
1341839855.449975 0.02978 0.02466 -0.01137 0.004353 0.004395 -0.0005899
1341839855.485969 -0.03118 -0.01429 0.003721 -0.006736 0.02512 -0.003777
1341839855.517935 -0.02544 0.02336 -0.0104 0.01014 0.008214 -0.0005652
1341839855.549932 0.001974 0.009426 -0.007312 -0.002443 -0.007978 0.003293
1341839855.585931 0.01482 -0.03024 -0.0002953 -0.007173 -0.009353 0.005147
1341839855.617868 0.01193 0.01754 -0.01544 0.01828 -0.004384 0.003156
1341839855.653959 0.01922 0.02752 -0.01426 0.008668 -0.0007917 -0.003651
1341839855.686629 -0.01966 -0.02091 0.005081 -0.01124 0.01708 -0.005556
1341839855.717974 -0.01846 -0.004229 -0.004094 0.006858 0.006665 0.001569
1341839855.754217 0.0128 0.03386 -0.0161 0.01743 -0.007088 0.004114
1341839855.785976 0.004367 -0.003057 -0.004555 -0.004053 0.0006398 -0.001457
1341839855.817884 0.01013 -0.004075 -0.006004 0.001248 0.001866 -0.0006447
1341839855.853954 0.008384 0.02518 -0.01154 0.01074 0.007032 0.001669
1341839855.885819 -0.02823 -0.004649 0.0007742 -0.003929 0.0176 0.002894
1341839855.921856 -0.0182 0.009511 -0.004904 0.005545 0.0006268 0.005606
1341839855.953959 0.02559 0.0123 -0.01001 0.003954 -0.01717 0.005654
1341839855.985984 0.02884 -0.007403 -0.005694 -0.003662 -0.003249 0.00384
1341839856.021829 -0.01318 0.014 -0.005039 0.006465 0.01553 0.0005717
1341839856.053782 -0.01689 0.008305 -0.004893 0.00178 0.006059 0.002096
1341839856.086616 0.007016 0.0002318 -0.005762 -0.0004648 -0.005165 0.006109
1341839856.121800 0.0001778 0.00795 -0.005864 0.002799 -0.0004576 0.003543
1341839856.153957 0.0005597 -0.00583 -0.00388 -0.001338 -0.001724 0.001887
1341839856.190048 0.02074 0.01301 -0.01116 0.009119 -0.004234 0.004598
1341839856.222015 0.002296 0.01508 -0.008088 0.005737 0.008097 0.003471
1341839856.253873 -0.01295 0.01242 -0.005044 0.003806 0.009438 0.002687
1341839856.289840 0.001252 0.02131 -0.01033 0.0053 -0.002773 0.002343
1341839856.321942 0.005445 0.01572 -0.007548 -0.002506 -0.00263 0.002127
1341839856.353811 -0.003604 -0.02352 0.004917 -0.01567 0.003328 0.003393
1341839856.390102 0.007953 0.0138 -0.006424 0.008267 0.001468 0.005925
1341839856.422082 0.001512 0.04659 -0.01422 0.01504 0.002535 0.003155
1341839856.457814 -0.01838 -0.003006 0.002868 -0.01257 0.006792 0.002865
1341839856.489904 -0.007502 -0.01049 0.002284 -0.005915 -0.0009281 0.007446
1341839856.521972 0.006157 0.02144 -0.01052 0.00921 -0.007662 0.005704
1341839856.557920 0.01278 -0.002016 -0.006247 -0.003709 -0.005492 -2.156e-05
1341839856.589888 0.009563 0.0002792 -0.005141 -3.383e-06 0.003769 -0.0001337
1341839856.622023 -0.01062 0.0195 -0.00708 0.008332 0.01072 0.002057
1341839856.657871 -0.01664 0.006884 -0.005246 0.002529 0.004934 0.00489
1341839856.689931 0.006674 0.00524 -0.008797 0.003854 -0.005794 0.005524
1341839856.725899 0.009832 0.002304 -0.007593 0.002389 -0.001823 0.004043
1341839856.757992 0.003682 0.02057 -0.01105 0.01054 0.002768 0.001292
1341839856.790085 -0.01152 0.02102 -0.0103 0.005822 0.004863 -0.002092
1341839856.839656 -0.009668 -0.006937 -0.002649 -0.006255 0.001862 0.002058
1341839856.894594 0.003407 0.01864 -0.01525 0.009839 -0.002154 0.003748
1341839856.926373 0.0008504 0.004604 -0.006333 0.001296 0.0002928 -0.0004877
1341839856.958224 -0.0006781 0.01821 -0.009945 0.00533 0.001297 0.0004348
1341839857.004395 -0.01198 -0.01041 9.264e-05 -0.007231 0.005118 0.002661
1341839857.058153 0.006789 0.02927 -0.01915 0.01327 -0.005765 0.002958
1341839857.094172 0.005391 -0.005234 -0.003097 -0.005394 0.001637 -0.0001634
1341839857.127349 -0.003102 -0.004331 -0.001681 -0.0007447 0.007735 0.001644
1341839857.161937 -0.006539 0.0169 -0.008072 0.01049 0.004925 -0.0001396
1341839857.193984 -0.0004796 0.02954 -0.01265 0.01082 -0.001633 0.0008591
1341839857.226017 -0.01618 -0.008914 0.00157 -0.01011 0.003493 -0.0006827
1341839857.261913 -0.0009619 -0.01468 4.984e-05 -0.002528 -0.002287 0.001707
1341839857.294048 0.01305 0.02657 -0.01382 0.01406 -0.004948 -0.001103
1341839857.325950 0.003625 0.02604 -0.008754 0.002398 0.001055 -0.004705
1341839857.361866 -0.1358 0.398 -0.1344 0.209 0.07131 -0.003163
1341839857.394079 -0.01576 -0.002004 -0.003807 0.004095 0.005765 0.002386
1341839857.429949 -0.004465 0.01784 -0.009868 0.004777 -0.0003304 -0.001559
1341839857.461927 0.01118 -0.03671 0.009632 -0.02619 -0.002149 4.869e-05
1341839857.494284 -0.01074 0.004342 -0.003017 0.0002515 0.007695 0.001005
1341839857.529868 -0.005524 0.01392 -0.007656 0.005875 -6.486e-05 -0.001551
1341839857.561886 0.01706 0.02551 -0.009586 0.00616 -0.006997 -0.00327
1341839857.594054 -0.004874 0.007332 -0.0037 -0.005994 0.006112 -0.0004183
1341839857.629788 -0.03013 0.004197 -0.0017 -0.002344 0.008722 -0.002087
1341839857.661962 -0.008549 0.03334 -0.01464 0.009283 -0.00944 -0.003769
1341839857.697990 0.02559 0.00817 -0.001477 -0.007221 -0.01679 -0.0001427
1341839857.729964 -0.001613 -0.004382 -0.0006599 -0.007046 0.003933 -0.002383
1341839857.762022 -0.02577 0.03972 -0.01635 0.01196 0.005004 -0.006029
1341839857.798680 -0.1681 0.3339 -0.1646 0.1694 0.07449 -0.007282
1341839857.829963 0.009526 -0.03047 0.01064 -0.02046 -0.01104 -0.0005559
1341839857.865820 -0.004064 0.001399 -0.004314 -0.0004852 0.001475 -0.004125
1341839857.897849 0.01331 0.03113 -0.007668 0.009416 -0.002671 -0.007897
1341839857.929959 0.004479 0.02261 -0.009901 0.00207 0.005455 -0.004492
1341839857.965946 -0.0253 0.01336 -0.009805 -0.003389 0.01133 -0.001652
1341839857.997930 -0.01377 0.0009826 -0.00151 -0.005 -0.0007673 -0.001702
1341839858.030063 0.006668 0.02216 -0.009745 0.005316 -0.008245 -0.0007894
1341839858.065790 -0.005832 0.02708 -0.01088 0.0008285 -0.002651 -0.0001514
1341839858.097903 -0.01194 -0.01202 0.00403 -0.01095 -0.00215 -0.001266
1341839858.134029 0.01042 0.02024 -0.005137 0.007309 -0.008608 -0.002732
1341839858.198009 0.003195 0.0357 -0.01608 -0.002883 0.009841 -0.01165
1341839858.233911 -0.03842 0.0123 -0.009527 -0.003473 0.008533 -0.002583
1341839858.265831 0.01411 0.009239 0.003544 -0.004253 -0.0158 0.002222
1341839858.297894 -0.09423 -0.09661 -0.4101 -0.01876 0.04693 -0.02112
1341839858.334040 -0.005666 0.03722 0.001327 0.008047 0.007151 -0.005876
1341839858.365902 -0.001187 0.008306 -0.0008294 -0.004814 0.004863 -0.007996
1341839858.401915 -0.01367 0.001758 -0.00627 -0.004189 0.009955 -0.005416
1341839858.433884 -0.03044 0.03104 -0.001378 0.00629 0.01022 0.001878
1341839858.465923 -0.008846 -0.009548 0.00591 -0.006799 -0.005167 0.001774
1341839858.501898 0.02344 0.01301 -0.01199 0.007508 -0.01444 -0.003445
1341839858.533842 0.01971 0.02996 -0.01448 0.00635 -0.003367 -0.005976
1341839858.565881 -0.03264 -0.01354 0.003671 -0.01056 0.01783 -0.00363
1341839858.601865 -0.02291 -0.008464 -0.002131 0.0009566 0.003636 -0.002455
1341839858.633984 0.02119 0.03954 -0.01859 0.0158 -0.0132 -0.0007725
1341839858.669940 -0.00676 0.02125 0.002383 -0.00275 0.002879 -0.004353
1341839858.702025 -0.02084 -0.03106 0.004696 -0.01348 0.005691 -0.003021
1341839858.733908 0.01137 0.03285 -0.01676 0.01497 -0.008275 -0.0008493
1341839858.769859 0.005214 0.02948 -0.003048 0.002521 -0.001821 -0.003611
1341839858.801885 -0.02276 -0.02096 0.00226 -0.01202 0.009765 -0.0006175
1341839858.833866 -0.01077 0.01658 -0.01213 0.006986 -4.816e-05 0.002339
1341839858.869844 0.01216 0.02158 -0.003205 0.002955 -0.01022 -0.003373
1341839858.901863 0.01675 -0.01214 -0.009024 -0.007542 -0.003416 -0.004738
1341839858.937959 -0.01413 0.02178 -0.01104 0.005697 0.01268 0.0001444
1341839858.969922 -0.02319 -0.0001696 0.001334 -0.003174 0.009502 0.0006969
1341839859.001906 -0.00532 0.009242 -0.009929 0.00471 -0.001739 0.002313
1341839859.037871 -0.007392 0.03611 -0.008198 0.009773 -0.002659 0.001387
1341839859.069857 0.0007966 -0.001061 -0.002911 -0.007071 -0.006247 0.001068
1341839859.105853 -0.001702 0.01055 -0.009421 0.0004038 -0.00369 0.0001631
1341839859.137820 -0.004214 0.0292 0.0001221 0.004001 -0.004211 -0.0001501
1341839859.169829 0.009354 0.004207 -0.00643 -0.006107 -0.006286 -0.0003753
1341839859.205812 0.001376 0.0006345 -0.00331 -0.005405 0.0001034 -0.001909
1341839859.237948 0.008661 0.01144 -0.007983 0.001538 -0.0007704 -0.005286
1341839859.269941 -0.01998 0.01607 -0.007922 0.0006501 0.01503 0.007103
1341839859.305936 -0.04793 0.00712 -0.001556 -0.003126 0.01311 0.01404
1341839859.338106 -0.003455 0.0181 0.003985 0.005033 -0.01772 0.006028
1341839859.373933 0.03285 0.03739 -0.005369 0.009072 -0.02603 0.002608
1341839859.405964 0.02413 -0.01821 0.000185 -0.01315 -0.007036 0.0003838
1341839859.437999 0.002756 -0.01935 -0.01219 -0.003536 0.008316 0.001141
1341839859.473899 -0.007917 0.03899 -0.01424 0.01656 0.01139 0.002962
1341839859.505881 -0.01471 0.005556 -0.00189 -0.001159 0.01076 0.003737
1341839859.537923 -0.009685 0.007306 -0.009177 0.003666 0.003872 0.005065
1341839859.573971 0.006279 0.04243 -0.004591 0.01208 -0.005645 0.002222
1341839859.606042 0.006647 -0.02169 0.002641 -0.01232 -0.001634 -0.001839
1341839859.641861 -0.001328 -0.001114 -0.0133 0.002588 0.005431 -0.0005643
1341839859.673839 -0.004216 0.04824 -0.01068 0.01372 0.003953 -0.001474
1341839859.706001 -0.02696 -0.002422 0.004653 -0.01162 0.007984 -0.004656
1341839859.741952 -0.02468 -0.003388 0.006738 -0.005685 0.0001451 0.003445
1341839859.774014 0.01759 -0.004456 0.003389 -0.0001613 -0.01763 0.003732
1341839859.805853 0.04337 -0.005051 -0.0213 0.00267 -0.01604 -0.003261
1341839859.842082 0.007339 0.03571 -0.01909 0.008642 0.007584 -0.004822
1341839859.910357 -0.05316 -0.03749 -0.009468 -0.01908 0.02062 -0.005312
1341839859.941846 0.006329 0.05194 0.007812 0.02219 -0.003044 0.001135
1341839859.974055 -0.0003007 -0.000967 0.002612 -0.01346 -0.001358 -0.001746
1341839860.010232 -0.0006084 -0.0355 -0.01449 -0.009252 -0.003117 0.001747
1341839860.041967 0.01318 0.02872 -0.005211 0.0199 -0.003782 0.0004207
1341839860.077894 -0.004638 0.005591 -0.002879 -0.003758 0.01017 -0.002815
1341839860.109987 -0.04057 -0.02589 -0.01312 -0.01317 0.02117 0.005223
1341839860.141917 -0.01802 0.007763 0.002005 0.006562 0.004051 0.008204
1341839860.177902 0.02274 0.01234 0.0028 0.005393 -0.01418 0.002772
1341839860.209829 0.01572 -0.001952 -0.005777 -0.001657 -0.005604 0.0005996
1341839860.242114 -0.002205 -0.008841 -0.007944 -0.005043 0.006698 0.001918
1341839860.278013 -0.02014 -0.005408 -0.00557 -0.002638 0.01195 0.002006
1341839860.310067 -0.009596 0.001629 -0.003735 0.002863 0.00271 0.002952
1341839860.345859 0.01337 0.007715 0.000247 0.003089 -0.005026 0.001585
1341839860.378795 0.001354 -0.004036 -0.004676 -0.002458 0.001615 3.522e-05
1341839860.446011 -0.01087 -0.0005812 -0.006445 0.00445 0.006396 0.002885
1341839860.477890 -0.0004466 -0.003474 -0.002986 -0.002976 0.001701 0.002499
1341839860.545831 -0.008549 0.00982 0.0001578 0.007907 0.002656 0.0006591
1341839860.577976 0.0001999 0.008825 0.005293 -0.002811 -0.001635 0.0003883
1341839860.614165 0.00496 -0.02237 -0.004408 -0.01037 -0.00355 0.0003792
1341839860.645895 -0.001775 0.0116 0.001098 0.008948 -0.0002464 0.002094
1341839860.678150 0.01052 0.01715 0.009215 0.001328 -0.004594 0.001857
1341839860.713931 -0.002053 -0.02878 -0.004296 -0.0169 -0.000133 -0.001158
1341839860.745925 -0.004565 -0.008137 -0.005284 0.003282 0.0003693 0.003595
1341839860.777879 0.004544 0.02799 0.00826 0.008798 -0.001084 0.002481
1341839860.813880 -0.005316 -0.02389 -0.001621 -0.01584 0.002784 -0.0007652
1341839860.881962 -0.001909 0.01844 0.00798 0.008904 -0.004006 0.002177
1341839860.913833 0.007207 -0.0148 -0.0001435 -0.009967 -0.00386 -0.001241
1341839860.945899 0.001485 -0.0167 -0.007311 -0.0009058 -0.001389 0.001488
1341839860.981862 0.002289 0.01717 0.0001424 0.007735 0.002677 -0.0001054
1341839861.014122 -0.01569 -0.004653 0.001399 -0.00844 0.008606 -0.003063
1341839861.045923 -0.01064 -0.0233 -0.006195 -0.008215 0.002623 -0.0004706
1341839861.082003 0.001648 0.01069 -0.0002124 0.007608 -0.0004423 0.0001651
