1305031229.564425 0.01334 -0.0004859 -0.0131 0.004737 0.06061 -0.002879
1305031229.596600 -0.007134 0.01423 0.01323 0.01164 0.05136 -0.01026
1305031229.628753 0.00453 -0.008761 -0.008502 0.0006684 0.03518 -0.007042
1305031229.664657 -0.004917 0.01102 0.002369 0.008271 0.04396 0.0001043
1305031229.696827 -0.0009061 -0.003576 -0.004111 -0.002543 0.02397 -0.005694
1305031229.729064 0.00961 -0.006389 -0.004606 -0.005302 0.03512 -0.005004
1305031229.764848 -0.004472 0.00378 0.003749 0.002899 0.04362 -0.009067
1305031229.796909 0.003779 -0.002945 -0.003548 -0.002768 0.0314 -0.009193
1305031229.825613 0.008116 -0.000611 -0.001378 -0.0004472 0.04066 -0.009963
1305031229.863055 -0.0004828 0.0007058 -0.001406 0.0009341 0.04548 -0.01059
1305031229.896929 0.005611 -0.00161 -0.0007096 -0.002804 0.04158 -0.007581
1305031229.926248 0.004686 0.000655 -0.0001139 0.0005488 0.04987 -0.008412
1305031229.966160 0.001725 0.0005778 0.0007043 0.0009578 0.04689 -0.009982
1305031229.997917 -0.000281 0.0004592 0.0005681 0.001241 0.04041 -0.005385
1305031230.029991 0.002201 0.0003571 -0.001216 0.001176 0.03373 -0.002843
1305031230.065687 0.001882 0.002548 -0.001289 0.001048 0.03201 -0.003549
1305031230.098242 0.0006362 -0.003287 3.215e-06 -0.003243 0.03164 -0.003363
1305031230.129919 0.002504 -3.513e-05 -0.0006599 0.002048 0.02859 -0.002649
1305031230.165771 0.002707 0.0008223 -0.001281 0.002946 0.02853 -0.003205
1305031230.197772 0.002766 -8.577e-05 -0.0007874 0.0005501 0.02912 -0.0003597
1305031230.229830 0.004023 0.001558 -0.0003813 0.002781 0.02871 -0.003242
1305031230.265580 0.00297 -0.0009249 0.0001644 0.0002361 0.03163 -0.003086
1305031230.297982 0.0007315 0.001054 -0.002761 0.003766 0.03383 -0.004763
1305031230.325685 0.002602 0.001958 -0.0003718 -0.0003235 0.03201 -0.003815
1305031230.365650 0.003251 -0.0025 0.0007189 -0.0008319 0.03362 -0.002968
1305031230.397265 0.001589 0.0009542 -0.002164 0.003637 0.03695 -0.006743
1305031230.425670 0.005631 0.0007998 0.0006326 0.003302 0.03675 -0.008554
1305031230.465220 0.007492 0.002017 0.0004105 0.004871 0.04444 -0.008888
1305031230.497228 0.004859 -0.001413 -0.001602 0.005383 0.05498 -0.007115
1305031230.526720 0.002179 0.002052 -0.003769 0.006765 0.05915 -0.009667
1305031230.566084 0.003336 -0.003997 -0.002409 0.002413 0.05664 -0.004324
1305031230.598825 0.00108 -0.0007946 -0.004172 0.006739 0.05805 -0.003911
1305031230.626028 0.001815 -0.002526 -0.002049 0.004162 0.05423 -0.002587
1305031230.665795 -7.293e-05 -0.005477 -0.004521 0.004951 0.04627 -0.0001918
1305031230.697932 -0.001162 -0.0005744 -0.006122 0.005354 0.04061 -0.00272
1305031230.725671 0.004338 0.0001165 -0.0007102 0.004995 0.03804 -0.004749
1305031230.765854 0.00258 -9.247e-05 -0.004045 0.004376 0.04128 -0.003798
1305031230.797303 0.0003153 0.000574 -0.00483 0.0003801 0.04425 -0.003237
1305031230.825729 0.005065 0.002843 0.004215 0.001014 0.04409 -0.006396
1305031230.865523 0.00103 0.0007501 -0.002812 0.001415 0.04853 -0.004408
1305031230.897379 0.0006035 -0.002197 -0.002549 -0.002545 0.04729 8.191e-05
1305031230.925860 -0.0009598 -0.007017 -0.007816 -0.003463 0.03868 0.003147
1305031230.964976 -0.001752 -0.009101 -0.009526 -0.004686 0.02525 0.004822
1305031230.997080 -0.00472 -0.008695 -0.008719 -0.002631 0.01493 0.002535
1305031231.025653 -0.007696 -0.00845 -0.009736 -0.003551 0.007511 0.002848
1305031231.064422 -0.003231 -0.004856 -0.002331 -0.003916 -0.001165 0.003075
1305031231.096775 0.005476 -0.0006193 0.007251 0.000713 -0.005967 0.0008772
1305031231.125728 -0.006311 0.003665 -0.00937 0.00202 -0.0009593 -0.001743
1305031231.165241 -0.0015 -0.006165 0.001495 -0.003962 -0.005798 0.001164
1305031231.197747 -0.004103 -0.01017 -0.006489 -0.002316 -0.01532 0.004604
1305031231.225711 -0.005985 -0.00369 0.0001622 -0.005588 -0.03066 0.005672
1305031231.265594 0.001083 -0.002543 0.01238 -0.003417 -0.0485 0.005403
1305031231.297846 -0.002927 0.0004379 0.002235 -0.002337 -0.06096 0.003858
1305031231.325741 -0.003382 0.001133 0.006877 -0.0007548 -0.0654 0.004854
1305031231.365066 -0.005106 0.002334 0.0004681 0.001443 -0.06153 0.006357
1305031231.397128 -0.00161 0.0005162 0.003505 -0.001382 -0.05903 0.004728
1305031231.425688 -0.001702 -0.0004719 0.003435 0.00152 -0.05134 0.0006267
1305031231.464918 -0.003925 0.0005323 0.0002621 0.00367 -0.04297 3.759e-05
1305031231.493669 -0.004261 0.0009234 0.0008818 0.001764 -0.03999 -7.274e-05
1305031231.525755 -0.002629 -4.308e-05 0.001794 0.001166 -0.03951 -0.0006533
1305031231.565052 -0.00213 -0.0001574 0.004071 0.001276 -0.03638 0.0006515
1305031231.593737 -0.003685 0.0003975 -0.001371 0.00282 -0.03649 0.001682
1305031231.625704 -0.00328 0.0005184 0.0006816 2.992e-05 -0.0374 0.003181
1305031231.665045 -0.002027 0.0004685 0.003362 -0.0008454 -0.03678 0.00375
1305031231.693702 -0.00067 -0.001553 0.0004625 -0.0004217 -0.03961 0.006074
1305031231.725886 -0.001549 -0.00276 -2.155e-05 -0.001261 -0.04278 0.009945
1305031231.765478 -0.001117 -0.002516 -0.0009968 0.0005831 -0.05111 0.01216
1305031231.793723 -0.00221 0.0008666 0.001717 0.003113 -0.053 0.01084
1305031231.825686 -0.003708 -0.0004005 -0.001312 0.0009584 -0.05328 0.01259
1305031231.864940 -0.002887 -0.0006821 0.0009219 -0.00196 -0.06001 0.01474
1305031231.893727 -0.001016 -6.561e-05 0.002455 -0.0001115 -0.05856 0.01276
1305031231.925706 -0.002505 0.0007103 -0.000947 0.0004136 -0.0516 0.008836
1305031231.965010 -0.002215 0.00055 0.003413 -0.001902 -0.0494 0.008994
1305031231.993726 0.002478 -0.0008649 0.0002084 -0.0008448 -0.04504 0.00548
1305031232.025790 -0.0069 0.0005872 0.001336 -0.001377 -0.03732 0.003429
1305031232.065122 -0.003618 -0.001226 0.001606 -0.002703 -0.0443 0.006232
1305031232.093725 -0.0008959 -0.001378 -0.001867 -0.00157 -0.04194 0.003801
1305031232.125662 0.0006645 -0.0001667 0.0002733 -0.002803 -0.03969 0.004439
1305031232.165032 -0.001905 -0.001612 0.002141 -0.004095 -0.03443 0.004211
1305031232.193716 -0.00398 -0.001153 0.003778 -0.001603 -0.03486 0.004667
1305031232.225683 -0.002369 -0.001123 -0.001286 -0.0009963 -0.03792 0.00682
1305031232.262691 -0.002333 -0.001026 0.00257 -0.002973 -0.03712 0.006724
1305031232.293855 -0.001739 -0.003215 0.00118 -0.0009293 -0.0399 0.006395
1305031232.325619 0.001904 -0.001975 -0.001646 -0.002788 -0.0382 0.00686
1305031232.364738 0.001383 -0.006206 0.00196 -0.005613 -0.03263 0.004333
1305031232.393714 0.0005471 -0.003001 0.0008274 -0.0007303 -0.0271 0.003841
1305031232.425721 0.0002531 -0.002825 -0.0005619 -0.0015 -0.02135 0.002912
1305031232.464703 0.0006391 -7.388e-05 0.0005695 -0.0005471 -0.01787 0.004581
1305031232.493650 -0.001981 0.002879 0.002623 0.002793 -0.01914 0.005032
1305031232.525781 -0.001545 0.0006314 0.002001 0.001521 -0.02488 0.006257
1305031232.564714 0.001453 0.0001733 -0.0002106 -0.0001543 -0.02652 0.006025
1305031232.593722 -0.003253 0.002297 0.004679 0.002192 -0.02518 0.006633
1305031232.625783 -0.001749 0.001383 0.002814 0.003525 -0.03239 0.008337
1305031232.664695 0.002545 -0.001749 -0.004081 -0.001315 -0.03301 0.006976
1305031232.693701 -0.002779 0.0003277 0.004339 -0.00304 -0.02571 0.006858
1305031232.725876 -0.003342 0.002683 0.005426 0.003529 -0.03132 0.009473
1305031232.761719 0.001579 -0.0008945 -0.001794 0.001151 -0.03861 0.01099
1305031232.793672 0.002009 -0.0007549 -0.0003234 -0.004696 -0.03654 0.01107
1305031232.825767 -0.003573 -0.002739 0.005742 -0.002591 -0.02901 0.00367
1305031232.861666 0.001785 -0.001992 0.0001513 -0.0004955 -0.02868 0.003031
1305031232.893683 0.001768 -0.005482 2.747e-06 -0.00551 -0.01828 -0.004633
1305031232.925756 -9.706e-05 -0.004701 0.0008396 -0.003618 -0.005687 -0.00916
1305031232.961662 -0.001951 -0.0006704 0.0018 -0.00231 -0.0002482 -0.00445
1305031232.993641 -0.0003976 -0.007965 0.004616 -0.001672 0.001844 -0.01367
1305031233.025746 0.01715 -0.01218 -0.005226 -0.01044 0.01952 -0.01731
1305031233.061697 0.00068 -0.000594 0.004667 -0.005939 0.04653 -0.02051
1305031233.093701 0.0132 -0.006065 0.005714 -0.006029 0.05115 -0.02227
1305031233.125846 -0.01369 0.01175 0.007261 0.0115 0.06346 -0.01359
1305031233.161744 -0.006746 0.007376 0.007873 0.01384 0.02517 -0.006352
1305031233.193761 0.0008627 -0.0002486 -0.0004002 0.01334 0.01319 -0.001939
1305031233.225763 0.01015 -0.01114 -0.01304 0.001133 0.01343 -0.01051
1305031233.261687 0.01113 -0.01234 -0.005786 -0.01138 0.04151 -0.01254
1305031233.293802 0.01792 -0.01836 0.0001242 -0.009511 0.06005 -0.0238
1305031233.325798 0.01346 -0.004271 -0.0111 0.002598 0.09702 -0.02055
1305031233.361800 -0.002351 0.007059 0.008913 0.008777 0.0953 -0.02107
1305031233.393685 0.006344 -0.004183 -0.005008 0.003726 0.07764 -0.0124
1305031233.425708 0.009907 0.0007645 -0.004962 0.003532 0.07484 -0.01021
1305031233.461836 -0.005465 0.002784 0.004245 0.002805 0.05608 -0.008157
1305031233.493692 -0.000937 -0.00163 -0.002734 -0.0007758 0.02972 0.003098
1305031233.525708 0.007406 0.001041 -0.001849 -4.782e-05 0.02357 0.002841
1305031233.561785 0.007699 -0.001289 -0.001127 2.667e-05 0.03294 -0.003176
1305031233.593760 0.009602 0.0004851 -0.00477 -0.0005466 0.04642 -0.005868
1305031233.625707 0.001148 -0.000529 0.001149 -0.001456 0.05657 -0.007294
1305031233.661700 -0.002152 -0.002333 0.002028 -0.001084 0.04775 -0.006024
1305031233.693779 -0.008364 -0.002901 -0.005048 -0.001923 0.04046 -0.001881
1305031233.725575 -0.0119 -0.009639 -0.002543 -0.008619 0.0206 0.006888
1305031233.761643 -0.006815 -0.005087 -0.001047 -0.001107 -0.004242 0.007874
1305031233.793747 -0.0007873 3.784e-05 9.616e-05 0.005371 -0.01577 0.006116
1305031233.825687 0.0008 0.007175 -0.001444 0.007429 -0.01025 0.001474
1305031233.861613 0.003478 0.0002803 0.003321 -0.00318 -0.003785 0.0004346
1305031233.893718 -0.00057 0.00059 -0.0006856 -0.001194 0.005068 -0.001795
1305031233.925841 -0.005919 0.00267 -0.002436 -0.003967 0.006752 -0.004098
1305031233.961748 -0.003788 -0.001701 -0.0007042 -0.0118 -0.000278 0.0005494
1305031233.993722 -0.005225 0.006062 -0.001987 -0.01029 -0.002554 0.0008668
1305031234.025786 -0.00115 -0.005219 0.001975 -0.02334 -0.008962 0.002957
1305031234.061675 -0.00285 0.001621 -0.0007446 -0.01548 -0.01009 0.0006193
1305031234.093790 0.0008745 0.001648 0.001106 -0.01913 -0.01207 0.00189
1305031234.129606 -4.197e-05 0.0007793 0.0002949 -0.02309 -0.007897 0.004298
1305031234.161729 0.001357 -0.006228 0.002025 -0.02489 -0.009115 0.00252
1305031234.193710 -0.0009651 0.009254 -0.002539 -0.01286 -0.004261 -0.001484
1305031234.229746 -0.0005218 -0.005059 0.00182 -0.02977 -0.003945 0.001698
1305031234.261752 7.788e-05 -0.00418 0.0004285 -0.02054 -0.004661 0.001157
1305031234.293697 -0.001211 0.005764 -0.002402 -0.01352 -0.00306 -0.002741
1305031234.329654 0.0002618 0.0001132 0.0002581 -0.02462 -0.001721 0.001578
1305031234.361612 0.0001633 -0.00383 0.001039 -0.02346 -0.001209 0.001537
1305031234.393723 -0.0009929 0.002864 -0.001163 -0.01802 -0.0008403 -0.001232
1305031234.429703 -0.00298 0.007018 -0.002729 -0.02176 0.0005198 0.002018
1305031234.461690 0.0001651 -0.003256 0.002749 -0.03514 -0.004487 0.003701
1305031234.493831 -0.001553 0.003012 -0.001073 -0.02502 -0.002924 -0.0004677
1305031234.529645 0.001551 0.009904 0.001264 -0.03054 -0.003974 -0.00134
1305031234.561675 0.0008946 -0.005469 0.00372 -0.04228 0.002423 0.001422
1305031234.593780 -0.0009222 0.004106 -0.0004426 -0.03089 0.003002 0.000522
1305031234.630013 -0.0009856 0.002533 0.001313 -0.03764 1.835e-06 0.001682
1305031234.661618 0.0001645 -0.0007163 0.00193 -0.03547 -0.0002731 0.003976
1305031234.693750 -8.51e-05 0.00165 0.001426 -0.03589 -0.001922 0.005896
1305031234.729764 0.0008335 0.0008948 0.001689 -0.03455 -0.001274 0.003923
1305031234.761815 0.0007721 0.004579 0.001181 -0.03688 -0.002113 0.005454
1305031234.793716 0.001143 -0.009208 0.005324 -0.03793 -0.000392 0.001285
1305031234.829772 -0.0009679 0.003414 -0.0008427 -0.02173 8.322e-05 0.005094
1305031234.861873 0.00191 -0.005167 0.004007 -0.02543 -0.003067 0.00321
1305031234.893760 -0.0008695 -0.004326 0.003236 -0.01517 0.0005659 0.0041
1305031234.929666 -0.001951 -0.009176 0.01063 -0.002109 -0.0002195 0.001095
1305031234.961659 0.002304 -6.64e-06 -0.002539 0.01159 -0.0002409 -0.00287
1305031234.993749 -0.0008574 -0.005003 0.002339 0.0192 0.005258 -0.002839
1305031235.029701 -0.0004832 0.002226 -0.006056 0.02101 0.002939 -0.00439
1305031235.061591 0.0004422 -0.006504 0.001658 0.02259 0.005221 -0.003429
1305031235.093621 -0.002757 -0.001088 -0.004021 0.02797 0.004021 -0.002039
1305031235.129679 0.0002225 0.004318 -0.004777 0.02555 0.000534 -0.005561
1305031235.161491 0.0007083 -0.008172 0.002889 0.01961 0.004448 -0.0003107
1305031235.193605 -0.004827 0.0004181 -0.005471 0.0361 0.003019 -0.002935
1305031235.229635 0.002389 -0.00157 -0.00172 0.026 -0.002755 -0.003183
1305031235.261629 -0.001976 -0.001827 -0.002429 0.02878 0.002776 0.0009851
1305031235.293677 -0.001775 -0.006346 -0.000503 0.0279 -0.0009833 0.001046
1305031235.329649 -0.001027 -0.003751 -0.002039 0.0366 -0.003451 -0.0003721
1305031235.361653 -6.306e-05 0.003738 -0.003879 0.03787 -0.003795 -0.002413
1305031235.393686 0.003382 -0.007443 0.001189 0.02838 -0.001098 -0.001608
1305031235.429666 -0.001982 -0.00184 -0.003324 0.04514 0.003598 -0.003517
1305031235.461669 -0.001838 0.001513 -0.004404 0.03827 0.00211 -0.009647
1305031235.493665 0.0002021 -0.001208 -0.002133 0.03743 0.002763 -0.00463
1305031235.529738 -0.00136 -0.00195 -0.002967 0.03862 0.003731 -0.004579
1305031235.561675 -0.001151 -0.0008125 -0.003287 0.03621 0.001401 -0.005848
1305031235.593726 -0.0006683 -0.004688 -0.002967 0.03842 0.001613 -0.004646
1305031235.629798 -0.001104 0.0002141 -0.003281 0.04001 0.001415 -0.004998
1305031235.661669 -5.768e-05 -0.00263 -0.002415 0.03989 0.001766 -0.006296
1305031235.693698 -0.002172 0.0003047 -0.004982 0.043 0.004514 -0.007691
1305031235.729661 -0.002215 -0.002277 -0.004985 0.03951 0.006231 -0.006776
1305031235.761818 -0.003035 -0.006308 -0.004625 0.03838 0.005485 -0.005703
1305031235.793628 0.0002988 -0.003266 -0.002156 0.03974 -0.0005085 -0.007205
1305031235.829663 -0.0003438 -0.002834 -0.004314 0.03688 -4.17e-05 -0.004957
1305031235.861603 -0.0012 -0.001656 -0.004213 0.03632 -0.0006612 -0.003865
1305031235.893698 -0.001566 -0.002274 -0.00295 0.034 0.0003843 -0.003765
1305031235.929664 -0.0009653 -0.0009228 -0.003605 0.02955 4.475e-05 -0.004532
1305031235.961704 -0.001375 -0.002105 -0.003713 0.03099 0.001954 -0.002129
1305031235.993673 0.0008162 -0.002992 -0.003663 0.02414 -0.001436 -0.00326
1305031236.029652 -0.0003492 -0.002564 -0.00113 0.0239 -0.0005789 -0.002648
1305031236.061630 -0.0003364 -0.005953 -0.004541 0.02104 -0.0007069 -0.00421
1305031236.093688 -0.001084 0.0004179 -0.004102 0.01734 -8.515e-05 -0.001066
1305031236.129660 -0.0001244 -0.005123 -0.003342 0.009405 -0.002928 0.0008127
1305031236.161670 0.001101 -0.001367 -0.0002952 0.009783 -0.003452 -0.002154
1305031236.193597 -0.0006686 -0.003674 -0.002227 0.01094 -0.002674 -0.003782
1305031236.229721 -0.001458 -0.003567 -0.006695 -0.0005469 -0.002329 0.002
1305031236.261669 -4.948e-05 -0.0005801 -0.002311 -0.008084 -0.003599 0.004549
1305031236.293648 -6.64e-05 -0.0001333 -0.003662 -0.01286 -0.002497 0.001657
1305031236.329663 -0.0006722 0.000164 -0.0005784 -0.02243 4.673e-06 -0.0002075
1305031236.361588 1.453e-05 0.0002994 0.001369 -0.02355 0.002701 -0.001123
1305031236.393685 -0.0002244 0.0007282 0.002266 -0.02587 0.003199 0.001122
1305031236.429662 0.002277 -0.0009445 0.003982 -0.03041 -0.001731 -0.0006348
1305031236.461654 -0.0007678 0.001559 0.004151 -0.0324 -0.000375 0.00192
1305031236.493658 0.0001094 -0.0002234 0.003439 -0.03011 -0.0004077 0.00325
1305031236.529695 0.0009248 0.00163 0.004031 -0.03489 -0.0003562 0.0043
1305031236.561678 0.001178 0.0003775 0.006371 -0.0319 -0.002132 0.007097
1305031236.593682 0.003871 -0.0003497 0.003361 -0.03698 -0.004475 0.004606
1305031236.629642 -0.0006455 0.003429 0.00634 -0.03432 0.001054 0.005686
1305031236.661655 0.002782 0.001202 0.004851 -0.03278 4.49e-06 0.004305
1305031236.693667 -0.0004725 0.001289 0.000925 -0.03541 0.0058 0.002299
1305031236.729693 0.003101 0.0006971 0.008455 -0.03584 1.635e-05 0.005718
1305031236.761749 0.0001079 9.093e-05 0.0001776 -0.03476 0.003569 0.002648
1305031236.793675 0.004371 0.003441 0.00683 -0.03629 -0.00121 0.007332
1305031236.829705 0.002361 0.0003632 0.00558 -0.03804 -0.0009742 0.008798
1305031236.861617 0.002659 0.004034 0.005499 -0.03247 -0.002595 0.0049
1305031236.893505 0.005319 0.003686 0.006858 -0.03636 -0.002757 0.008452
1305031236.929669 0.002135 0.003282 0.006109 -0.03384 0.001028 0.002682
1305031236.961639 0.003891 0.003678 0.006163 -0.03368 0.0007503 0.003095
1305031236.993680 0.001057 0.006513 0.004564 -0.03419 0.004103 0.003953
1305031237.029714 0.002583 -0.001197 0.007546 -0.04236 0.001696 0.008338
1305031237.061729 0.0004222 0.005655 0.004813 -0.03213 -0.0003626 0.003953
1305031237.093695 0.001818 0.006395 0.005029 -0.03506 -0.00179 0.006204
1305031237.129774 -0.000521 0.003455 0.005282 -0.04249 -0.001892 0.00804
1305031237.161661 0.002383 -0.002035 0.006594 -0.03836 -0.004905 0.002072
1305031237.193642 0.0009556 0.009204 0.004038 -0.02957 -0.001801 0.001331
1305031237.229691 0.0004029 -0.003158 0.006676 -0.03872 -0.001764 0.0003995
1305031237.261663 -0.001568 0.004552 0.002754 -0.02763 -0.0009082 0.002902
1305031237.293709 -0.001561 0.0002684 0.004759 -0.03164 -0.004807 0.005471
1305031237.329672 0.0003422 0.004886 0.002907 -0.02536 -0.007351 0.003089
1305031237.361618 0.002227 0.002748 0.004762 -0.02974 -0.006353 0.003572
1305031237.393671 0.0001447 -0.002484 0.005003 -0.02571 -0.002666 0.001974
1305031237.429793 -0.0009489 0.003593 0.002639 -0.02018 -0.003265 0.001127
1305031237.461646 0.001719 0.005761 0.00207 -0.02134 -0.005524 -0.002926
1305031237.493702 0.001065 -0.006114 0.005858 -0.02436 0.0005695 -0.001119
1305031237.529735 -0.002244 0.004697 0.0003874 -0.01391 -0.0003295 0.0006024
1305031237.561669 0.002859 0.0003261 0.003866 -0.0204 -0.003367 -0.003012
1305031237.593680 -0.002396 -0.00457 0.003959 -0.01484 0.00291 0.0005849
1305031237.629705 -0.0001399 -4.844e-06 0.002369 -0.01027 -0.001739 -0.001558
1305031237.661656 -0.001913 -0.000292 0.001175 -0.005584 0.0001332 -0.0008263
1305031237.693693 -0.0004608 -0.0008192 0.002416 -0.006894 -0.002698 0.001436
1305031237.729752 0.001238 -0.003356 0.006309 0.001208 -0.0005174 -0.002588
1305031237.761654 -0.002026 0.008959 -0.008164 0.005005 0.001573 -0.0006612
1305031237.793725 0.002368 0.0003768 0.00127 -0.009989 -0.003804 0.001605
1305031237.829769 -0.001871 -0.007543 0.01246 0.001455 0.002389 -0.001771
1305031237.861836 -0.001473 0.02421 -0.009807 0.01778 0.0007842 -0.003673
1305031237.893771 0.005766 0.0001187 0.001966 -0.01282 -0.00282 -0.002929
1305031237.929849 -0.005859 -0.006696 0.01563 0.003236 0.009356 -0.0006025
1305031237.961658 -7.662e-05 0.0004237 -0.001202 0.01806 0.004048 -0.005543
1305031237.993683 0.003911 -0.002443 0.001306 0.01897 0.006425 -0.006296
1305031238.029709 -0.001896 -0.004437 0.002412 0.02421 0.013 0.0004927
1305031238.061670 -0.001222 -0.006664 0.001874 0.03408 0.008711 0.002194
1305031238.093685 -0.002112 -0.004624 -0.003242 0.04389 0.005322 0.007798
1305031238.129747 -0.0003045 0.001176 -0.004828 0.04421 -0.0005032 0.005701
1305031238.161682 0.006708 -0.01171 0.0003551 0.04535 -0.0005873 0.006691
1305031238.193792 0.0002475 0.00722 -0.007055 0.05564 0.005031 -0.001615
1305031238.230012 0.00103 -0.001294 -0.004115 0.04179 0.00675 -0.0002955
1305031238.261604 -0.002651 -0.0002556 -0.004925 0.04409 0.0064 0.001537
1305031238.293671 0.001637 -0.007291 -0.002207 0.04341 -8.344e-05 0.001332
1305031238.329662 -0.001367 0.003483 -0.006515 0.05154 0.001173 -0.002746
1305031238.361640 0.0005037 -0.001504 -0.003937 0.04118 0.001798 -0.0001288
1305031238.393667 -0.0001087 -0.001417 -0.004212 0.04386 0.001985 0.001861
1305031238.429673 -0.00141 0.002417 -0.005072 0.04337 0.0008193 -0.0005869
1305031238.461685 0.0003822 -0.000844 -0.00392 0.03643 0.0007165 -0.0007369
1305031238.493679 -0.0007314 0.002766 -0.004094 0.03512 0.003543 0.0009327
1305031238.529670 -0.0005189 0.00216 -0.002715 0.02529 0.004731 -9.547e-05
1305031238.561624 3.131e-05 -0.004745 -0.002948 0.02284 0.004982 0.0004008
1305031238.593741 -0.0009615 -0.003159 -0.002822 0.02458 0.005771 -0.0002072
1305031238.629751 -0.001604 -0.003672 -0.002633 0.02574 0.003496 -0.001364
1305031238.661628 -0.0009108 -0.002893 -0.00182 0.02471 0.0001937 0.0001159
1305031238.693855 -0.0003461 -0.004713 -0.002356 0.02623 -0.0004441 -0.0006008
1305031238.729729 -0.0007671 0.00211 -0.003362 0.03222 0.002487 -0.001701
1305031238.761658 -0.0006587 0.00108 -0.002383 0.02537 0.004326 -0.002641
1305031238.793691 0.0001601 -0.005639 -0.001264 0.01843 0.003183 -0.001166
1305031238.829730 -0.000498 -0.003981 -0.003056 0.02412 0.00262 -0.002516
1305031238.861826 -0.0007456 0.003296 -0.003737 0.02303 0.001995 -0.003825
1305031238.893734 4.181e-05 -0.001208 -0.00184 0.01282 0.001487 -0.002326
1305031238.929837 0.0008018 -0.002842 0.0009452 0.01086 0.001058 -0.002285
1305031238.961656 -0.0008608 -0.0008995 -0.004151 0.01401 0.001427 0.0004711
1305031238.993704 4.686e-06 -0.001478 0.0008248 0.0101 -0.002313 0.002897
1305031239.029670 0.0009039 -0.002522 -0.001372 0.01373 -0.00252 -0.0002565
1305031239.061677 0.0008114 -0.001709 -0.004343 0.008207 -0.0009765 -0.0004407
1305031239.093689 -0.0004798 0.001525 -0.001303 0.00224 0.0002114 0.002862
1305031239.129738 0.001616 -0.002054 -0.002074 -0.00249 -0.003058 0.0001161
1305031239.161756 0.0001887 -0.0006645 -0.001568 -0.01092 -0.003278 -0.0002878
1305031239.193706 0.00072 -3.176e-05 0.003563 -0.009198 -0.00302 0.0005154
1305031239.229882 5.535e-05 -8.889e-05 -0.00156 -0.009923 0.001867 -0.001028
1305031239.261721 -0.0003853 0.0001622 0.0006541 -0.01538 0.003278 -0.001751
1305031239.293674 -0.0002877 0.0006891 -0.0001128 -0.01782 0.001081 -0.0007237
1305031239.329705 -0.0003361 0.0008906 0.001745 -0.01926 -0.000171 3.754e-05
1305031239.361715 0.0006274 0.0004791 0.000891 -0.02155 -0.000994 -0.0006216
1305031239.393718 0.00036 0.001901 0.001123 -0.0209 0.0002984 -0.00109
1305031239.429744 0.0008306 0.001815 -1.902e-05 -0.0259 0.001845 -0.002356
1305031239.461708 0.001164 -0.002662 0.002884 -0.03024 0.001435 0.0001277
1305031239.493720 -0.0007107 0.002093 -0.0003933 -0.02432 0.001725 -0.0009669
1305031239.529662 -0.000498 0.0001394 0.0003836 -0.02905 -0.00103 0.001595
1305031239.561733 -0.0002843 -0.001319 0.001952 -0.02972 -0.005311 0.003748
1305031239.593921 0.001486 0.002095 0.00163 -0.02542 -0.007904 0.003965
1305031239.629723 0.0008735 0.002884 0.0002796 -0.02746 -0.005414 0.00171
1305031239.661659 0.00242 -0.0003697 0.003175 -0.02983 -0.005998 0.002275
1305031239.693733 0.001081 0.005716 0.001463 -0.02347 -0.003545 -0.00135
1305031239.729894 0.001824 0.003377 0.002445 -0.03234 -0.002097 -0.0002168
1305031239.761913 0.0002302 0.005617 0.00148 -0.03308 -0.0004969 -0.002568
1305031239.793585 -0.001093 0.008711 0.001681 -0.03672 -0.0008932 -0.01136
1305031239.829666 0.006829 -0.002974 0.006416 -0.04706 -0.004324 -0.009393
1305031239.861692 0.0005527 0.00146 0.002498 -0.03647 0.008766 0.002463
1305031239.893740 -0.003597 0.002296 0.002033 -0.03737 0.00577 0.003261
1305031239.929706 0.0003484 0.001082 0.003512 -0.03644 -0.001603 0.006148
1305031239.961710 0.0002049 -0.0009364 0.003663 -0.03409 -0.003636 0.008414
1305031239.993691 0.0004457 0.009697 0.001181 -0.02655 -0.004552 0.002527
1305031240.029620 0.001973 -0.0008498 0.004489 -0.03668 -0.002275 0.0006597
1305031240.061929 0.001425 0.005322 0.002337 -0.02862 0.0003876 0.0003788
1305031240.093651 -0.0008416 0.00796 0.001425 -0.03234 0.002381 0.0009837
1305031240.129665 0.001268 0.005361 0.003321 -0.04316 0.0003901 0.003739
1305031240.161723 0.0006423 -0.008159 0.007046 -0.0411 0.0007697 -0.0002531
1305031240.193676 -0.002938 0.01547 -0.001089 -0.02891 0.0006299 -0.002954
1305031240.229661 0.002046 0.001298 0.005665 -0.05119 -0.001117 -0.0004297
1305031240.261700 -0.001653 -0.00839 0.004662 -0.03626 0.001662 -0.00162
1305031240.293646 0.001843 0.01205 0.001347 -0.03186 -0.003623 -0.005193
1305031240.329670 -0.002514 -0.004207 0.005189 -0.0399 0.002006 -0.001806
1305031240.361685 -0.001185 -0.00124 0.005235 -0.02984 -0.003128 0.003665
1305031240.393695 0.0005678 0.001901 0.00319 -0.02842 -0.006807 -0.0008291
1305031240.429707 0.001213 -0.0008914 0.006648 -0.02346 -0.0007955 -0.002834
1305031240.461673 -0.001751 -0.002926 0.007663 -0.01595 0.001588 0.000247
1305031240.493713 -0.00129 0.004169 -0.002705 -0.01209 -0.002739 0.002036
1305031240.529672 0.003154 -0.000718 0.01018 -0.01425 -0.002411 -0.0008222
1305031240.561748 -0.0009898 -0.0007032 0.01579 0.001565 0.004055 -0.001118
1305031240.593679 -0.001208 -0.0003073 0.0005673 0.00798 -0.0002923 -0.001619
1305031240.631058 0.001439 -0.001434 0.008424 0.01337 0.001849 -0.0017
1305031240.661629 -0.001573 0.0004346 -0.008113 0.01832 0.003054 0.002761
1305031240.693800 0.0006504 0.0001829 0.003335 0.01224 -0.001784 -0.0009807
1305031240.729633 -0.00127 -0.006009 0.003468 0.02344 0.002549 0.003752
1305031240.761607 0.001284 0.004347 -0.009578 0.0208 -0.004357 0.001583
1305031240.793590 0.001968 -0.002017 0.003926 0.01839 0.0002417 0.003297
1305031240.829620 -0.0005733 -0.006699 0.001445 0.02829 -5.899e-05 0.008458
1305031240.893685 0.001098 -0.001773 -0.005936 0.06063 -0.005356 0.004961
1305031240.929673 -0.0002821 -0.01401 3.599e-05 0.03411 -0.0001488 0.008723
1305031240.961709 -0.0003858 0.006243 -0.004806 0.04775 -0.005068 0.001444
1305031240.993643 0.006969 -0.00808 0.001293 0.03317 -0.003841 0.004911
1305031241.029623 -0.005041 -0.001721 -0.004417 0.05325 0.002066 0.001787
1305031241.061990 0.00345 -2.815e-05 -0.003735 0.04235 -0.005244 -0.01006
1305031241.093615 0.001422 -0.004486 -0.002027 0.04149 0.005359 -0.004429
1305031241.129761 -0.001911 0.0006212 -0.004337 0.04815 0.005972 -0.005721
1305031241.193714 -0.001541 -0.004703 -0.006233 0.08647 0.008461 -0.0073
1305031241.229602 -0.002713 0.002296 -0.00545 0.04412 0.003075 -0.0005124
1305031241.261662 -0.002166 -0.0004302 -0.003116 0.03437 -0.001002 0.0007183
1305031241.293804 0.0006241 -0.004934 -0.000785 0.03525 -0.004493 -0.002827
1305031241.329910 -0.0005013 -0.001891 -0.001903 0.04512 -0.003236 -0.01224
1305031241.393718 0.001553 0.00337 -0.002104 0.08007 0.009193 -0.03395
1305031241.429669 -0.001096 -0.003381 -0.003463 0.03557 0.01294 -0.01179
1305031241.461678 -0.007885 0.003391 -0.01012 0.03002 0.01356 -0.009236
1305031241.493736 -0.005856 0.003947 -0.006242 0.01218 0.001032 0.002614
1305031241.561686 0.0005551 0.002575 0.0002281 -0.004446 -0.01404 0.01742
1305031241.593680 0.0005539 0.003553 -0.002844 -0.000455 -0.001586 0.0009279
1305031241.661658 7.606e-05 -0.00134 0.005354 -0.02874 0.002822 0.01153
1305031241.693629 -0.000646 0.0007185 -0.0003919 -0.006297 -0.0008192 0.006302
1305031241.729700 0.0008206 -0.0012 0.002291 -0.00872 -0.001164 0.009475
1305031241.761678 0.0002708 0.002408 0.0006103 -0.005388 -0.0006807 0.006978
1305031241.793694 0.003189 -0.004995 0.004609 -0.007699 -0.00152 0.007809
1305031241.829759 0.002703 0.005718 -0.004973 0.0002113 0.005179 0.01286
1305031241.861672 0.003176 0.0001368 0.006598 -0.00947 0.00741 0.01446
1305031241.893622 0.0004315 -0.006273 0.00189 -0.002805 0.009426 0.01371
1305031241.929686 -0.001796 0.00447 -0.002466 0.005002 0.01056 0.02187
1305031241.961685 0.000257 -0.002475 0.001135 -0.002777 0.004744 0.02785
1305031241.993687 0.001524 -0.005092 0.001017 0.001402 0.0004513 0.0308
1305031242.029756 -0.002808 8.009e-05 -0.001105 0.009587 -0.001102 0.0332
1305031242.061654 0.001187 0.0008407 0.0008005 0.009879 -0.011 0.03666
1305031242.093725 0.0007979 0.001968 -0.0007731 0.01153 -0.008854 0.03908
1305031242.129682 9.693e-05 -0.0003079 0.0004639 0.009386 -0.01085 0.0365
1305031242.161668 0.001957 0.003367 4.847e-05 0.01243 -0.01141 0.03492
1305031242.193683 0.002694 0.002262 -0.0002603 0.007705 -0.003132 0.03235
1305031242.261884 -0.001573 0.005515 5.122e-05 0.007877 0.00315 0.06557
1305031242.293820 -0.004198 0.001377 -0.0001868 0.00175 0.0007686 0.03791
1305031242.361729 0.0005204 0.003405 0.002438 0.00015 -0.01866 0.07569
1305031242.393679 -0.001256 0.00123 8.441e-05 0.002527 -0.004306 0.03389
1305031242.429711 0.0009858 0.003853 0.001384 -0.001938 -0.00409 0.04088
1305031242.461695 -0.002545 -0.001002 0.003206 -0.001664 -0.002433 0.04179
1305031242.493742 0.0008775 0.006577 0.0001602 0.001678 -0.01046 0.05649
1305031242.561569 0.005985 -0.003876 0.005855 -0.01382 -0.006138 0.1078
1305031242.593693 -0.00328 0.002813 0.001707 0.007134 -0.0001332 0.05001
1305031242.629711 0.0004066 0.002236 0.001246 0.008146 -0.009262 0.04311
1305031242.661782 0.00752 0.003629 -0.002945 0.003358 -0.008453 0.05264
1305031242.729791 0.002903 3.442e-05 0.005713 -0.006261 0.01515 0.1098
1305031242.761930 0.001947 0.003185 -0.001744 0.01089 -0.0004931 0.0474
1305031242.829812 0.006434 -0.004581 -0.001048 0.003011 0.01792 0.07171
1305031242.861682 0.003063 0.005327 -0.0008262 0.01211 0.01019 0.04276
1305031242.929677 0.006876 0.005269 -0.001622 0.02814 0.004159 0.09252
1305031242.961731 0.003485 -0.002989 0.0009484 0.007072 0.006525 0.0382
1305031243.029664 0.009226 -0.0005276 -0.005942 0.02361 0.01094 0.05668
1305031243.061704 0.003138 0.003523 0.0002253 0.01449 0.006654 0.02924
1305031243.093739 0.004699 0.002501 -0.003136 0.01151 -0.001675 0.02991
1305031243.129686 0.002613 0.001859 0.0007113 0.008083 -0.003811 0.02316
1305031243.161643 0.002738 -0.00226 -0.002968 0.003704 -0.009794 -0.000438
1305031243.193652 -0.0001715 -0.007579 -0.0006932 -0.02061 0.002026 -0.02988
1305031243.229716 -0.002619 0.00577 0.002178 -0.005459 0.0066 -0.03037
1305031243.293654 -0.005947 -0.004222 -0.0009819 -0.03968 -0.01611 -0.1031
1305031243.329803 -0.001294 0.006135 -0.0009323 -0.008907 0.003425 -0.0388
1305031243.361686 -0.0005411 0.002296 -0.00304 -0.01052 -0.01569 -0.05334
1305031243.393708 -0.0008479 -0.008282 -0.00168 -0.02556 -0.001005 -0.05816
1305031243.429782 -2.334e-05 0.01002 -0.002365 -0.005868 -0.001429 -0.03686
1305031243.461622 -0.0005841 0.0007981 0.0005098 -0.01403 -0.01388 -0.04848
1305031243.497629 0.001156 -0.002652 0.0001448 -0.009368 -0.009557 -0.04299
1305031243.529705 0.000266 0.003302 -0.003062 -0.001453 -0.0133 -0.03478
1305031243.561795 0.004739 -0.003607 -0.00518 -0.01465 -0.01488 -0.04672
1305031243.597678 0.001304 -0.0007341 0.0006168 -0.01453 -0.00339 -0.04236
1305031243.629640 -0.002369 0.006007 -0.003641 -0.001297 -0.01365 -0.04635
1305031243.661719 0.002088 0.006157 -0.005238 -0.02014 -0.02246 -0.05685
1305031243.697682 -0.00505 -0.007497 0.00682 -0.02874 -0.004383 -0.05521
1305031243.729676 -0.007768 -0.002622 -0.003476 -0.009481 -0.0176 -0.06264
1305031243.761667 0.00845 0.01303 -0.004589 -0.01091 -0.02872 -0.07879
1305031243.797650 -0.0007933 -0.002781 0.001651 -0.03528 0.009287 -0.07953
1305031243.829666 -0.01979 0.002791 0.003689 -0.02259 0.006729 -0.08106
1305031243.861657 0.002436 0.0002205 -0.000824 -0.02706 -0.01242 -0.07991
1305031243.897689 -0.001488 -0.001151 0.001951 -0.02851 0.002121 -0.07321
1305031243.929656 -0.009017 -0.005233 0.003784 -0.02597 0.007787 -0.06689
1305031243.961674 -0.006666 -0.001136 0.001163 -0.01795 7.929e-05 -0.05676
1305031243.997635 -0.006792 0.0006869 0.0009862 -0.01862 -0.002491 -0.0462
1305031244.029557 0.0001003 -0.009672 0.004466 -0.02149 -0.009852 -0.04107
1305031244.097621 -0.0008815 -0.001831 -0.00167 -0.00931 -0.008437 -0.07817
1305031244.161701 -0.002995 -0.01181 0.002581 -0.01322 0.008944 -0.08345
1305031244.197672 -0.005592 -0.0008327 -0.001642 -0.0008253 -0.00145 -0.04817
1305031244.261676 -0.007424 -0.005963 0.000945 -0.0065 -0.0101 -0.09665
1305031244.297680 -0.007993 -0.003844 0.0004587 -0.004841 -0.006925 -0.0556
1305031244.329685 -0.009383 -0.00294 -0.001416 -0.005264 -0.01581 -0.05233
1305031244.361665 -0.001858 -0.0008406 0.002438 -0.0052 -0.0213 -0.05261
1305031244.397615 -0.004714 9.157e-05 0.0001765 -0.008357 -0.01229 -0.05521
1305031244.429740 -0.004989 -0.006174 0.001047 -0.01304 -0.01521 -0.0483
1305031244.497679 0.0002145 -0.004086 0.003737 -0.01168 -0.02495 -0.0893
1305031244.529690 -0.001175 -0.008132 -0.0003836 -0.009444 -0.006714 -0.03236
1305031244.561672 -0.001712 -0.002359 -0.002305 -0.0005833 -0.01142 -0.03365
1305031244.597700 0.0003177 0.001951 -0.0004837 0.00136 -0.0101 -0.03872
1305031244.629753 -0.000509 -0.003743 8.784e-06 -0.002603 -0.006161 -0.03511
1305031244.697667 -0.002387 -0.007717 -0.0008423 0.00388 -0.02113 -0.07409
1305031244.729757 -0.000473 0.003641 5.593e-05 0.01366 -0.01178 -0.04803
1305031244.761738 0.0008269 0.004322 0.002644 0.008266 -0.001125 -0.04403
1305031244.797629 -0.003572 0.001831 -0.002513 0.002818 0.008277 -0.04271
1305031244.829660 -0.005051 0.00276 -0.00339 -0.00648 0.008847 -0.0339
1305031244.897635 -0.003041 -0.004408 0.005557 -0.01416 0.01067 -0.04675
1305031244.929681 -0.002155 0.0001278 0.00104 -0.002941 0.007353 -0.02181
1305031244.961694 -0.002884 -0.003945 -4.141e-05 -0.002496 0.005522 -0.01445
1305031244.997688 -0.004618 0.006367 -0.005594 0.0001037 0.005095 -0.01215
1305031245.029670 0.005338 -0.007742 0.01053 -0.006483 0.003669 0.005962
1305031245.061797 -0.004443 0.003195 -0.008958 0.008074 0.007466 -0.004533
1305031245.097906 0.001891 0.002012 0.0008689 -0.003824 0.007418 0.01284
1305031245.129925 0.00554 -0.005444 0.003544 -0.0002011 0.008898 0.02246
1305031245.161721 0.001483 0.002461 -0.006344 0.005611 0.01113 0.02267
1305031245.197655 0.004326 0.002608 -0.002476 -0.002796 0.01611 0.04388
1305031245.229684 0.007942 -0.006471 0.004096 -0.006295 0.01362 0.05698
1305031245.261749 0.008093 -0.002247 0.004095 0.009735 0.008067 0.04657
1305031245.297648 -0.0002503 0.002045 -0.0112 0.006555 0.01468 0.05515
1305031245.329736 0.003791 -0.002035 6.451e-05 -0.005702 -0.0003318 0.07232
1305031245.361797 0.004163 0.002042 0.002089 -0.0007314 -0.004538 0.07099
1305031245.397664 0.007212 -3.329e-05 0.008956 0.007197 -0.01203 0.05721
1305031245.461734 0.007712 0.01549 0.002471 0.01483 0.0107 0.1029
1305031245.497697 0.004069 0.00102 0.005588 0.004728 -0.002024 0.05379
1305031245.529685 0.006425 0.0007441 0.005604 0.01115 0.00404 0.04801
1305031245.561641 -0.001799 0.00175 -0.0002165 0.01471 0.002499 0.04818
1305031245.597588 0.003887 0.007882 0.001096 0.01171 -0.0003907 0.04554
1305031245.661665 0.003826 -0.003946 0.005672 0.02189 0.01095 0.08968
1305031245.697808 0.0002491 0.003789 -0.0004459 0.01709 -0.000251 0.03915
1305031245.761842 -0.003776 0.0003702 0.0006489 0.03269 -0.01221 0.08922
1305031245.797508 -0.001858 -0.0006982 -3.069e-05 0.01532 -0.0154 0.04594
1305031245.829779 0.002 0.002334 -0.000536 0.02005 -0.01937 0.04806
1305031245.861702 0.0038 0.0007143 0.002045 0.01596 -0.01538 0.04444
1305031245.897684 0.002611 0.002552 -0.0004092 0.0189 -0.01095 0.03915
1305031245.961688 0.00539 0.003114 0.001476 0.02388 -0.005534 0.08363
1305031245.997613 0.0007515 0.003846 -0.0003598 0.01429 -0.00188 0.04318
1305031246.061658 0.01132 0.00867 -0.00125 0.01192 0.001744 0.08829
1305031246.097656 0.005546 0.004451 0.0009477 -0.00306 0.01237 0.05525
1305031246.161681 -0.009857 0.001413 0.00637 0.002501 0.01587 0.1017
1305031246.197653 0.006902 0.007508 -0.002541 0.009293 -0.004961 0.05092
1305031246.261893 0.001321 0.009962 0.001557 -0.002265 0.01194 0.1175
1305031246.297613 -0.001009 0.001063 0.002712 -0.003214 -0.0002778 0.06198
1305031246.361529 0.001068 0.007109 0.0001017 -0.00169 -0.01218 0.1353
1305031246.397738 0.004554 -0.0009077 -0.001798 -0.001538 -0.003509 0.0563
1305031246.429654 0.001256 0.004432 -0.0002434 -0.001668 0.002047 0.06492
1305031246.461755 -2.842e-05 -4.644e-05 -7.761e-05 -0.0006356 -0.001634 0.06222
1305031246.529729 0.006204 -0.0005115 -0.003152 -0.005901 -0.007206 0.1145
1305031246.561679 0.007765 0.001496 -0.003303 -0.005613 0.003894 0.05366
1305031246.597580 0.001505 0.004783 -0.000257 -0.007585 0.008872 0.05767
1305031246.630105 -3.277e-05 -0.00432 0.002391 -0.007849 0.005795 0.04266
1305031246.661684 0.007951 0.006348 -0.004103 -0.001566 0.003865 0.05032
1305031246.697671 0.0005076 -0.001165 0.002461 -0.01573 0.01204 0.05418
1305031246.729825 0.002678 -0.0003559 -3.691e-05 -0.005389 0.01059 0.0524
1305031246.761744 0.006211 0.003419 -0.002783 -0.01072 0.009599 0.05284
1305031246.797618 -0.003617 -0.006202 0.007153 -0.01353 0.01871 0.0433
1305031246.829699 0.0007211 -0.001189 0.002029 0.008966 0.01512 0.04028
1305031246.861682 0.005799 0.004556 -0.005204 0.004857 0.01061 0.04476
1305031246.897619 0.002885 0.001209 0.0007141 -0.008047 0.01267 0.04451
1305031246.929719 -0.0006778 -0.00619 0.009176 -0.009983 0.02005 0.03424
1305031246.961581 -0.001178 -0.00117 0.006027 0.009999 0.02565 0.03554
1305031247.029564 0.005868 -0.00164 1.145e-05 0.009709 0.04573 0.07565
1305031247.061761 0.001322 0.005188 0.001391 0.01161 0.02358 0.03822
1305031247.097571 0.0006195 0.007335 0.005213 0.01121 0.009459 0.03834
1305031247.129694 -0.0004957 0.001898 0.004822 0.01302 0.005459 0.01679
1305031247.161688 0.001184 -0.002234 -0.002887 0.004316 0.007586 0.00594
1305031247.197676 0.0005648 0.002623 0.001617 0.008473 0.01008 0.003639
1305031247.229684 0.004455 0.004481 -0.004161 0.004509 -0.004898 0.003095
1305031247.261671 -0.00216 0.00181 0.002938 -0.004007 -0.007369 -0.0182
1305031247.297554 0.0005772 -0.005303 -0.00456 -0.01418 0.0007076 -0.03513
1305031247.329729 0.0002823 0.005119 0.0002631 -0.01072 0.002099 -0.03367
1305031247.361626 0.001572 0.0007197 -0.001848 -0.01357 -0.004477 -0.04615
1305031247.397540 0.004706 -0.004574 -0.007062 -0.02883 -0.001989 -0.05725
1305031247.429703 0.0004423 0.005588 0.002562 -0.01506 0.007351 -0.04771
1305031247.461694 0.00389 0.004966 -0.004232 -0.009097 -0.009088 -0.05092
1305031247.497627 0.001922 -0.006121 -0.002363 -0.02974 -0.004874 -0.06633
1305031247.529619 0.0005711 0.004841 -0.0004842 -0.01111 -0.001072 -0.05183
1305031247.561743 0.00149 -0.000533 -0.001262 -0.02255 -0.008148 -0.05758
1305031247.597701 -0.001547 0.0001934 0.003036 -0.01536 -0.003357 -0.05535
1305031247.629718 -0.00307 0.001155 0.002237 -0.005117 -0.008665 -0.05639
1305031247.661681 0.001333 0.001151 -0.005046 -0.006547 -0.01771 -0.06316
1305031247.697569 -0.001662 -0.003362 0.001314 -0.01873 -0.01145 -0.07045
1305031247.729684 -0.005164 -0.004891 0.002619 -0.002609 -0.007651 -0.08517
1305031247.761723 0.002438 0.00922 -0.007541 -0.002184 -0.01578 -0.0808
1305031247.797650 -0.001823 0.009051 0.0007562 -0.02377 -0.005846 -0.06371
1305031247.829657 -0.01087 -0.001688 0.01058 -0.02124 -0.01413 -0.05615
1305031247.861688 0.0006083 0.009649 -0.00714 -0.006851 -0.04047 -0.04562
1305031247.897638 0.00454 -0.00384 0.003149 -0.0344 -0.0263 -0.04736
1305031247.929807 -0.004808 -0.01016 0.007846 -0.0259 -0.004784 -0.04685
1305031247.961700 -0.009329 0.01002 0.0003221 -0.007536 -0.01624 -0.04134
1305031247.997557 0.003659 -0.001273 0.002506 -0.02341 -0.03081 -0.05066
1305031248.029684 0.003882 -0.002074 0.002198 -0.02337 -0.01221 -0.04668
1305031248.061746 -0.01369 0.001241 0.004802 -0.02019 -0.002929 -0.05086
1305031248.098179 -0.004897 0.003414 0.002078 -0.01952 -0.02285 -0.05327
1305031248.129858 0.002742 -0.003507 0.002687 -0.02671 -0.01796 -0.0514
1305031248.161732 -0.01099 -0.002001 0.005297 -0.02008 -0.006933 -0.05205
1305031248.197746 -0.006147 0.0001126 0.00299 -0.01546 -0.02071 -0.05507
1305031248.229670 0.007486 0.00163 0.001085 -0.01473 -0.01966 -0.04981
1305031248.261691 -0.008568 -0.005437 0.00703 -0.01693 -0.003424 -0.05578
1305031248.297645 -0.00846 -0.005593 0.003436 -0.003768 -0.01362 -0.05288
1305031248.329688 0.003454 0.008111 -0.00249 0.002069 -0.02018 -0.04313
1305031248.361705 0.005956 -0.003427 0.004512 -0.01237 -0.01099 -0.0442
1305031248.398306 -0.003584 -0.002646 0.00192 -0.005393 -0.001929 -0.04411
1305031248.429690 -0.001283 0.002182 0.0007764 -0.004325 -0.006564 -0.04294
1305031248.461674 -0.001797 0.004346 -0.001216 -0.008586 -0.005288 -0.03828
1305031248.497597 -0.0004971 -0.00697 0.00557 -0.01743 -0.006292 -0.02799
1305031248.529678 -0.00813 -0.005935 0.00182 -0.004454 -0.008588 -0.02698
1305031248.561680 -0.004086 0.005289 -0.004195 -0.002429 -0.02477 -0.03613
1305031248.597577 0.007061 -2.725e-05 0.004364 -0.01294 -0.02281 -0.03479
1305031248.629727 0.003382 -0.0006957 0.003133 -0.01211 -0.008217 -0.03408
1305031248.661660 -0.001556 -0.004588 0.003142 -0.01219 -0.003824 -0.04273
1305031248.701134 -0.003921 -0.001355 0.0006885 -0.01003 -0.006272 -0.04656
1305031248.729769 -0.002501 -0.002369 0.001492 -0.009171 -0.006953 -0.04306
1305031248.761715 -0.007935 0.005056 -0.003513 -0.01344 -0.005399 -0.04177
1305031248.797823 -0.006017 -0.01196 0.005711 -0.02019 -0.01219 -0.03124
1305031248.829728 -0.007772 -1.565e-05 -0.00306 -0.006184 -0.0194 -0.03301
1305031248.861712 -0.007393 0.001227 -0.003709 -0.0102 -0.02174 -0.02534
1305031248.897740 -0.002338 -0.00494 0.004563 -0.01159 -0.02301 -0.0167
1305031248.929766 -0.009022 0.0008125 -0.005279 -0.003475 -0.02223 -0.02251
1305031248.961755 -0.004032 0.0008086 0.0008048 -0.009922 -0.02774 -0.02266
1305031248.997614 0.002294 -0.0019 0.004296 -0.004516 -0.02163 -0.02366
1305031249.029697 -0.0005649 0.0002882 0.0004926 -0.001887 -0.01137 -0.02492
1305031249.062337 -0.000354 -0.002454 -0.0001898 0.001583 -0.006848 -0.02355
1305031249.097689 -0.00353 0.001466 -0.005408 0.002519 -0.002588 -0.01555
1305031249.129781 0.002442 -0.007211 0.00249 0.000771 -0.007744 -0.006071
1305031249.161749 0.005253 -0.003482 0.002411 0.01317 -0.008362 -0.007527
1305031249.197673 -0.001876 0.01075 -0.006372 0.01568 0.005377 -0.01698
1305031249.229768 0.006451 -0.005743 0.005417 0.003862 0.009051 -0.01315
1305031249.261609 -0.001955 0.004363 -0.007672 0.01469 0.01664 -0.02195
1305031249.297950 -0.001108 -0.001573 -0.002514 -5.226e-06 0.01871 -0.008752
1305031249.329679 -0.000433 -0.008371 0.001198 0.004939 0.007447 -0.003265
1305031249.361754 -0.00436 0.009455 -0.01033 0.01128 0.005679 -0.005755
1305031249.397737 -0.001324 0.001629 -0.005524 -0.008876 0.01066 0.02443
1305031249.429851 0.002978 -0.003591 0.0002569 -0.01057 0.002809 0.04274
1305031249.461794 0.005699 -0.002967 0.003863 -0.002198 -0.002043 0.05097
1305031249.497685 0.001097 0.003604 -0.002127 0.001978 -0.001484 0.05306
1305031249.529692 0.003203 0.007819 0.0008217 -0.003895 0.002318 0.06095
1305031249.561863 0.00681 -0.007546 0.008972 -0.005687 -0.0009143 0.06572
1305031249.597805 0.009258 0.004478 0.0002377 0.01444 -0.0004254 0.05567
1305031249.629760 -0.003473 0.003915 -0.001536 0.006989 0.01626 0.06353
1305031249.662284 -0.0009602 -0.003164 0.003584 0.01242 -0.002605 0.06391
1305031249.697653 0.007427 0.003506 0.0008861 0.0237 -0.005678 0.06539
1305031249.729969 -0.01366 0.001942 -0.004147 0.02026 0.001321 0.06118
1305031249.761822 0.001104 0.005167 0.002084 0.02342 -0.02249 0.056
1305031249.797667 0.007849 0.007014 0.0001699 0.01765 -0.01478 0.06545
1305031249.829797 -0.01149 0.001083 -0.0008059 0.0106 -0.009577 0.06697
1305031249.861729 -0.003847 0.00268 0.001164 0.01721 -0.02924 0.06134
1305031249.897548 0.005977 0.007907 -0.00168 0.01507 -0.03092 0.05364
1305031249.929754 0.002496 0.00514 -0.001395 0.006733 -0.02253 0.04623
1305031249.962232 0.002179 0.002609 6.587e-05 0.001227 -0.01705 0.0439
1305031249.997687 -0.00219 0.001219 0.001059 0.008121 -0.01241 0.03771
1305031250.030025 0.007085 0.008358 -0.003961 0.006187 -0.01935 0.0512
1305031250.061924 0.006885 0.004369 -0.001108 -0.00604 -0.009747 0.06297
1305031250.097604 0.002233 -0.001713 -0.0006521 -0.006194 2.958e-06 0.05456
1305031250.129780 0.01491 0.004613 -0.006993 -0.0003654 0.007027 0.05138
1305031250.161809 0.008558 0.00381 -0.004811 -0.008152 0.03325 0.0618
1305031250.197617 -0.007044 -0.002575 0.00695 -0.007552 0.03469 0.04908
1305031250.229670 0.005208 0.004109 -0.006856 0.008985 0.01591 0.03898
1305031250.261917 0.007043 0.01043 -0.009488 -0.007139 0.02644 0.05472
1305031250.298182 -0.0054 -0.001118 0.003813 -0.01297 0.02745 0.04817
1305031250.329709 -0.0005314 0.003386 0.0008528 -0.007235 0.02028 0.0563
1305031250.361596 -0.003936 0.004086 0.005074 -0.0009938 0.01185 0.05693
1305031250.397784 -0.002683 0.00392 0.004197 0.003679 -0.0001985 0.05514
1305031250.429731 0.0002075 -0.005046 -7.637e-05 0.003884 -0.004162 0.04248
1305031250.461779 0.005165 0.0003154 -0.00777 0.006991 0.003538 0.04573
1305031250.498138 0.001047 0.003327 0.001379 0.006539 0.005436 0.04542
1305031250.529700 -0.0005703 -0.0005182 0.002847 0.01128 0.002117 0.03188
1305031250.561819 0.005462 0.0004696 -0.008431 0.01096 -0.0004127 0.02759
1305031250.597650 0.004917 0.002928 -0.006122 0.003692 0.004197 0.03329
1305031250.629661 0.001441 0.003072 0.0005236 0.001114 0.0018 0.03436
1305031250.661952 0.002673 -0.00628 -0.002359 -0.002778 0.004716 0.02648
1305031250.697768 0.005649 0.0008421 -0.006263 -0.001741 0.0129 0.0383
1305031250.729747 0.002334 0.008892 0.0002162 0.002291 0.007408 0.04321
1305031250.761789 0.001413 -0.002813 0.00144 -0.000266 0.002686 0.01703
1305031250.797838 0.003291 -0.004333 -0.004431 -0.001101 0.008953 0.004929
1305031250.829785 0.003682 0.004661 -0.005382 -0.001531 0.007144 0.007601
1305031250.861873 0.001024 0.001245 -0.0007051 -0.009961 0.00437 0.002939
1305031250.897604 -0.0001982 -0.001638 0.001832 -0.01498 0.007659 0.001752
1305031250.930120 -0.0005949 0.009097 0.002403 0.003001 0.003777 0.007654
1305031250.961817 0.0007466 -0.001221 -0.002928 -0.006312 -0.005522 -0.00911
1305031250.997612 -0.002281 -0.00723 0.003266 -0.0188 0.00656 -0.02136
1305031251.029789 -0.001474 0.002513 0.002228 -0.003552 0.0095 -0.01942
1305031251.061854 -0.000739 0.004937 -0.001698 -0.003694 0.003036 -0.02453
1305031251.097685 -0.003071 0.001608 0.001953 -0.01589 0.0005647 -0.03439
1305031251.129731 -0.00532 -0.0005599 0.006514 -0.01087 0.001046 -0.04315
1305031251.161699 -0.004575 0.003304 0.0001046 -0.001601 -0.00628 -0.05482
1305031251.197672 -0.002632 4.162e-05 -0.001308 -0.01369 -0.005513 -0.06191
1305031251.229882 -0.004501 -0.004366 0.004687 -0.02134 0.002232 -0.06437
1305031251.261872 -0.005072 0.001916 0.003343 -0.01252 0.0006088 -0.06979
1305031251.297722 -0.006107 -0.0004979 0.004892 -0.01186 -0.004657 -0.08055
1305031251.329608 -0.001214 0.003783 -0.0003912 -0.009321 -0.007588 -0.07303
1305031251.361831 -0.005453 -0.007672 0.006262 -0.01537 -0.002022 -0.07133
1305031251.397736 -0.001228 0.004583 -0.001201 -0.004194 -0.001964 -0.06399
1305031251.429957 -0.005832 -0.0008191 0.003867 -0.01342 -0.002817 -0.07082
1305031251.462288 -0.002419 -0.003308 0.001802 -0.01011 -0.002383 -0.07049
1305031251.497761 -0.006076 -6.727e-05 0.003248 -0.006908 0.0003869 -0.06508
1305031251.529827 -0.007533 0.001436 0.002542 -0.004731 -0.005518 -0.06921
1305031251.561707 -0.0001585 -0.001577 0.001145 -0.008368 -0.0103 -0.06642
1305031251.597657 0.0006935 -0.001937 0.001073 -0.00655 -0.002423 -0.06129
1305031251.629778 0.002671 0.002441 0.0003155 -0.006765 0.001587 -0.06611
1305031251.661814 0.004649 -0.001698 0.003114 -0.01056 0.008799 -0.07083
1305031251.698330 -0.001493 -0.002591 0.001933 -0.008619 0.02098 -0.06778
1305031251.730175 -0.004623 0.004796 -0.001715 -0.003865 0.01941 -0.06885
1305031251.761755 0.002101 -0.0002155 0.003361 -0.01574 0.01599 -0.06963
1305031251.797678 0.001788 -0.004783 0.00562 -0.01178 0.02309 -0.06634
1305031251.829869 -0.005906 0.003813 -0.003007 -0.005332 0.02753 -0.06784
1305031251.862143 -0.001085 0.006666 -0.0001058 -0.01643 0.02423 -0.06027
1305031251.897873 -0.004182 -0.00681 0.005638 -0.02354 0.02643 -0.04655
1305031251.929898 -0.008239 -0.008922 -0.001002 -0.0157 0.01322 -0.04675
1305031251.961904 -0.001342 -0.0001651 -0.0006165 -0.00957 0.003488 -0.04393
1305031251.998343 -0.003308 -0.001997 -0.003217 -0.01194 0.007138 -0.04043
1305031252.029784 -0.004262 -0.005641 0.001145 -0.01792 0.003753 -0.04895
1305031252.062017 -0.006406 -0.008625 0.003289 -0.01374 -0.002948 -0.05912
1305031252.098735 -0.006158 0.0004285 -0.0006202 -0.008369 -0.009271 -0.06415
1305031252.129719 -0.008108 0.001094 -0.001959 -0.0108 -0.005019 -0.06147
1305031252.161778 -0.01256 -0.002185 -0.001813 -0.02147 -0.009125 -0.05649
1305031252.197852 0.004768 -0.01414 0.02022 -0.01588 -0.02517 -0.04111
1305031252.229882 -0.00307 -0.001344 0.001997 0.01268 -0.02081 -0.05007
1305031252.261747 -0.01155 0.007339 -0.01566 0.004799 -0.01463 -0.05
1305031252.297671 -0.001189 -0.001903 0.00475 -0.009499 -0.01511 -0.02579
1305031252.329954 -0.001379 -0.002476 0.003339 0.002478 -0.01523 -0.02693
1305031252.361687 -0.00149 0.002995 0.0008082 0.001518 -0.0139 -0.03119
1305031252.397494 0.005074 0.00208 0.01259 0.01105 -0.007095 -0.0293
1305031252.429672 -0.005761 0.0003178 -0.00908 0.008517 0.002644 -0.03017
1305031252.461722 0.0004082 -0.003992 0.002237 0.0001895 -0.001641 -0.01517
1305031252.497655 -0.00103 -0.0001477 -0.002707 0.006192 -0.001241 -0.01226
1305031252.529692 0.0009944 0.003214 0.0004113 0.003612 0.003111 -0.01117
1305031252.561862 0.005749 -0.003136 0.008877 0.006919 0.005579 -0.01213
1305031252.597647 -0.006988 0.002819 -0.01391 0.007324 0.01339 -0.01341
1305031252.629839 5.074e-05 -0.00132 -0.001484 -0.003937 0.009579 0.01008
1305031252.661594 -0.002118 -0.004085 -0.007399 -0.01015 0.006771 0.03302
1305031252.698012 0.00397 -0.002898 0.001729 -0.01283 -0.007362 0.05698
1305031252.729811 0.004641 -0.005177 0.0001908 -0.01087 -0.0204 0.08227
1305031252.761680 -0.004126 0.002897 -0.008074 -0.01926 -0.02648 0.0886
1305031252.797683 0.01476 -0.003278 0.01989 -0.01404 -0.03536 0.07723
1305031252.831021 0.002107 0.00588 0.003134 0.01037 -0.01703 0.05319
1305031252.865804 0.001963 0.002732 0.002028 0.0003749 -0.01058 0.04511
1305031252.897597 0.005082 0.0009488 0.002626 0.00548 -0.006843 0.04333
1305031252.929687 0.001407 0.003235 -0.00331 0.007477 -0.002708 0.05626
1305031252.965771 0.004812 -0.001231 0.001741 0.002419 -0.003848 0.06235
1305031252.997652 0.00384 -0.002634 8.427e-07 0.007556 -0.00427 0.06447
1305031253.029884 0.005046 0.002172 8.858e-05 0.01401 -0.005653 0.06274
1305031253.065901 0.003351 0.006899 -0.00196 0.01182 0.0005849 0.05381
1305031253.097947 0.001895 0.003726 -0.002163 0.003015 0.002612 0.05569
1305031253.129728 0.009869 0.006139 0.001069 -0.002912 0.004828 0.05682
1305031253.165977 0.00615 -0.00194 0.002176 -0.005791 0.01939 0.05298
1305031253.197610 0.0005996 -0.002353 0.001505 0.003887 0.01463 0.02945
1305031253.229906 0.005988 0.00109 -0.0005509 0.01215 0.01148 0.006788
1305031253.265536 0.002056 0.002038 -0.001248 0.01126 0.02196 -0.002164
1305031253.297600 -0.007233 0.004676 -0.004572 0.007552 0.02196 -0.00865
1305031253.329972 -0.0055 0.008749 -0.004275 -0.002376 0.01118 -0.01186
1305031253.366257 -0.00122 -0.004124 0.001456 -0.01547 0.005541 -0.008593
1305031253.397735 -0.0007982 0.002302 -0.002006 -0.007048 0.004173 -0.007584
1305031253.429753 -0.002045 -0.001501 -0.0002114 -0.0132 0.002601 -0.003012
1305031253.465716 -0.001172 -0.004833 0.0004957 -0.01065 -0.003223 0.004167
1305031253.497697 0.001585 0.00151 -0.00135 -0.002455 -0.005377 0.003237
1305031253.529706 0.002962 0.001735 7.748e-05 -0.007596 -0.003985 -0.001215
1305031253.565670 0.006376 -0.007551 0.00427 -0.006524 0.00058 0.001565
1305031253.598121 -0.00324 -0.0008913 -0.002677 0.006054 0.00711 -0.001343
