1341840943.018466 0.002163 -0.005532 -0.005946 -0.004815 -0.001691 -0.001395
1341840943.054549 -0.004197 -0.005027 0.002861 0.00265 0.003995 0.002502
1341840943.086343 0.006192 0.0053 -0.003878 0.006769 -0.007074 0.006638
1341840943.118471 -0.001551 -0.005845 0.002854 -0.001659 0.002189 0.008328
1341840943.154503 0.001757 0.007989 -0.003826 0.007356 -0.00536 0.00745
1341840943.186929 0.006254 0.002116 0.01162 -0.0008743 -0.006565 0.00156
1341840943.218409 0.003987 -0.005968 -0.003036 -0.008707 -0.004154 -0.001445
1341840943.254364 -0.0009247 -0.003943 0.003965 0.0005307 1.985e-05 0.002406
1341840943.286444 0.01145 0.008437 -0.002978 0.006153 -0.01074 0.003887
1341840943.322556 0.004845 -0.004332 0.005592 -0.006483 0.0006801 -0.00293
1341840943.354423 0.003068 -0.001997 -0.008239 -0.003981 -0.0004079 0.001219
1341840943.388170 0.007745 -0.002701 0.004197 -0.001201 -0.002872 -0.000377
1341840943.422478 0.00574 -0.001554 -0.008831 -0.002684 -0.002969 -0.004533
1341840943.454374 0.00434 -0.001167 0.004755 -0.0002255 0.002048 -0.007683
1341840943.490475 0.00899 0.003323 -0.003794 -0.0005504 -0.005552 -0.000439
1341840943.522463 0.009487 -0.004483 0.005363 -0.003932 -0.003587 -0.003907
1341840943.554458 0.01135 0.005147 -0.009009 0.0002752 -0.007382 -0.005998
1341840943.590480 0.00222 -0.004983 0.009527 -0.01003 -0.0001048 -0.01037
1341840943.622545 0.01522 -0.001963 -0.007338 -0.007383 -0.01259 -0.006692
1341840943.654396 0.009717 -0.005581 0.006425 -0.005434 -0.004784 -0.00929
1341840943.690523 0.00746 -0.002732 -0.00834 -0.003458 -0.006426 -0.00653
1341840943.722420 0.00942 -0.002241 0.005245 0.001472 -0.007158 -0.00593
1341840943.758476 0.01355 0.006661 -0.001733 0.001876 -0.01071 -0.000737
1341840943.790455 0.005365 -0.01683 0.006334 -0.01202 -0.002278 -0.004278
1341840943.822407 0.003877 0.001826 -0.01255 0.006955 -0.003629 -0.0023
1341840943.858647 -0.01481 -0.00904 0.01204 -0.004017 0.01705 -0.01754
1341840943.890382 0.007718 0.00932 -0.004668 0.002389 -0.004543 -0.0001803
1341840943.922500 0.009802 -0.009038 0.008625 -0.01061 -0.007558 -0.005785
1341840943.958434 0.00195 -0.01068 -0.01669 -0.009608 0.002188 -0.0105
1341840943.990436 -0.003903 -0.0008254 0.006619 0.004597 0.007416 -0.002081
1341840944.026519 0.01371 0.006615 -0.001607 0.003485 -0.01251 0.0009509
1341840944.058570 0.008402 -0.009284 0.006744 -0.008202 -0.002064 -0.009092
1341840944.090825 -0.0003883 -0.001261 -0.006416 -3.828e-05 0.001439 -0.007515
1341840944.126353 0.005071 -0.004612 0.005332 0.0009783 -0.005355 -0.00969
1341840944.158400 0.00638 -0.0004937 -0.007105 0.002853 -0.005912 -0.002101
1341840944.190445 0.003661 0.003008 0.005768 0.00605 -0.003563 -0.003222
1341840944.226423 0.01567 0.005827 -0.007513 0.0004033 -0.009541 -0.005071
1341840944.265404 -0.01145 -0.004747 0.01029 -0.007504 0.01216 -0.006883
1341840944.326672 0.01005 -0.01186 -0.000515 -0.008189 -0.005294 -0.01497
1341840944.358578 0.003797 0.01511 -0.007118 0.01331 -0.001303 -0.005736
1341840944.394595 -0.003508 -0.004302 0.01311 -0.007586 0.002182 -0.005869
1341840944.426579 0.01486 2.754e-05 -0.006788 -0.009553 -0.009784 -0.006644
1341840944.458440 -0.006525 -0.007599 0.005043 -0.005448 0.008943 -0.007787
1341840944.494471 0.004886 0.002443 -0.006071 0.003901 -0.003534 -0.005554
1341840944.526501 -0.001487 0.0001633 0.004975 0.004629 0.003479 -0.01185
1341840944.562479 0.004308 0.01122 -0.006165 0.004696 -0.002815 -0.01261
1341840944.594258 0.0001758 -0.01021 0.006433 -0.007934 -0.0005688 -0.009437
1341840944.662532 0.01315 0.01538 -0.01167 0.01711 -0.0112 -0.009185
1341840944.694372 0.004607 -0.009489 -0.0008529 -0.007913 -0.002981 -0.004904
1341840944.730457 0.001066 0.003322 -0.003122 0.01007 -0.001935 -0.004135
1341840944.762417 0.009979 0.008753 -1.891e-05 0.006601 -0.01022 -0.008354
1341840944.794358 0.009016 -0.005515 0.000314 -0.004397 -0.00473 -0.01221
1341840944.830590 0.003288 0.003364 -0.0009466 0.006621 0.001215 -0.01051
1341840944.862422 0.003211 0.007946 0.00128 0.005895 -0.001724 -0.006112
1341840944.894451 0.005092 0.001411 0.001197 -0.001756 -0.005353 -0.005303
1341840944.930548 0.00936 0.0008781 4.082e-05 -0.0006733 -0.007842 -0.007583
1341840944.962389 0.001933 0.0002906 -0.0003367 0.0009973 9.276e-06 -0.004092
1341840944.998537 0.003399 0.005643 0.001311 0.005258 -0.00414 -0.001027
1341840945.030404 0.01267 0.005767 0.001229 0.0001716 -0.01045 -0.007952
1341840945.062478 0.002347 -0.007145 0.001876 -0.007068 0.002188 -0.00849
1341840945.098340 -0.002261 0.004654 -0.00108 0.006111 0.002221 0.001468
1341840945.130943 0.01039 0.007584 -0.0006835 0.003019 -0.01149 0.001854
1341840945.162424 0.01084 -0.007892 0.0003377 -0.007016 -0.007218 -0.007445
1341840945.198534 -0.003183 -0.002875 -0.002766 0.003845 0.00541 -0.006574
1341840945.230524 0.004818 0.008981 -0.001961 0.01032 -0.005099 0.0001464
1341840945.266438 0.00682 0.004532 -0.001516 0.0002285 -0.006709 -0.0002658
1341840945.298449 -0.03196 1.192 -0.2028 1.078 0.04102 0.1797
1341840945.330409 0.03023 0.2817 -0.06501 0.2566 -0.01049 -0.03979
1341840945.366390 -0.03849 -0.1677 0.1203 -0.1465 0.01033 0.07813
1341840945.398687 0.007266 -0.002875 0.003523 -0.004853 -0.008012 -0.00642
1341840945.430496 0.007573 -0.001544 -0.0002728 -0.001154 -0.006181 -0.009273
1341840945.466718 0.005545 0.00338 -5.9e-06 0.001439 -0.004474 -0.009786
1341840945.499294 0.002449 -0.004158 0.003106 -0.00393 -0.003193 -0.006595
1341840945.534429 0.009291 0.0008962 -0.0001835 0.001416 -0.01005 -0.005651
1341840945.566491 0.01399 0.002967 -0.002078 -0.0001893 -0.01105 -0.01131
1341840945.598485 0.00303 -0.004546 0.003712 -0.004437 -0.0001648 -0.009975
1341840945.634539 0.006898 0.001549 -0.001607 0.001163 -0.006483 -0.003068
1341840945.666482 0.01384 -0.001165 0.00335 -0.001994 -0.01023 -0.006821
1341840945.702566 0.006644 -0.006112 -0.004196 -0.005044 -0.002611 -0.009467
1341840945.734448 0.001946 -0.002276 -0.0007211 0.003752 -0.001722 -0.008396
1341840945.766359 0.01116 0.005524 -0.001004 0.007143 -0.01131 -0.007429
1341840945.802550 0.01723 0.004065 0.001312 -0.001846 -0.01212 -0.01428
1341840945.834337 0.003595 -0.009798 0.001466 -0.01168 -0.0007489 -0.01294
1341840945.866498 0.009156 -0.002209 0.0005828 -0.0002699 -0.009993 -0.01163
1341840945.902414 0.01861 0.003693 0.0004273 0.000358 -0.01467 -0.01773
1341840945.934416 0.006978 -0.002147 0.003401 -0.008924 -0.003299 -0.01511
1341840945.970467 0.004438 -0.01255 0.007089 -0.01162 -0.005647 -0.009799
1341840946.002597 0.01397 -0.006679 -0.001514 -0.001293 -0.01293 -0.01569
1341840946.034486 0.01252 0.002437 -0.01225 0.001687 -0.007792 -0.02347
1341840946.070390 0.000562 0.0008548 0.006467 -0.0002729 0.001298 -0.01204
1341840946.102571 0.01936 -0.002801 -0.004362 -0.005776 -0.01588 -0.004521
1341840946.134451 0.01623 -0.004368 0.0003168 -0.006872 -0.006126 -0.006562
1341840946.170446 0.001802 -0.00647 -0.0001232 -0.004255 0.002353 -0.004438
1341840946.202329 0.01373 0.0002737 -0.0008972 0.003752 -0.01043 -0.005807
1341840946.238447 0.01747 0.00743 -0.0009881 0.004228 -0.008156 -0.0103
1341840946.270488 0.006277 -0.002307 0.001836 -0.007578 -0.001128 -0.009233
1341840946.302789 0.008427 -0.006804 0.0006504 -0.006027 -0.0058 -0.008266
1341840946.338459 0.01595 0.001549 -0.001145 0.001884 -0.009789 -0.009435
1341840946.370435 0.006319 0.004104 -0.000203 0.001261 -5.819e-05 -0.00827
1341840946.402535 0.005487 9.665e-05 0.001113 -0.002862 -0.005219 -0.006175
1341840946.438395 0.01533 -0.005161 -0.001474 -0.00353 -0.01055 -0.007695
1341840946.470361 0.007837 0.00582 -0.001778 0.005123 0.000634 -0.006282
1341840946.506660 0.00295 0.005703 0.0004383 0.001235 0.0003419 -0.002228
1341840946.538350 0.01169 0.0008508 0.0005244 -0.003522 -0.008687 -0.001038
1341840946.570423 0.01376 -0.000569 0.000145 -0.003068 -0.005963 -0.007757
1341840946.606437 0.002255 -0.0003643 -0.001087 0.0004757 0.003581 -0.01014
1341840946.638534 0.002517 0.006924 -0.001649 0.004772 -0.001754 -0.0005783
1341840946.670394 0.01587 -0.00113 0.0003508 -0.004426 -0.0108 0.001067
1341840946.706347 0.004334 -0.004144 -0.001711 -0.002175 0.00148 -0.002173
1341840946.738455 -0.001317 0.003748 -0.002079 0.005965 -0.0007606 -0.00177
1341840946.774420 0.009446 0.004171 -0.001654 0.002846 -0.009998 -0.005442
1341840946.806405 0.01298 0.001686 -0.0005148 -0.002638 -0.008119 -0.01534
1341840946.838531 -0.002581 -0.005569 -0.001756 -0.004714 0.001351 -0.01305
1341840946.874292 0.00686 0.0003964 -0.002828 0.002739 -0.009386 -0.01396
1341840946.906384 0.01267 0.002805 -0.001914 0.00234 -0.007415 -0.01386
1341840946.942350 -0.0003363 0.001476 -0.00188 -0.0001032 0.001632 -0.001916
1341840946.974386 0.01126 0.0008661 -0.001466 -0.0007657 -0.01254 -0.001708
1341840947.006480 0.0184 0.0002218 -0.0008007 -0.00026 -0.01267 -0.0143
1341840947.042375 0.001752 0.001428 -0.0009487 0.00405 0.002593 -0.02141
1341840947.074407 0.005793 0.01141 -0.0004398 0.009041 -0.005523 -0.01505
1341840947.106585 0.01528 0.00532 0.002777 -0.00468 -0.01148 -0.005971
1341840947.142319 0.01106 -0.01644 3.62e-05 -0.01835 -0.006478 -0.007797
1341840947.174610 0.0003301 -0.004482 -0.001663 0.002257 -0.0004005 -0.01283
1341840947.210390 0.006043 0.01254 -0.001882 0.01303 -0.006593 -0.01432
1341840947.242326 0.01544 0.003192 0.001681 -0.002188 -0.01003 -0.01572
1341840947.274891 0.002234 -0.006145 0.0004598 -0.006262 -0.001209 -0.009678
1341840947.312947 0.01283 0.0002055 -0.0001263 0.002392 -0.01142 -0.01099
1341840947.374787 0.02824 0.01048 0.001775 -0.0002933 -0.01363 -0.02476
1341840947.449600 0.01821 -0.01294 0.001684 -0.01851 -0.009078 -0.001229
1341840947.482264 0.002791 0.001457 -0.002783 0.005681 0.001173 -0.002416
1341840947.517836 -0.0003346 0.01429 -0.002576 0.01591 0.003178 -0.002477
1341840947.549869 0.009793 0.01102 0.0007896 0.002929 -0.007052 -0.0004481
1341840947.585509 0.01616 -0.0109 0.001284 -0.01489 -0.009948 -0.003396
1341840947.619431 0.002417 -0.006594 -0.003327 -0.002939 0.002695 -0.00258
1341840947.685490 0.01903 0.008828 0.0003601 0.006382 -0.01472 -0.003215
1341840947.746752 0.01472 -0.006843 -0.003632 -0.0008217 -0.002635 -0.01994
1341840947.778451 0.00633 0.005557 -0.0004869 0.005124 -0.005244 -8.345e-05
1341840947.810332 0.02091 0.0009915 0.001488 -0.003406 -0.01444 0.0007639
1341840947.846666 0.01051 -0.01036 -0.001704 -0.008664 -0.001874 -0.005433
1341840947.878489 0.001235 0.002762 -0.001494 0.005748 0.001478 -0.001945
1341840947.914485 0.01773 0.008708 0.0005151 0.004672 -0.01355 -0.002979
1341840947.953534 0.02151 -0.006239 -0.0003484 -0.009682 -0.01149 -0.01239
1341840947.985481 0.002317 -0.008162 -0.002861 -0.005923 0.004995 -0.0113
1341840948.021597 0.004047 0.002872 -0.0003151 0.004351 -0.000863 -0.006809
1341840948.053637 0.01874 0.004889 0.001291 0.001022 -0.01291 -0.006088
1341840948.085581 0.01981 -0.008535 -0.0005386 -0.01076 -0.009369 -0.01397
1341840948.121555 -0.006534 -0.00835 -0.001138 -0.00412 0.008491 -0.01015
1341840948.153859 0.01065 0.005821 0.004364 0.006858 -0.009529 0.001106
1341840948.189477 0.02259 -0.00626 -0.006932 -0.007492 -0.01553 -0.002139
1341840948.221448 0.009356 -0.004525 0.007558 0.00234 -0.002322 -0.01192
1341840948.253405 0.0117 0.02225 -0.01059 0.02036 -0.007468 -0.01498
1341840948.289470 0.01631 0.01507 0.01187 0.01231 -0.007095 -0.009352
1341840948.321548 0.01015 -0.01777 -0.02004 -0.01909 -0.004156 -0.005204
1341840948.353449 0.005779 -0.004427 0.008543 -0.004915 0.001546 0.003167
1341840948.389651 0.01629 -0.005424 -0.01238 -0.005879 -0.008823 0.00546
1341840948.421840 0.006936 0.008993 0.01476 0.007377 0.001344 -0.002381
1341840948.453377 8.374e-05 0.004001 -0.01193 0.003258 0.00258 -0.01185
1341840948.489453 0.009935 0.008341 0.006162 0.01028 -0.005221 -0.007826
1341840948.521554 0.01683 -0.007257 -0.01352 -0.009731 -0.008502 -0.004172
1341840948.557441 0.003957 -0.006486 0.009626 -0.004184 0.003382 -0.003762
1341840948.589482 0.003766 0.004091 -0.007172 0.005279 -0.0007464 -0.001549
1341840948.621403 0.01479 0.007704 0.008002 0.006475 -0.007158 -0.003734
1341840948.657378 0.004017 -0.008312 -0.01466 -0.007557 0.0009577 -0.005157
1341840948.689480 0.002485 0.007876 0.008827 0.007891 0.002687 0.001687
1341840948.721607 0.01331 -0.003468 -0.009042 -0.005192 -0.006068 0.005066
1341840948.757356 0.007782 0.001866 0.01016 0.003714 0.0009361 0.001949
1341840948.789470 0.004232 0.006521 -0.004705 0.006478 -0.0001484 -0.0008454
1341840948.821701 0.01085 0.004082 0.006953 0.001881 -0.005347 -0.001056
1341840948.857369 0.008722 -0.006826 -0.009565 -0.006672 -0.002498 0.0009041
1341840948.889509 0.006941 0.006765 0.01029 0.007781 0.0004869 1.788e-05
1341840948.925500 0.002339 0.003284 0.0008874 0.003877 0.001423 0.00239
1341840948.957626 0.01201 -0.0009017 0.0006552 0.0004841 -0.007415 0.003029
1341840948.989436 0.0115 0.001552 0.0007385 0.003935 -0.003372 0.0003076
1341840949.025485 -0.0003082 0.001225 0.000337 0.005123 0.003772 0.003029
1341840949.057356 0.01035 0.003924 -0.0005754 0.006939 -0.007269 0.006051
1341840949.089385 0.01646 0.002754 0.0008407 0.003486 -0.008604 0.0002262
1341840949.125385 -0.0003766 0.003561 0.001483 0.006168 0.005282 -0.002441
1341840949.157459 0.004198 0.008529 -0.0002992 0.009356 -0.001434 0.002405
1341840949.193533 0.01791 0.0008698 0.001081 -0.001221 -0.01128 0.002376
1341840949.225338 0.007497 0.001755 0.001718 0.001802 -0.0005996 -0.001825
1341840949.257516 0.004785 0.009954 0.001759 0.00865 0.0007146 -0.002671
1341840949.293599 0.0161 0.001339 0.002128 -0.0007004 -0.009094 -0.004419
1341840949.325416 0.006503 0.0009274 0.001321 0.0008403 0.0008294 -0.00846
1341840949.357423 0.004571 0.008284 0.003618 0.006353 0.00211 -0.01005
1341840949.393379 0.01104 0.004593 0.00471 -0.001823 -0.005045 -0.006155
1341840949.425390 0.01325 -0.01192 0.002338 -0.01334 -0.005981 -0.007726
1341840949.457560 -0.0007037 -0.001921 0.003219 0.001569 0.003715 -0.01035
1341840949.493413 0.004742 0.01179 0.002087 0.01398 -0.003745 -0.008736
1341840949.525492 0.01698 0.007562 0.004373 0.001548 -0.01081 -0.006085
1341840949.561528 0.004399 -0.01346 0.003339 -0.01329 -0.0005124 -0.003322
1341840949.593593 0.007492 -0.001093 0.001659 0.003216 -0.005761 -0.001692
1341840949.625514 0.01646 0.01161 0.002118 0.01171 -0.009147 -0.006882
1341840949.661565 0.002674 0.005393 0.004196 -0.0003183 0.002356 -0.002908
1341840949.693560 0.005711 -0.004472 0.004989 -0.01211 -0.003516 0.005983
1341840949.725428 0.01292 -0.01199 0.001928 -0.01197 -0.007607 0.002628
1341840949.761491 0.002009 0.006952 0.003255 0.009455 0.002153 -0.004173
1341840949.793461 0.001798 0.01685 0.002684 0.01368 1.766e-05 -0.001129
1341840949.829560 0.01256 0.0006405 0.003642 -0.008201 -0.008337 0.003154
1341840949.861482 0.004445 -0.02166 -0.002195 -0.01953 -0.0002928 0.0004758
1341840949.893620 -0.001485 0.01005 0.002029 0.01199 0.003726 0.0001914
1341840949.929688 0.009035 0.01556 0.001165 0.01049 -0.007247 0.0009553
1341840949.961513 0.01577 -0.01064 0.001823 -0.01407 -0.008892 -0.004776
1341840949.993777 0.001432 -0.005183 0.0007155 -0.003446 0.002209 -0.0002287
1341840950.029500 0.01078 0.006385 0.001933 0.005919 -0.005247 0.004203
1341840950.062017 0.01352 -0.001169 0.0009817 -0.002354 -0.005911 -0.0009774
1341840950.099072 0.003514 8.264e-06 0.001509 0.0004566 0.002139 -0.004672
1341840950.134012 0.007635 0.004226 0.002271 0.002747 -0.001216 -0.002489
1341840950.161975 0.009894 -0.004036 0.0005846 -0.004814 -0.002985 0.0008293
1341840950.197678 0.0001827 0.0007429 -0.0008954 0.001649 0.003179 -0.001974
1341840950.232635 0.00246 0.009212 0.0006679 0.008896 0.002293 -0.00485
1341840950.265845 0.00628 0.0005131 -0.001687 -0.000914 -0.0001566 -0.001904
1341840950.297577 0.0008227 -0.009858 -0.002842 -0.01015 0.002723 0.0004389
1341840950.329772 -0.002732 -0.01133 -0.002473 -0.009584 0.004924 -0.003963
1341840950.368155 -0.0002685 0.005459 0.0005512 0.006355 0.003578 -0.007666
1341840950.399591 0.0002962 0.009568 0.0006813 0.008749 0.003888 -0.009328
1341840950.433657 0.003789 -0.001205 0.002759 -0.002229 0.0005424 -0.004701
1341840950.494487 0.001293 0.01785 -0.001495 0.01768 0.001333 0.003432
1341840950.526805 0.01029 0.01403 0.002961 0.01033 -0.004419 -0.005223
1341840950.558630 0.006604 -0.01023 0.0009745 -0.01156 -0.001738 -0.01023
1341840950.594338 -0.001956 -0.001898 0.0003831 0.0003329 0.002848 -0.0004587
1341840950.626781 0.004634 0.02324 0.004151 0.02472 -0.004176 0.00783
1341840950.662537 0.01556 0.01257 0.0002122 0.01366 -0.009673 -0.001952
1341840950.694301 0.01064 0.001642 0.002344 -0.0008827 -0.004078 -0.007613
1341840950.726296 0.004687 -0.007656 0.002591 -0.005998 -0.001732 -0.005604
1341840950.762390 0.01369 -0.0009536 -0.001515 0.001395 -0.005719 0.0006143
1341840950.826491 -0.007929 0.005218 0.008393 0.008252 0.00585 -0.0007489
1341840950.862324 0.01266 0.004802 -0.001139 0.00419 -0.00537 -0.001587
1341840950.894475 0.009886 -0.00312 0.001875 -0.003456 -0.003042 -0.005803
1341840950.930309 0.007558 -0.002565 0.0006001 -0.0005573 -0.002504 -0.007304
1341840950.962440 0.01223 0.003514 -0.005945 0.002737 -0.003586 -0.004859
1341840950.994351 0.005744 -0.0002582 -0.003896 -0.002694 0.002155 -0.001622
1341840951.032001 0.006797 -0.003028 -0.000152 -0.003552 -0.0003722 0.002522
1341840951.062607 0.01167 0.001434 -0.0004208 0.0007198 -0.00458 0.004485
1341840951.094401 0.01092 -0.001548 -0.002588 -0.002417 -0.003372 -0.002737
1341840951.130514 -0.0001366 -0.0005306 0.002278 -0.0003366 0.004744 -0.007221
1341840951.162426 0.003896 0.003332 0.0008974 0.003543 -0.002839 -0.004439
1341840951.198352 -0.01581 -0.1487 0.1989 -0.1099 0.02195 -0.03306
1341840951.230473 -0.006939 -0.1069 0.1638 -0.07864 0.01491 -0.0239
1341840951.262379 0.003067 0.003342 -0.0005398 0.003184 9.951e-05 -0.00651
1341840951.298342 0.01203 0.003508 -0.00254 0.001923 -0.008831 -0.006786
1341840951.330629 0.01508 -0.002545 -0.004564 -0.002346 -0.005805 -0.01552
1341840951.366340 -0.007495 0.005007 0.002886 0.005746 0.007524 -0.00876
1341840951.398301 0.007482 0.003702 0.002823 0.005819 -0.01015 -0.00693
1341840951.430381 0.01872 0.004629 0.001716 0.008012 -0.01322 -0.0158
1341840951.466431 0.00724 0.009991 0.007449 0.009922 -0.00451 -0.01599
1341840951.498379 0.00579 0.0009851 0.002008 0.00226 -0.0071 -0.01239
1341840951.530573 0.00962 0.004343 0.001265 0.004803 -0.008193 -0.008921
1341840951.566427 0.005919 0.002006 0.004649 0.002534 -0.005853 -0.01538
1341840951.598424 0.002082 -0.002274 0.006193 0.00432 -0.005943 -0.01676
1341840951.634435 0.01005 0.009288 0.005277 0.01546 -0.01116 -0.01117
1341840951.666360 -0.008387 0.01871 -0.003406 0.01971 0.002635 -0.018
1341840951.698437 0.01648 0.0002508 0.002986 0.0005744 -0.01234 -0.006235
1341840951.734328 0.005958 0.005114 -0.0009713 0.003056 -0.004429 -0.00902
1341840951.766425 0.01243 -0.002589 0.003154 -0.002483 -0.007327 -0.006144
1341840951.798383 -0.0002551 0.001103 0.002619 0.00289 -0.001135 -0.005983
1341840951.834335 0.0101 0.001235 0.001607 0.004938 -0.009952 -0.003662
1341840951.866348 -0.007649 0.02074 -0.005013 0.01857 0.00448 -0.01289
1341840951.902323 0.004824 0.002754 0.000975 0.002855 -0.00146 -0.008388
1341840951.934334 0.002901 0.002054 0.0004502 0.0008893 -0.003367 -0.003425
1341840951.966373 0.01127 0.00217 0.001191 0.001305 -0.008063 -0.00253
1341840952.002307 0.006692 0.001922 0.002248 0.002678 -0.003602 -0.007089
1341840952.034369 0.003722 0.0009589 0.0008851 0.003241 -0.004212 -0.008772
1341840952.066620 0.01146 0.006809 -0.001273 0.004646 -0.01045 -0.007072
1341840952.134380 0.01398 -0.0004271 0.00304 -0.004466 -0.004028 -0.01564
1341840952.170325 0.007161 0.00511 -0.0008132 0.004859 -0.008574 0.002019
1341840952.203348 0.01937 0.008413 -0.000691 0.002889 -0.01279 -0.003959
1341840952.234635 0.003931 -0.0005523 0.001531 -0.002982 -0.0004259 -0.01201
1341840952.271137 0.006937 0.001492 -5.164e-05 0.001 -0.006278 -0.007856
1341840952.302686 0.02447 0.009439 0.0005707 0.004942 -0.01402 -0.008577
1341840952.338387 0.009481 0.00279 0.0004524 -0.001814 9.918e-05 -0.00852
1341840952.370456 0.0043 0.003413 -0.001336 -0.002675 -0.001117 -0.00443
1341840952.402413 0.01495 0.01031 0.006374 0.002151 -0.007512 -0.01337
1341840952.438349 0.004493 7.876e-06 0.006501 -0.00259 0.003174 -0.0161
1341840952.471842 0.002249 0.002459 0.002702 0.00343 -0.002485 -0.01212
1341840952.502575 0.0223 0.007888 0.004197 0.007561 -0.01417 -0.01336
1341840952.538542 0.008286 0.005183 0.003819 0.004646 -0.003208 -0.01069
1341840952.570339 0.006361 0.003115 0.003655 0.002395 -0.005965 -0.0116
1341840952.609393 0.01439 0.003049 0.005838 0.004149 -0.01145 -0.01354
1341840952.670464 0.02033 0.02285 0.01147 0.02397 -0.01241 -0.01433
1341840952.706381 0.008468 0.01137 -0.003257 0.003898 -0.008739 -0.01097
1341840952.738332 0.01143 0.001566 0.00642 -0.003845 -0.007017 -0.01704
1341840952.770459 0.004451 -0.00434 0.003661 -0.0007358 -0.001266 -0.008837
1341840952.806571 0.01226 0.008068 -0.003173 0.009514 -0.01055 -0.003802
1341840952.838340 0.01364 0.01175 -0.000542 0.005312 -0.00858 -0.01117
1341840952.874291 0.0007784 0.000244 0.003963 -0.005728 0.002932 -0.01518
1341840952.906334 0.001886 -0.0031 0.001135 -0.004948 0.0005258 -0.007195
1341840952.938824 0.01568 0.002144 0.004724 0.003161 -0.009309 -0.003677
1341840952.974348 0.003549 0.005779 -0.00213 0.004175 0.001076 -0.004576
1341840953.006424 -0.001182 0.0007845 -0.005126 -0.003539 -0.001527 -0.007546
1341840953.038428 0.01135 0.002247 0.001459 0.0001328 -0.01041 -0.00796
1341840953.074378 0.0145 0.004065 0.003225 0.003424 -0.006886 -0.01254
1341840953.106432 -0.003214 0.00258 -0.004717 0.0008148 0.003434 -0.009708
1341840953.142495 0.005062 0.005154 -0.004911 0.0001038 -0.006895 -0.006261
1341840953.174445 0.01218 0.004381 0.001279 -0.0007968 -0.008039 -0.01228
1341840953.206463 0.0002881 -0.003412 -0.003212 -0.005862 0.002564 -0.01368
1341840953.242499 0.0007178 0.001665 -0.007268 -0.001947 -0.002993 -0.006704
1341840953.274518 0.01217 0.005218 -0.002834 -0.001219 -0.01011 -0.00924
1341840953.307477 0.004517 -0.001443 -0.0005796 -0.006442 -0.00107 -0.01634
1341840953.342551 0.002101 -0.003294 -0.003867 -0.004485 -0.002108 -0.01007
1341840953.374341 0.01231 0.003095 -0.004368 0.001129 -0.01006 -0.008328
1341840953.410465 0.01245 0.005283 0.0004863 0.0007752 -0.006666 -0.01753
1341840953.442575 -0.0001755 -0.004403 -0.0005716 -0.00448 0.002584 -0.01461
1341840953.474450 0.006337 0.001083 -0.005418 0.002427 -0.007839 -0.002087
1341840953.510551 0.01913 0.009866 -0.001344 0.004934 -0.01402 -0.009201
1341840953.542507 -0.002711 -0.0006993 0.00455 -0.004344 0.006508 -0.01551
1341840953.578361 0.00216 -0.003363 -0.003491 -0.002117 0.0001437 -0.007933
1341840953.610286 0.01703 0.005522 -0.001857 0.004601 -0.01197 -0.01317
1341840953.642589 0.01022 0.00667 0.001202 0.003478 -0.003973 -0.0178
1341840953.678540 -0.0004883 0.006762 0.0005638 0.0004709 0.0008827 -0.01094
1341840953.710384 0.002891 0.0008059 -0.001002 -0.00675 -0.004559 -0.006758
1341840953.742528 0.01016 -0.005582 -3.927e-05 -0.009023 -0.007957 -0.01267
1341840953.778515 0.005482 -0.004267 -0.001549 -0.002131 -0.004675 -0.01394
1341840953.846574 0.02905 0.007283 -0.006809 0.01162 -0.02707 -0.02561
1341840953.878452 0.008065 0.006873 0.0007077 0.002983 -0.004126 -0.01196
1341840953.910489 0.004192 0.001488 -0.0007377 -0.001995 -0.003145 -0.005144
1341840953.946512 0.0115 0.001762 0.0004289 -0.001235 -0.007443 -0.002299
1341840953.978381 0.006336 0.00176 0.000962 -0.0007534 -0.001493 -0.002345
1341840954.010435 0.00477 0.0005815 -0.0002417 -0.001401 -0.00257 -0.002167
1341840954.046462 0.009124 0.0002137 -0.0001082 -0.001205 -0.006313 -0.002937
1341840954.078424 0.01085 0.001151 0.001642 5.645e-05 -0.00493 -0.004871
1341840954.114436 0.005185 -0.0004456 0.001134 0.0003961 0.0001415 -0.005667
1341840954.146445 0.005393 0.003509 3.079e-05 0.002815 -0.001608 -0.005652
1341840954.178471 0.009814 0.00507 0.002922 0.0006523 -0.003898 -0.008744
1341840954.214463 0.002044 0.001131 0.004567 -0.002 0.003722 -0.005128
1341840954.246742 -0.002025 0.004659 0.003105 -0.001123 0.005145 -0.002952
1341840954.278466 0.0004267 -0.001006 0.002981 -0.007299 0.001742 -0.009773
1341840954.314476 0.005232 -0.009247 -5.558e-05 -0.007461 -0.003012 -0.00683
1341840954.346540 0.01221 -0.002987 -0.00136 0.003602 -0.006168 -0.002524
1341840954.382616 0.00101 0.01235 -0.0004802 0.01134 0.002144 0.004134
1341840954.414574 0.0004103 0.007828 -0.0008491 -0.001933 -0.002343 0.005414
1341840954.447048 0.01143 -0.006745 0.003723 -0.01494 -0.007998 -0.009456
1341840954.482599 -0.004349 -0.00617 0.007126 -0.006476 0.007831 -0.01015
1341840954.550393 0.008753 0.0147 -0.005038 0.007098 -0.006005 -0.01601
1341840954.582807 0.008103 0.006138 0.01075 -0.008979 -0.003253 -0.02582
1341840954.616033 -0.001733 -0.01053 0.002775 -0.01397 0.004655 -0.0224
1341840954.650776 0.01287 -0.007594 -0.002934 -0.003246 -0.008459 -0.02095
1341840954.682430 0.01804 0.002688 -0.00156 0.005321 -0.008397 -0.01464
1341840954.714408 0.004638 0.01122 -3.144e-05 0.003397 0.0006342 0.001001
1341840954.750528 0.001875 -0.001504 -0.001178 -0.0143 -0.001647 0.01368
1341840954.782419 0.01765 -0.01425 0.003926 -0.01977 -0.009578 0.01638
1341840954.818478 0.007883 -0.009494 -7.135e-05 -0.003808 -0.0004178 0.01105
1341840954.850343 0.007626 7.261e-05 -0.01421 0.006312 -0.006655 0.009485
1341840954.882433 0.02525 0.004489 -0.003861 0.0001131 -0.01797 -0.009763
1341840954.918411 0.008739 -0.0085 0.002509 -0.005844 -0.0007161 -0.01739
1341840954.950641 -0.00332 -0.01319 -0.01717 0.004268 0.002969 -0.00147
1341840954.982821 0.01601 0.01201 -0.01072 0.01665 -0.009031 0.005522
1341840955.018414 -0.02729 0.06947 0.2442 0.02513 0.01507 0.0002489
1341840955.050473 0.003214 -0.001707 0.003343 -0.01143 0.0002526 0.005571
1341840955.086380 0.01194 -0.01261 -0.0003199 -0.009385 -0.006933 -0.001773
1341840955.118509 0.01094 -0.001515 -0.003214 0.009507 -0.003724 -0.0058
1341840955.150379 0.008217 0.01357 -0.002564 0.01921 -0.002347 -0.01148
1341840955.186381 0.01221 0.005529 -4.87e-05 0.006482 -0.005096 -0.0209
1341840955.218329 0.002197 -0.00582 -0.003952 0.001167 -0.0001597 -0.005465
1341840955.250485 0.01898 0.005854 -0.002868 0.008676 -0.01145 -1.796e-06
1341840955.287165 0.009658 0.008779 0.007377 0.004039 -4.259e-05 -0.005536
1341840955.318677 -0.0002472 -0.004958 -0.0004768 -0.002901 0.003303 -0.002059
1341840955.354421 0.01854 0.005078 -0.0001378 0.005438 -0.01014 0.00036
1341840955.386730 0.004712 0.01656 0.01089 0.006479 0.003908 0.000603
1341840955.418648 0.001161 0.0007236 0.004241 -0.007541 0.001015 -0.003756
1341840955.454347 0.01556 0.001132 0.004813 -0.003116 -0.00655 -0.003895
1341840955.486415 0.005867 0.008202 0.01413 0.004099 0.004015 -0.001275
1341840955.518388 0.003662 0.002963 0.002579 0.005065 0.002484 -0.001272
1341840955.554406 0.01555 0.009546 0.002123 0.007355 -0.007597 -0.005903
1341840955.586440 0.01455 0.01544 0.01382 0.005363 -0.002043 -0.007021
1341840955.622458 0.0007496 0.007325 0.009742 -0.0002718 0.007836 0.006234
1341840955.654499 0.009699 0.009662 0.004555 -0.0003604 -0.002953 0.003436
1341840955.686563 0.01159 0.003123 0.009805 -0.004864 -0.001691 -0.006943
1341840955.722494 0.0007944 -0.0051 -0.001475 -0.00237 0.003689 0.000117
1341840955.754342 0.01617 0.002062 -0.004064 0.004791 -0.01136 -0.004101
1341840955.790316 0.01997 0.008922 0.01069 0.008115 -0.005044 -0.02258
1341840955.822325 0.001658 0.008721 0.005772 0.009327 0.007231 -0.02025
1341840955.854440 0.01474 0.01172 0.005039 0.006761 -0.003581 -0.01197
1341840955.890470 0.007663 0.01017 0.009669 -0.0001074 0.003736 -0.002746
1341840955.922399 -0.005587 -0.003837 -0.001113 -0.00792 0.003853 0.003553
1341840955.954367 0.01815 -0.006987 -0.003001 -0.003267 -0.01659 0.003225
1341840955.990543 0.01079 -0.00398 -0.002448 0.003655 -0.003807 0.002904
1341840956.022386 0.003027 -0.002824 -0.006367 0.005325 -0.005494 0.0002875
1341840956.058479 0.01519 -0.001554 -0.003852 0.004428 -0.0133 -0.001832
1341840956.090630 0.01391 -0.00383 8.83e-05 0.002442 -0.004031 0.003862
1341840956.122550 -0.003062 0.0004877 -0.002015 0.006297 0.005283 0.01369
1341840956.158437 0.008101 -0.001841 -0.003468 0.001775 -0.01099 0.006381
1341840956.190653 0.01041 -0.006723 -0.003952 0.001535 -0.005238 0.009531
1341840956.222568 -0.004722 0.0105 -0.005176 0.00835 0.00125 0.01589
1341840956.258584 0.007348 -0.0008181 -0.002727 -0.008231 -0.009983 0.001725
1341840956.290507 0.007763 -0.01266 0.0003168 -0.006785 -0.003312 0.00397
1341840956.326462 0.002796 0.002181 -0.005957 0.01254 -0.0009186 0.01114
1341840956.358343 0.00877 0.00765 -0.002852 0.00715 -0.007342 0.001809
1341840956.390406 0.01067 -0.004225 0.002183 -0.003642 -0.002725 -0.00651
1341840956.426434 0.006238 -0.003685 -0.001206 0.005453 -0.0001706 -0.0007993
1341840956.458529 0.01264 0.009332 -0.003324 0.01114 -0.006928 -0.002464
1341840956.490474 0.00926 0.005969 0.002656 -0.0002501 -0.001464 -0.004668
1341840956.526524 0.005939 -0.005647 0.0005528 -0.005735 0.001465 0.002122
1341840956.558545 0.007873 0.001045 -0.001763 0.002928 -0.001706 0.01271
1341840956.594366 0.01118 0.002454 0.0004128 0.001279 -0.00455 0.005644
1341840956.626432 0.01034 -0.006287 0.0009677 -0.0009164 -0.001555 -0.002786
1341840956.658485 0.008274 0.0004239 -0.003048 0.00952 -0.001923 0.006788
1341840956.694986 0.01534 0.01191 0.0002775 0.009901 -0.007689 0.01275
1341840956.726948 0.02002 0.007471 0.007273 -0.001186 -0.006708 0.006764
1341840956.762542 0.008451 -0.004889 0.002602 -0.004827 0.001391 0.00793
1341840956.794333 0.01525 0.001522 -0.0006727 0.004566 -0.005013 0.007191
1341840956.826604 0.02133 0.003844 0.006748 0.005617 -0.01234 -0.03168
1341840956.862370 0.00367 0.005565 0.007105 0.01356 0.002879 -0.02806
1341840956.894446 0.0009915 0.01238 -0.0003193 0.01736 -0.0003915 0.005558
1341840956.926487 0.02282 0.015 0.006195 0.006692 -0.01572 -0.003824
1341840956.962463 0.01935 -0.00837 0.002779 -0.006952 -0.009167 -0.01029
1341840956.994446 -0.02016 -0.001648 -0.004586 0.006081 0.01528 0.02083
1341840957.030547 0.01398 0.0147 -0.0008132 0.00443 -0.01754 -0.006486
1341840957.062526 0.0466 0.003837 -0.0003831 -0.01209 -0.03567 -0.02923
1341840957.094372 0.0008653 -0.0105 0.003084 -0.015 0.003197 -0.00473
1341840957.130419 0.01033 -0.002477 0.001307 0.002408 -0.01261 -0.006971
1341840957.162672 0.0236 0.005534 0.001678 0.008521 -0.009014 -0.01545
1341840957.194449 0.009993 0.009638 0.002886 0.008094 -0.001059 -0.01419
1341840957.230563 0.003701 0.004404 0.003242 9.076e-05 -0.0009914 0.009298
1341840957.263049 0.02399 0.007827 0.002416 0.001328 -0.01219 0.005036
1341840957.298557 0.0196 0.002693 0.003691 -0.002425 -0.006921 -0.01499
1341840957.337521 0.001735 -0.007713 -0.0002883 -0.002427 0.00394 -0.01586
1341840957.369775 0.01032 -0.0006312 -0.002541 0.008147 -0.003681 -0.006137
1341840957.437518 0.002634 0.02244 0.006385 0.00899 0.00263 0.01029
1341840957.499889 0.01639 -0.002479 0.002914 -0.00363 -0.008345 0.02063
1341840957.532534 0.0117 0.006432 0.001439 0.004168 -0.004311 -0.001405
1341840957.568313 0.008915 0.004592 0.001946 0.002213 0.0009125 -0.005746
1341840957.630944 0.006658 0.0004354 0.007561 -0.00644 0.002097 0.0003787
1341840957.666747 -0.001105 0.002434 -0.0004238 0.006611 0.003361 0.01951
1341840957.730477 0.01907 0.002022 0.00579 -0.0009202 -0.01032 0.01524
1341840957.766475 -0.004156 0.001587 0.002596 0.003322 0.001129 0.004564
1341840957.798429 0.01173 0.004493 0.0018 0.003845 -0.01339 -0.002705
1341840957.834453 0.01994 0.009929 0.003317 0.001717 -0.009501 -0.009462
1341840957.866409 0.003565 -0.00268 0.006492 -0.006948 0.001765 -0.003026
1341840957.898394 0.01396 -0.003063 0.001455 -0.0002176 -0.005929 0.0008658
1341840957.934451 0.03154 0.004242 -0.002658 0.00231 -0.01404 -0.01812
1341840957.966548 0.01714 -0.002955 0.0007145 -0.002364 -0.005436 -0.02685
1341840958.002519 0.004744 0.0125 0.006403 0.006306 -0.000456 -0.01595
1341840958.034354 0.01997 0.0001091 0.006614 -0.006906 -0.009502 -0.01068
1341840958.066435 0.008474 -0.007389 -0.001249 -0.003889 0.002089 0.007604
1341840958.102641 0.006385 0.0123 0.004002 0.004016 -0.007973 -0.007715
1341840958.134375 0.03012 -0.008852 0.004592 -0.01189 -0.01642 -0.04594
1341840958.166419 -0.003464 -0.005394 0.008281 0.005629 0.008694 -0.02835
1341840958.234681 -0.0102 0.02233 0.004168 0.04091 0.01007 -0.01579
1341840958.270777 0.02229 0.01856 0.001154 0.007588 -0.00909 -0.01217
1341840958.302453 -0.001068 0.006378 0.007182 -0.01041 0.001674 -0.01194
1341840958.334523 -0.004727 -0.01467 0.007676 -0.01803 -0.001922 -0.01159
1341840958.370457 0.00641 -0.0175 -0.0001927 -0.002207 -0.006364 -0.008227
1341840958.402899 0.007586 0.003903 -0.001508 0.01589 -0.001206 -0.006111
1341840958.434577 -0.008285 0.002394 0.001892 0.007919 0.004381 0.003187
1341840958.470572 0.003674 -0.003813 0.003304 0.002425 -0.01054 0.01122
1341840958.502575 0.02521 0.002124 -0.001125 0.004524 -0.01338 0.00899
1341840958.538315 -0.002554 0.0023 0.004063 -0.0007322 0.008571 0.003704
1341840958.570481 -0.01378 -0.008058 0.007099 -0.005628 0.001948 0.00775
1341840958.602475 0.01773 -0.002722 -0.001022 0.002247 -0.01524 0.00708
1341840958.638490 0.02036 -0.005868 -0.0009134 -0.001194 -0.004332 0.002155
1341840958.670356 -0.005434 -0.007488 0.002607 0.002125 0.008907 0.007959
1341840958.702519 0.005224 0.01552 0.0006173 0.01303 -0.006539 0.01133
1341840958.738472 0.02364 0.009166 0.003376 -0.002648 -0.01393 -0.00906
1341840958.770512 0.02459 -0.02168 -0.002937 -0.01554 -0.008251 -0.01459
1341840958.806451 -0.004454 -0.0006863 0.001427 0.008755 0.006128 0.003264
1341840958.838440 0.01768 0.007095 -0.003148 0.006803 -0.01191 0.002791
1341840958.870362 0.02062 0.002248 -0.001216 -0.0019 -0.003822 0.001977
1341840958.906297 0.001379 -0.0002135 0.004401 -0.002927 0.002693 -0.001641
1341840958.938509 0.00311 -0.006903 0.00448 -0.002198 -0.004908 0.001469
1341840958.974335 0.0164 0.003012 0.001463 0.007482 -0.01283 0.001513
1341840959.006315 0.01943 0.001222 0.001402 0.002861 -0.008497 -0.01258
1341840959.038448 0.001579 -0.006706 0.005183 0.0006858 0.003475 -0.01097
1341840959.074357 0.0008971 -0.005406 0.005443 0.006756 -0.002918 -0.001447
1341840959.106586 0.01138 0.003316 0.0037 0.01175 -0.0109 -0.007416
1341840959.138687 0.02396 0.000579 -0.006585 0.003432 -0.01145 -0.0157
1341840959.174290 0.00453 0.006817 0.00131 0.001642 0.005049 -0.01024
1341840959.206548 -0.001035 0.003613 0.01009 -0.002641 -0.003569 -0.008802
1341840959.242496 0.01704 -0.01263 0.004997 -0.00657 -0.01426 -0.01582
1341840959.274548 0.01692 -0.01224 -0.0004972 0.001648 -0.002674 -0.01596
1341840959.306798 0.004457 0.007069 0.005009 0.01255 0.001071 -0.002855
1341840959.342667 0.01376 0.01159 -0.0006521 0.006459 -0.009739 0.002916
1341840959.374758 0.01899 0.0025 0.001834 -0.00726 -0.009659 -0.001847
1341840959.415585 0.008835 -0.01241 0.008914 -0.007901 0.0005709 -0.01399
1341840959.446357 -0.003693 -0.002334 0.009598 0.008926 -0.0002857 -0.01379
1341840959.481679 0.01736 -0.004363 0.000744 0.004507 -0.0147 -0.01355
1341840959.513973 0.01267 -0.01039 -0.008716 -0.002363 0.001758 -0.01332
1341840959.545780 0.002394 0.002821 0.0002813 0.003611 0.007967 -0.00384
1341840959.613699 0.01464 -0.01151 0.009035 -0.01201 -0.002611 0.005316
1341840959.649537 0.004204 -0.009088 0.005908 0.002492 0.005123 -0.004138
1341840959.681398 0.007929 0.003269 0.003093 0.01092 -0.004159 -0.006618
1341840959.713442 0.01289 0.002444 0.001348 0.003386 -0.007 -0.008607
1341840959.749392 0.005712 -0.009049 0.004643 -0.004724 0.0008049 -0.00908
1341840959.781547 0.008751 -0.006376 0.003405 0.003945 -0.0004794 -0.006583
1341840959.813311 0.01016 0.01006 -0.0008563 0.01146 -0.002575 -0.005649
1341840959.849488 0.003395 -0.0002818 0.005323 -0.004315 -0.001641 -0.00534
1341840959.881649 0.005334 -0.01188 0.006986 -0.00535 -0.003028 -0.007303
1341840959.917476 0.01319 0.008254 0.001483 0.01241 -0.009593 -0.01198
1341840959.949422 0.007143 0.00662 0.002385 -0.0006007 -0.004585 -0.01339
1341840959.981492 -0.001464 -0.01191 0.008364 -0.01079 -0.0006367 -0.008538
1341840960.017484 0.009967 0.008321 0.002343 0.009531 -0.01228 -0.01218
1341840960.049583 0.01293 0.006033 0.0009773 -0.001941 -0.01047 -0.01516
1341840960.085385 -0.002205 -0.005766 0.006591 -0.008765 0.001144 -0.00721
1341840960.118348 0.006921 -0.004017 0.006414 -0.001176 -0.01001 -0.009548
1341840960.149294 0.01754 -0.001836 0.0005419 0.00303 -0.01149 -0.01889
1341840960.185392 -0.0005217 0.005346 0.004076 0.007075 0.004628 -0.01645
1341840960.217326 0.0004847 0.007304 0.00322 0.001473 -0.007763 -0.007624
1341840960.253366 0.02081 -0.001664 -0.001026 -0.008925 -0.01688 -0.00719
1341840960.285455 0.01713 -0.001489 0.001788 -0.00993 -0.004781 -0.01579
1341840960.317469 -0.002357 -0.005702 0.005595 -0.009186 0.00508 -0.01384
1341840960.353458 0.002319 0.004469 0.005813 0.00055 -0.006456 -0.006546
1341840960.385416 0.02058 -0.001927 0.0008767 -0.005952 -0.01452 -0.01133
1341840960.421454 0.002364 -0.009232 0.003969 -0.005695 0.005472 -0.01074
1341840960.453586 0.004017 0.008327 0.004418 0.00504 -0.004129 -0.002525
1341840960.485518 0.0128 0.007989 0.0009182 -0.003896 -0.01029 -0.003271
1341840960.521536 0.004489 -0.01423 0.006173 -0.01342 0.000916 -0.004929
1341840960.553426 -0.00742 -0.01107 0.007852 0.001996 0.004775 -0.003662
1341840960.589580 0.005112 0.006981 0.003194 0.01285 -0.00897 -0.003377
1341840960.621498 0.01338 -0.003607 0.002055 0.0002724 -0.009632 -0.007889
1341840960.654287 0.002772 -0.01155 0.003656 0.001986 0.003352 -0.009045
1341840960.689865 -0.004705 0.008761 0.002051 0.0135 -0.00235 -0.005283
1341840960.722189 0.0116 0.00889 -0.0008271 0.002591 -0.01614 -0.00351
1341840960.757718 0.00761 -0.01211 0.00328 -0.008106 -0.001696 -0.004109
1341840960.792568 -0.01278 -0.004451 0.002816 0.006291 0.008012 -0.002096
1341840960.850481 0.0347 0.008152 0.002987 0.004602 -0.03317 -0.01341
1341840960.882499 -0.003616 -0.01035 0.002528 -0.00219 0.009867 -0.00709
1341840960.914361 0.001374 0.006322 -0.0001365 0.009157 -0.005632 -0.002741
1341840960.950649 0.02292 0.005979 0.001109 0.0001803 -0.01738 -0.004563
1341840960.982475 0.01218 -0.006599 0.004471 -0.006952 -0.0006583 -0.007761
1341840961.019284 -0.004218 -0.007824 0.005037 0.002216 0.006237 -0.007547
1341840961.050434 0.01153 -0.003089 0.001729 0.006605 -0.01124 -0.01159
1341840961.082477 0.02753 0.004684 0.002639 0.004768 -0.0156 -0.01653
1341840961.118474 0.005973 -0.0007871 0.004219 0.002083 0.004412 -0.01335
1341840961.150386 -0.0008914 0.001883 0.0009905 0.005555 -0.0003855 -0.007491
1341840961.186628 0.02288 0.005049 0.002998 0.001575 -0.01836 -0.009672
1341840961.218868 0.02239 -0.001962 0.00583 -0.004409 -0.007287 -0.01692
1341840961.250337 -0.0113 0.0004464 0.001202 -0.000264 0.006903 -0.01238
1341840961.286494 0.01284 -0.002838 0.005637 -0.005091 -0.01729 -0.005116
1341840961.325951 0.01961 -0.00585 0.007094 -0.001533 -0.01284 -0.01147
1341840961.357566 0.01147 -0.001734 0.005139 0.005309 -0.005228 -0.02065
1341840961.389812 0.007866 -0.0003607 0.003008 0.005066 -0.005043 -0.01194
1341840961.425593 0.02077 0.006743 0.002078 0.003114 -0.01295 -0.005451
1341840961.457421 0.01799 -0.001078 0.003705 -0.007018 -0.005426 -0.007127
1341840961.493557 0.003673 -0.01149 0.005247 -0.008028 0.002651 -0.006058
1341840961.525623 0.004473 -0.005136 0.00304 0.004813 -0.003033 -0.006176
1341840961.586924 0.04506 0.002999 0.001136 0.01042 -0.01712 -0.02045
1341840961.618405 -0.0078 0.005562 -0.001842 0.001335 0.008045 -0.0004162
1341840961.654379 0.01402 -2.183e-05 0.001002 -0.006761 -0.01203 7.867e-05
1341840961.686489 0.01614 -0.006511 0.003209 -0.0083 -0.006161 -0.00648
1341840961.722531 0.0006221 -0.005821 0.001879 0.000376 0.003044 -0.01321
1341840961.754353 0.002002 0.005235 -0.001252 0.009245 -0.004864 -0.01636
1341840961.786702 0.01788 0.00455 -0.0005423 0.002556 -0.01335 -0.01155
1341840961.822425 0.004699 0.003511 -0.00109 -0.003325 -0.002116 -0.003315
1341840961.854438 0.004425 -0.002302 0.000378 -0.007561 -0.005032 0.004705
1341840961.886421 0.001562 0.005611 -0.002118 -0.00153 -0.006029 -0.003319
1341840961.922460 0.01435 -0.003666 0.00176 -0.008452 -0.0142 -0.01835
1341840961.954471 0.007591 -0.01275 0.002957 -0.004031 -0.004072 -0.02037
1341840961.990511 -0.004608 0.007636 -0.003197 0.01244 -0.004858 -0.0175
1341840962.022486 0.01461 0.003628 -0.001094 0.0001181 -0.01834 -0.0105
1341840962.054525 0.01252 -0.005422 0.0002928 -0.006817 -0.01063 -0.0006305
1341840962.090500 0.005705 0.007266 -0.002706 0.000527 -0.006699 0.000601
1341840962.122362 0.01674 -0.0001306 -4.512e-05 -0.008201 -0.01165 -0.002065
1341840962.154399 0.01235 -0.008049 0.0008841 -0.008108 -0.00325 -0.003101
1341840962.190506 0.001616 0.003526 -0.002529 0.004993 -4.321e-05 -0.006871
1341840962.222501 0.01282 0.006123 -0.002556 0.003019 -0.01029 -0.01106
1341840962.258521 0.02055 -0.004913 -8.415e-05 -0.004465 -0.009455 -0.01096
1341840962.290492 0.007423 0.001367 -0.002463 0.002782 0.00082 -0.008125
1341840962.322414 0.00226 0.01071 -0.001013 0.004263 -0.003399 -0.003395
1341840962.358435 0.01963 -0.001293 0.0005563 -0.009174 -0.01545 -0.006239
1341840962.390495 0.01311 -0.01524 0.0007157 -0.008557 -0.004863 -0.009106
1341840962.426540 -7.425e-06 0.003758 -8.65e-05 0.01215 -0.001926 -0.0069
1341840962.458372 0.01829 0.008193 -0.002333 0.005375 -0.01858 -0.009598
1341840962.490453 0.02625 -0.007338 -0.001687 -0.008948 -0.01325 -0.01555
1341840962.526515 4.541e-05 -0.006603 -0.0007665 -0.0004153 0.005785 -0.008518
1341840962.558319 0.006372 0.01002 -0.0001816 0.008226 -0.008928 -0.003683
1341840962.590632 0.02306 -0.006542 0.0006607 -0.008444 -0.0162 -0.008193
1341840962.626591 0.00599 -0.01151 0.002035 -0.00243 -0.0005129 -0.006367
1341840962.658301 0.005271 0.01375 -0.001368 0.01527 -0.008077 -0.003445
1341840962.694499 0.01522 0.001256 0.0033 -0.004378 -0.01649 -0.005554
1341840962.726388 0.02106 -0.01019 0.00199 -0.01176 -0.01197 -0.00921
1341840962.758531 0.004106 -0.006457 0.001997 7.093e-05 0.001683 -0.006434
1341840962.794664 0.003819 0.009902 0.0007259 0.01024 -0.00471 -0.001383
1341840962.826570 0.01655 0.008697 0.0004054 -0.001716 -0.01429 -0.003319
1341840962.858951 0.0136 -0.005221 0.003118 -0.01279 -0.006141 -0.007193
1341840962.899938 0.003467 -0.005613 0.002483 -0.004446 -0.0007536 -0.0002996
1341840962.926687 0.01123 0.01026 -0.0003499 0.005109 -0.008614 0.004249
1341840962.962951 0.01444 0.005911 0.0008761 -0.0068 -0.00743 -0.0005888
1341840962.998477 0.012 0.00287 -0.0002893 -0.005611 -0.004875 0.002685
1341840963.030929 0.009822 -0.003176 0.002461 -0.005749 -0.003142 0.002599
1341840963.094911 0.01608 0.001287 0.002162 -0.001966 -0.006314 -0.004293
1341840963.162819 0.0308 -0.00898 -0.0003012 -0.004146 -0.01054 -0.01986
1341840963.194331 0.0005904 0.006112 0.0005317 0.009158 0.002601 2.617e-05
1341840963.230374 0.01846 0.005054 -6.907e-05 0.0004357 -0.01189 -0.004394
1341840963.262625 0.01879 -0.01297 0.0006833 -0.009577 -0.003932 -0.01237
1341840963.294380 0.003574 -0.0005924 -0.0001145 0.005514 0.004506 -0.003053
1341840963.330430 0.0151 0.01702 -0.001347 0.009137 -0.008438 -0.0015
1341840963.362560 0.01571 -0.008574 0.007555 -0.01348 -0.00539 -0.01564
1341840963.398429 0.001387 -0.01531 0.002255 -0.007201 0.003789 -0.008661
1341840963.430475 0.003525 0.0002434 0.00339 0.00771 -0.008395 0.003882
1341840963.462629 0.05069 1.946 -0.3004 1.357 3.105e-05 0.07914
1341840963.498484 0.03759 -0.1513 0.1098 -0.08926 -0.01194 -0.06381
1341840963.530619 0.006152 0.004499 0.001639 0.009159 -0.001623 -0.001617
1341840963.562523 0.01844 0.005281 0.0024 0.002285 -0.009648 -0.001502
1341840963.599193 0.01621 -0.005016 0.003813 -0.00578 -0.003493 -0.009585
1341840963.634862 0.001721 -0.006686 0.002743 -0.001823 0.002654 -0.006363
1341840963.698480 0.03344 0.00215 0.004997 0.003935 -0.02166 -0.009385
1341840963.731455 0.009526 -0.008411 0.002253 -0.003248 0.001298 -0.01352
1341840963.766411 0.006261 0.0005214 0.0005935 0.005032 -0.001387 -0.003405
1341840963.798470 0.01837 0.01036 0.001135 0.004087 -0.007856 0.0001469
1341840963.830504 0.018 -0.002303 0.004434 -0.007798 -0.001307 -0.003904
1341840963.866347 0.003495 -0.01069 0.001785 -0.004748 0.006721 0.001243
1341840963.898456 0.00739 0.003949 0.001926 0.005942 -0.001788 0.005445
1341840963.934711 0.0203 0.008277 0.0009046 0.001193 -0.009064 -0.0007701
1341840963.966436 0.009949 -0.009833 0.006004 -0.008316 0.001705 -0.004181
1341840963.998503 0.006543 0.001591 -0.001561 0.003684 0.000885 0.006405
1341840964.034575 0.009997 0.005385 0.001929 0.0009124 -0.00276 0.009801
1341840964.066510 0.01685 0.0002739 0.001362 -0.0048 -0.00693 0.0003919
1341840964.098501 0.012 -0.01487 0.004439 -0.006931 7.637e-05 -0.0004767
1341840964.134562 0.003838 0.009201 -0.00401 0.01089 0.0008548 0.00566
1341840964.166514 0.01585 0.006412 0.003337 -0.001265 -0.00768 -0.0002948
1341840964.202415 0.0178 -0.008765 -0.000622 -0.008253 -0.003514 -0.006801
1341840964.234470 0.003091 -0.004378 0.002177 0.00269 0.003696 0.0002101
1341840964.266380 0.01536 0.006383 -0.001955 0.005071 -0.007135 0.0005506
1341840964.302473 0.01653 -0.003147 0.003474 -0.002584 -0.003936 -0.004233
1341840964.334456 0.01137 0.0005205 -0.002293 0.00183 4.701e-05 -0.003897
1341840964.366457 0.008605 0.005387 0.00161 0.002505 -0.0007126 -0.0003077
1341840964.402484 0.01933 0.006604 -0.0005389 -0.001027 -0.007321 -0.002825
1341840964.434350 0.01465 -0.009725 0.005648 -0.006872 -0.001189 -0.009885
1341840964.470586 0.01023 0.00146 -0.00363 0.006429 0.0008704 -0.009542
1341840964.502418 0.006174 0.01217 0.003352 0.006409 0.0006475 -0.003469
1341840964.535019 0.01103 0.007143 0.002052 -0.00376 -0.005598 0.00274
1341840964.570508 0.01224 -0.007852 0.006206 -0.009932 -0.005705 0.002133
1341840964.602683 0.0152 -0.003802 0.001221 -0.0006356 -0.005834 -0.004676
1341840964.638387 0.009565 0.001967 0.002346 0.005264 -0.002364 -0.01205
1341840964.670552 0.0112 0.007854 0.00193 0.003079 -0.00316 -0.006594
1341840964.702593 0.007636 0.0002885 0.003228 -0.003619 -0.002166 0.002859
1341840964.738325 0.01321 -0.005601 0.00341 -0.003674 -0.006433 0.001974
1341840964.770429 0.01373 0.001871 0.001005 0.004144 -0.004539 -0.003553
1341840964.802789 0.00958 0.008028 0.001836 0.002929 -0.002412 -0.00466
1341840964.839146 0.01215 0.001247 0.003183 -0.003728 -0.003734 0.0001102
1341840964.872064 0.007438 -0.004384 0.003027 -0.003946 -0.0009463 0.001145
1341840964.906390 0.01255 -0.002293 0.001421 0.001477 -0.005076 -0.0003276
1341840964.938468 0.009465 0.009008 0.0004961 0.005939 -0.0008881 0.002393
1341840964.970459 0.0125 0.005502 0.002889 -0.002269 -0.00396 0.003732
1341840965.006382 0.01705 -0.004502 0.00294 -0.006012 -0.002929 0.002273
1341840965.038369 0.008328 0.004584 0.000524 0.002597 0.003615 0.004635
1341840965.070481 0.01 0.006385 0.002033 -0.0007468 -0.001282 0.003017
1341840965.106409 0.01478 -0.003265 0.003042 -0.00502 -0.002995 -0.0009548
1341840965.138421 0.01306 0.001095 1.714e-05 0.001554 0.001025 -0.0001231
1341840965.174347 0.00916 0.01076 0.0006269 0.003302 0.002243 0.002393
1341840965.206378 0.01305 0.003333 0.004052 -0.00486 -0.002141 0.002013
1341840965.238405 0.01679 -0.00456 0.002633 -0.005179 -0.001656 -1.349e-05
1341840965.274337 0.0103 0.002791 0.0007219 0.001869 0.002447 -0.0001382
1341840965.306376 0.01295 0.003633 0.001706 -0.0002154 -0.001231 0.0001176
1341840965.338459 0.01607 -0.0008366 0.003092 -0.002451 -0.001347 -2.982e-05
1341840965.374389 0.01227 0.001449 0.001724 -0.0004855 0.0008602 -0.001213
1341840965.406583 0.01413 0.0009747 0.002344 -0.001051 -0.0008802 -0.0006126
1341840965.442514 0.01421 0.001423 0.002193 -0.0006069 -0.0004076 -0.001641
1341840965.474411 0.01602 0.001676 0.002996 -0.001445 -0.001952 -0.005533
1341840965.506415 0.01379 -0.0004484 0.002719 -0.002069 0.0009409 -0.005855
1341840965.542569 0.007725 0.005431 0.003892 -0.000101 0.0008021 -0.004864
1341840965.574372 0.0135 -0.004003 0.006376 -0.00598 -0.005006 -0.01072
1341840965.610369 0.01396 -0.007019 0.002316 -0.001757 -0.001578 -0.009927
1341840965.642347 -0.002339 0.006495 0.002378 0.004345 0.004559 0.001852
1341840965.674376 0.008529 0.004912 0.005334 -0.003011 -0.009436 0.0002304
1341840965.710509 0.02156 -0.009047 0.006575 -0.008634 -0.01006 -0.009644
1341840965.742480 0.0009964 -0.01134 0.001056 0.0004909 0.005018 -0.007506
1341840965.774568 0.00646 0.01348 0.002009 0.008165 -0.005013 -0.001056
1341840965.810349 0.02447 0.004284 0.00816 -0.006736 -0.009734 -0.0021
1341840965.842378 0.01392 -0.01032 0.003927 -0.008479 0.0006398 -0.002588
1341840965.878417 0.00892 0.002619 0.003181 0.001854 0.0003789 -0.00215
1341840965.910576 0.01817 0.0113 0.00427 -0.0006992 -0.004539 -0.004759
1341840965.978828 0.02284 -0.01902 0.01001 -0.01478 -0.001349 -0.0106
1341840966.010383 0.01395 -0.0003098 0.0004154 0.004982 -0.002063 -0.006184
1341840966.042501 0.01277 0.001973 0.002837 -0.0001212 -0.000435 -0.00601
1341840966.078732 0.01176 -0.008124 0.00325 -0.00388 0.0008388 -0.000459
1341840966.110391 0.01225 0.0006443 0.0009909 0.001085 0.0009706 0.00278
1341840966.146539 0.009341 -0.001919 0.003189 -0.003385 0.002373 0.005388
1341840966.179109 0.003042 -0.009961 0.003666 -0.00507 0.001886 0.007869
1341840966.210399 0.006503 -0.01728 0.002365 -0.00211 -0.002928 0.00542
1341840966.246464 -0.1357 0.3517 -0.4342 0.2531 0.1026 -0.1159
1341840966.278434 0.02134 -0.05786 0.1466 -0.03503 -0.009717 -0.009616
1341840966.310424 -0.003527 0.003415 0.0002411 0.005969 0.002044 0.009687
1341840966.346502 -0.003072 -0.0009976 0.002781 -0.0004338 -0.004069 0.02594
1341840966.378760 -0.001196 -0.0005695 0.003881 -0.0009746 -0.007354 0.03895
1341840966.414634 0.00375 0.00993 0.000671 0.002528 -0.01013 0.02169
1341840966.446471 -0.004925 -0.01045 0.01314 -0.007032 -0.005577 0.001008
1341840966.478509 -0.002744 -0.01162 -0.004273 0.00189 -0.009628 -0.0009478
1341840966.514523 -0.002509 -0.01587 0.007421 0.0002711 -0.004913 -0.007694
1341840966.546602 0.01074 -0.003399 -0.004003 0.009512 -0.005899 -0.01182
1341840966.578804 -0.008871 0.006134 0.004258 0.01058 0.003387 -0.003265
1341840966.614496 0.01153 0.01958 -0.001073 0.004782 -0.01578 0.007947
1341840966.646349 0.01697 0.0004015 0.004942 -0.01214 -0.01294 0.007072
1341840966.682534 0.003569 -0.009034 0.006526 -0.01103 -0.0004211 0.002119
1341840966.714558 0.001624 0.008032 0.004659 0.002519 -0.007111 0.004316
1341840966.746520 0.02401 0.003701 0.002562 -0.00452 -0.01806 -0.001687
1341840966.782595 0.01265 -0.01137 0.00344 -0.007248 -0.002416 -0.008322
1341840966.814396 -0.001634 0.001415 0.003319 0.00811 0.004853 0.005213
1341840966.850564 0.0117 0.0211 0.003763 0.007079 -0.009083 0.01301
1341840966.882401 0.02637 0.009759 0.01706 -0.01209 -0.01694 -0.001639
1341840966.914607 0.01166 -0.02016 0.006543 -0.01637 -0.001393 -0.01653
1341840966.950538 -0.006587 -0.01029 0.001401 0.006676 0.007257 -0.01918
1341840966.982503 0.008053 0.01808 0.003065 0.01351 -0.007632 -0.008742
1341840967.014608 0.008559 0.02332 0.03542 0.006099 -0.003578 -0.01218
1341840967.050507 -0.006918 0.004153 0.0226 0.002923 0.00783 -0.01039
1341840967.082441 0.008558 0.003064 -0.00127 0.003996 -0.003866 -0.005302
1341840967.118409 0.01732 0.0002116 -0.005097 -0.001782 -0.005077 -0.009428
1341840967.150517 0.009852 0.007042 0.004311 -0.0009636 0.0002519 -0.007806
1341840967.182403 -0.0009172 -0.0007647 0.009181 -0.005404 0.004997 0.0001546
1341840967.218465 0.007665 0.001172 0.002029 -0.001711 -0.006274 0.004938
1341840967.250512 0.009571 -0.004637 0.006501 -0.003361 -0.004714 -0.001288
1341840967.282688 0.006375 -0.003567 0.001168 0.0009774 -0.002179 0.001353
1341840967.318467 -0.003339 0.003208 0.003439 0.005659 -0.002503 0.01422
1341840967.350524 0.02855 0.03823 0.02179 0.009941 -0.03219 0.0633
1341840967.386521 0.0399 -0.005255 0.02366 -0.01755 -0.02309 0.03066
1341840967.418506 -0.002718 -0.02869 -0.0131 -0.01526 0.01184 -0.006828
1341840967.450398 -0.01738 -0.007196 0.003898 0.009493 0.00526 -0.01449
1341840967.486517 0.008479 0.01343 0.00188 0.01545 -0.01215 -0.02075
1341840967.518494 0.005654 -0.003732 0.003373 -0.0004733 -0.004052 -0.02452
1341840967.550421 -0.0001823 -0.01062 0.004531 0.001755 0.0009063 -0.01942
1341840967.586493 0.007487 0.005444 -0.001912 0.01156 -0.002691 -0.009192
1341840967.618400 0.01607 0.006453 -0.00237 0.00449 -0.003625 -0.004589
1341840967.654414 -0.00187 -0.0114 0.009206 -0.004046 0.008141 -0.009292
1341840967.686520 0.001263 -0.008022 0.004427 0.00468 0.002074 -0.01112
1341840967.719709 0.009894 -0.006618 0.001765 0.006309 8.73e-05 -0.01457
1341840967.754501 -0.09257 0.05897 0.02928 0.04114 0.02146 0.00407
1341840967.786431 0.04214 -0.00254 0.04328 0.004182 0.004911 -0.03303
1341840967.822380 0.09171 -0.01341 0.01082 -0.003634 -0.0223 -0.005282
1341840967.854480 0.08529 -0.03223 0.0135 -0.01677 -0.006983 -0.01815
1341840967.886550 0.02191 -0.02289 0.01097 -0.005355 0.01824 -0.03104
1341840967.922486 0.05477 -0.007591 0.01927 0.0007272 0.0114 -0.03138
1341840967.954465 0.08545 -0.0122 -0.001057 -0.01268 -0.01156 -0.01275
1341840967.986433 0.02624 -0.02559 0.0154 -0.02032 0.01975 -0.01521
1341840968.022379 0.02627 -0.06375 -0.007025 -0.02839 0.02615 -0.02126
1341840968.054366 0.01087 0.006691 0.001508 0.004702 -0.003326 0.0113
1341840968.090435 0.01889 -0.01046 0.003094 -0.007345 -0.000523 0.00801
1341840968.122411 -0.01389 -0.01443 0.006705 -0.0004306 0.01531 0.01153
1341840968.154334 0.0001535 0.0109 0.001445 0.009833 -0.003699 0.01441
1341840968.190450 0.01536 -0.005128 0.01143 -0.008205 -0.01485 0.004432
1341840968.222349 0.01109 -0.01248 0.006796 -0.004141 -0.01034 -0.002677
1341840968.254641 0.008975 0.004264 -0.0006813 0.007019 -0.006812 0.002935
1341840968.290437 0.005077 0.0044 0.00344 0.001241 -0.007176 0.01121
1341840968.322504 0.01385 -0.002042 0.003315 -0.002704 -0.01127 0.01298
1341840968.358453 0.01516 0.005614 0.0009251 -0.001275 -0.009165 0.005998
1341840968.390389 0.001108 -0.01106 0.008608 -0.0111 -0.002331 -0.006701
1341840968.422766 0.003466 -0.019 0.005695 -0.003177 -0.00276 -0.008573
1341840968.458630 0.001419 0.007968 -0.001177 0.01604 -0.001438 -0.000174
1341840968.522480 0.0186 -0.006536 0.003814 0.0007408 -0.01176 0.005695
1341840968.558676 -0.003492 -0.01435 0.0002734 0.003811 0.007068 -0.005448
1341840968.591857 0.008896 0.01392 -0.001772 0.0179 -0.001248 0.001219
1341840968.626767 0.2272 0.8995 0.2319 0.4317 -0.2965 0.4165
1341840968.658483 0.02466 -0.1206 0.06376 -0.09054 0.05279 -0.1439
1341840968.691811 0.06168 -0.0133 0.01595 0.00175 -0.01006 -0.01512
1341840968.726575 0.007631 0.006552 0.002889 0.007277 -0.007011 -0.0138
1341840968.764395 0.01214 -0.001481 -0.001032 0.002923 -0.004886 -0.01367
1341840968.794128 0.002718 -0.002546 0.002901 0.005797 0.006699 -0.00865
1341840968.827336 0.0002036 0.01065 -0.004097 0.01295 0.000212 0.004754
1341840968.858665 0.01594 0.01122 -6.635e-05 0.002693 -0.009447 0.008235
1341840968.894512 0.005447 -0.01676 0.003596 -0.0115 -0.001531 -0.001324
1341840968.926572 0.00694 -0.004378 -0.0004408 0.006778 -0.0005491 -0.00193
1341840968.958637 0.005405 0.008587 -0.0005917 0.01106 -0.002572 -0.005457
1341840968.994799 0.0009688 -0.01163 0.003994 0.001269 -0.002514 -0.01191
1341840969.027307 0.004581 -0.002302 0.0008961 0.01515 -0.005596 -0.01346
1341840969.063190 0.01598 0.01459 -0.0004536 0.02101 -0.008352 -0.009861
1341840969.094683 0.0009061 0.01086 -0.0008855 0.007671 -0.0004468 -0.004968
1341840969.126384 -0.0004846 -0.01028 0.007394 -0.004148 -0.003352 -0.001818
1341840969.162462 0.01684 0.0001837 -0.003373 0.00909 -0.01312 -8.506e-05
1341840969.194399 0.01964 0.01193 -0.000162 0.01004 -0.0065 -0.01166
1341840969.226660 -0.5891 1.362 0.157 0.7523 0.2334 0.1196
1341840969.262598 -0.04178 0.08378 0.02281 0.04359 -0.01192 0.01395
1341840969.294474 -0.0689 0.1261 0.01982 0.07083 0.001873 0.02448
1341840969.330434 -0.05933 0.09526 0.009977 0.05531 0.01138 0.01402
1341840969.362472 -0.0852 0.1726 0.01824 0.1064 0.01724 0.02146
1341840969.394551 -0.04565 0.04659 0.002838 0.02633 0.007482 -0.007281
1341840969.430400 -0.07103 0.1049 0.002132 0.06453 0.01634 -0.002287
1341840969.462345 -0.06614 0.1107 0.008122 0.06768 0.01455 0.004628
1341840969.494566 -0.09392 0.2522 0.0266 0.1525 0.006774 0.03879
1341840969.530422 -0.04145 0.04554 -0.008086 0.02333 0.01175 0.001189
1341840969.562699 -0.05057 0.1526 0.001494 0.09694 0.003264 0.0282
1341840969.598495 -0.03971 0.1333 0.009072 0.082 -0.001072 0.02806
1341840969.630380 0.04306 -0.1056 0.001668 -0.07268 -0.0009937 -0.02348
1341840969.662599 0.008411 -0.005765 0.001255 -0.001515 0.0001487 0.001005
1341840969.730501 0.01486 0.01416 -0.005015 0.01518 -0.007108 -0.009864
1341840969.762378 0.008455 -0.004758 0.0005721 -0.003724 -0.001327 -0.009394
1341840969.798438 0.005391 -0.003063 -0.00166 0.001459 0.002233 -0.004286
1341840969.830489 0.01182 0.005076 -0.003044 0.005512 2.915e-05 0.001606
1341840969.866491 0.006797 0.001004 -0.0003393 0.001226 0.003436 -0.004577
1341840969.930529 0.01563 -0.01166 -0.008146 0.003073 0.008996 -0.02105
1341840969.966427 -0.006214 0.001837 -0.008133 0.008731 0.02032 -0.00827
1341840969.998427 -0.005438 0.004218 -0.00205 0.004985 0.007604 -0.002349
1341840970.034305 0.01 0.002662 -0.0003562 0.001988 -0.007335 -0.003567
1341840970.066392 0.01087 -0.002099 0.0008768 -0.0001794 -0.00369 -0.009955
1341840970.098497 -0.003244 0.00803 -0.002439 0.006373 0.003087 -0.0117
1341840970.134411 0.001918 0.00354 0.0003939 -0.005393 -0.01201 -0.008515
1341840970.166559 0.01895 -0.007116 0.004919 -0.008034 -0.01911 -0.00933
1341840970.198560 0.02043 -0.001979 -0.0009457 0.003438 -0.005775 -0.0156
1341840970.234316 -0.01237 0.009245 -0.001452 0.007345 0.0148 -0.009193
1341840970.266492 -0.009978 0.001227 0.003159 -0.003134 -0.006168 0.004861
1341840970.302407 0.03089 0.002948 0.00308 -0.0006623 -0.03077 0.004576
1341840970.334659 0.01779 -0.001198 0.005368 -0.001709 -0.007322 -0.01204
1341840970.366522 -0.014 0.000145 -0.001138 0.007318 0.01034 -0.02678
1341840970.402610 0.008561 0.01482 -0.005718 0.007968 -0.01775 -0.0227
1341840970.434348 0.03136 -0.00121 0.003502 -0.01053 -0.02337 -0.01667
1341840970.505508 0.001712 -0.002018 -0.002497 0.003152 0.0112 -0.03033
1341840970.535277 0.01561 0.007975 -0.001427 -0.00405 -0.01373 -0.00748
1341840970.572038 0.01522 -0.008277 0.003124 -0.01335 -0.008772 -0.004614
1341840970.608162 0.009521 -0.0006266 -0.0005386 -0.002131 -0.003307 -0.003892
1341840970.642762 0.006539 0.00679 -0.003833 0.0005008 -0.004325 -0.0004206
1341840970.677848 0.02089 0.003623 -0.001522 -0.009396 -0.01422 0.001664
1341840970.710020 0.01888 -0.01497 0.002365 -0.01916 -0.005948 -0.005058
1341840970.745679 0.008087 -0.007344 0.0003268 -0.001981 0.005535 -0.006978
1341840970.777686 0.0007595 0.009259 -0.003288 0.007568 0.004665 -0.002097
1341840970.809696 0.01229 -0.001865 0.0009774 -0.003476 -0.007364 -0.00144
1341840970.847214 0.02361 -0.01247 -0.001612 -0.00225 -0.007783 -0.01348
1341840970.877566 0.005572 0.008654 -0.004719 0.01896 0.01325 -0.03276
1341840970.913865 -0.01613 0.01421 -0.002406 0.01706 0.01962 -0.03159
1341840970.945871 -0.003853 0.006502 -0.003239 0.005133 -0.00348 -0.009047
1341840970.977919 0.01697 -0.001814 -0.008568 -0.01028 -0.018 0.01636
1341840971.009547 0.025 -0.03801 -0.01047 -0.05026 -0.02046 0.03915
1341840971.045763 0.09174 -0.1894 -0.0215 -0.179 -0.07902 0.074
1341840971.077530 0.02136 -0.08372 -0.007637 -0.08814 -0.01547 0.01707
1341840971.109393 0.005319 -0.01764 0.008816 -0.02996 -0.01035 0.02011
1341840971.145501 0.01127 -0.01177 0.003237 -0.004933 -0.009251 -0.009165
1341840971.177524 0.01117 0.009583 0.003125 0.02011 -0.006103 -0.03464
1341840971.213432 0.01553 -0.002042 -0.006105 0.02443 0.002048 -0.04274
1341840971.245718 0.02126 0.02702 -0.003242 0.03078 -0.008207 -0.01
1341840971.277550 0.009648 -0.003649 -0.004941 0.01076 0.0005368 -0.01096
1341840971.313408 0.01626 0.015 -0.01009 0.02215 0.0005031 -0.009457
1341840971.345496 -0.01242 -0.003869 -0.01762 -0.006681 0.02014 -0.02553
1341840971.378645 0.03525 -0.04405 -0.002459 -0.05776 -0.02163 0.004035
1341840971.413396 0.009858 -0.03388 -0.00075 -0.0373 0.002403 0.003384
1341840971.445454 0.005899 -0.002149 -0.0003298 -0.009999 0.003297 0.023
1341840971.477491 0.005173 0.006122 -0.003125 -0.007441 -0.004444 0.01872
1341840971.513435 0.01105 -0.007268 -0.002149 -0.02005 -0.01116 -0.001544
1341840971.545750 0.01411 -0.0001383 -0.001802 -0.01123 -0.007807 -0.01199
1341840971.577403 -0.002635 0.006853 0.001327 -0.003411 0.001715 -0.006789
1341840971.613557 -0.006689 0.01002 0.001159 0.002472 -0.003546 0.01574
1341840971.646499 0.005441 0.007794 -0.0007083 0.001077 -0.01425 0.02545
1341840971.681791 0.00655 -0.006703 0.002017 -0.00208 -0.01064 0.009889
1341840971.713492 0.004031 0.003322 -0.003718 0.01266 -0.007711 -0.004148
1341840971.781587 0.002055 0.01343 -1.568e-05 0.02559 -0.01691 -0.03383
1341840971.842629 0.01794 0.02173 -0.007593 0.04866 -0.009783 -0.04848
1341840971.874397 0.0004688 0.009484 -0.003307 0.01264 -2.347e-05 -0.01803
1341840971.910361 -0.0005862 0.006202 -0.002994 0.0064 -0.002727 -0.006655
1341840971.942587 -0.001167 0.007466 -0.003368 0.004091 -0.007493 0.005257
1341840971.974477 0.01421 0.007338 -0.00688 -0.004227 -0.01693 0.01509
1341840972.010401 0.007421 -0.01084 0.0004439 -0.02722 -0.01025 0.01265
1341840972.042944 0.009972 -0.02051 0.0006485 -0.03182 -0.01287 0.001681
1341840972.078424 0.01337 -0.02126 0.000694 -0.02409 -0.002598 -0.02191
1341840972.110348 -0.003188 -0.02683 -0.002602 -0.01263 0.01805 -0.04129
1341840972.142576 -0.00822 0.01305 0.0002425 0.02563 0.01325 -0.02462
1341840972.178556 0.004511 0.02412 -0.005893 0.02502 -0.003254 0.0001552
1341840972.210413 0.01215 -0.005976 -0.0007282 -0.001591 -0.005018 0.0005063
1341840972.246516 0.005989 -0.004007 -0.00215 0.008412 0.001464 0.002325
1341840972.278596 0.003525 0.01453 -0.005977 0.01557 -4.794e-05 0.01074
1341840972.310536 0.005346 -0.00274 -0.002898 -0.0008754 -0.004959 0.002843
1341840972.346533 0.01291 0.0006039 -0.004623 0.004088 -0.009671 -0.008597
1341840972.378561 0.01455 0.005385 -0.002894 0.005591 -0.006082 -0.02094
1341840972.419911 0.009603 0.0028 -0.001516 0.003601 0.0009877 -0.02641
1341840972.453454 -0.001491 -0.002473 -0.0003859 0.004784 0.005453 -0.02787
1341840972.485663 0.00438 0.00478 -0.003661 0.01646 -0.00251 -0.02654
1341840972.517538 0.008976 0.02233 -0.006794 0.02084 -0.00548 -0.01794
1341840972.553340 0.003952 0.01013 -0.002113 -0.000533 -0.003884 -0.009295
1341840972.585505 0.0117 0.002775 -0.001592 -0.007135 -0.01013 -0.003016
1341840972.621469 0.01743 0.001575 -0.001452 -0.01066 -0.009071 -0.00729
1341840972.653521 0.003507 -0.012 0.001097 -0.01817 0.002422 -0.02222
1341840972.685456 0.007103 -0.008926 0.003383 -0.002795 -0.003085 -0.02256
1341840972.721492 0.008112 0.007314 -0.001941 0.01566 -0.005391 -0.01207
1341840972.753373 0.01001 0.01145 -0.002087 0.01344 -0.008992 -0.007373
1341840972.789520 0.01842 0.004317 0.001327 0.005055 -0.01204 -0.006961
1341840972.821568 0.01744 -0.0009323 0.001045 0.004276 -0.005093 -0.0124
1341840972.853374 0.003585 0.006865 -0.002791 0.0121 0.004327 -0.01554
1341840972.889431 0.004787 0.01868 -0.00466 0.01323 -0.002664 -0.008011
1341840972.921398 0.01131 8.555e-05 0.001949 -0.006905 -0.009185 0.001541
1341840972.957523 0.01967 -0.007463 0.002558 -0.005613 -0.01079 0.00678
1341840972.989477 0.01411 -9.206e-05 -0.002173 0.005588 -0.001459 -0.002333
1341840973.021525 0.004781 0.01089 -0.004654 0.01001 0.001947 -0.01608
1341840973.057380 0.005019 -0.004488 0.002608 -0.002842 -0.001956 -0.01803
1341840973.089464 0.009396 -0.001023 -4.398e-06 0.007045 -0.006673 -0.007864
1341840973.121533 0.01315 0.01249 -0.002086 0.01139 -0.006638 0.001461
1341840973.157483 0.003549 0.001869 -0.0005686 -0.002923 -8.876e-05 0.00271
1341840973.189485 0.00638 -0.005076 0.0003471 -0.00429 -0.006723 0.003678
1341840973.221579 0.01977 0.002403 0.001529 0.003159 -0.01239 -5.786e-05
1341840973.257443 0.009489 0.005393 -0.002627 0.001746 0.001294 -0.003385
1341840973.289477 -0.000593 -0.002065 0.001057 -0.005046 0.004841 -0.001677
1341840973.321429 0.008685 -0.001828 -2.389e-05 -0.0005651 -0.005016 0.00293
1341840973.357545 0.01884 0.009969 -0.000213 0.004812 -0.006805 3.872e-05
1341840973.389564 0.002606 -0.007243 0.003103 -0.008043 0.00734 -0.006647
1341840973.425515 0.007769 -0.0004815 -0.000735 0.004347 0.0004245 -0.007121
1341840973.457293 0.01123 0.004517 0.0002492 0.004752 -0.001066 -0.004715
1341840973.489406 0.001599 -0.001865 -0.0001789 4.421e-06 0.006064 0.003314
1341840973.525445 0.00441 0.001661 -0.002872 0.002431 -0.003009 0.007331
1341840973.557432 0.01705 0.001398 -5.038e-05 5.581e-05 -0.01187 0.0002467
1341840973.589341 0.01627 -0.006551 0.003365 -0.003599 -0.003617 -0.006982
1341840973.625420 -0.002817 0.004251 -0.00404 0.007702 0.007279 -0.001802
1341840973.657435 0.01215 0.009388 -0.002787 0.004055 -0.00998 0.0002119
1341840973.689500 0.01637 -0.01125 0.003704 -0.009643 -0.007961 -0.01039
1341840973.725453 0.01219 -0.002027 -0.0004737 0.006867 -0.0004761 -0.01593
1341840973.757478 0.01034 0.01109 -0.001683 0.01221 -5.593e-05 -0.01255
1341840973.793391 0.01306 -0.002801 0.00385 -0.0002282 -0.0004446 -0.01299
1341840973.825453 0.008465 -0.003049 0.001014 0.005342 0.003381 -0.01469
1341840973.857558 1.288e-05 0.008011 -0.001447 0.01064 0.00485 -0.01101
1341840973.893477 0.004549 -0.004411 -0.0003301 1.23e-05 -0.005549 -0.005051
1341840973.925590 0.01669 0.004927 -0.0008554 0.008134 -0.01348 -0.00529
1341840973.957523 0.01828 0.01119 -0.0009555 0.006704 -0.007849 -0.005773
1341840973.993443 0.003221 -0.0004353 0.0008783 -0.006545 0.004995 -0.007369
1341840974.025325 0.005685 -0.00213 -0.000643 -0.00403 -0.003532 -0.007613
1341840974.057574 0.01858 -0.0021 0.003837 -0.001128 -0.01174 -0.0104
1341840974.093631 0.0101 -0.005313 0.002273 -2.814e-05 0.001302 -0.01008
1341840974.125370 0.006559 0.0006547 -0.0004111 0.006485 0.001657 -0.007831
1341840974.161529 0.009947 -0.001678 0.001044 0.003238 -0.002262 -0.007141
1341840974.193458 0.01014 -0.008007 0.0016 0.002057 -0.002232 -0.006258
1341840974.225390 0.01226 0.003764 -0.0001125 0.01257 -0.002503 -0.002993
1341840974.261343 0.008371 0.008936 -0.001082 0.01073 0.002596 0.0004491
1341840974.293440 0.003924 0.00986 -0.002737 0.003796 0.002737 0.004308
1341840974.325393 0.01153 0.001065 0.002662 -0.008133 -0.005179 0.007985
1341840974.361718 0.01205 -0.004601 0.003291 -0.008978 -0.001229 0.01003
1341840974.393293 0.005126 0.006936 -0.001673 -0.000834 0.002498 0.01029
1341840974.429327 0.00878 -0.004822 0.002309 -0.01005 -0.004733 0.005986
1341840974.461676 0.02225 -0.003346 0.002085 -0.003008 -0.01177 0.0004594
1341840974.493280 0.0008246 0.008451 0.000114 0.004545 0.008266 0.0006204
1341840974.529449 -0.004439 0.00511 -0.003417 -0.001288 0.002988 0.01373
1341840974.561658 0.01508 -0.001544 0.0007874 -0.00623 -0.0144 0.009693
1341840974.597895 0.02005 -0.004353 -0.0005112 -0.001082 -0.01012 -0.006916
1341840974.629693 0.006991 0.01757 -0.003012 0.01285 0.003808 -0.01508
1341840974.665497 -0.004801 0.006049 -0.002419 -0.002781 0.005225 -0.0058
1341840974.726762 0.02675 -0.005309 0.00219 -0.0116 -0.01637 0.009202
1341840974.758862 0.01211 0.01079 -0.002714 0.004498 -0.0004109 -0.004104
1341840974.826580 0.01486 -0.00336 0.008437 -0.008009 0.005718 -0.01819
1341840974.862442 0.00998 0.001701 0.0002696 0.00477 0.004024 -0.002964
1341840974.894590 0.008702 0.00863 -0.001145 0.005547 0.003898 -0.001287
1341840974.926834 0.008259 -0.002828 0.002581 -0.002828 0.003492 -0.004583
1341840974.958952 0.0125 0.00728 0.0009103 0.007492 0.00175 -0.001843
1341840974.995378 0.003035 0.01025 0.0005212 0.003167 0.009744 0.004609
1341840975.026896 -0.0009497 -0.002724 -0.0004415 -0.006514 0.004953 0.01024
1341840975.072240 0.01132 0.009027 -0.003641 0.002983 -0.007564 0.006943
1341840975.126325 0.01167 -0.004803 0.001608 -0.01344 0.0001308 -0.00833
1341840975.158731 0.00211 0.00479 -0.002446 0.001846 -0.004544 -0.007047
1341840975.194515 0.01634 -0.002808 0.001222 -4.281e-05 -0.01513 -0.009812
1341840975.226504 0.01385 0.009981 -0.003764 0.009761 -0.006412 -0.01432
1341840975.262393 -0.0007944 0.005516 -0.0008578 -0.001309 0.002546 -0.01825
1341840975.294464 0.00123 0.007777 -0.0009747 0.0005359 -0.004891 -0.01035
1341840975.326484 0.01269 0.01156 0.001866 -0.004393 -0.01399 0.0004851
1341840975.369499 0.0175 -0.001339 0.004433 -0.01435 -0.008458 0.00113
1341840975.433621 -0.01303 -0.02063 0.01868 -0.03215 0.03032 -0.02682
1341840975.494563 0.006001 0.02024 0.006072 0.005131 0.01228 -0.01079
1341840975.530456 0.006865 0.003342 0.003549 -0.009009 -0.002948 -0.009024
1341840975.562569 0.01573 -0.003614 0.002942 -0.009035 -0.006756 -0.006773
1341840975.594565 0.01016 0.002271 0.000932 0.001619 0.00171 0.003705
1341840975.630414 0.007546 0.01535 0.01001 0.007733 0.002349 0.003273
1341840975.662454 0.003994 -0.003347 0.004998 -0.008899 0.004887 -0.005864
1341840975.698446 0.009574 0.001763 -0.00262 -0.001206 -0.0009185 -0.002213
1341840975.730355 0.01025 0.00348 0.0002524 -0.001335 -0.0002488 -0.001308
1341840975.762605 0.01343 -0.003364 0.005249 -0.002973 -0.0002751 -0.002567
1341840975.798548 0.001314 -0.0007455 -0.0007128 0.002027 0.007589 -0.0002291
1341840975.830532 0.003717 0.008284 0.001219 0.006049 -0.0008227 0.003952
1341840975.862488 0.01324 -0.007197 0.0009787 -0.006718 -0.01062 -0.004963
1341840975.898579 0.01548 0.0008789 -0.0009529 0.004337 -0.006666 -0.008102
1341840975.930565 4.445e-05 0.00229 0.002487 0.002075 0.004734 -0.002685
1341840975.966352 0.004298 -0.002063 -0.0005921 0.001188 -0.003674 0.0008997
1341840975.998324 0.01418 -0.0001925 -0.002854 0.004099 -0.01128 -0.003057
1341840976.030535 0.01312 -0.002394 -0.002012 0.002193 -0.00591 -0.007699
1341840976.066388 0.008223 0.0008624 -0.002395 0.005938 5.149e-05 -0.009062
1341840976.098541 0.003168 0.01449 -0.001114 0.009914 0.0006833 -0.003156
1341840976.130553 0.01272 0.004926 -0.002133 -0.0001514 -0.01159 0.01197
1341840976.166601 0.01805 -0.002754 -0.004061 -0.001577 -0.01535 0.01176
1341840976.198491 0.01083 0.003318 -0.001832 -0.0005568 -0.007949 -0.003115
1341840976.234539 0.005357 -0.005174 0.002692 -0.005748 -0.002718 -0.01292
1341840976.266422 0.004533 0.001332 0.001257 0.00358 -0.003835 -0.007622
1341840976.298554 0.01025 -0.0009013 2.272e-05 0.002459 -0.009008 -0.004945
1341840976.334521 0.01101 0.0006939 0.0008816 0.003915 -0.005397 -0.006651
1341840976.366444 0.004882 0.00571 0.001392 0.005882 -0.002308 -0.005954
1341840976.398451 0.009789 0.002319 -0.00269 -0.000913 -0.00764 -0.007373
1341840976.434497 0.01541 -0.00321 0.006535 -0.0007754 -0.008562 -0.01018
1341840976.466444 0.009624 0.003879 -0.004968 0.003498 -0.0009299 -0.01425
1341840976.502414 0.007161 0.004658 0.008019 0.003617 -0.0008416 -0.007965
1341840976.535139 0.01048 -0.001393 -0.004121 -0.001928 -0.004216 -0.004747
1341840976.566612 0.01611 0.001548 0.007474 0.003149 -0.005918 -0.003477
1341840976.602455 0.008478 -0.001363 -0.007373 -0.0009169 0.001901 -0.001877
1341840976.634381 0.0078 0.001805 0.006701 0.004438 -0.0004265 0.00926
1341840976.670445 0.01024 0.000118 -0.004892 -0.001072 -0.00366 0.006041
1341840976.702470 0.01277 -0.002732 0.00625 0.0006099 -0.004344 0.002317
1341840976.734594 0.01312 0.003637 -0.009623 0.00245 -0.003466 -0.001156
1341840976.770324 0.009714 0.009431 0.01215 0.003424 -0.0004269 -0.002622
1341840976.802483 0.01245 -0.001606 -0.008171 -0.006648 -0.003658 -0.0006141
1341840976.834638 0.01231 0.009768 0.01403 0.002019 -0.001302 0.00394
1341840976.870408 0.009335 -0.007844 -0.008006 -0.01372 -0.0005553 0.002061
1341840976.903016 0.0156 -9.786e-05 0.008858 -0.0007094 -0.004034 0.000549
1341840976.938377 0.01037 -0.003049 -0.01353 -0.004776 -4.148e-05 -0.002717
1341840976.970576 0.00999 0.008922 0.01342 0.003924 -0.001208 0.0002577
1341840977.002700 0.01021 0.009515 -0.007269 -0.006251 -0.002012 -0.0003152
1341840977.038711 0.01108 -0.01807 0.01468 -0.02127 -0.003206 0.005907
1341840977.070624 0.01703 -0.01549 -0.003983 -0.01487 -0.003492 0.002532
1341840977.102694 0.01128 -0.008625 -0.006928 -0.004754 0.003312 0.001649
1341840977.140566 0.007356 -0.002236 -0.002838 0.0005412 0.001897 -0.000798
1341840977.177750 0.0144 -0.003895 -0.003013 -0.001357 -0.00353 -0.01194
1341840977.238414 0.02339 0.002554 -0.01625 0.01531 -0.002004 -0.03937
1341840977.270442 0.009785 4.232e-05 -0.004014 0.003776 -0.001758 -0.003586
1341840977.306452 0.01297 -0.005805 -0.006317 -0.003013 -0.001348 -0.007517
1341840977.338583 0.003674 -0.007388 -0.003671 -0.002888 0.004434 -0.01249
1341840977.370457 0.01046 0.004396 -0.003291 0.004617 -0.002872 -0.01126
1341840977.406448 0.01468 0.003758 -0.003102 -0.003311 -0.003864 -0.006723
1341840977.438359 -0.006893 -0.01662 0.001179 -0.01567 0.009394 0.003927
1341840977.474521 0.01526 6.255e-05 -0.001479 0.003606 -0.0105 0.01135
1341840977.538570 0.02233 0.003256 0.0004492 -0.0003362 -0.003786 0.001791
1341840977.574316 0.01389 0.005709 -0.0001401 -0.0002493 -0.009282 0.0008164
1341840977.606555 0.01187 -0.0151 -0.004791 -0.01959 -0.002345 -0.006824
1341840977.638466 0.002995 -0.01149 -0.007371 -0.009454 0.00524 -0.006538
1341840977.674706 0.01135 0.01094 -0.003799 0.003543 -0.003005 0.004914
1341840977.706481 -0.0001483 -0.02197 -0.004242 -0.0226 0.006697 -0.006639
1341840977.742426 0.000312 -0.01379 -0.01144 -0.005794 0.008296 -0.02188
1341840977.774548 0.005071 0.007344 -0.009652 0.008592 0.004728 -0.02152
1341840977.806469 -0.0008352 -0.006101 -0.003932 -0.005797 0.007471 -0.02194
1341840977.842413 0.00371 -0.008158 -0.006784 -0.004399 0.003803 -0.01677
1341840977.874652 0.006107 -0.004533 -0.008471 -0.00055 0.002428 -0.006491
1341840977.910410 0.002892 -0.01192 -0.008455 -0.006471 0.005949 -0.009182
1341840977.942503 -0.0002181 -0.004344 -0.008183 0.00241 0.006761 -0.01019
1341840977.974348 0.002333 0.006887 -0.002389 0.005225 0.002674 -0.000771
1341840978.010591 -0.002458 -0.002622 -0.01492 -0.007938 0.003108 0.003315
1341840978.042414 0.00748 -0.01657 0.008248 -0.006518 0.001071 -0.007325
1341840978.074399 -0.009348 -0.01229 -0.009553 -0.004399 0.01604 -0.02453
1341840978.110508 -0.01054 -0.002064 -0.004972 0.004689 0.01315 -0.01976
1341840978.142426 0.001622 0.001642 -0.003129 0.006728 0.001144 -0.007248
1341840978.178454 0.004119 0.000778 -0.002865 0.001034 0.00124 0.006561
1341840978.210406 0.005639 -0.03127 -0.01351 -0.02515 -0.0007566 0.03082
1341840978.242421 0.01373 -0.08006 -0.03053 -0.06391 -0.01004 0.04353
1341840978.278412 0.004226 -0.03632 -0.008481 -0.02876 0.0005084 0.01714
1341840978.310502 0.003231 -0.0103 -0.002583 -0.002584 0.0004845 0.001607
1341840978.342552 0.00823 -0.001935 -0.001114 0.00371 -0.003216 -0.006399
1341840978.378496 0.0008094 -0.005548 -0.005683 0.0008904 0.002031 -0.009452
1341840978.410491 0.004881 -0.001884 -0.005093 0.002578 0.00167 0.01262
1341840978.446516 -0.01162 -0.003725 -0.004837 -0.002654 0.01367 0.009471
1341840978.478424 -0.02106 0.02487 0.005279 0.02195 0.01816 -0.003576
1341840978.510520 0.007856 0.0037 -0.001704 0.003153 -0.002943 0.001323
1341840978.546451 -0.01405 -0.007853 -0.002351 -0.007623 0.01551 -0.01048
1341840978.610527 -0.009314 0.0086 -0.002052 0.01068 0.01339 -0.01029
1341840978.646450 0.001563 -0.003815 0.0001865 -0.002332 0.003699 -0.01047
1341840978.678516 -0.001658 0.002383 -0.002086 0.006244 0.006639 -0.013
1341840978.714342 0.002586 0.009062 0.001796 0.006051 0.002266 -0.001874
1341840978.746557 0.006836 -0.004677 0.001909 -0.005819 0.000181 3.164e-05
1341840978.778554 0.002678 -0.006958 -0.001412 -0.001696 0.00323 0.0003719
1341840978.814526 -0.01076 0.008313 -0.01527 0.005664 0.00941 -0.004491
1341840978.846486 0.004444 0.0007636 0.01739 0.004123 -0.004997 0.0002218
1341840978.882365 -0.008981 -0.001932 -0.01605 -0.007078 0.008333 -0.01225
1341840978.914455 -0.001345 -0.006702 0.0184 -0.00122 0.001146 0.004052
1341840978.946601 -0.007608 0.0003043 -0.01403 -0.003277 0.007443 0.0004239
1341840978.982510 0.005308 -0.005376 0.01603 -0.001551 -0.005978 0.005522
1341840979.014462 -0.0006786 0.006689 -0.01283 -0.0005883 0.003143 -0.01872
1341840979.046639 0.004875 -0.003054 0.02075 0.0003164 -0.001873 -0.008412
1341840979.082471 -0.005965 0.003374 -0.01023 0.0009839 0.004418 0.003387
1341840979.114396 0.01685 -0.005775 0.01464 -0.002401 -0.01513 0.0167
1341840979.150373 -0.009137 0.01017 -0.01223 0.001334 0.01159 -0.01572
1341840979.182562 0.007079 0.00134 0.01986 0.006002 -0.003769 -0.00601
1341840979.214359 -0.002048 0.006415 -0.01038 0.003334 0.0029 -0.0102
1341840979.250470 0.01352 -0.00654 0.01568 0.0008456 -0.01084 -0.005228
1341840979.290967 -0.001846 0.01737 -0.01309 0.01517 0.002402 -0.009696
1341840979.321466 0.02654 -0.02228 0.01509 -0.01406 -0.02432 0.01626
1341840979.353392 -0.00335 0.01095 -0.006736 0.002051 0.003341 -0.002201
1341840979.389385 0.008772 -0.01249 0.01561 -0.009173 -0.007892 0.01134
1341840979.421434 -0.004237 0.001436 -0.01173 -0.003212 0.005013 0.005077
1341840979.457442 0.0122 -0.002814 0.01802 0.001305 -0.009285 0.002897
1341840979.489389 -0.003593 0.009984 -0.01276 0.003385 0.006707 -0.02705
1341840979.521523 0.007137 -0.01731 0.0162 -0.01056 -0.007161 -0.009501
1341840979.557473 -0.00168 -0.0003632 -0.009684 -0.000532 -0.0009147 -0.001887
1341840979.589452 0.01052 -0.00718 0.01588 -0.001721 -0.01133 0.01387
1341840979.625513 -0.005224 -0.003712 -0.01216 -0.003629 0.003912 0.001742
1341840979.657504 0.01929 -0.02348 0.01028 -0.01299 -0.0219 0.02237
1341840979.689431 0.002488 0.003009 -0.01277 -0.001096 -0.001822 -0.01133
1341840979.725433 0.005474 -0.00402 0.01807 0.0005005 -0.004562 -0.002765
1341840979.757665 -0.001914 0.005378 -0.009233 0.004388 0.00102 0.005411
1341840979.793335 0.01059 0.001708 0.001119 -0.0002203 -0.007243 -0.0004599
1341840979.825458 0.005011 -0.002013 0.0009053 0.001084 -0.000757 -0.01079
1341840979.857475 0.00265 0.006445 0.0002617 0.007173 -0.0002608 -0.01156
1341840979.893492 0.004932 0.003495 9.043e-05 0.00182 -0.002646 -0.01011
1341840979.925357 0.004334 -0.002527 0.0006496 -0.002428 -0.002218 -0.006735
1341840979.961698 0.006256 0.000775 -0.0002378 0.002064 -0.00321 -0.002582
1341840979.993476 0.006712 0.003922 0.001712 0.002267 -0.003912 -0.001725
1341840980.025424 0.006869 -0.001769 0.001304 -0.002463 -0.004033 -0.01058
1341840980.061714 0.007356 0.001026 -0.00228 0.00179 -0.00222 -0.01647
1341840980.093521 0.003731 0.001418 0.001537 0.002624 0.001093 -0.00934
1341840980.129459 0.005571 -0.0001036 0.004646 0.002316 -0.003108 -0.001874
1341840980.161798 0.01084 0.00366 0.001726 0.002133 -0.007374 -0.004652
1341840980.193494 0.007619 -0.007172 0.001911 -0.002489 -0.00292 -0.006997
1341840980.229367 0.005356 0.01338 0.001868 0.0154 -0.001443 -0.008036
1341840980.261644 0.006269 0.007483 0.002281 0.002481 -0.001182 -0.01271
1341840980.293563 0.004428 -0.006559 0.001884 -0.00639 -0.0003535 -0.009581
1341840980.329532 0.007433 -0.0006414 -0.0001333 0.002552 -0.003513 -0.00492
1341840980.361656 0.008396 0.008328 0.001159 0.005665 -0.003609 -0.003249
1341840980.397437 0.002501 -0.004243 0.001836 -0.005456 -0.0007466 -0.004323
1341840980.429433 0.01215 -0.0008796 0.0001446 0.001828 -0.008911 -0.007136
1341840980.461758 0.009237 0.004601 0.001943 0.004349 -0.002489 -0.01059
1341840980.497396 0.0006029 0.0004582 0.0004527 0.001539 0.00235 -0.003958
1341840980.529482 0.005564 0.001599 -0.000446 0.001752 -0.005154 -0.001279
1341840980.561712 0.01328 0.00387 0.001062 0.001657 -0.009167 -0.005888
1341840980.597612 0.007584 -0.001248 0.001679 -0.001792 -0.001972 -0.009835
1341840980.629360 0.004873 -0.0003588 -0.0003484 -0.001214 -0.002474 -0.000462
1341840980.661615 0.01592 -0.01136 3.716e-05 -0.01557 -0.015 0.006748
1341840980.697653 0.02467 -0.02062 -0.0005627 -0.02185 -0.01844 -0.001183
1341840980.729546 0.009116 -0.008188 0.004445 -0.006441 -0.002028 -0.004469
1341840980.761389 0.001436 0.00186 0.0003798 0.003465 8.483e-05 0.002318
1341840980.797446 0.01123 0.009152 0.002382 0.003862 -0.007524 -0.001408
1341840980.829450 0.007752 0.0021 0.007894 -0.0009348 -0.0001 -0.01002
1341840980.865369 -0.008142 0.009695 0.001296 0.009953 0.009957 -0.004279
