1341845820.787768 -0.001872 0.004467 -0.0005995 0.0006857 0.00271 0.003824
1341845820.819654 -0.002548 -0.002955 0.001534 -0.002026 -0.0001428 0.00349
1341845820.851997 0.001342 0.0003456 0.0007894 0.0003853 -0.001299 0.001866
1341845820.887882 0.0001284 -0.0012 0.00141 -0.0007466 -0.0001232 0.001495
1341845820.920082 0.002 -0.002544 0.001429 0.001124 0.0001718 0.001394
1341845820.955790 -6.666e-05 0.0001462 -0.0001006 0.002632 0.001814 0.000174
1341845820.987817 -0.001527 0.0005517 -0.000646 0.001422 0.001118 0.0003362
1341845821.019783 0.001197 0.0009754 4.271e-05 0.0002862 0.0003432 0.0004179
1341845821.055706 0.001555 0.0004571 0.0004414 -0.001008 0.0007751 -0.002613
1341845821.087831 -0.001178 0.002112 -0.0007146 -0.001706 0.003238 -0.005031
1341845821.119871 -0.007552 -0.001256 -0.000407 -0.004256 -0.000215 -0.003873
1341845821.155881 2.821e-05 -0.003159 0.001506 -0.0006684 -0.00581 -0.002048
1341845821.188556 0.002604 0.004358 -0.001689 0.001108 -0.004398 -0.004308
1341845821.223751 -0.001133 0.003658 -0.0002846 -0.005232 -0.0006255 -0.004355
1341845821.256005 -0.003573 -0.008536 0.004416 -0.00364 -0.00223 0.00102
1341845821.287883 -6.505e-05 0.00218 -0.001282 0.003786 -0.005147 0.002692
1341845821.323879 -0.001747 0.002914 -0.001119 -6.225e-05 -0.004014 0.002518
1341845821.355690 0.002917 -0.001542 0.000384 -0.001876 -0.005228 -0.0005187
1341845821.388161 0.0002255 0.001862 -0.00115 0.0003694 -0.0009297 -0.003575
1341845821.424470 -0.004565 0.002808 -0.0002149 -0.00299 -0.001774 -0.00102
1341845821.455778 0.002228 -0.004216 0.001478 -0.001583 -0.005518 0.002114
1341845821.488014 0.002357 0.004256 -0.001394 0.001213 -0.002441 -0.0005822
1341845821.524370 -0.003582 0.002439 0.0002358 -0.003184 -0.0005034 -0.001417
1341845821.555644 0.002269 -0.001984 0.001832 -0.003704 -0.003286 0.0007737
1341845821.587677 0.003797 -0.002963 0.001886 -0.0004883 -0.0003315 0.001754
1341845821.623761 -0.002345 0.001546 -0.0005532 0.001332 0.002532 0.001428
1341845821.655725 -0.0007363 -0.001194 0.001213 -3.768e-05 0.0002351 0.002471
1341845821.691884 0.001654 -0.0004212 0.0008067 0.001942 -0.0003062 0.001874
1341845821.724228 0.0009577 0.003825 -0.0005854 0.000801 0.001479 -0.0009071
1341845821.755681 -0.0002075 9.039e-05 0.0006833 -0.001716 0.00235 -0.001529
1341845821.791636 -0.001904 0.001274 0.0001857 -0.001762 0.001565 -0.0006585
1341845821.823697 -0.0005178 -0.002209 0.001645 -0.001796 -0.00114 0.003215
1341845821.855574 0.002393 0.000569 -0.000268 0.001934 -0.002105 0.002973
1341845821.891741 0.001082 0.003352 -0.000433 -0.0005502 0.0005507 6.966e-05
1341845821.923730 -0.001753 -0.0004888 0.0004946 -0.00316 0.0002826 -0.001356
1341845821.955750 0.001374 -0.001352 0.001608 -0.001633 -0.001142 6.119e-05
1341845821.991786 -6.788e-05 -0.0002157 9.96e-05 0.001215 -0.0009101 0.001407
1341845822.023863 0.002418 0.0028 -0.001047 0.0005611 -0.001436 0.0005841
1341845822.059759 0.002411 -0.002106 0.0009171 -0.0002284 -0.0003764 0.0001065
1341845822.091719 -0.0009906 0.004776 -0.001773 0.001018 -0.0001262 -0.0003853
1341845822.123689 0.001223 -0.0001548 0.0008112 -0.003828 -0.002175 0.0008334
1341845822.185916 0.01064 0.000378 0.0003817 0.001877 -0.001908 -0.001267
1341845822.221838 0.0009832 -0.0003794 0.0002773 -0.003585 0.003443 -0.001825
1341845822.254004 0.002372 -0.004168 0.0008235 0.0002417 0.001077 0.0006104
1341845822.289876 0.003833 0.00465 -0.001986 0.002438 0.0007031 0.001955
1341845822.321804 0.002253 0.0006962 -0.0004638 -0.001829 0.0005672 0.001857
1341845822.353784 0.002658 -0.0002038 -0.0001612 -0.001473 -0.0002043 0.0005937
1341845822.391662 0.00334 0.0007302 -0.0007875 -0.001628 -0.001147 -0.0002171
1341845822.428074 0.005851 -0.002019 0.001181 -0.001542 -0.0003443 0.0001875
1341845822.459970 0.004187 9.593e-05 -0.0004319 0.001473 0.0007094 -9.022e-05
1341845822.495728 0.003459 0.002636 -0.00127 0.0002977 0.0008807 -0.0004526
1341845822.527724 0.004567 -0.002679 0.0007497 -0.0007445 0.0008065 0.0001635
1341845822.559648 0.003861 -0.0007209 -0.0004915 0.001944 0.001537 -0.001803
1341845822.595852 0.000785 0.002719 -0.001152 0.0009391 0.0009145 -0.0004525
1341845822.627724 0.006294 -0.003015 0.0004778 0.0009361 -0.001768 -0.0006172
1341845822.663716 0.009685 0.007988 -0.003084 0.001753 0.0009508 -0.006737
1341845822.695601 0.001146 0.003107 -0.001159 -0.007365 0.005576 -0.0064
1341845822.731816 0.000912 -0.005382 0.00125 -0.005648 0.001022 -0.002561
1341845822.789911 0.006452 -0.0004114 0.0005942 -0.001932 -0.001799 0.0002757
1341845822.825897 0.00736 0.0007499 -0.000675 0.001857 -0.003236 -9.125e-05
1341845822.859721 0.006947 0.005163 -0.001041 -0.0011 0.000571 -0.003965
1341845822.889712 0.003448 4.69e-05 0.0008011 -0.004595 0.003211 -0.003027
1341845822.925900 0.0001435 -0.001692 0.0008016 -0.00215 0.002242 0.001033
1341845822.957708 0.0008081 0.001509 -0.0008018 -0.0003096 -0.0009514 0.003261
1341845822.989939 0.006178 0.002759 -6.672e-05 -0.001769 -0.001609 0.0008441
1341845823.025889 0.00074 0.0002899 4.954e-05 -0.004219 0.001083 -0.0007748
1341845823.057775 -0.001717 -0.0008072 -0.0003438 -0.002948 -0.002357 0.0004464
1341845823.093671 0.005694 -0.0005628 0.0001183 -0.002813 -0.005608 1.121e-05
1341845823.125951 0.003825 -0.001831 0.0003498 -0.001981 -0.002052 -0.001655
1341845823.157773 0.002723 0.00177 -0.0002986 -0.001203 -0.002694 -0.0002611
1341845823.193885 0.008787 -0.00488 0.003039 -0.001568 -0.001886 0.001478
1341845823.225800 0.00525 0.0009187 -0.0004662 0.004062 0.002417 0.0007573
1341845823.261842 0.001765 0.001472 -0.0009097 0.0007944 0.002387 0.001611
1341845823.293622 0.00113 -0.006104 0.003127 0.001429 -3.399e-05 0.001987
1341845823.325746 -0.000718 0.002583 -0.002581 0.007363 -0.003799 0.0008592
1341845823.361852 0.00472 0.005937 -0.002396 -0.0001844 -0.007509 -0.001625
1341845823.394013 0.005709 -0.0008003 0.000943 -0.00494 -0.006102 -0.005937
1341845823.426028 0.01032 0.0004962 0.001716 -0.00256 -0.004453 -0.005969
1341845823.461869 0.004273 0.0007326 0.000905 -0.001449 0.001191 -0.002204
1341845823.493758 -0.0007815 0.0002417 0.0004831 -0.0007503 -0.001216 -0.0002214
1341845823.529780 0.00903 0.001366 0.0007157 -0.0001267 -0.004885 -0.0002981
1341845823.561916 0.01193 0.0024 0.001025 -0.000106 0.000665 -0.00131
1341845823.593678 0.002197 8.303e-05 -0.0001227 -0.0006264 0.006209 -0.003807
1341845823.629815 -0.003149 -1.452e-05 -0.0004201 0.000647 0.0008126 -0.0006952
1341845823.661750 0.01038 0.002493 -0.001212 0.001559 -0.003479 0.001489
1341845823.695523 0.009614 0.008345 -0.003264 -0.001901 0.003306 -0.003133
1341845823.729635 0.00312 0.000916 0.0005087 -0.007495 0.005851 -0.003502
1341845823.761810 0.004932 -0.002223 0.002168 -0.005053 0.003344 -0.001199
1341845823.797871 0.008679 -0.001464 0.002013 -0.0005604 0.004984 0.002068
1341845823.829660 0.003107 0.003231 -0.001904 0.001667 0.007408 0.004163
1341845823.861808 0.007495 0.002365 0.0002837 -0.001383 0.005785 0.003842
1341845823.929826 0.006843 0.0008675 0.0005711 -5.506e-05 0.01438 0.006523
1341845823.961797 0.004374 -0.001769 0.0009969 0.002478 0.001556 0.007061
1341845823.998070 0.006131 0.006317 -0.002869 0.003318 0.0001916 0.003928
1341845824.029656 0.003797 -0.0008798 0.0003628 -0.001973 0.0001116 -0.002331
1341845824.065768 0.0002848 -6.936e-05 0.0003737 0.0001097 -0.003216 -0.004434
1341845824.097956 -0.01261 -0.002709 0.01199 0.002697 -0.009489 -0.0003278
1341845824.130299 0.003885 -0.001333 0.001309 0.009652 -0.0326 0.003087
1341845824.165751 0.02454 -0.0003624 -0.002717 0.01033 -0.02759 -6.422e-05
1341845824.197930 0.01346 0.01559 -0.004907 0.00598 -0.008057 8.075e-05
1341845824.229907 0.009874 0.003177 0.0024 -0.008239 -0.001497 -0.0006296
1341845824.265800 0.01652 -0.002011 0.007271 -0.00576 0.005051 -0.002138
1341845824.298080 0.002874 0.001519 -0.0002011 -0.001782 0.01593 -0.0003824
1341845824.333783 -0.005866 0.005505 -0.002711 -0.004336 0.009089 0.0006245
1341845824.365821 0.00299 -0.005555 0.005051 -0.005752 -0.002243 0.00127
1341845824.398039 0.0118 0.0002169 0.002521 0.001638 -6.34e-05 0.002452
1341845824.433843 0.006691 0.005218 0.001309 0.001373 0.00677 -0.001502
1341845824.465921 0.0005252 0.002111 0.002633 -0.002246 0.007967 -0.009431
1341845824.501802 0.004164 -0.003668 0.004839 0.0002452 0.003335 -0.009899
1341845824.533723 0.005697 0.0006155 0.0007885 0.004395 0.004343 -0.007523
1341845824.565735 0.004319 0.002977 1.596e-05 0.004803 0.005275 -0.0061
1341845824.601758 0.004064 0.00221 -0.0003162 0.001153 0.003797 -0.007404
1341845824.633861 0.005866 -0.002295 0.0008122 0.0008967 0.003121 -0.007871
1341845824.665789 0.006352 0.001911 -0.001188 0.001189 0.003422 -0.006435
1341845824.701769 0.008584 0.0009304 -0.001929 -0.0007425 0.004689 -0.003671
1341845824.733585 0.002023 -0.001298 0.00141 -0.002762 0.005136 -0.003558
1341845824.769643 0.007013 -0.01039 0.006227 0.001596 0.001679 -0.001544
1341845824.801632 0.007966 0.007468 -0.005146 0.009142 0.005789 0.0007408
1341845824.833654 -0.0001397 0.009099 -0.003498 -0.001887 0.005706 0.0001764
1341845824.869926 0.004757 -0.005535 0.005421 -0.008371 -0.0002674 -0.002119
1341845824.902071 0.006298 -0.004613 0.002829 0.001127 0.001135 0.0009496
1341845824.933752 0.001571 0.007517 -0.00284 0.001042 0.001082 0.005409
1341845824.969855 0.002099 -0.006233 0.005011 -0.002243 -0.003128 0.003328
1341845825.001907 0.003689 0.001205 -0.0008038 0.003259 -0.006233 0.0009337
1341845825.037975 0.008983 0.004075 -0.003063 0.001321 -0.006869 0.002755
1341845825.075793 0.01009 0.008585 -0.0028 -0.003875 0.001025 -0.003441
1341845825.107881 -0.002047 0.002375 0.00187 -0.01055 0.001673 -0.005139
1341845825.143675 0.002463 -0.006419 0.005866 -0.0076 -0.003651 0.004615
1341845825.175707 0.006769 0.001927 -0.001417 -0.0008072 -0.003134 0.00627
1341845825.211865 0.004706 -0.001278 0.001579 -0.002975 -0.0009629 -6.081e-05
1341845825.243814 0.0009598 0.007962 -0.002199 -0.002476 -0.002815 -0.002692
1341845825.275795 0.007953 -0.006296 0.003908 -0.006683 -0.003532 -3.733e-05
1341845825.311665 0.009542 -3.271e-05 -0.00103 -0.000908 0.001879 -0.002267
1341845825.343650 -6.705e-05 -0.005619 0.005041 -0.0005739 0.00403 -0.003233
1341845825.379771 0.006829 0.004083 -0.006331 0.005531 -0.001051 -0.001668
1341845825.411924 0.005679 -0.003073 0.002141 -0.002487 0.002506 -0.003255
1341845825.443786 0.007951 -0.007461 0.004296 0.006101 0.003583 -0.001279
1341845825.480278 0.005903 0.004847 -0.006972 0.008023 0.007144 -0.006581
1341845825.511636 -4.957e-06 -0.002529 0.001509 0.00272 0.007743 -0.003173
1341845825.547911 0.004195 -0.001181 -0.001294 0.004556 0.004038 -0.002951
1341845825.579744 0.0001925 0.003531 -0.005247 0.002076 0.00251 -0.00832
1341845825.611784 0.004961 0.000676 0.001406 -0.003271 0.00243 -0.005224
1341845825.648004 -0.006446 0.0007582 0.002764 -0.001585 0.001766 0.002804
1341845825.679708 0.009222 -0.0008021 -0.001427 -0.003487 -0.005772 0.001041
1341845825.711937 0.009778 -0.005238 0.0008814 -0.001277 0.004689 0.0008393
1341845825.747617 -0.0008157 -0.005223 0.000395 0.0023 0.005449 0.0044
1341845825.779688 0.01023 -0.002246 -0.004424 0.005457 0.002635 0.004755
1341845825.815954 7.029e-05 0.0001492 -0.001936 0.005344 0.005557 0.005572
1341845825.847829 0.007735 0.0003976 -0.001195 0.003567 0.001083 0.003655
1341845825.879767 0.005095 0.002863 -0.001765 0.001666 0.00534 -0.002338
1341845825.915646 -0.0008976 -0.002034 0.003644 -0.0004666 0.002596 -0.001856
1341845825.947881 0.006894 -0.00114 3.814e-05 0.001493 -0.001182 -0.002029
1341845825.979700 0.00333 0.0007049 -0.002431 0.0009352 0.002843 -0.006481
1341845826.015845 0.001686 -0.00274 0.002122 5.521e-05 0.002364 -0.001833
1341845826.047945 0.001064 0.00439 -0.003323 0.001426 0.0007046 0.0003735
1341845826.079731 0.008207 -0.002468 0.004788 -0.002924 0.0004903 -0.003807
1341845826.115655 -0.00241 0.002384 -0.002842 0.001079 0.005195 -0.0009773
1341845826.147949 -0.0004413 -0.002651 0.004402 -0.001245 -0.001237 0.01011
1341845826.183767 0.005335 -0.001029 -5.316e-06 0.002885 -0.00079 0.008995
1341845826.215780 0.001179 0.0009349 -0.0001441 0.002651 0.002287 -5.32e-05
1341845826.247732 0.003531 -0.0002348 0.003079 0.0002259 0.0008327 -0.009537
1341845826.283763 0.004014 0.001095 -0.0006725 0.002107 0.004621 -0.009358
1341845826.315658 -0.002286 0.0004161 0.000537 0.0005005 0.007028 -0.003287
1341845826.347773 0.00416 -0.001224 0.002734 0.002114 0.002734 2.493e-06
1341845826.383718 0.001925 0.003154 -0.002267 0.003075 0.005289 -0.002342
1341845826.415712 0.002306 0.003118 -0.001585 0.0003523 0.004839 -0.003248
1341845826.447806 -0.0008032 -0.0001249 0.00222 -0.002024 0.004773 0.001311
1341845826.483677 0.001606 -0.001076 0.002483 0.0007033 0.0009521 -0.001089
1341845826.515677 0.002553 0.001225 -0.0003572 0.0006563 0.002277 -0.006208
1341845826.551684 -0.004241 -0.00282 0.00463 0.002155 0.001367 0.003574
1341845826.583716 0.006231 0.001659 -0.001578 0.003597 -0.002606 0.003747
1341845826.615875 0.001317 0.001635 -0.002103 0.00269 0.005826 -0.008261
1341845826.651722 -0.002974 -0.003794 0.003867 -0.001351 0.001147 -0.005591
1341845826.683753 0.002562 -0.004751 0.003279 0.00581 0.0004635 0.005147
1341845826.715643 -0.0009869 0.0005278 -0.001188 0.008153 0.001813 0.00513
1341845826.751884 0.003149 -0.002252 -0.001278 0.00646 -0.002157 -0.005081
1341845826.783713 -0.001036 -0.001583 -0.0007074 0.005908 0.002699 -0.002225
1341845826.819713 -0.00682 -0.005242 0.005519 0.006886 -0.003843 0.006513
1341845826.851701 0.007446 0.001256 -0.008804 0.009497 -0.007409 -0.002157
1341845826.884460 0.0003336 0.0006945 -0.003414 0.002127 0.003706 -0.01039
1341845826.945792 -0.004977 -0.01337 0.003144 0.02011 -0.01599 0.01659
1341845826.981873 0.005148 0.004868 -0.01049 0.006924 0.002996 -0.01195
1341845827.013745 -0.01013 -0.008017 0.009495 0.000796 0.002811 -0.01418
1341845827.045694 -0.006596 -0.01137 0.005172 0.01068 -0.009636 0.002072
1341845827.082458 0.008158 0.0056 -0.01415 0.01573 -0.007556 0.006459
1341845827.113645 -0.0008586 0.003773 -0.004327 0.000209 0.006604 -0.00888
1341845827.145773 -0.01141 -0.01184 0.01227 -0.0004226 -0.001093 -0.0003594
1341845827.182474 0.002788 0.002658 -0.01172 0.009771 -0.008456 0.01114
1341845827.213974 0.000709 0.008348 -0.008473 -0.001308 0.001143 -0.002783
1341845827.251751 -0.004936 -0.006299 0.01063 -0.008079 0.0004831 -0.007815
1341845827.313888 0.0006335 0.00284 -0.01336 0.01872 -0.01462 0.004595
1341845827.349700 -0.0002292 -0.001272 0.002689 -0.01042 0.006519 -0.01137
1341845827.381963 -0.007948 -0.008303 0.006006 -0.001887 6.509e-05 0.002743
1341845827.413850 0.0007737 0.003455 -0.008125 0.003068 -0.005047 0.008718
1341845827.449725 0.00325 0.003549 -0.003853 -0.002455 -0.0004802 0.003093
1341845827.488394 -0.00169 0.0009657 -0.0009921 -0.005931 0.004645 -0.004096
1341845827.555964 -0.003822 -0.003927 0.002644 -0.004579 -0.003708 0.00631
1341845827.623688 -0.005065 0.003683 0.00077 -0.007128 0.002246 -0.00835
1341845827.656212 -0.004943 -0.00733 0.01086 0.001336 -0.002171 0.008252
1341845827.687624 -0.002291 0.00513 -0.008205 0.008341 -0.005591 0.01164
1341845827.723697 0.0003088 0.006609 -0.004798 -0.001909 -0.004194 -0.006399
1341845827.755778 -0.003509 -0.00313 0.004872 -0.004406 -0.0007145 -0.007318
1341845827.791657 -0.007632 0.0006833 0.003309 5.952e-05 -0.005283 0.002989
1341845827.823845 0.001882 0.001825 -0.006465 0.0001867 -0.008291 0.0017
1341845827.855606 -0.003115 0.004487 -0.001846 -0.003668 -0.001442 -0.004675
1341845827.891685 -0.009237 0.0007673 0.005015 -0.005299 -0.004437 -0.002484
1341845827.923824 -0.00342 -0.002805 0.001166 -0.00252 -0.008554 0.001798
1341845827.959777 -0.001396 0.00217 -0.006713 -0.0006196 -0.005467 -0.001768
1341845827.991672 -0.007841 -0.001837 0.004973 -0.003462 -0.003565 -0.003451
1341845828.023726 -0.006329 -0.00156 -0.001035 0.00238 -0.007726 0.0009495
1341845828.059622 -0.002243 0.002286 -0.004667 0.001461 -0.006944 -0.0005836
1341845828.091720 -0.003358 0.0003442 -0.001098 -0.0006855 -0.003899 -0.001149
1341845828.127612 -0.004761 -0.002297 0.001047 5.935e-05 -0.002831 -0.002007
1341845828.159638 -0.006612 0.000803 -0.001494 0.002236 -0.003895 0.001541
1341845828.191711 -0.001235 0.003278 -0.004323 -0.0003041 -0.005074 0.004081
1341845828.227644 -0.006201 -0.002038 0.001789 -0.003101 -0.002665 -0.001612
1341845828.259785 -0.002462 -7.574e-05 -0.002664 -0.0008077 -0.0051 -0.006076
1341845828.291687 -0.003894 0.001708 -0.001214 -0.00274 -0.002686 -0.003807
1341845828.327803 -0.005024 -0.004452 0.002199 -0.002532 -0.003373 0.001118
1341845828.359694 -0.004992 -0.0001517 -0.002424 0.001969 -0.003508 -0.0002502
1341845828.395928 -0.004847 0.001392 -0.001938 -0.0008531 -0.00471 -0.002543
1341845828.427803 -0.002858 -0.001485 -0.001005 -0.0004434 -0.002844 0.0007944
1341845828.459660 -0.007358 0.002148 -0.001755 -0.0005605 -0.001706 -0.0005915
1341845828.495761 -0.004587 -0.003479 0.002508 -0.002636 -0.004152 -0.003326
1341845828.527686 -0.002702 -0.002931 -0.0005801 0.003398 -0.003323 0.002592
1341845828.595750 -0.009491 0.003484 -0.00353 0.0004243 -0.004607 0.0001912
1341845828.654055 -0.008622 0.001002 -0.003422 0.003964 -0.00692 0.0003147
1341845828.689681 -0.0006993 -0.001537 0.001491 -0.002897 -0.003011 -0.0008896
1341845828.721870 -0.003168 -0.002732 0.0005094 0.0007478 -0.0004408 -0.0009832
1341845828.757706 -0.005788 0.003861 -0.0002292 0.001959 -0.001139 -0.004176
1341845828.789650 0.001615 0.001099 8.641e-05 -0.001088 -0.001004 -0.006792
1341845828.821914 -0.006181 -0.003972 0.0009443 -0.001042 0.003393 -0.002903
1341845828.857781 -0.005542 0.0009416 -0.0007909 0.002112 0.001095 -0.001435
1341845828.889770 -0.003167 0.001472 -3.384e-05 0.0003346 0.0001921 -0.001807
1341845828.931671 -0.0001994 -0.0004206 0.000153 -3.4e-05 0.00153 0.0009792
1341845828.989696 -0.01095 0.001767 -0.0001602 -0.003524 0.006641 0.002374
1341845829.025626 -0.005766 -0.00461 0.002199 -0.0009118 0.002482 0.003731
1341845829.063840 -0.008679 0.00164 -0.0008418 0.002066 0.0007112 0.00328
1341845829.089737 -0.00283 -0.001595 0.00186 -0.000351 -0.001604 -0.001306
1341845829.125754 -0.007279 0.001689 -0.0007213 0.001338 0.001405 0.0004634
1341845829.158048 -0.01056 0.001497 0.0001218 -0.00129 -0.001592 0.0004632
1341845829.193669 -0.0008161 0.003466 -0.00162 -0.003451 -0.003448 -0.004705
1341845829.225742 -0.005322 0.0008548 0.0009839 -0.006725 0.001292 -0.004321
1341845829.257763 -0.006137 -0.0009058 0.0004395 -0.005474 0.002231 0.0001134
1341845829.293851 -0.007057 5.814e-05 0.0006069 -0.004699 0.002084 0.001773
1341845829.325861 -2.829e-05 0.002284 8.177e-05 -0.004231 0.001413 0.001292
1341845829.357901 -0.007799 -0.0002665 3.985e-05 -0.006122 0.007178 -0.0001963
1341845829.393704 -0.007972 -0.002155 0.001204 -0.003885 0.003234 0.003617
1341845829.425831 -0.002629 -0.00393 0.002116 -0.0004837 0.002126 0.00411
1341845829.461720 -0.004616 0.01052 -0.0039 0.001787 0.00384 -0.002306
1341845829.493662 -0.004268 0.0004663 0.002315 -0.01045 0.005306 -0.005824
1341845829.525846 -0.008295 -0.01059 0.005074 -0.003085 0.005018 0.003904
1341845829.561864 -0.009027 -0.0009068 0.0003605 0.005275 -0.0002247 0.005411
1341845829.593763 -0.0008295 0.01072 -0.004374 0.003435 -0.002455 -0.0004108
1341845829.625785 -0.0002665 0.002185 0.00135 -0.009815 0.003055 -0.004981
1341845829.661787 -0.009811 -0.01017 0.003838 -0.005934 0.005871 0.001209
1341845829.693835 -0.01286 -0.005207 0.001677 0.005234 -0.001955 0.009533
1341845829.729747 0.006447 0.01322 -0.001357 0.006613 -0.004883 0.00629
1341845829.761817 0.005986 0.004134 0.003507 -0.007349 0.008791 -0.001026
1341845829.793840 -0.01644 -0.00495 0.0009117 -0.005712 0.01256 0.002182
1341845829.829803 -0.007223 -0.002499 0.001943 -0.00147 -0.001747 0.008229
1341845829.861640 0.01265 -6.124e-05 0.00321 0.002334 0.0008613 0.002758
1341845829.897840 -0.01518 0.01003 -0.003912 -0.001672 0.01353 -0.006022
1341845829.929703 -0.01368 -0.007501 0.007703 -0.007901 0.0003793 -0.001293
1341845829.962023 0.005849 -0.0001627 0.002702 0.003823 -0.004316 -0.0004462
1341845829.997954 -0.003293 0.01729 -0.00317 -0.001174 0.008521 -0.002892
1341845830.029819 -0.01581 -0.001194 0.003848 -0.01228 0.00327 -0.0006398
1341845830.061836 0.0009538 -0.0112 0.009899 -0.002293 -0.004747 0.00125
1341845830.097885 -0.005942 0.01434 -0.005927 0.006374 -0.0004546 -0.0008927
1341845830.129668 -0.003079 0.007938 0.0009328 -0.009675 -0.0007312 -0.003213
1341845830.165590 0.00836 -0.01045 0.01282 -0.007321 0.001567 -0.004229
1341845830.197779 -0.01201 0.006228 -0.005465 0.004016 0.01207 -0.008973
1341845830.229883 -0.01494 -0.002266 0.003439 -0.005264 -4.525e-05 -0.0004909
1341845830.265730 0.005754 -0.004416 0.004764 0.002673 -0.003578 1.165e-05
1341845830.297873 -0.0075 0.0112 -0.003265 0.001937 0.007484 -0.008106
1341845830.329863 -0.01156 -0.002076 0.001934 -0.005994 0.003165 -0.001945
1341845830.365740 -0.0002381 -0.004261 0.003608 0.000524 -0.0007525 0.001316
1341845830.397779 -0.009848 0.004272 -0.001515 0.003068 0.005805 0.002281
1341845830.433725 -0.01365 0.003964 -7.332e-05 -0.0008381 -0.0005258 0.005399
1341845830.465762 0.001838 -0.001241 0.00442 -0.002236 -0.002857 0.001696
1341845830.507859 -0.009486 0.004696 -0.002404 -0.001579 0.006439 -0.003903
1341845830.565943 -0.01888 -0.007243 0.005095 -0.004925 -0.01052 0.003567
1341845830.597841 -0.001523 0.005143 -0.000802 0.002018 0.00215 -0.004591
1341845830.633627 -0.01733 0.001944 -0.0003006 -0.003818 0.003111 -0.0018
1341845830.665700 -0.002853 -0.004976 0.003814 -0.001486 -0.004873 0.002414
1341845830.701788 -0.007697 0.0004928 -0.0009852 0.002091 -0.000665 0.002706
1341845830.733901 -0.008264 -0.001325 0.0008789 0.002559 -0.004213 0.009246
1341845830.765759 -0.003563 0.0001833 0.0002261 0.003993 -0.00456 0.006784
1341845830.801839 -0.009226 0.005186 -0.003648 0.001679 -0.004507 0.002533
1341845830.833774 -0.0003417 0.001557 0.002348 -0.003754 -0.005279 0.001838
1341845830.865751 -0.006486 -0.005066 0.0028 -0.001711 -0.0007828 0.004171
1341845830.901883 -0.008696 0.00226 -0.001808 0.003471 -0.004718 0.006396
1341845830.933811 0.0008356 0.004792 0.001381 -0.001416 -0.003909 0.00116
1341845830.969705 -0.003172 -0.003642 0.00342 -0.002856 0.001377 0.002428
1341845831.001855 -0.008183 -0.001609 -6.421e-05 0.00299 0.001286 0.006357
1341845831.033886 -0.007715 0.002869 -0.0014 0.002009 -0.001893 0.005122
1341845831.069727 -0.003511 0.001424 0.001057 -0.001304 -0.002073 0.001022
1341845831.101853 -0.005155 -0.002581 0.001861 -0.001626 0.0002829 -0.0005237
1341845831.137817 -0.01073 -0.002286 0.0002352 0.001957 -0.002228 0.00361
1341845831.169942 -0.0002684 0.003201 -0.0008118 0.002038 -0.00449 0.001961
1341845831.201715 -0.004614 0.004468 -0.0005447 -0.003079 0.002107 -0.004257
1341845831.237723 -0.007829 -0.004313 0.003139 -0.005373 0.0009887 -0.0005616
1341845831.269903 0.0001175 -0.0002554 0.002378 0.001415 -0.00096 0.001469
1341845831.301755 4.079e-05 0.003436 0.001592 0.001751 0.00523 0.0006137
1341845831.337779 -0.007587 0.002784 -0.0001505 -0.001375 0.008257 0.0004133
1341845831.369742 -0.008255 -0.001564 0.002114 -0.001966 0.007201 0.001218
1341845831.405710 -0.01406 -0.002191 0.001642 0.002548 0.002327 0.004338
1341845831.437646 -0.005774 0.004318 -0.0007135 0.003443 -0.004267 0.004064
1341845831.469752 3.189e-05 0.004986 0.001476 -0.001493 -0.0005278 -0.001739
1341845831.505745 -0.01107 -0.005616 0.0028 -0.002246 0.003596 0.001452
1341845831.537844 -0.0112 -0.002912 0.001708 0.005877 -0.005179 0.007407
1341845831.569610 0.001585 0.005393 -0.001 0.006161 -0.006366 0.002412
1341845831.605848 -0.005095 0.002806 -0.0009603 0.0004284 0.0003098 -0.002418
1341845831.637789 -0.009194 -0.008039 0.004354 0.002117 -0.001662 0.002445
1341845831.673597 -0.01032 -0.001481 -0.0006388 0.01032 -0.005785 0.003039
1341845831.705652 -0.004427 0.005925 -0.004234 0.005585 -0.008943 -0.004489
1341845831.737705 -0.0007663 0.0003686 0.001441 -0.0008346 -0.005554 -0.008644
1341845831.773629 -0.007724 -0.004836 0.001739 0.0001417 -0.001929 -0.004846
1341845831.805810 -0.006902 -0.002563 0.000136 0.004712 -0.00463 -8.299e-05
1341845831.837719 -0.0003135 0.0009998 -0.0007785 0.005906 -0.002736 -0.002781
1341845831.873791 -0.008892 0.0002312 -0.001876 0.00175 0.002319 -0.001838
1341845831.905728 -0.008589 -0.004973 -0.000195 0.004585 -0.003759 0.003706
1341845831.941628 -0.004748 0.003479 -0.002882 0.003814 -0.002963 0.001001
1341845831.973784 -0.00754 -0.0005533 -0.001494 0.0005536 -0.003099 0.0005092
1341845832.005729 -0.005612 -0.0008894 0.0006072 -0.000865 -0.004117 0.002499
1341845832.041627 -0.007215 -0.003877 0.001297 0.00137 -0.005545 0.003843
1341845832.073865 -0.001084 0.001394 -0.0008434 0.003084 -0.006011 0.002968
1341845832.109730 -0.001249 0.002943 0.000149 -0.0008725 0.0007178 -0.003198
1341845832.141683 -0.01225 -0.003682 -0.0002217 -0.004029 0.003103 -0.0004853
1341845832.173988 -0.001809 -0.004981 0.00316 0.001282 -0.005013 0.004783
1341845832.209956 0.000206 0.003671 0.0002621 0.001893 0.002942 -0.002902
1341845832.241796 -0.008375 -0.002795 0.0005003 -0.001991 0.005158 -0.0004495
1341845832.273776 -0.009815 -0.005812 0.001545 0.00177 -0.001016 0.004041
1341845832.309916 -0.0003432 -0.0003268 0.0009545 0.006209 -0.003408 0.0009916
1341845832.341687 -0.004463 0.003098 -0.002283 0.00381 0.003368 -0.003466
1341845832.377708 -0.005453 -0.003771 0.001045 0.001497 0.001428 -0.0005434
1341845832.409802 -0.003231 -0.0005547 -0.001146 0.004587 0.0007421 -0.001296
1341845832.442187 -0.005368 0.001546 -0.001043 0.002824 0.001662 -0.0001763
1341845832.477743 -0.004428 -0.001314 0.0009656 0.00164 -9.272e-05 -0.0001246
1341845832.509635 -0.006086 -0.0001046 -0.0003953 0.002339 0.0003707 -0.001589
1341845832.541586 -0.005961 -0.001934 0.0004877 0.001407 -0.001693 -0.001063
1341845832.577871 -0.002614 5.068e-05 0.000194 0.00106 -0.0003675 -0.002968
1341845832.609738 -0.006065 -0.001718 -0.0002079 0.0001985 0.001564 -0.001225
1341845832.645699 -0.003305 -0.003503 0.001915 0.0007782 -0.001955 0.0008688
1341845832.677817 -0.001639 -0.002671 -0.0002078 0.004286 -0.0007945 0.001212
1341845832.710177 -0.006327 0.00265 -0.003236 0.00319 -0.001058 -0.00194
1341845832.745710 -0.003816 -0.002507 0.0008734 -0.0002103 -0.002285 -0.00337
1341845832.777849 -0.003657 -0.002944 0.0006083 0.001337 -0.003179 -0.004295
1341845832.810110 -0.005221 -0.001951 -0.000479 0.002047 -0.002399 -0.002012
1341845832.845797 -0.004075 -0.00197 0.0001589 0.002731 -0.003876 -6.761e-06
1341845832.877696 -0.003299 0.002519 -0.001434 0.00175 -0.002602 -0.003832
1341845832.913787 -0.003094 -0.003493 0.001765 -0.001243 -0.000562 -0.001126
1341845832.945664 -0.006826 -0.001868 -0.000479 0.002641 -0.002691 0.003311
1341845832.978015 -0.001702 0.002264 -0.0009517 0.00163 -0.001228 -0.002151
1341845833.045857 -0.01427 -0.005485 0.001479 0.001874 -0.0004994 0.000551
1341845833.077785 -0.005223 0.0007046 -0.0009968 0.003094 -0.00328 0.001108
1341845833.113636 -0.006466 0.003078 -0.001413 4.868e-05 -0.002679 -0.000543
1341845833.145767 -0.002162 -0.006093 0.007619 -0.0006261 -0.004767 0.001641
1341845833.181891 -0.007369 -0.001298 -0.001588 0.006706 -0.004828 0.005215
1341845833.213878 -0.003233 0.005438 2.375e-05 0.003074 -0.003054 -0.001895
1341845833.245714 -0.008052 0.002342 -0.00194 -0.002822 0.005466 -0.00504
1341845833.281847 -0.01331 0.001633 0.000227 -0.006344 0.0002808 -0.003355
1341845833.313771 -0.005059 -0.004954 0.007597 -0.005188 -0.005854 0.000791
1341845833.349756 -0.006226 -0.001009 0.0001456 0.002258 -0.001881 -0.0002924
1341845833.381840 -0.011 0.003915 -0.003593 0.001488 -0.004171 0.0006573
1341845833.414644 -0.003141 -0.001385 0.004242 0.0006819 -0.006574 0.001498
1341845833.449819 -0.002758 0.003786 -0.003973 0.002111 0.001808 -0.004501
1341845833.488616 -0.01002 0.0008778 -0.002109 -0.002294 0.001172 0.001193
1341845833.549835 -0.002759 0.002378 -0.001805 0.007317 -0.002101 0.001151
1341845833.581733 -0.005651 0.00359 -0.001234 -0.005165 0.00381 -0.001944
1341845833.617817 -0.000106 -0.007048 0.008743 -0.002248 0.0003279 -0.0002708
1341845833.649899 -0.003528 0.000421 -0.00532 0.005301 0.002571 0.001666
1341845833.681671 -0.004328 0.006502 -0.005482 -5.747e-05 0.0002637 -0.001388
1341845833.717606 0.005573 -0.005619 0.0103 -0.003522 0.001885 -0.00358
1341845833.752940 -0.005999 -0.003117 -0.001945 0.004246 0.005331 0.002211
1341845833.817827 -0.0006835 0.003048 -0.00256 0.006504 -0.002415 0.001633
1341845833.849860 -0.005421 0.002201 -0.005282 0.0002319 0.004431 -0.001765
1341845833.885667 -0.003076 -0.002184 0.004058 -0.001968 -0.003179 0.003253
1341845833.917724 0.003031 -0.002762 0.003109 0.003481 -0.002726 0.001357
1341845833.949675 -0.002846 0.007168 -0.007929 0.0009164 0.00292 -0.002585
1341845833.985662 -0.001519 -0.003935 0.006937 -0.005189 -0.003076 0.00274
1341845834.018158 0.005402 -0.005107 0.005756 0.003447 -0.003419 0.003152
1341845834.049769 0.000583 0.00618 -0.006962 0.003968 0.003354 0.001115
1341845834.085753 -0.0009219 -0.001408 0.002559 -0.001195 -4e-05 0.004736
1341845834.153871 0.006967 0.0003184 0.001232 0.003823 -0.004205 0.001225
1341845834.185736 0.001914 0.0001233 -0.0006354 0.001339 -0.001594 0.003278
1341845834.217802 0.008092 -0.001002 0.006351 0.001372 -0.002695 0.002883
1341845834.253824 0.007568 -0.005447 0.004284 0.005771 0.002199 0.004045
1341845834.285756 0.001236 0.006305 -0.01123 0.006258 0.004682 0.002286
1341845834.321783 0.0008931 0.003892 -0.005878 -0.004319 0.001322 -0.003404
1341845834.355135 0.0062 0.002046 0.002162 -0.01009 -0.0009365 -0.006641
1341845834.385801 0.005909 -0.006599 0.008131 -0.00701 -0.001425 -0.0005705
1341845834.421748 0.007442 -0.001594 0.002005 0.000593 -0.002771 0.002808
1341845834.453840 0.009417 0.0005029 0.001917 0.001276 0.00183 0.002834
1341845834.485639 0.003295 0.002409 -0.004754 0.0006784 0.003835 0.004213
1341845834.521785 0.005299 -0.001617 0.001475 -0.002003 7.453e-05 0.001466
1341845834.553727 0.008549 -0.0006614 0.001109 0.001057 -0.0009164 0.0007276
1341845834.589787 0.01059 0.003708 -0.003686 0.0008591 0.003919 -0.002162
1341845834.621791 0.003098 -0.002617 0.00338 -0.003517 0.005654 0.0001509
1341845834.653808 0.006534 -0.005948 0.002692 0.003008 -0.001786 0.007569
1341845834.689847 0.01109 0.003671 -0.001415 0.006873 0.0001181 0.004282
1341845834.721856 0.007521 0.005432 -0.006099 0.00144 0.006741 -0.001827
1341845834.753919 0.002962 0.00174 -0.0009043 -0.005251 0.005169 -0.001234
1341845834.789834 0.006738 -0.005789 0.005403 -0.003245 -0.001662 0.002656
1341845834.821826 0.01375 0.001469 0.001033 0.003197 -0.0002887 -0.0002447
1341845834.857804 0.007195 0.0009365 -0.0018 0.001026 0.006081 0.0006938
1341845834.889796 0.005471 0.000412 -0.0022 0.0002302 0.003285 0.002638
1341845834.921771 0.0106 0.001911 -0.0007454 -0.001231 0.002425 -0.0009143
1341845834.957942 0.009279 -0.001129 0.00104 -0.001976 0.005824 0.000783
1341845834.989806 0.007341 0.0009116 -0.001709 -0.001372 0.005551 0.0006391
1341845835.021804 0.007732 0.0003505 -0.001131 -0.00215 0.005279 -0.0008686
1341845835.058003 0.006923 0.001477 -2.535e-05 -0.003405 0.004179 -0.00115
1341845835.089820 0.01064 -0.001825 0.00382 -0.002799 0.004093 -0.001502
1341845835.125663 0.007519 -0.001556 0.003763 0.0008197 0.006575 -0.0007246
1341845835.157750 0.003778 0.001724 -0.004319 0.002614 0.005823 0.001928
1341845835.189830 0.007935 0.006937 -0.004153 -0.002892 0.004946 -0.002632
1341845835.225912 0.007066 -0.002677 0.003002 -0.007513 0.006354 -0.003904
1341845835.258001 0.006558 -0.006145 0.002738 -0.002444 0.003245 0.002818
1341845835.290164 0.01081 0.002652 -0.003447 0.002652 0.003026 0.001877
1341845835.325788 0.008143 0.00321 -0.003149 -0.002697 0.006568 -0.0009325
1341845835.363902 0.004651 -0.002348 -0.0003512 -0.003488 0.003918 0.002697
1341845835.431742 0.02964 -0.001236 0.003992 -0.0002682 0.007759 0.004355
1341845835.493790 0.008752 0.005514 -0.007745 -0.005394 0.01154 -0.001961
1341845835.527633 0.01646 -0.003598 0.006105 -0.002322 0.0028 -0.0004286
1341845835.561788 0.004099 -0.002091 -0.00183 0.001957 0.009696 0.0007077
1341845835.594173 -0.0009841 0.00285 -0.005411 0.002726 0.002702 0.001977
1341845835.625859 0.0122 0.007678 -0.0005254 -0.003741 -0.001378 -0.002564
1341845835.661923 0.01024 -0.001926 0.002724 -0.009063 0.006493 -0.007238
1341845835.693994 -0.004555 -0.0026 -0.00353 -0.005633 0.004593 -0.001033
1341845835.725724 0.009406 0.00135 0.0009408 -0.003234 -0.005933 -0.0005727
1341845835.761816 0.01645 0.003148 0.004355 -0.005595 0.001716 -0.005926
1341845835.793927 0.001318 -0.006229 0.000435 -0.005153 0.005752 -0.002789
1341845835.829809 0.003076 -0.001257 -0.001265 0.001505 -0.001028 0.002168
1341845835.868224 0.01477 0.006955 0.001685 -0.0002433 -0.002089 -0.003029
1341845835.903857 0.008453 -0.002491 0.001506 -0.005539 0.006803 -0.005631
1341845835.935727 -0.0007877 -0.003663 -0.001468 -0.001706 0.002252 0.001169
1341845835.967812 0.00804 0.004385 -0.0006633 -0.0001255 -0.004503 0.0004952
1341845836.003789 0.01204 0.003625 0.001719 -0.006034 0.0006049 -0.006367
1341845836.035920 -1.3e-05 -0.0057 -0.0003124 -0.006595 0.002492 -0.0008651
1341845836.067671 0.007691 -1.771e-05 0.0007504 0.0001036 -0.004344 0.003203
1341845836.104034 0.0153 0.006676 0.001491 -0.001617 -0.0001003 -0.0009351
1341845836.135769 0.007922 -0.003783 0.002838 -0.004762 0.007247 -0.001347
1341845836.172097 0.0005253 -0.004891 -0.0001359 0.0006307 0.005287 0.002642
1341845836.203642 0.003402 0.004368 -0.003378 0.003309 -0.002213 0.001345
1341845836.235687 0.01603 0.006324 0.00176 -0.003088 -0.001016 -0.002966
1341845836.271774 0.006805 -0.0046 0.00158 -0.006594 0.007495 -0.00461
1341845836.303797 -0.001309 -0.005788 1.009e-05 -0.002174 0.00438 -0.001658
1341845836.335742 0.001639 -0.001409 -0.001943 0.002416 -0.003218 -0.000229
1341845836.372549 0.01036 0.009057 -0.002031 -0.002137 -0.005253 -0.006869
1341845836.403992 0.00423 -0.008301 0.002518 -0.008441 -9.688e-05 -0.006358
1341845836.435705 -0.0002128 -0.002642 -0.0005878 -0.002312 -0.003869 -0.002138
1341845836.471817 0.009395 -0.002723 0.002357 -0.001391 -0.007869 0.001432
1341845836.503945 0.01214 0.000955 0.002063 -0.0001294 -0.0006051 -0.003702
1341845836.539832 -0.0006207 -0.00241 0.001664 -0.0008562 0.004523 -0.001408
1341845836.571973 8.553e-05 8.314e-05 0.001436 0.002127 0.0001022 0.0009481
1341845836.604373 0.005185 0.0003278 0.003199 0.003884 -0.00151 0.002759
1341845836.639724 0.003064 0.01009 -0.002047 0.004845 0.001057 0.002296
1341845836.672049 0.0001915 0.006482 -0.0008904 -0.003244 0.001307 0.002178
1341845836.704020 0.004742 0.004718 8.077e-05 -0.004239 -0.001014 0.0002979
1341845836.739779 0.002816 0.01689 -0.004296 -0.007149 0.001648 -0.002829
1341845836.771652 -0.002377 0.006069 0.0001185 -0.01702 -0.0001318 -0.003287
1341845836.803601 0.004969 -0.003278 0.005178 -0.01301 -0.003105 -0.002264
1341845836.839643 0.005272 0.006193 -0.0005941 -0.00458 0.002634 -0.001534
1341845836.871771 -0.003972 0.003464 -0.002454 -0.006865 0.003389 -0.002439
1341845836.907663 -0.002225 -0.000657 -0.0008039 -0.003477 -0.00387 -0.004369
1341845836.939824 0.008737 0.01274 -0.004121 2.165e-05 -0.004208 -0.003749
1341845836.971802 -0.004248 -9.929e-05 0.002975 -0.005563 0.003405 -0.001699
1341845837.007714 -0.01219 -0.004048 0.006363 0.004241 -0.005519 -0.0009842
1341845837.039752 0.008905 0.02296 -0.00956 0.01207 -0.01245 0.001126
1341845837.071715 0.003298 0.01472 0.001112 -0.006743 -0.0008322 0.0004138
1341845837.107691 -0.005757 -0.003539 0.005312 -0.005031 -0.00119 -0.003613
1341845837.139763 -0.002225 0.02011 -0.007698 0.002316 -0.006513 0.003041
1341845837.171636 0.009049 0.007207 0.003841 -0.008153 -0.005255 0.009599
1341845837.207675 0.005722 -0.003012 0.005726 -0.001426 0.003743 0.006381
1341845837.239749 -0.007492 0.01679 -0.005842 0.006227 0.003664 0.009302
1341845837.275755 0.0006375 0.01351 -0.003276 -0.001853 -0.00384 0.006692
1341845837.307686 0.009146 0.01473 -0.002035 -0.007138 -0.0006397 -0.006648
1341845837.339628 -0.005529 0.004384 -0.0006971 -0.01079 0.006229 -0.003636
1341845837.375710 -0.007724 0.005031 0.002673 -0.008098 -0.0007088 0.004218
1341845837.407709 -0.003706 -0.007892 0.01487 -0.002652 -0.005608 0.005761
1341845837.439656 0.001288 0.009614 0.001375 0.01318 -0.005244 0.006104
1341845837.475671 -0.005899 0.01944 -0.00637 0.007115 -0.001555 0.002632
1341845837.507973 -0.005772 0.001465 0.007015 -0.0007357 -0.007104 0.001041
1341845837.543708 0.004092 0.008776 -0.001956 0.008373 -0.008835 0.005856
1341845837.575706 -0.001251 0.01544 -0.003824 0.003345 -0.00284 0.005687
1341845837.607609 -0.003323 0.008641 -0.000173 -0.001608 -0.004348 0.00363
1341845837.643704 0.00147 0.009285 -0.001062 -0.00279 -0.005256 0.005402
1341845837.675706 -0.001028 0.007369 9.052e-05 -0.004955 -0.002804 0.003446
1341845837.711803 -0.002196 0.0003554 0.003894 -0.004113 -0.003487 0.003121
1341845837.743935 -0.001219 0.008326 -0.001515 0.0004294 -0.005205 0.003165
1341845837.775698 -0.001413 0.008187 0.000507 -0.004549 -0.004486 0.0008691
1341845837.811909 -0.002268 -0.008205 0.009376 -0.003305 -0.005544 0.001578
1341845837.843915 0.001357 0.01095 -0.005099 0.006839 -0.005604 0.004033
1341845837.879790 -0.001275 0.01201 -0.00362 -0.001855 -0.004084 2.574e-05
1341845837.911946 0.003712 0.003884 0.0002202 -0.008109 -0.001903 -0.004805
1341845837.946188 -0.003105 -0.004077 0.002792 -0.005093 0.001436 -0.003178
1341845837.979709 -0.01131 0.001216 0.0006963 0.001948 -0.003257 0.003605
1341845838.041927 0.01569 0.004976 -0.002718 0.01225 -0.01143 0.01236
1341845838.073905 -0.005248 0.01083 -0.005518 0.0007646 0.00204 0.0002224
1341845838.105792 0.001509 0.0003613 -0.0004187 -0.005406 -0.002567 -0.002126
1341845838.141667 0.001595 -0.003641 0.002091 -0.0005748 -0.0005883 0.00193
1341845838.173678 -0.003768 0.0009087 -0.0002377 0.005304 -0.0004943 0.01007
1341845838.205767 -0.001641 -0.00366 -0.0005779 0.00786 -0.004284 0.008833
1341845838.241893 0.00669 0.007312 -0.005037 0.01259 -0.005908 0.005479
1341845838.273791 0.006984 0.01533 -0.007004 0.005066 0.001065 0.003781
1341845838.309852 0.0004051 -0.001772 8.168e-05 -0.002396 0.004999 -0.001622
1341845838.341805 -0.003212 0.007136 -0.005275 0.001803 0.003469 -0.006821
1341845838.373872 -0.001985 0.004812 -0.001607 -0.003004 2.978e-05 -0.00262
1341845838.409713 0.004584 -0.003394 0.003068 -0.001957 -0.0006302 -0.00292
1341845838.441818 -0.002184 -0.000662 0.001943 0.004293 0.001519 -0.002744
1341845838.473754 -0.003119 0.008872 -0.002054 0.005348 -0.0001185 0.004861
1341845838.509713 -0.0002709 0.006813 -0.001515 0.001809 -0.002694 0.003763
1341845838.541649 0.003364 0.009126 -0.000583 -0.0004095 0.0001202 0.0003738
1341845838.577804 -0.008508 0.008083 0.0009808 -0.004418 0.002289 0.004611
1341845838.609807 -0.003988 0.001884 0.001782 -0.004757 -0.003103 0.004974
1341845838.641690 0.001692 0.003719 0.001392 -0.002821 -0.004471 0.001043
1341845838.677850 0.0006733 0.002815 0.002057 -0.001525 -0.0008019 0.001543
1341845838.709635 -0.01007 -0.00337 0.00636 0.0002606 0.0006455 0.003193
1341845838.745913 -0.009718 -0.006949 0.004875 0.008959 -0.006685 0.004858
1341845838.777723 0.01348 0.01384 -0.004394 0.0142 -0.007979 0.005362
1341845838.809656 0.001466 0.009831 -0.003021 0.004522 0.003259 0.001116
1341845838.845874 -0.01284 -0.001672 0.001328 -0.001577 0.003162 -0.002272
1341845838.877695 -0.007053 -0.00622 0.005967 0.00714 -0.006131 0.003
1341845838.909636 0.007764 0.01493 -0.006077 0.009902 -0.007143 0.009911
1341845838.945837 0.002491 0.005918 -0.002499 -0.0002044 -0.0002261 0.0009303
1341845838.977758 -0.006236 -0.0003275 0.0009576 -0.003316 0.0007296 -0.004261
1341845839.013907 -0.008212 0.0002387 0.001095 -0.001127 -0.003008 0.001084
1341845839.046225 0.007547 -0.004521 0.004312 0.0009858 -0.006456 0.006643
1341845839.077750 0.006512 0.004547 -0.00178 0.005962 0.002133 0.002532
1341845839.113934 -0.01045 0.01156 -0.006918 -0.0003663 0.006384 -0.004664
1341845839.145852 -0.005469 -0.005094 0.00436 -0.007033 0.0004814 -0.006211
1341845839.177741 -0.004781 -0.001035 0.001377 0.0007245 -6.697e-05 -0.001053
1341845839.214000 -0.007187 0.0104 -0.004504 0.0008934 -0.002387 0.001132
1341845839.246198 -0.0008246 0.0005334 0.002634 -0.005191 -0.004571 -0.00298
1341845839.281774 -0.00492 -0.003242 0.004135 -0.001467 -0.00238 -0.003057
1341845839.314004 -0.007611 0.006065 -0.002485 0.001394 -0.004486 0.004763
1341845839.345945 0.007411 0.003048 -0.0007572 -0.001407 -0.005582 0.0006208
1341845839.381741 -0.002761 0.001541 0.0007482 -0.003129 0.001547 -0.00918
1341845839.413801 -0.009781 0.004783 -0.0008402 -0.003338 -0.0002783 -0.003891
1341845839.445714 0.0002056 -0.00642 0.004712 -0.004326 -0.00463 0.001299
1341845839.481741 -0.002257 -0.003626 0.00302 0.001992 -0.00147 0.0007494
1341845839.514001 -0.005856 0.007749 -0.005439 0.004081 -0.002409 0.001121
1341845839.549791 0.003001 0.00313 -0.0001132 -0.003486 -0.003984 -0.001292
1341845839.587666 -0.0006163 -0.006641 0.005347 -0.002955 0.0005011 -0.002227
1341845839.681817 0.002879 -0.0005664 0.001741 0.0009801 -0.006508 0.001861
1341845839.713876 -0.007244 0.001626 -0.003025 0.002014 0.003862 0.0005097
1341845839.749808 -0.003201 -0.002153 -0.0009732 -1.672e-05 -0.002334 -0.0008837
1341845839.781785 0.009341 -0.003318 0.004914 0.001788 -0.002726 -7.021e-05
1341845839.817825 -0.0002333 0.001563 -0.001474 0.003672 0.00352 0.0001756
1341845839.849994 -0.003055 -0.004481 0.001669 0.001566 0.0008029 -0.0001652
1341845839.881829 0.00635 -0.00174 0.001081 0.004606 -0.0007162 0.001494
1341845839.917855 0.006098 0.0001736 -0.0004544 0.004659 0.00267 0.00071
1341845839.950283 0.003079 -0.002338 -0.0007444 0.003632 0.004482 -0.0006503
1341845839.985757 0.001598 -0.004683 -5.845e-05 0.004006 0.003833 0.0006639
1341845840.017660 0.002281 -0.005905 4.039e-05 0.007313 0.002476 0.003857
1341845840.049741 0.007675 -0.0005592 -0.002248 0.009043 0.001256 0.002091
1341845840.085650 0.003871 0.004284 -0.003533 0.007117 0.004801 -0.002461
1341845840.117698 -0.001081 -0.005852 -0.0002825 0.00231 0.003751 -0.003577
1341845840.149796 0.004393 -0.01019 0.002123 0.005509 0.0009472 -0.0009289
1341845840.186069 0.0005631 -0.00145 -0.002202 0.009962 0.001499 0.002326
1341845840.217657 0.001399 -0.004655 -0.002101 0.007993 -0.00172 0.001108
1341845840.253694 0.013 0.001958 -0.001715 0.008221 -0.001162 -0.0003652
1341845840.285914 0.002128 -0.003857 0.000464 0.004122 0.006204 -0.00114
1341845840.317753 -0.001972 -0.005766 -0.001502 0.005182 0.004187 -0.002937
1341845840.353861 -0.001461 -0.00289 -0.0002509 0.00511 0.0009414 -0.001394
1341845840.385775 0.005451 -0.00614 -0.0003374 0.005739 -0.002442 0.005323
1341845840.417676 0.006055 -0.003791 -0.0007484 0.007077 0.001544 0.002168
1341845840.453598 -0.001511 0.001421 -0.002715 0.005415 0.00295 -0.001023
1341845840.485943 0.001317 -0.004324 -0.0008291 0.001133 -0.0006904 0.0007256
1341845840.521810 0.008481 -0.008086 0.0003226 0.001931 -0.0006173 -0.001035
1341845840.553677 0.004114 -0.00234 -0.000164 0.005216 0.003512 -0.001541
1341845840.585765 -0.001853 0.001048 -0.002539 0.00323 0.002931 0.002533
1341845840.621850 0.004083 -0.009589 0.001603 0.0008623 -0.0004677 0.003402
1341845840.653789 0.007479 -0.002801 -0.0009623 0.008573 0.0006782 0.004127
1341845840.685850 -0.001976 0.006839 -0.003898 0.003588 0.002966 0.004538
1341845840.721832 0.006911 0.00131 -0.002789 -0.004386 -0.0003066 0.0007607
1341845840.753824 0.00918 -0.005088 0.002551 -0.00713 0.005954 -0.006573
1341845840.789783 -0.01328 -0.003526 0.0002597 -0.005401 0.008277 -0.002826
1341845840.821733 -0.0008834 -0.00915 0.002225 -0.004355 -0.003042 0.003588
1341845840.853661 0.01024 -0.003891 0.0006904 -8.883e-05 -0.003595 -0.001053
1341845840.889737 0.001851 -0.00321 0.001238 0.0002947 0.003689 -0.003771
1341845840.921786 -0.009837 -0.007675 0.001771 -3.651e-05 0.0004397 0.0004163
1341845840.957782 0.005076 -0.007509 0.0005697 0.00382 -0.006934 0.00281
1341845840.989777 0.004825 6.986e-05 -0.002711 0.005612 -0.002851 -0.000542
1341845841.021755 0.0007903 0.003204 -0.003517 -0.0008934 -0.0009013 -0.001448
1341845841.057797 -0.001802 -0.001041 -0.0007668 -0.007443 -0.00184 -0.001891
1341845841.089861 0.003396 -0.01032 0.002588 -0.008898 -0.005111 0.002122
1341845841.127763 0.007563 -0.005532 0.0005165 -0.002606 -0.002282 0.006062
1341845841.189794 0.001222 -0.004855 -0.001668 -0.006741 0.001834 0.01568
1341845841.225871 0.0005348 -0.005066 0.0003276 -0.007333 0.0009028 0.003562
1341845841.257769 0.003064 -0.009328 0.00139 -0.00721 -0.0001046 0.002202
1341845841.289834 0.001134 -0.01308 0.00245 -0.003817 0.002086 -0.003258
1341845841.325856 -0.001574 -0.01071 0.0008239 0.002414 0.001214 -0.001018
1341845841.357778 0.006027 0.001451 -0.004943 0.004915 0.0005037 0.0001062
1341845841.389747 0.003373 0.001481 -0.004253 -0.004125 0.006186 -0.005382
1341845841.425648 -0.006477 -0.001216 -0.004244 -0.01082 0.007063 -0.009673
1341845841.457784 -0.0008192 -0.005546 -0.0002764 -0.01544 0.001829 -0.01099
1341845841.493636 -0.0002144 -0.02074 0.006357 -0.01084 0.001582 -0.00533
1341845841.525800 -0.002826 -0.01299 -0.0002763 0.003807 0.0002829 -0.0005946
1341845841.557776 0.002793 -0.002973 -0.003255 0.006462 -0.001421 -0.001035
1341845841.593697 0.005108 0.0008246 -0.004216 0.004529 0.001886 -0.004827
1341845841.625800 -0.005909 0.000821 -0.0034 -0.003826 0.004778 -0.004482
1341845841.657778 -0.0002335 -0.007867 -0.0003761 -0.005907 -0.0007542 -0.002503
1341845841.693890 0.004298 -0.008305 0.001227 -0.002651 -0.000145 -0.003559
1341845841.725831 -0.001408 -0.001643 -0.002107 0.001469 0.001999 -7.887e-05
1341845841.761977 0.001093 -0.006491 -0.0008429 -0.001845 0.0005895 0.002971
1341845841.793705 0.004323 -0.009586 -0.0001798 0.002926 0.001453 0.000121
1341845841.825907 -0.0002209 0.001342 -0.004169 0.005035 0.004047 0.0003521
1341845841.862456 0.0003725 0.00253 -0.004422 -0.001183 0.003377 -0.002411
1341845841.893840 0.001207 0.0002993 -0.001116 -0.008921 0.004654 -0.007854
1341845841.925729 -0.002027 -0.01105 0.004922 -0.006901 0.003928 -0.003417
1341845841.961799 -0.004323 -0.001542 -0.0006332 0.0007725 0.001896 0.001147
1341845841.994063 -0.001142 -0.005831 0.002152 -0.0002051 -0.002869 0.005135
1341845842.030345 0.009374 -0.006235 0.002095 0.004998 -0.001634 0.001035
1341845842.061842 -0.004587 0.002784 -0.00241 0.001932 0.005587 -0.00315
1341845842.095648 -0.003106 -0.008158 0.0009403 -0.001907 0.0005835 -0.001538
1341845842.130144 0.001448 -0.004682 -0.0004546 0.00102 -0.001179 -0.004081
1341845842.168651 0.0003152 -0.005845 0.0002651 0.0008637 -0.0001078 -0.003554
1341845842.204415 0.001003 8.473e-05 -0.002056 0.0005091 -0.0004016 -0.001566
1341845842.236995 0.006652 -0.004429 0.001348 -0.003469 0.001451 -0.003186
1341845842.298056 -0.01242 -0.008448 -0.001532 -0.007168 0.01229 -0.009181
1341845842.330531 0.005318 -0.0088 0.00249 -0.003392 -0.00346 0.001008
1341845842.362365 0.001645 -0.01038 0.0017 0.00341 0.002715 -0.001587
1341845842.399606 -0.00483 0.001502 -0.00311 0.007277 0.001986 -3.443e-05
1341845842.439754 -0.001377 -0.0002558 -0.002088 0.001549 -0.001379 -5.86e-05
1341845842.472222 0.005746 -0.00277 -0.000143 0.0006722 -0.0008809 -0.001927
1341845842.506051 -0.002744 -0.0003964 -0.00262 -1.619e-05 0.005309 -0.001792
1341845842.539739 -0.006517 -0.002028 -0.002367 -0.0007772 0.0008167 0.003526
1341845842.597810 0.005913 -0.002239 -0.002938 -0.003584 -0.001503 0.001203
1341845842.671782 -0.005648 -0.0148 0.001122 -0.008383 0.00149 -0.0006798
1341845842.733828 0.002901 -0.001615 -0.002605 -0.002453 0.003058 -0.01348
1341845842.772554 -0.001432 -0.01142 0.002392 -0.00361 0.0007948 -0.003262
1341845842.803667 0.001146 -0.005779 -0.0005517 0.004866 -0.0002794 -0.003209
1341845842.839779 -0.004485 1.381e-05 -0.002808 0.002696 -0.0003162 0.001592
1341845842.871951 0.006422 -0.005603 0.001598 -0.0002582 -0.003366 0.002139
1341845842.903766 -0.000721 -0.008295 0.0008663 0.002646 0.002265 0.000195
1341845842.939694 -0.00333 0.0008715 -0.003257 0.005246 -0.0005404 0.002281
1341845842.971703 0.00549 -0.001848 0.0002872 -0.001502 -0.002237 0.0007384
1341845843.003637 0.005231 -0.007828 0.002535 -0.001132 0.00271 -0.005338
1341845843.039687 -0.009193 0.0001574 -0.0006072 0.001092 0.00382 -0.003797
1341845843.071786 0.003341 -0.005065 0.002027 -0.0008928 -0.005124 0.0003252
1341845843.103725 0.01118 -3.866e-05 0.00139 0.0001185 -0.00103 -0.005439
1341845843.139742 -0.002159 -0.006661 0.00101 -0.003847 0.006709 -0.002735
1341845843.171825 -0.002967 -0.007615 0.001669 0.002207 0.0004839 0.005292
1341845843.207907 0.005317 -0.004637 0.002522 0.006326 -0.003127 0.008709
1341845843.240014 0.006345 -0.0005819 -0.0002263 0.007289 0.0005864 0.004603
1341845843.281910 0.000813 7.019e-05 -0.00202 0.002083 0.00422 -3.878e-05
1341845843.307930 -0.001336 -0.004945 -0.001156 -0.0004994 0.002875 -0.0006979
1341845843.339844 -0.00176 -0.001153 -0.003823 -0.0007862 0.001638 -0.004319
1341845843.407961 -0.0009554 -0.01741 -0.001809 -0.009059 -0.007215 -0.004084
1341845843.469698 -0.009239 -0.01275 -0.006984 0.00301 -0.003214 -0.001016
1341845843.501755 0.01261 -0.007366 0.0003155 0.003046 -0.007819 -4.675e-05
1341845843.537749 0.0009852 -0.001788 -0.004139 0.002333 0.004808 -0.007083
1341845843.601912 -0.002218 -0.01559 -0.002605 0.009739 -0.002858 0.006097
1341845843.637854 -0.005728 -0.004022 -0.003313 0.004897 0.002318 -0.001254
1341845843.669935 -0.004069 -0.0001273 -0.005413 0.001515 -0.003261 -0.002193
1341845843.705705 0.002339 -0.009983 0.003423 -0.00163 -0.006714 -0.003068
1341845843.738087 0.002306 -0.001409 -0.003628 0.004664 -0.004909 -0.003294
1341845843.769868 -0.0005755 -0.001781 -0.002211 -0.003109 -0.001207 -0.005745
1341845843.805741 -0.002526 -0.008132 0.0008688 -0.003631 -0.003053 -0.003953
1341845843.837731 -0.003213 -0.006656 0.0002317 0.0009666 -0.005145 0.001951
1341845843.869723 0.001303 0.0004001 -0.002431 0.001914 -0.005897 0.0002406
1341845843.905817 0.000643 -0.0008996 0.0001334 -0.005046 -0.001778 -0.007123
1341845843.937846 -0.006762 -0.004012 0.0009299 -0.007036 -0.002239 -0.006115
1341845843.973843 -0.001305 -0.007253 0.005301 -0.005654 -0.00951 -0.0002211
1341845844.005877 0.008026 0.0001555 0.0006569 -0.0007367 -0.006704 -0.001427
1341845844.037839 -6.8e-05 -0.005572 0.001738 -0.004575 0.002062 0.002236
1341845844.073843 -0.008081 -0.007145 -0.001655 0.0007699 -0.001644 0.008157
1341845844.105844 0.002542 0.001043 -0.001432 1.802e-05 -0.005862 0.004214
1341845844.137727 0.003487 -0.004173 0.0007593 -0.001605 -0.001785 0.0001908
1341845844.173729 -0.003079 -0.002875 0.0001884 -0.003048 0.00103 0.001675
1341845844.205772 0.002347 -0.00944 0.002448 0.002114 -0.003752 0.004356
1341845844.241826 -0.001424 0.007797 -0.007641 0.00176 0.002546 -0.004904
1341845844.273743 -0.005161 -0.007259 -0.001336 -0.01336 0.003323 -0.007718
1341845844.305737 0.004062 -0.01073 0.003902 -0.004287 -0.002985 -0.003579
1341845844.341702 0.001954 -0.01074 0.002125 0.004028 -0.0006177 0.004222
1341845844.373700 -0.001375 -0.002839 -0.002928 0.007471 0.001043 0.0005282
1341845844.409780 0.001496 -0.006379 0.001137 0.002596 0.0007555 -0.005572
1341845844.441868 -0.003676 -0.006035 -0.001661 0.00465 0.002209 -0.002742
1341845844.473633 -0.005109 -0.004667 -0.003262 0.00446 -0.001354 -0.00109
1341845844.509732 0.002603 -0.005176 0.0001264 0.002729 -0.003711 -0.002889
1341845844.541734 0.002345 -0.005691 0.0003001 0.005922 0.001365 -0.002392
1341845844.573798 -0.004707 -0.004694 -0.002787 0.006133 0.00348 0.000362
1341845844.609774 0.001009 -0.002915 -0.001795 0.003503 -0.0006896 -0.001345
1341845844.641742 0.005472 -0.002157 -0.002072 0.001492 0.003912 -0.005151
1341845844.677619 0.0006031 -0.004181 0.000984 -0.004897 0.009858 -0.00733
1341845844.709820 0.004246 -0.01186 0.003986 0.001718 0.00255 0.001987
1341845844.741764 0.003165 -0.00157 -0.002982 0.005743 0.007455 -0.001266
1341845844.778110 -0.0009754 -0.00542 -0.002325 0.00411 0.00738 0.003162
1341845844.811162 0.005764 1.292e-05 0.003233 0.002138 0.008068 0.000849
1341845844.842336 0.003406 -0.009048 0.002164 0.007404 0.007945 0.005322
1341845844.883762 -0.00198 0.0002516 -0.006991 0.003612 0.006912 0.006134
1341845844.947016 0.006561 -0.008009 0.001092 -7.82e-05 0.01786 0.003935
1341845844.977793 -0.002866 -0.005882 0.00286 0.001453 0.004317 0.00916
1341845845.009670 0.005578 0.0009527 -0.002673 0.00377 0.0005783 0.007359
1341845845.045698 0.005144 -0.004394 0.004297 -0.001679 0.00801 0.004542
1341845845.077748 -0.008206 -0.006173 0.002953 0.00115 0.004259 0.009727
1341845845.109679 0.002714 -0.0024 -4.473e-05 0.004091 -0.004448 0.007242
1341845845.145640 0.0022 0.0002175 -0.001826 0.001638 0.000494 -0.000217
1341845845.177719 -0.005464 -0.006347 0.003518 -0.003022 0.0002407 0.001403
1341845845.213604 1.549e-05 -0.005693 0.004158 0.002686 -0.007131 0.001301
1341845845.245741 0.002007 0.001065 -0.00347 0.00544 -0.003665 -0.0004395
1341845845.277905 0.0009337 -0.0003069 -0.0005056 -0.001798 -0.00108 -0.001322
1341845845.314159 -0.0007791 -0.007531 0.005001 -0.001295 0.0003679 0.0005232
1341845845.345748 -0.0005348 -0.002721 -0.001421 0.004338 -0.001215 0.001524
1341845845.381704 0.002291 -0.003481 0.0006486 0.002242 0.0009048 0.0005675
1341845845.413648 0.001537 -0.001933 -0.001507 0.002794 0.00207 -0.0002603
1341845845.445777 0.0005349 -0.005582 0.003181 0.0002736 0.004228 0.001841
1341845845.481809 -0.0008746 -0.006467 0.001652 0.007686 0.0001301 0.00889
1341845845.514332 0.003322 0.002104 -0.003425 0.005643 0.0007654 0.0029
1341845845.545717 0.002067 -0.006096 0.002723 0.001138 0.003912 -0.001748
1341845845.581658 -0.004281 -0.005476 0.0008176 0.00465 0.00475 0.0017
1341845845.613959 -0.002557 -0.006654 0.001945 0.00686 -0.002323 0.005704
1341845845.649696 0.008223 0.004612 -0.003933 0.009325 -0.002535 -0.001694
1341845845.682034 0.00111 -0.002457 -0.0004093 -0.002711 0.006376 -0.004891
1341845845.714232 -0.006975 -0.01583 0.006524 -0.001895 0.002122 0.0004608
1341845845.751971 0.0008717 -0.004605 -0.001761 0.01075 -0.002678 0.005752
1341845845.787747 0.001031 0.001446 -0.004698 0.004527 -0.001393 0.00536
1341845845.820616 0.003436 -0.00473 8.934e-05 -0.000531 0.0001789 -0.001684
1341845845.887653 -0.005345 -0.01175 0.0009832 0.004297 -0.001168 0.004933
1341845845.949895 0.0006724 -0.006732 -0.0008597 0.0002919 -0.005398 -0.003259
1341845845.981855 0.0009908 -0.006384 0.002898 0.002277 -0.004969 -0.0004508
1341845846.017822 0.0007892 0.001374 -0.003422 0.00436 -0.001824 0.0003568
1341845846.049788 0.0009285 -0.003512 0.0003182 -0.003119 -0.001869 -0.001168
1341845846.081697 0.002864 -0.008477 0.002572 -0.001259 -0.0001307 -0.0009965
1341845846.117753 -0.0002629 -0.004966 -0.0009141 0.003393 0.00158 0.002235
1341845846.149729 0.001076 -0.002321 -0.0004633 0.00155 0.001324 -0.002643
1341845846.185551 -0.0003302 -0.006866 0.001257 0.002236 0.003134 -0.005498
1341845846.217670 -0.001752 -0.004592 0.001706 0.003233 -3.609e-05 -0.001925
1341845846.249670 0.001205 -0.004318 0.0006989 0.007888 -0.0009487 -0.004569
1341845846.285621 -0.000157 -2.611e-05 -8.199e-05 0.005103 0.001649 -0.002609
1341845846.318706 -0.002439 -0.005557 0.003464 0.005368 -0.001888 0.001344
1341845846.349746 0.001489 -0.0004495 -0.001409 0.007685 -0.002018 -0.002409
1341845846.385823 -0.001035 -0.003714 0.000682 0.003932 0.001418 -0.004365
1341845846.417804 -0.002015 -0.004592 0.002419 0.005806 -0.003259 0.0001999
1341845846.453757 0.003775 0.000241 -8.873e-05 0.007629 -0.00166 -0.005445
1341845846.485915 -0.002929 -0.003367 0.001336 0.004436 0.003143 -0.002721
1341845846.517804 -0.003074 -0.003012 0.003698 0.004214 -0.005045 0.001504
1341845846.553866 0.003042 -0.002483 0.001868 0.00922 -0.00345 -0.0004822
1341845846.585802 -0.002969 0.004123 -0.001368 0.004457 0.002844 -1.304e-06
1341845846.621952 -0.002169 -0.005085 0.004588 0.001322 -0.002737 0.001941
1341845846.653735 0.0003374 0.002939 -0.001218 0.006715 -0.0003517 0.0006842
1341845846.687048 -0.004269 0.001892 7.896e-05 0.0009185 0.0001054 0.00396
1341845846.721930 7.353e-05 0.001736 0.002009 0.0005297 -0.004126 0.003167
1341845846.755684 0.001822 0.004282 0.0008823 0.0008842 0.0002042 -0.0003473
1341845846.785987 -0.002643 0.004349 0.0003508 -0.002362 0.0007627 -8.289e-06
1341845846.821760 0.0009401 0.00272 0.002905 -0.002613 -0.004183 0.003586
1341845846.853756 0.004901 0.008674 -0.0006295 -0.00181 -0.001642 0.001606
1341845846.889724 0.001578 0.006261 0.001525 -0.01042 0.002537 -0.0007023
1341845846.921756 0.000372 0.004324 0.002502 -0.007888 -0.001181 0.002457
1341845846.953776 0.002829 0.007586 4.202e-05 -0.003851 -0.001661 0.001676
1341845846.989607 0.002421 0.008933 0.0004083 -0.008304 0.003061 -0.001688
1341845847.021791 -0.0001434 0.0052 0.002488 -0.01011 0.00204 0.001118
1341845847.053671 0.002209 0.004843 0.002548 -0.002746 -5.855e-05 0.002035
1341845847.089677 0.002031 0.01351 -0.002375 6.96e-05 0.006221 0.003973
1341845847.121825 -0.001509 0.005068 0.001968 -0.01301 0.003491 0.004851
1341845847.157737 -0.001184 0.004213 0.001658 -0.00775 -0.001944 5.153e-05
1341845847.189613 -0.001058 0.007073 0.001089 -0.007407 -0.001128 -0.003076
1341845847.221790 -0.003302 0.006824 0.002095 -0.007598 -0.003057 -0.001634
1341845847.257718 0.002034 0.009544 0.002477 -0.00433 -0.004589 -0.001685
1341845847.289652 0.0002716 0.01194 0.0009673 -0.002169 0.0009601 -0.002152
1341845847.321777 -0.003872 0.007724 0.00262 -0.005034 -0.0005303 0.00309
1341845847.357899 0.001398 0.01159 0.0009467 -0.001714 -0.003079 0.00268
1341845847.390176 -0.001261 0.009624 0.003412 -0.00288 0.0005369 0.001945
1341845847.425786 -0.003528 0.007594 0.002052 -0.0007387 -0.002194 0.004127
1341845847.489945 0.004416 0.02045 0.004837 -0.001754 -0.001262 -0.0007822
1341845847.525805 -0.0001475 0.00774 0.004804 0.001142 0.003595 0.002422
1341845847.557741 -0.0004136 0.003576 0.006817 0.00646 0.003201 0.009912
1341845847.593782 -0.002989 0.01428 -0.002093 0.007025 0.00454 0.006132
1341845847.625656 -0.002209 0.009192 0.003793 -0.006817 0.001323 -0.002058
1341845847.657670 0.0008379 0.006698 0.00629 -0.004267 -0.0001703 -0.004623
1341845847.693751 -0.00338 0.007424 0.003946 -0.0006433 0.0004165 -0.001703
1341845847.725684 -0.0009364 0.007508 0.003022 0.0002851 -0.002291 0.001119
1341845847.757787 0.00508 0.01202 0.001356 -0.001684 -0.001355 -0.005756
1341845847.793826 0.001218 0.003433 0.006893 -0.002574 0.003674 -0.004264
1341845847.825684 -0.003398 0.007479 -0.0004582 0.002403 0.002237 0.001879
1341845847.861928 0.005061 0.006001 0.003766 0.0001415 3.22e-05 -0.0007439
1341845847.893697 0.001936 0.009964 -0.002055 0.001215 0.005702 -0.006786
1341845847.925644 -0.005719 0.001387 0.0048 -0.006421 0.005817 -0.003146
1341845847.961946 -0.001154 0.003887 0.0007044 0.0009809 -0.001658 0.001166
1341845847.993685 0.006281 0.007821 0.001581 -0.001427 0.0007072 -0.004009
1341845848.025620 -0.004712 0.002911 0.001196 -0.00128 0.003828 -0.002566
1341845848.061715 0.00131 0.007788 0.001338 -0.001166 -0.0006592 -0.0005429
1341845848.093689 0.004324 0.003245 0.004009 0.0007076 0.001679 -0.0001696
1341845848.132119 -0.001584 0.008239 -0.0005878 0.001728 0.005943 0.001255
1341845848.167711 -0.004784 0.004092 0.002644 -0.0006681 0.0008198 0.005622
1341845848.200502 0.005828 0.006317 0.002265 0.001178 -0.002712 0.001511
1341845848.232265 1.556e-05 0.006061 0.0006601 0.0007877 0.004424 -0.001985
1341845848.267873 -0.004754 0.006521 0.002587 -0.002069 0.001638 -0.000175
1341845848.301135 0.002087 -0.001055 0.00711 0.0002278 -0.002275 0.0004414
1341845848.335735 0.003781 0.005549 0.0009224 0.008259 0.002677 -0.002139
1341845848.367757 -0.004774 0.009459 -0.0003866 0.003503 0.0042 0.003384
1341845848.399644 0.004085 0.002647 0.00421 -6.645e-05 -2.119e-05 0.0005649
1341845848.435802 0.002826 0.004366 0.002868 0.001823 0.00796 -0.004241
1341845848.467705 -0.01399 0.001518 0.004267 0.001351 0.004644 0.004353
1341845848.503759 0.004445 0.005019 8.743e-05 0.001927 -0.008226 0.002521
1341845848.536036 0.006238 0.005909 0.0003817 0.001368 0.0003968 -0.004709
1341845848.567958 -0.004347 0.002354 0.002898 -0.001298 0.004527 -0.002888
1341845848.603657 -0.0009921 0.0035 0.001673 0.001211 -0.001452 0.002153
1341845848.635797 0.005108 0.006105 0.0007708 0.001601 -2.986e-05 -0.0004111
1341845848.671815 -0.001172 0.0123 -0.003052 -0.0006401 0.003691 -0.002268
1341845848.703677 -0.002739 0.004871 0.002105 -0.009888 -0.0009698 -0.0008396
1341845848.735781 0.003296 0.002476 0.00279 -0.007562 -0.003184 -0.003399
1341845848.771647 0.0008291 0.003633 0.0009057 -0.004323 0.000324 -0.005634
1341845848.803783 -0.00502 0.001019 0.003684 -0.004662 -0.001657 -0.0006392
1341845848.839757 0.0009349 -0.004735 0.005973 0.001316 -0.006839 0.004942
1341845848.871829 -0.0003146 0.004517 -0.006453 0.009535 -0.005338 0.00399
1341845848.903622 -0.006588 0.02113 -0.01025 -0.0007278 -0.006048 -0.0004881
1341845848.940608 -0.0007829 0.001187 -0.002931 -0.01867 -0.01094 -0.007504
1341845848.972843 0.005549 -0.007769 0.0007636 -0.01178 -0.008031 -0.004158
1341845849.008613 -0.003027 -0.0004038 -0.004525 -0.003469 -0.003575 0.005166
1341845849.072005 0.007232 -0.000979 -0.009347 -0.006609 -0.01057 0.001058
1341845849.133777 -0.01509 -0.003943 -0.01085 0.002523 -0.008842 0.0107
1341845849.165908 0.01041 0.002508 -0.006596 -0.0001106 -0.01067 -0.0005891
1341845849.201651 0.003416 0.001138 -0.005818 -0.004071 -0.0004966 -0.004377
1341845849.233648 -0.006 -0.004615 -0.005275 -0.002674 -0.0003808 0.001738
1341845849.265690 0.003675 -0.003559 -0.005188 0.002129 -0.005967 0.003987
1341845849.301701 0.007146 0.0016 -0.007972 0.004604 -0.001153 0.000278
1341845849.333730 7.199e-05 -0.0005919 -0.00874 0.001191 0.003774 0.0006058
1341845849.369727 0.0003326 -0.00173 -0.008039 0.002239 0.00112 0.00175
1341845849.401811 0.001756 0.004814 -0.01121 0.0008293 0.001534 -0.0004411
1341845849.433692 -0.002348 -0.003724 -0.005914 -0.003599 4.652e-05 0.0009521
1341845849.469648 0.006565 -0.0002058 -0.008649 0.002324 -0.002255 1.867e-05
1341845849.501641 -0.00211 0.00199 -0.01002 0.001351 0.002683 -0.0008219
1341845849.533689 0.0003257 -0.0001043 -0.008495 -0.0009016 -0.002187 0.001549
1341845849.569780 0.005501 -0.004087 -0.007056 0.002132 -0.002375 0.001726
1341845849.601759 -0.003983 0.004959 -0.01275 0.004496 0.000593 0.0005456
1341845849.637837 0.0005398 0.001581 -0.009947 -0.002193 -0.004902 -2.702e-05
1341845849.669719 0.003534 -0.002252 -0.008675 -0.001456 -0.004172 -0.0002223
1341845849.701927 -0.002487 -0.0002966 -0.009817 0.0008104 -0.002822 0.00179
1341845849.737804 0.002527 0.001967 -0.01127 0.0004623 -0.006551 0.001502
1341845849.769688 0.01043 -0.001683 -0.009482 -0.0002683 -0.003997 -0.00152
1341845849.805874 0.0008953 0.001851 -0.01075 0.0007934 0.0043 -0.001549
1341845849.838002 -0.006928 -0.00338 -0.007084 -0.0002925 0.002362 0.004143
1341845849.873756 0.004365 -0.0006831 -0.009114 0.004763 -0.004756 0.004822
1341845849.905773 0.004072 0.004276 -0.01109 0.002959 0.0006812 -0.001537
1341845849.942380 -0.01031 0.002044 -0.008189 -0.002563 0.002062 0.0002708
1341845849.969808 0.005292 -0.005131 -0.006041 -0.0009414 -0.007873 0.002908
1341845850.006040 0.006511 0.002154 -0.009422 0.002547 -0.001352 0.002278
1341845850.038041 -0.002143 0.00274 -0.008258 0.001248 0.00241 0.003396
1341845850.073843 -9.802e-05 0.001924 -0.007783 -0.002196 -0.0009876 0.001102
1341845850.137727 0.01272 -0.005057 -0.01274 0.002671 -0.0003833 0.007273
1341845850.173748 -0.002021 0.003134 -0.009024 0.003723 0.006121 0.002599
1341845850.205888 3.349e-05 0.001159 -0.007532 0.0007162 0.0024 -7.282e-05
1341845850.242190 0.003693 -0.001134 -0.007429 0.0008099 0.001723 -0.001159
1341845850.276369 -0.002133 0.001199 -0.008488 0.00179 0.004425 0.002019
1341845850.311979 0.002662 -0.00105 -0.006798 0.0008934 0.0009716 0.003436
1341845850.343827 -0.0006644 -0.000701 -0.00718 0.004282 0.003433 0.002482
1341845850.380151 -0.002172 0.005463 -0.00981 0.003865 0.001046 0.001619
1341845850.412359 -0.001593 0.0007404 -0.006741 -0.002317 -0.001414 -0.001154
1341845850.447279 0.0008551 -0.0007593 -0.006763 -0.0008292 -0.00311 -0.004794
1341845850.511722 -0.006586 0.003053 -0.01424 -0.007586 -0.003239 -0.01101
1341845850.573894 0.002875 0.002644 -0.01351 -0.003067 -0.00522 -0.001869
1341845850.609794 0.0008204 -0.002911 -0.004508 -0.00433 -0.001064 0.0001585
1341845850.641744 0.002043 0.002664 -0.006659 0.001093 0.0009819 0.001997
1341845850.673755 -0.007451 0.001059 -0.00569 -0.003666 0.00269 0.002676
1341845850.709784 0.00396 -0.001406 -0.00516 -0.001097 -0.005305 0.001894
1341845850.741802 0.006647 0.001886 -0.006247 -0.001394 -3.338e-05 -0.002225
1341845850.777740 -0.00806 -0.00149 -0.00527 -0.0009884 0.00477 -0.0009371
1341845850.841900 0.004327 -0.003783 -0.01074 -0.001327 -0.00198 0.0009036
1341845850.877766 -0.004158 0.001648 -0.006563 0.002721 0.002972 0.001025
1341845850.909781 -0.002154 -0.001784 -0.005381 0.0003014 -0.001309 0.0005798
1341845850.941758 0.005002 -0.001111 -0.006741 0.002105 -0.003254 -0.0008888
1341845850.977762 0.002671 0.0009564 -0.00718 0.0008052 0.0009167 -0.004628
1341845851.009834 -0.004445 -0.003975 -0.004457 -0.00105 0.003273 -0.004525
1341845851.045751 -0.001241 -0.0001045 -0.006691 0.003166 -0.0007554 -0.002871
1341845851.077894 0.00166 0.004164 -0.007703 -0.0005165 -0.00142 -0.004376
1341845851.109747 0.0006023 -0.008544 -0.003588 -0.004057 0.0007898 -0.001293
1341845851.145889 -0.002683 -0.003694 -0.005613 0.004803 0.003708 0.004155
1341845851.177904 -0.005891 0.001193 -0.006775 0.003543 0.0001887 0.006327
1341845851.209882 0.01204 -0.004178 -0.005728 0.001705 -0.005443 0.004103
1341845851.251733 0.0005423 0.003257 -0.007383 0.0054 0.006815 0.001343
1341845851.313813 -0.001798 -0.000795 -0.008492 -0.00633 -0.005004 1.793e-05
1341845851.345834 0.008637 0.002627 -0.00599 -0.001023 0.001603 -0.005615
1341845851.377718 -0.00717 -0.004323 -0.003159 -0.005924 0.007519 -0.005196
1341845851.413805 -0.00212 -0.008393 -0.002175 -0.001193 0.001518 0.001228
1341845851.445896 0.01034 0.003179 -0.006663 0.007582 0.0008488 0.003935
1341845851.478163 -0.00452 -0.001206 -0.002701 -0.0002321 0.008388 -0.001621
1341845851.514640 -0.007001 -0.004173 -0.001019 0.002684 0.001933 -0.0003255
1341845851.546201 0.006163 0.0006255 -0.004571 0.005523 -0.004078 -0.0009512
1341845851.581975 -0.001181 0.006347 -0.005288 0.002956 0.0005877 -0.007713
1341845851.616214 -0.00104 -0.004531 -0.001332 -0.007152 -0.001612 -0.01058
1341845851.681977 -0.002461 0.004282 -0.007453 0.004625 0.005038 -0.003542
1341845851.714139 0.002689 -0.004062 -0.001521 -0.004396 -0.002803 -0.0003895
1341845851.745927 0.005392 -0.00156 -0.003039 0.001228 0.002247 -0.001692
1341845851.781911 -0.01126 0.002338 -0.003632 0.002023 0.007712 0.002788
1341845851.813848 -0.002892 0.001446 -0.002057 -0.001427 -0.002656 0.004635
1341845851.849910 0.006871 -0.0002256 -0.002477 9.578e-05 -0.002785 0.003406
1341845851.881832 -0.009397 0.01244 -0.002265 -0.001767 0.00505 0.002342
1341845851.913735 -0.007298 -0.01069 0.005583 -0.01037 -0.003334 0.005452
1341845851.949904 0.005688 0.004702 -0.003138 0.005076 -0.004537 0.00718
1341845851.982005 -0.008283 0.002323 0.002574 -0.004974 0.0009672 0.004123
1341845852.017909 -0.0004757 -0.003993 0.003023 -0.003086 -0.00541 0.001524
1341845852.050012 -0.006012 0.0006499 0.002917 0.001511 -0.002555 0.003697
1341845852.082035 0.0006916 0.003545 0.0006903 0.001051 -0.007767 0.002146
1341845852.121076 -0.001894 -0.003124 0.005466 -0.002962 -0.005508 -0.001943
1341845852.163838 -0.001958 0.003768 0.001671 0.003459 -0.006695 -0.001534
1341845852.190660 0.005799 -0.0005771 0.004544 -0.002722 -0.007644 -0.002805
1341845852.223981 0.00294 0.00378 0.003072 0.002474 -0.0016 -0.002373
1341845852.286726 0.003065 -0.003671 0.01085 -0.003906 0.000217 -0.001693
1341845852.349834 -0.002139 0.005467 0.007741 0.005712 0.007318 -0.005078
1341845852.385657 0.007859 0.0007873 0.005224 -0.0002827 0.0009059 -0.005039
1341845852.417731 -0.007774 -0.002885 0.006924 0.002484 0.008914 -0.0001279
1341845852.449741 0.0006302 0.005512 0.004618 0.003633 -0.0009937 0.002805
1341845852.485861 0.006446 -0.00406 0.0083 -0.0004498 0.0004467 0.003923
1341845852.517876 0.001514 0.003081 0.005739 0.006436 0.004265 0.002739
1341845852.553887 0.001638 0.003232 0.006653 -0.002694 0.002668 -0.005628
1341845852.617891 0.004312 -0.002777 0.01593 0.002014 0.006828 -0.003069
1341845852.653840 -0.004173 -0.002295 0.009939 -0.000301 0.003389 0.00145
1341845852.685926 0.007421 0.0009653 0.007447 0.002469 -0.003269 0.001148
1341845852.717821 0.005518 0.001089 0.007916 0.001043 0.002165 -0.006288
1341845852.753958 -0.01235 -0.003432 0.01059 -0.001856 0.004777 -0.005088
1341845852.785766 0.005425 -0.0016 0.008012 0.003305 -0.007136 0.000411
1341845852.822784 0.007033 0.002975 0.006602 0.0005564 -0.0005126 -0.003219
1341845852.885924 -0.005239 -0.001448 0.01708 0.001517 -0.002454 0.001497
1341845852.921581 0.004026 -0.002758 0.008679 -0.001808 -0.001462 7.832e-05
1341845852.953977 -0.005731 0.005916 0.005981 -0.0004985 -0.0006397 0.001316
1341845852.989721 0.008824 -0.00971 0.01081 -0.007432 -0.006619 0.002724
1341845853.021716 0.008813 -0.00313 0.006863 0.00687 0.00278 0.00491
1341845853.053750 -0.003818 0.003856 0.005214 -0.0002327 0.005541 0.0003362
1341845853.089814 0.001702 -0.007698 0.01077 -0.0007177 0.0002926 0.001135
1341845853.121864 0.003004 0.005182 0.004174 0.006714 0.001966 0.002037
1341845853.159690 -0.001696 0.00409 0.007471 -0.002983 0.001023 -0.002759
1341845853.195824 0.004233 -0.004181 0.009804 -0.004335 -0.0007621 -0.002069
1341845853.227731 -0.001284 -0.001031 0.008275 0.0018 0.002607 0.000982
1341845853.263703 -0.001243 0.006737 0.006672 -0.0004698 -0.001016 0.001051
1341845853.296490 0.006111 -0.002133 0.009577 -0.005506 -0.003836 5.837e-05
1341845853.327753 0.005688 -0.001452 0.009537 -0.001722 0.002079 -0.00101
1341845853.363891 -0.00739 0.004139 0.007957 -0.0003264 0.004037 -0.001188
1341845853.395726 0.0003584 -0.003697 0.01177 -0.004728 -0.004542 0.002212
1341845853.463774 0.009034 0.002439 0.01591 0.001199 0.001884 0.001141
1341845853.525799 0.008627 -0.00446 0.01854 0.002619 -0.002317 0.005517
1341845853.557770 -0.00165 0.001805 0.008333 -0.00112 0.005294 -0.001759
1341845853.589705 -0.00147 -0.003324 0.009564 -0.001973 0.0007485 -0.0006053
1341845853.625908 0.006129 -0.002321 0.008916 3.817e-05 -0.0004634 -0.0007904
1341845853.657783 -0.001483 0.0011 0.007521 0.000954 0.003061 -0.002015
1341845853.689930 -0.001572 0.0008063 0.00946 -0.003394 -0.001159 -0.002323
1341845853.725779 0.002886 -0.004758 0.01064 -0.002494 -0.002632 -0.001161
1341845853.757962 0.003267 0.002812 0.006727 0.0006137 -0.001252 -0.004209
1341845853.793750 -0.0001649 -0.0007537 0.01016 -0.004263 0.0002716 -0.00389
1341845853.825783 0.002089 -0.004321 0.009564 -0.0006328 -0.0006929 0.002204
1341845853.857700 0.006559 0.00252 0.006419 0.001688 0.000315 0.001475
1341845853.893805 -0.0001586 -0.001018 0.008971 -0.002326 0.00483 0.002317
1341845853.925836 -0.004629 -0.006602 0.01027 0.002107 0.00255 0.009493
1341845853.957735 0.0028 0.005386 0.002677 0.005089 -0.003248 0.005968
1341845853.993852 0.007574 0.001862 0.005864 -0.004032 -0.001108 -0.006552
1341845854.025830 -0.004631 -0.007685 0.009559 -0.005086 0.004258 -0.002452
1341845854.061903 -0.003402 -0.005968 0.006771 0.004864 -0.002005 0.008471
1341845854.093760 0.01106 0.008691 0.0009161 0.003875 -0.004088 0.003427
1341845854.125736 0.0063 -0.005474 0.009078 -0.005111 0.004806 -0.001977
1341845854.161837 -0.008956 -0.006533 0.008226 0.0002271 0.007118 0.001406
1341845854.193844 -0.002974 -0.003029 0.005233 0.005142 -0.003909 0.004313
1341845854.229884 0.01199 0.001496 0.002649 0.003195 -0.004006 -0.004367
1341845854.261692 -0.0006513 -0.00342 0.006543 -0.0004328 0.004906 -0.008921
1341845854.293781 -0.006884 -0.001887 0.005948 0.0008844 0.001122 -0.005623
1341845854.330249 0.00196 -0.005215 0.008588 0.002226 -0.004474 -3.134e-05
1341845854.361687 0.007024 0.001064 0.002 0.006176 -0.001515 -0.001419
1341845854.393726 -0.002795 0.004413 0.003126 -3.235e-05 0.003377 -0.004804
1341845854.429762 -0.0092 -0.00632 0.01022 -0.002234 -0.002095 0.001461
1341845854.462072 0.007557 0.00361 -0.001974 0.004244 -0.007757 0.0003809
1341845854.497796 0.00317 0.005966 0.001688 -0.005254 -0.0009194 -0.007593
1341845854.529719 -0.004806 -0.007355 0.007842 -0.006429 0.0006184 -0.0006645
1341845854.561884 0.002039 -0.001205 0.002483 0.003413 -0.003109 0.006798
1341845854.597860 0.005638 0.004549 0.00106 0.001945 0.001443 0.007433
1341845854.629736 -0.002846 -0.001198 0.00313 -0.0004374 0.004483 0.006626
1341845854.662835 -0.001535 0.001454 0.001196 0.001115 0.0003877 0.00288
1341845854.697815 0.001495 0.00369 0.001157 -0.001445 -3.791e-05 -0.002103
1341845854.729806 0.0006898 0.001122 0.003671 -0.004906 0.001259 -0.001506
1341845854.765688 -0.004559 -0.004146 0.006665 -0.003888 0.002831 0.003043
1341845854.797997 -0.001444 0.0003745 0.004168 0.0008244 -0.002094 0.004729
1341845854.829779 0.007469 0.001536 0.004972 7.262e-05 -0.0006289 0.001343
1341845854.865670 -0.005282 0.000432 0.007215 -0.001184 0.00578 0.003156
1341845854.897712 -0.007377 -0.004913 0.008735 0.00168 -0.0006949 0.006039
1341845854.930302 0.004893 0.004919 0.001866 0.003854 -0.00536 -0.001229
1341845854.965801 0.003622 -0.0004996 0.008014 -0.001749 0.0003685 -0.004985
1341845854.997629 -0.005679 -0.004038 0.008507 0.0004761 0.002016 -0.001147
1341845855.033841 4.227e-05 0.0008101 0.00384 0.002484 -0.004598 -0.001275
1341845855.065777 0.01242 0.00112 0.006648 -0.0006957 -0.001604 -0.006505
1341845855.097795 0.001015 -0.005883 0.00931 0.0001977 0.008094 -0.003767
1341845855.133841 -0.00446 0.0005713 0.002859 0.003629 0.004082 0.002518
1341845855.165831 0.006313 -0.0005938 0.004029 0.001985 -0.0001534 0.00213
1341845855.201780 0.008518 0.0005248 0.003884 0.001458 0.006655 -0.001322
1341845855.233747 -0.006399 -0.001606 0.003645 0.001394 0.008815 0.0008177
1341845855.265823 -0.001382 0.004819 0.0007452 0.0008241 -0.000704 0.001071
1341845855.301716 0.005416 0.002136 0.003672 -0.00395 -0.0008409 -0.005054
1341845855.333726 0.002503 -0.0007269 0.005989 -0.005053 0.003222 -0.008546
1341845855.365773 -0.002021 -0.004003 0.007028 -0.002378 0.003873 -0.005735
1341845855.401892 -0.003156 0.002884 0.001415 0.001095 -0.00027 -0.0017
1341845855.433652 0.006159 0.001933 0.005065 -0.003248 -0.000861 -0.003828
1341845855.469817 0.002178 -0.002111 0.006273 -0.002946 0.004299 -0.003798
1341845855.502750 -0.003192 0.0002795 0.004478 -0.0007018 0.004128 1.032e-06
1341845855.533846 -0.00251 0.0006388 0.005125 -0.0009127 -0.00108 0.006686
1341845855.569986 0.006582 0.001242 0.003229 0.0005677 -0.001965 0.004733
1341845855.601707 0.002795 0.006163 0.0003133 -0.001783 0.003564 -0.0002039
1341845855.633953 -0.002455 -0.003936 0.005262 -0.006032 0.003167 0.002993
1341845855.669628 0.002209 -0.006133 0.004944 0.0006444 -0.0007927 0.00697
1341845855.701786 0.005747 0.005843 -0.002834 0.004368 0.002676 0.00264
1341845855.737762 -0.001527 0.0033 0.001867 -0.003736 0.004589 -0.001481
1341845855.769674 0.003819 -0.00505 0.005732 -0.002433 0.002932 -0.001864
1341845855.802152 -0.003696 -0.0006072 0.00279 0.001999 0.00455 0.002044
1341845855.837801 -0.000438 0.005113 -0.000937 0.001598 0.0002177 0.003339
1341845855.869788 0.0001186 -0.0009032 0.00461 -0.003256 -0.0006006 -6.675e-05
1341845855.901958 0.001309 -0.002009 0.00484 -0.0006739 -0.0003573 -0.00186
1341845855.937711 -0.0033 0.002873 0.0026 0.0002783 0.0009525 -0.0005351
1341845855.969840 -0.001233 -0.0001114 0.004685 -0.001795 -0.002569 0.0001583
1341845856.038077 3.316e-05 0.000954 0.005423 -7.713e-06 -0.002733 -0.007962
1341845856.069815 -0.001153 -0.005269 0.008133 -0.003374 -0.001279 -0.004812
1341845856.105773 0.002383 -0.006899 0.005566 0.004335 -0.001311 -0.002734
1341845856.137725 -0.0004784 0.003011 5.581e-05 0.005897 0.002037 -0.002428
1341845856.169966 -0.003862 -0.005536 0.006287 0.002784 -0.0005284 0.0008788
1341845856.205833 0.00285 0.0001478 8.616e-05 0.007563 -0.003557 -0.000674
1341845856.237587 0.002213 0.002814 0.001432 0.002159 0.001448 -0.003973
1341845856.273683 -0.004561 -0.003952 0.004655 0.0006542 0.000945 -0.000817
1341845856.305723 0.001278 0.0006948 0.002517 0.001717 -0.00331 -0.0009708
1341845856.337653 0.003831 -0.0004886 0.002374 0.001235 -0.001184 -0.002233
1341845856.373714 0.001189 0.003506 0.001633 -0.001232 0.002526 -0.003171
1341845856.405678 -0.001154 -0.004685 0.006448 -0.002868 0.002025 -0.0003076
1341845856.441799 -0.0007268 -0.001507 0.002423 0.002425 -3.408e-05 0.004304
1341845856.473680 0.004696 0.003021 -0.0001822 0.00173 0.0005944 0.003341
1341845856.505768 -0.002464 -0.002516 0.004236 -0.001499 0.003844 0.0009073
1341845856.541718 -0.004431 -0.004005 0.00317 0.00259 -0.001727 0.003213
1341845856.573678 0.005932 0.005916 -0.00358 0.002863 -0.003661 -0.0008577
1341845856.605758 0.00139 -0.001658 0.00309 -0.003025 0.002842 -0.004789
1341845856.641782 -0.005598 0.001454 7.399e-05 -0.001323 0.0005875 -0.001829
1341845856.673977 0.0005277 -0.005583 0.006646 -0.002623 -0.005375 0.001777
1341845856.709876 0.008932 0.001221 -0.001932 0.004494 -0.001957 -0.001742
1341845856.741736 -0.002973 0.006303 -0.001651 -0.00362 0.005393 -0.004987
1341845856.773960 -0.007671 -0.01216 0.01093 -0.006279 -0.001795 0.003087
1341845856.809797 0.009017 -0.002459 -0.0002425 0.006605 -0.004819 0.003568
1341845856.841746 -0.001049 0.003975 -0.0007598 0.002353 0.004486 0.0001722
1341845856.873762 -0.004352 -0.003723 0.003817 0.0005597 0.000278 0.0007933
1341845856.915904 0.0006785 -0.001972 0.002452 0.004257 -0.002327 0.001065
1341845856.977900 0.0001245 0.003225 -0.0002577 0.00613 -0.001764 -0.003022
1341845857.009735 -0.001008 -0.0001088 0.001733 -0.001266 0.0004963 -0.005962
1341845857.041737 -0.00284 0.0001271 0.002322 -0.002325 -0.0004278 -0.004169
1341845857.077896 0.0001421 -0.002396 0.005498 -0.002028 -0.002004 -0.0003407
1341845857.109633 5.079e-05 -0.002939 0.006179 0.001751 0.0001919 0.003085
1341845857.141583 -0.003695 0.002567 0.001521 0.003456 0.0004605 0.004304
1341845857.178255 -0.003799 0.001249 0.004803 -0.0001234 -0.003385 0.007223
1341845857.209846 0.004158 -0.001599 0.006644 0.001395 -0.004399 0.004161
1341845857.245767 0.0009958 0.005772 0.0004551 0.001872 0.001267 0.0002064
1341845857.277737 -0.004371 -0.0007852 0.004588 -0.003062 -0.0001203 0.002172
1341845857.309994 0.001514 -0.0001284 0.003823 -0.002067 -0.002488 0.001018
1341845857.345862 0.001367 -0.002973 0.005306 0.0003117 -0.0004699 0.001672
1341845857.377787 -0.001105 0.006391 -0.0009501 0.0008278 0.0007054 0.0005954
1341845857.413693 0.002426 -0.005438 0.006688 -0.003259 7.082e-05 -1.748e-05
1341845857.445790 0.0008111 -0.001715 0.001105 0.003963 0.001887 -0.0005094
1341845857.477853 -0.002642 0.006815 -0.002127 0.00168 0.002967 -0.0006023
1341845857.513902 -0.002926 -0.004655 0.005627 -0.002698 -0.001426 0.002697
1341845857.545992 0.001601 0.003148 -0.001349 0.002452 -0.001482 0.0003347
1341845857.613882 -0.008825 0.004891 0.002258 -0.006079 -0.002581 -0.003091
1341845857.646056 -0.0009176 -0.0009066 0.00431 -0.003808 -0.004716 -0.003161
1341845857.681834 -0.004102 0.001849 0.001354 -0.001448 -0.003265 -0.003488
1341845857.713765 -0.007802 0.005543 0.002206 -0.003108 -0.005859 0.000389
1341845857.745825 0.003449 0.001076 0.005562 -0.005035 -0.007733 -0.001182
1341845857.781799 -0.0007603 -0.001364 0.005909 -0.002515 -0.001194 -0.0006957
1341845857.813817 -0.007671 0.001098 0.00266 0.001256 -0.001504 0.002535
1341845857.846046 0.000206 0.00228 0.004161 -4.578e-05 -0.004624 -0.0001226
1341845857.881939 0.001927 -0.004005 0.008434 0.00148 -0.001752 0.001277
1341845857.913666 -0.0006065 -0.00133 0.00387 0.008349 0.000485 0.004913
1341845857.949845 -0.0002514 0.002304 0.002291 0.006763 0.003034 0.002474
1341845857.982166 -0.0006193 0.0002521 0.002677 0.004286 0.004721 -0.0001499
1341845858.013803 -0.001754 0.0003277 0.001227 0.003352 0.005188 -0.002756
1341845858.050247 -0.003021 -0.002067 0.003805 0.0008097 0.003311 -0.001945
1341845858.081715 0.001521 -0.007139 0.005326 0.00514 0.0003029 0.002303
1341845858.113782 -0.0002942 0.001494 -0.0005822 0.008664 0.003322 -0.0005369
1341845858.149725 -0.001912 -0.002085 0.002392 0.005147 0.002413 -0.000798
1341845858.181831 0.0005034 0.002804 -0.001283 0.006196 0.001147 -0.003067
1341845858.217730 0.0007793 -0.0004579 0.002714 0.0004686 0.004935 -0.003351
1341845858.281842 -0.004198 -0.0013 0.003047 0.006403 -0.001176 0.01019
1341845858.317768 0.00473 0.001854 0.002038 -0.0006278 0.003711 -0.0003137
1341845858.349904 -0.003778 -0.004031 0.002672 -0.001536 0.00551 0.0009502
1341845858.381855 -0.005707 -0.001505 0.001457 0.000496 -0.0008598 0.003645
1341845858.417827 0.004094 0.004713 -0.0003374 -0.0001773 -0.004 0.0001521
1341845858.449872 0.003223 -0.001156 0.004526 -0.00445 0.002076 -0.0006286
1341845858.485842 -0.001824 -0.003881 0.001988 -0.0006444 0.002042 0.003529
1341845858.517682 0.0003394 0.003066 -0.0006901 0.000914 0.0004677 0.003603
1341845858.549803 0.001145 0.0005215 0.001578 -0.00178 0.001402 0.001499
1341845858.585823 -0.0006108 -0.00134 0.002927 -0.00155 0.002426 0.00013
1341845858.618138 -0.004356 -0.004424 0.003978 0.001478 -0.0008182 0.005108
1341845858.654134 0.003732 0.003788 -0.0003586 0.003318 -0.003099 0.0002395
1341845858.685756 0.001314 -0.0006052 0.002442 -0.0004609 0.002965 -0.004586
1341845858.717690 -0.006384 -0.001968 0.002078 -0.0006007 0.0006842 0.0005964
1341845858.753674 0.00016 -0.004835 0.005962 0.002243 -0.005677 0.003956
1341845858.785618 0.004149 0.003047 -0.000722 0.006469 -0.002589 -0.001418
1341845858.817756 -0.002498 0.005785 -0.001257 -0.0009703 0.002873 -0.003769
1341845858.853864 -0.004139 -0.00541 0.005793 -0.003857 -0.0009185 0.0008977
1341845858.885702 0.001837 -0.001745 0.002598 0.003485 -0.003764 0.004724
1341845858.922000 0.0008009 0.005321 -0.0009732 0.002806 0.0002095 0.001828
1341845858.954158 -0.005071 0.0009172 0.00168 -0.002551 0.0007996 0.001184
1341845858.985944 -0.0009128 -0.004804 0.005809 -0.001089 -0.004107 0.001812
1341845859.021830 0.002659 -0.003063 0.003692 0.00576 -0.002963 0.002566
1341845859.053720 -0.002185 0.004059 -0.0008408 0.005393 -4.205e-05 0.001717
1341845859.085862 -0.002224 0.0006269 0.002359 0.0009222 -0.0009257 -0.0006943
1341845859.121873 0.0003786 -0.004436 0.004481 0.003019 -0.002397 0.0008117
1341845859.153800 -0.0005267 0.004942 -0.001056 0.005018 -0.002032 0.002002
1341845859.189853 0.0009442 0.001813 0.002508 -0.0004305 -0.00111 6.474e-05
1341845859.221654 -0.001387 -0.001157 0.003322 0.0006976 -0.001449 0.003364
1341845859.253689 -0.001409 -0.0003415 0.003364 0.002864 -0.00338 0.007614
1341845859.289745 0.001058 0.001526 0.001473 0.004333 -0.00332 0.006556
1341845859.321911 -0.001082 0.005013 -0.0004923 0.001957 -0.0004361 0.00254
1341845859.353758 -0.00536 0.0001672 0.002168 -0.001077 -0.001569 0.002466
1341845859.389950 0.001555 0.002171 0.001074 -0.0004327 -0.004925 0.0004458
1341845859.421715 -0.001477 0.0008714 0.002111 -0.0003838 -0.003229 0.003427
1341845859.457807 0.0001641 0.002421 0.00108 0.0008203 -0.005262 0.004471
1341845859.489859 0.003062 0.002301 0.001877 0.001192 -0.004016 0.001229
1341845859.521735 -0.0005698 0.006658 -0.001454 0.0013 -0.002326 0.0008948
1341845859.557712 -8.931e-05 0.003044 0.003397 -0.003413 -0.003087 0.001356
1341845859.589783 -0.0009913 -0.001536 0.002854 0.0001817 -0.003923 0.002349
1341845859.625646 -0.002435 0.005308 3.097e-05 0.0008993 -0.004025 0.00114
1341845859.657759 -0.002116 0.001271 0.003596 -0.001353 -0.007122 0.0005112
1341845859.689869 0.00374 0.00233 0.0008573 0.0006214 -0.005601 -0.003682
1341845859.725812 -0.001629 0.006712 0.0002114 -0.003785 0.0005543 -0.006509
1341845859.757824 -0.005941 -0.00468 0.004905 -0.006008 -0.003118 -0.0001205
1341845859.789818 0.002768 0.003119 0.0007832 -0.002004 -0.005517 -0.0002211
1341845859.825831 0.001058 0.004432 0.002046 -0.00539 0.0006109 -0.003074
1341845859.857647 -0.00475 -0.003943 0.005169 -0.00763 0.00137 -0.002954
1341845859.893646 -0.002889 -0.004899 0.005631 -0.002173 -0.002054 0.0005532
1341845859.925740 0.000408 0.0004529 0.00299 0.001263 -0.001008 0.00319
1341845859.957775 -0.001415 0.004177 0.001682 -0.0005301 0.002706 0.001994
1341845859.993847 -0.006783 -0.0001341 0.004899 -0.006482 0.005677 0.0009007
1341845860.025774 -0.003826 -0.004768 0.007306 -0.003703 0.00271 0.002326
1341845860.057745 -0.0009812 0.001584 0.005962 -0.001985 0.008112 0.001017
1341845860.093794 -0.00931 -0.001083 0.003445 -0.002158 0.01027 0.001585
1341845860.125763 -0.006797 0.0031 0.003964 -0.003596 0.00541 0.001245
1341845860.161703 0.001831 -0.003258 0.008389 -0.003303 0.005551 0.0005852
1341845860.193724 -0.004453 0.006556 -4.421e-05 -0.00109 0.01095 0.003557
1341845860.225730 -0.005519 0.002435 0.003947 -0.005876 0.007554 0.006296
1341845860.261716 0.0008427 -0.001117 0.005396 -0.003851 0.004497 0.006542
1341845860.294553 0.003216 0.008511 0.0004628 -0.003171 0.008556 0.003506
1341845860.325872 -0.004562 -0.0008787 0.00565 -0.00803 0.01019 0.001895
1341845860.361673 -0.000906 0.001039 0.0009303 -0.002073 0.004339 0.003394
1341845860.393714 0.002478 0.003906 0.002368 -0.004643 0.005257 0.001143
1341845860.429768 0.002672 -0.004199 0.005139 -0.001703 0.006297 0.003264
1341845860.461780 -0.0009879 0.003544 -0.001439 0.001546 0.007284 0.001739
1341845860.493718 -0.0001676 0.001584 -8.099e-06 -0.0004571 0.003552 -0.0008703
1341845860.529831 0.002256 -0.0002464 0.001367 6.444e-05 0.003746 -0.001471
1341845860.567950 -0.0003528 -0.001619 0.0009604 0.00282 0.002989 0.001539
1341845860.604131 -0.000552 0.002251 -0.001534 0.004357 0.001474 0.00456
1341845860.638227 0.001812 0.001498 -0.0008997 0.002675 0.0009463 0.0005049
1341845860.668441 0.001251 0.002016 -0.001672 0.0006436 0.00381 -0.003635
1341845860.706028 -0.002358 -0.0007777 0.0001394 -0.002468 0.004078 -0.003525
1341845860.736338 0.003597 -0.006069 0.003997 0.0003318 0.00224 -0.002511
1341845860.772400 0.002415 0.002271 -0.002621 0.003901 0.007118 -0.002499
1341845860.803824 -0.005988 -0.003478 0.002087 0.0007723 0.00684 0.00122
1341845860.871717 0.005854 0.002261 -0.004322 0.005266 0.006211 -0.0006571
1341845860.929775 -0.005075 -0.003732 0.0008647 0.0002493 0.00563 0.004629
1341845860.965899 0.002465 0.004864 -0.004043 0.001227 0.001684 0.002475
1341845860.997827 -0.0008822 0.0005871 -0.001924 -0.002555 0.003212 -0.0004338
1341845861.029961 -0.001227 -0.0021 0.0025 -0.003419 0.002183 -0.0002372
1341845861.065806 -0.0008487 -0.003568 -0.0007087 0.001905 -0.001447 0.003231
1341845861.097631 0.0001161 0.006583 -0.003852 -6.546e-05 -0.0008718 0.00186
1341845861.133786 0.0001694 -0.005269 0.002594 -0.00266 -0.00205 0.0009463
1341845861.165622 0.0004169 -0.002444 -0.002311 0.002123 -0.002361 0.000433
1341845861.197704 7.612e-06 0.003709 -0.005198 -0.0002846 -0.001649 -0.001155
1341845861.233683 2.059e-05 -0.005682 -2.164e-05 -0.003169 -0.002978 0.0004481
1341845861.265692 0.003991 0.000159 -0.004821 -0.0005492 -0.0021 -0.002917
1341845861.297700 -0.001037 -0.004285 0.0009611 -0.002481 0.001613 -0.003881
1341845861.333616 -0.00249 -0.003256 -0.002304 0.001778 -0.002786 0.001933
1341845861.365694 0.00535 0.00513 -0.007252 0.0003608 -0.002176 -0.0009696
1341845861.407792 2.023e-05 -0.00581 0.002074 -0.004498 0.002624 -0.003369
1341845861.440894 -0.002932 0.0005778 -0.003956 0.00091 0.0001688 -0.0005892
1341845861.472256 0.001745 0.0007471 -0.0007799 -0.002711 -0.001086 0.001094
1341845861.507634 0.0007788 -0.003757 0.0001959 -0.0004288 0.0003515 0.002101
1341845861.539675 -0.0018 0.004371 -0.002521 -0.0004782 0.001364 0.0005766
1341845861.571790 -0.0009417 -0.003424 0.002194 -0.002012 -0.001564 0.001291
1341845861.607759 0.001422 0.00115 -0.001847 0.001485 -8.417e-05 0.0002115
1341845861.639739 -0.003928 0.004156 -0.00181 -0.001297 0.0008451 0.0001559
1341845861.671875 -0.00125 -0.001137 0.0001293 -0.003099 -0.0007596 -0.001438
1341845861.707829 -0.001772 0.004503 -0.002397 -0.002185 0.000624 0.0008848
1341845861.739782 -0.004977 -0.004373 0.005113 -0.003374 -0.0006339 0.008694
1341845861.775717 -0.0003574 -0.0005674 -0.001758 0.003195 -0.003252 0.009043
1341845861.807676 0.001857 0.006828 -0.005443 0.001146 -0.0001444 -0.0001003
1341845861.839701 -0.0007075 -0.001339 0.00107 -0.004213 0.002993 -0.003765
1341845861.875772 -0.002527 -0.0007978 0.0001528 -0.0008832 0.002752 -0.00168
1341845861.907742 -0.002824 0.0006375 -0.0006959 -0.0001991 0.0009492 -0.001447
1341845861.939697 0.001117 0.002008 -0.0008206 -0.0006184 0.0008041 -0.001835
1341845861.975661 -0.00208 -0.0005678 0.002136 -0.001308 0.003045 0.001979
1341845862.007930 -0.005392 -0.001288 0.0009343 0.00136 -0.0007031 0.003882
1341845862.039647 0.0002129 0.006121 -0.004069 -0.0007965 -0.002315 -0.002146
1341845862.075738 -0.002098 -0.000888 0.001785 -0.00541 -0.001714 -0.002882
1341845862.107644 -0.002776 -0.003402 0.005122 -0.003565 -0.003637 0.002176
1341845862.143904 -0.0001845 -0.005332 0.003425 0.002903 -0.007215 0.00511
1341845862.175702 0.003825 0.002653 -0.003365 0.005604 -0.003272 0.0005929
1341845862.207672 -0.003566 -0.002959 0.003607 0.002679 -0.0008936 0.003416
1341845862.243827 0.0005407 -0.003176 0.0003076 0.007941 -0.004643 0.00283
1341845862.275754 0.002996 0.006552 -0.005462 0.007815 -0.0006383 -0.003158
1341845862.311739 -0.003144 0.002994 -0.001409 -0.0008069 0.002531 -0.007799
1341845862.343750 -0.004637 -0.00196 0.00129 -0.002466 -0.0009246 -0.006934
1341845862.375792 -0.002678 -0.000245 -0.0001008 -0.001529 -0.004857 -0.004722
1341845862.411748 -0.002113 0.002166 -0.001478 -0.001906 -0.005687 -0.004193
1341845862.443696 -0.0001063 0.0009753 -0.0007642 -0.004408 -0.005771 -0.00701
1341845862.479688 -0.00209 -0.000247 0.0005156 -0.004979 -0.003464 -0.005549
1341845862.511723 -0.002249 -0.005968 0.005142 -0.00226 -0.005923 0.001685
1341845862.543776 0.003158 0.002545 -0.001916 0.002799 -0.004966 0.001064
1341845862.579869 -0.0008102 0.00143 0.0004815 -0.001875 -0.0005518 -0.00296
1341845862.611759 -0.003332 -0.002838 0.002471 -0.002015 -0.002211 -0.002066
1341845862.647939 -0.0007609 -0.002577 0.002114 0.0005818 -0.004926 0.001753
1341845862.679727 0.002659 0.00347 -0.001679 0.001562 -0.003748 -3.493e-07
1341845862.712299 -0.001505 -0.001256 0.001806 -0.002289 -0.001007 -0.001039
1341845862.747743 -0.002883 -0.0008346 0.0002706 0.0004627 -0.003884 0.002503
1341845862.779732 0.003525 0.004734 -0.001576 -0.001034 -0.00463 0.001669
1341845862.815767 0.003877 -0.002455 0.00255 -0.003781 -0.0004996 0.001103
1341845862.847856 0.001252 -0.001977 -0.0002956 -0.001044 0.001369 0.001273
1341845862.879714 0.00123 0.0006685 0.0005946 -0.0009751 0.001395 0.0004719
1341845862.915725 0.0002809 -0.001635 0.0008158 -0.0006923 0.002258 0.0001041
1341845862.947913 -0.004383 0.002313 -0.001583 -0.001774 0.001212 -0.001296
1341845862.983749 -0.001069 -0.004043 0.004445 -0.003554 -0.003092 -0.0002487
1341845863.015854 0.004236 -0.001684 0.001349 0.001682 -0.003031 0.0009553
1341845863.048281 0.0003592 0.00398 -0.001907 0.0009569 0.00156 0.000112
1341845863.083795 -0.001349 -0.002899 0.002409 -0.002282 -0.0008517 0.002513
1341845863.115808 0.005405 -0.0003024 -0.0002326 0.002419 -0.001358 0.0009576
1341845863.151916 -0.0002629 0.003794 -0.001233 -0.0007214 0.002866 -0.001675
1341845863.183716 -0.0006274 -0.003661 0.002206 -0.002108 0.000862 -0.0002856
1341845863.215844 0.0004895 -0.000709 0.0004431 0.0009699 -0.0006785 0.000258
1341845863.251883 -9.711e-05 -0.0013 -0.0001218 0.001764 -0.0006791 0.0004947
1341845863.283627 0.001076 0.00219 -0.002503 0.001376 -0.0008549 -0.00112
1341845863.315718 0.001363 -0.002372 0.002203 -0.0009864 -0.0003863 -0.001011
