1341846313.654184 -0.01251 -0.0006628 0.003862 0.0011 0.008088 -0.01068
1341846313.686156 -0.009707 -0.001563 -0.003667 -0.00236 0.005764 0.0001184
1341846313.721918 -0.005275 -0.002471 0.0006218 -0.0003718 0.00215 -0.0009923
1341846313.753994 -0.006009 -0.0005115 -0.00433 0.0008725 0.001482 -0.002675
1341846313.789969 -0.004339 -0.001328 -0.003956 -0.002527 0.001069 0.002953
1341846313.822075 -0.0003938 -0.003163 -0.0004766 -0.0008226 -0.003301 0.003782
1341846313.853928 -0.001175 0.0001079 -0.006094 0.001378 -0.005449 0.001692
1341846313.890011 0.004939 0.001014 -0.0008324 0.0008081 -0.005922 0.0008089
1341846313.922055 0.004152 -0.0005548 -0.004445 0.004376 -0.002609 -0.0001941
1341846313.957927 0.005482 -8.159e-05 -0.01144 0.003748 -0.01249 -0.001025
1341846313.990058 0.01082 -0.0004913 -0.003238 0.002118 -0.01593 -0.0003276
1341846314.022042 0.0117 -0.002595 -0.003288 0.004043 -0.00704 9.731e-05
1341846314.057816 0.005169 -0.002773 -0.01291 0.005456 -0.007993 -0.001637
1341846314.089801 0.008344 -0.0007645 -0.008736 -0.002481 -0.01365 0.001438
1341846314.122037 0.01693 -0.004727 0.00517 0.001195 -0.0131 -0.002112
1341846314.157989 0.003495 -4.607e-05 -0.009958 0.004098 -0.008367 -0.001739
1341846314.190094 0.01091 -0.003384 0.000907 -0.001699 -0.01182 -0.0004882
1341846314.225969 0.01229 -0.007015 0.004144 0.003044 -0.008658 -0.002761
1341846314.257923 0.001595 -0.0007173 -0.007448 0.003048 -0.005149 -0.001043
1341846314.290052 0.007333 -0.006437 0.003263 -0.005003 -0.005404 0.0043
1341846314.325981 0.00754 -0.008238 0.006231 -0.0005839 -0.005358 0.004584
1341846314.357905 0.0005841 -0.002356 -0.00442 0.0002469 -0.006817 0.001445
1341846314.389899 0.004065 -0.002895 0.001584 -0.004434 -0.006772 0.0018
1341846314.427905 0.005794 -0.005782 0.007162 -0.001329 -0.00619 0.003496
1341846314.493987 -0.004435 0.001872 -0.006273 -0.003925 -0.01927 0.01509
1341846314.526085 0.007885 -0.002636 0.01149 -0.001115 -0.007344 0.004348
1341846314.558292 -0.0006774 0.0007479 0.0005216 0.002601 -0.006339 -0.002468
1341846314.594085 -0.001108 0.002678 0.001938 -0.0026 -0.009437 -0.001411
1341846314.626096 0.01085 -0.003418 0.0155 -0.001455 -0.01138 -0.001803
1341846314.658455 -0.0002318 -0.0008018 0.004291 0.003926 -0.004761 0.001017
1341846314.694004 -0.006707 0.003158 -0.003456 -0.0009441 -0.00652 -0.0006294
1341846314.725910 0.002908 0.003066 0.006838 -0.007542 -0.006623 -0.01027
1341846314.761942 -0.0006363 -0.001916 0.008346 -0.007265 -0.0008135 -0.009911
1341846314.794030 -0.006972 -0.0001067 0.003706 -0.005573 -0.003518 -0.004529
1341846314.826092 0.002204 -0.00108 0.01251 -0.004347 -0.009987 -0.001583
1341846314.862145 -3.434e-06 -0.0009344 0.008814 -0.0002436 -0.008458 -0.001913
1341846314.894072 -0.002844 0.001666 0.003845 0.001133 -0.008004 -0.004277
1341846314.925969 0.003269 0.0002738 0.01046 0.0003739 -0.007212 -0.006362
1341846314.961937 0.003959 -0.004634 0.0114 0.005408 -0.003424 -0.006545
1341846314.994564 -0.008902 0.0005314 -0.004531 0.006768 -0.0003186 7.939e-05
1341846315.029900 -0.005597 0.001609 0.00216 -0.0001593 -0.007059 0.004702
1341846315.061965 0.00635 -0.001324 0.0104 0.0005545 -0.007036 -0.004699
1341846315.094388 -0.00535 -0.001141 -0.001992 -0.0002147 0.002993 -0.003254
1341846315.129851 -0.002681 -0.007064 0.002803 -0.00601 -0.001158 0.001991
1341846315.161941 0.009068 -0.01662 0.01505 0.001459 -0.004087 -0.001462
1341846315.197984 -0.00484 -0.004463 -0.006256 0.01151 0.004604 0.005996
1341846315.230076 -0.003856 -0.00117 -0.002568 0.005733 0.001642 0.007194
1341846315.262069 0.003559 -0.0008357 0.004957 0.006052 0.003303 -0.002619
1341846315.298000 -0.009183 0.002618 -0.01051 0.004945 0.009149 -0.005545
1341846315.329931 -0.007661 0.002499 -0.01004 -0.006351 0.003793 -0.004528
1341846315.361981 0.003698 -0.00484 0.005416 -0.0105 -0.0008674 -0.004707
1341846315.397962 -0.001443 -0.006539 -0.001612 -0.00648 -0.001078 -0.007022
1341846315.429923 -1.444e-05 -0.005299 -0.001621 -0.006382 -0.004955 -0.002088
1341846315.466047 0.002722 -0.006072 0.004232 -0.003151 -0.009846 -0.001648
1341846315.497883 0.003968 -0.002471 -0.0001026 0.001545 -0.007686 -0.007353
1341846315.530008 0.0005719 -0.001243 -0.003588 -0.0002298 -0.003362 -0.001194
1341846315.566108 0.004962 -0.004357 -0.000339 0.0004086 -0.005089 -0.0003594
1341846315.597986 0.005246 -0.005053 -0.002502 -0.001702 -0.004568 0.00218
1341846315.630109 0.007452 -0.00451 0.0006985 -0.001939 -0.004836 0.004169
1341846315.666042 0.01106 -0.007952 0.005687 -0.0004653 -0.007384 0.004667
1341846315.698114 0.009054 -0.007952 0.002368 0.007432 -0.01043 0.005767
1341846315.733985 0.01256 0.0001806 -0.002579 0.003592 -0.008395 0.000478
1341846315.766041 0.01162 -0.002952 0.00759 -0.001168 0.001569 -0.0001377
1341846315.798188 0.002064 -0.002946 -0.002915 0.001139 0.0004553 0.002391
1341846315.834140 0.01192 -0.0003803 -0.004667 -0.003073 -0.007408 0.003582
1341846315.866751 0.014 -0.00217 0.002712 -0.005861 -0.006313 0.002854
1341846315.898492 0.01207 -0.001154 0.001429 -0.002982 -0.003937 0.001719
1341846315.936901 0.01184 0.003027 -0.002782 -0.005021 -0.005452 0.001988
1341846315.966572 0.01273 -0.0005223 0.002066 -0.007401 -0.004984 0.00194
1341846316.034204 0.01165 -0.001498 0.004796 -0.008188 -0.000487 0.001519
1341846316.066113 0.01135 -0.002504 -0.003936 -0.005461 -0.001277 -0.001656
1341846316.101867 0.009927 -0.005809 0.0009576 -0.003849 0.001594 -0.00307
1341846316.134066 0.006364 -0.002306 -0.004449 0.001246 0.006174 0.002798
1341846316.202049 0.01408 0.002112 -0.01599 -0.001056 0.00978 0.005598
1341846316.233979 0.002087 -0.0009387 -0.004545 -0.001179 0.003464 0.00206
1341846316.270052 0.004278 0.001242 -0.008213 0.00258 -0.001619 0.004
1341846316.301915 0.008473 0.002527 -0.0125 -0.001132 -0.002544 0.001823
1341846316.334208 0.005956 -0.00167 -0.00876 -0.00347 0.002175 -0.005102
1341846316.370006 0.002515 0.0006751 -0.01014 -0.003539 0.003736 -0.004254
1341846316.401994 0.0008901 -0.002178 -0.007055 -0.003626 0.003017 -0.006409
1341846316.438069 0.001737 0.003265 -0.01414 -0.003241 0.002292 -0.006663
1341846316.470076 0.0007748 0.001744 -0.01251 -0.008102 0.003046 -0.007928
1341846316.502034 -0.007254 -0.008175 -0.00248 -0.004935 0.009072 -0.006092
1341846316.537975 -0.007815 0.0007417 -0.0103 0.00529 0.009037 0.001515
1341846316.570121 -0.003101 0.007898 -0.01877 0.001619 0.002552 0.00369
1341846316.601885 -0.001792 8.604e-05 -0.01429 -0.004944 0.002957 0.00141
1341846316.638009 -0.003119 2.923e-05 -0.01447 -0.004825 0.004959 -0.003969
1341846316.669925 -0.004042 0.001586 -0.0156 -0.004554 0.003909 -0.001274
1341846316.705941 -0.000668 0.001554 -0.01398 -0.008166 0.001714 -0.0006243
1341846316.738062 -0.001991 -0.005423 -0.006554 -0.005256 0.003671 -0.006327
1341846316.770433 -0.001219 -0.0006963 -0.01206 0.002252 0.003435 -0.000956
1341846316.805932 0.0009379 0.004403 -0.01675 -0.0007357 0.001366 0.002707
1341846316.838029 -0.001639 -0.003574 -0.01036 -0.00329 0.005959 -0.001896
1341846316.870034 0.001137 0.001272 -0.01438 -0.0002606 0.008553 -0.002562
1341846316.906344 -0.0007995 0.001592 -0.005963 -0.001409 0.008491 0.001911
1341846316.937940 0.004487 -0.0002773 -0.00247 0.0001092 0.003176 0.006197
1341846316.973994 0.01288 -0.0004412 -0.004877 0.001472 0.002428 0.002031
1341846317.005913 0.01231 0.001674 -0.004304 0.002725 0.004513 -0.0007966
1341846317.037936 0.01342 0.003572 -0.004198 -0.0001768 0.003658 0.0021
1341846317.073972 0.01134 0.001083 -0.000682 -0.001943 0.002791 -0.0001077
1341846317.106113 0.01837 0.003321 -0.005494 -0.003627 0.0009582 -0.007071
1341846317.137887 0.01349 -0.0003858 0.003119 -0.00542 0.01147 -0.007622
1341846317.173970 0.003598 -0.0003884 0.0126 -0.001059 0.01434 -0.003836
1341846317.205887 0.004353 0.004039 0.006167 0.00159 0.006362 -0.0009353
1341846317.248131 0.01357 0.00202 0.002579 -0.001524 0.003951 -0.001761
1341846317.306289 0.01268 0.002083 0.01972 -0.001214 0.01254 -0.006731
1341846317.348137 0.008013 0.004681 0.005139 -0.001118 -0.002717 -0.0002219
1341846317.410120 0.02275 -0.004864 0.007125 -0.003567 -0.000866 -0.01002
1341846317.442569 0.01013 0.009532 0.000682 -0.0033 -0.001413 -0.002208
1341846317.474010 0.008539 -0.002897 0.005564 -0.01156 -0.0002121 -0.006863
1341846317.509927 0.004682 -0.009732 0.009333 -0.007333 0.00505 -0.01032
1341846317.542282 0.00145 9.54e-05 0.007379 0.002352 0.006382 -0.002245
1341846317.573943 0.004662 0.006164 0.001645 0.001181 -0.001883 0.004008
1341846317.610159 0.009483 1.658e-05 -0.00138 -0.00568 -0.004069 -0.001376
1341846317.643553 0.005335 -0.008151 0.005061 -0.006516 0.002088 -0.008206
1341846317.677993 0.006057 0.002406 -0.001433 -0.0001049 0.006396 -0.004177
1341846317.709996 -0.002336 0.0005289 0.005248 -0.00487 0.007081 0.000102
1341846317.741834 -0.004189 -0.00718 0.00728 -0.001213 0.004202 -0.002169
1341846317.777923 -7.604e-05 -0.0004546 -0.003464 0.003451 0.003967 0.000513
1341846317.810021 -0.00303 -0.0001688 -0.002362 0.0003379 0.005973 0.001973
1341846317.841886 -0.009373 -0.004355 0.004514 0.0006435 0.005991 0.001287
1341846317.878017 -0.007086 0.0005732 -0.001867 0.00479 0.003741 0.005986
1341846317.909910 -0.00739 0.002217 -0.005636 0.001345 0.000678 0.005714
1341846317.946031 -0.005227 -0.003434 -0.00957 -0.003827 0.0009882 -0.005325
1341846317.978041 -0.01323 0.001632 -0.005387 -0.003803 0.007837 -0.002375
1341846318.009897 -0.01582 0.0003887 0.003042 -0.00452 0.004251 0.002403
1341846318.045949 -0.0118 -0.005214 -0.001162 -0.001816 0.00254 -0.001487
1341846318.078074 -0.01458 -0.001222 -0.007516 0.001042 0.008393 0.000477
1341846318.109894 -0.02432 -2.584e-05 0.002967 0.000698 0.01589 0.001403
1341846318.145957 -0.0178 0.001123 5.088e-05 0.001884 0.009458 0.003493
1341846318.178001 -0.002983 0.0003662 -0.007473 0.001038 0.001565 0.004875
1341846318.214074 -0.00148 -0.002573 -0.009879 -0.002816 0.006616 -0.0007509
1341846318.245970 -0.006418 0.001178 -0.007054 -0.005533 0.01409 -0.002785
1341846318.278018 -0.009006 -0.003586 0.0005971 -0.008126 0.01368 -0.001388
1341846318.313937 -0.008 -0.004165 0.0006013 -0.003933 0.01637 -0.001611
1341846318.345989 -0.002395 0.000842 -0.007952 -0.002113 0.01971 0.001416
1341846318.382046 -0.001926 -0.001545 -0.002987 -0.003636 0.01585 0.0007491
1341846318.414072 -5.902e-05 -0.00101 -0.002196 -0.003002 0.01522 -0.002943
1341846318.446035 -0.0001006 0.0006983 -0.004424 -0.003594 0.01344 -0.0007011
1341846318.482196 -0.001148 -0.003273 0.002587 -0.003043 0.00577 -0.0004714
1341846318.514144 0.003503 -0.0002599 -0.00445 -0.0001907 0.003389 -0.002223
1341846318.546259 0.003911 0.001055 -0.006881 -0.002894 0.003297 0.001668
1341846318.582042 0.003634 -0.002911 0.003759 -0.002943 0.0005291 -0.0003054
1341846318.614115 0.008095 0.000906 -0.001014 0.001411 0.001028 4.545e-05
1341846318.650038 0.009186 0.001519 0.0005476 0.001407 0.001419 0.006188
1341846318.682350 0.0123 0.0007683 0.00207 0.001448 0.0004022 0.003342
1341846318.714063 0.01453 0.001892 0.0008522 0.001477 0.0009665 0.001005
1341846318.749905 0.01627 0.002777 -0.002841 -0.001348 -0.001244 -0.00136
1341846318.782036 0.01812 -0.0003224 0.006711 -0.003348 -0.0002742 -0.004022
1341846318.814121 0.0221 -0.001162 -0.0004106 0.0002696 0.007872 0.002396
1341846318.850072 0.02061 0.0004142 -0.007324 -0.000446 0.01064 0.005437
1341846318.883516 0.02276 0.0003138 -0.01128 -0.005649 0.01374 0.003645
1341846318.918047 0.01291 -0.002988 0.003776 -0.005317 0.0239 -0.002043
1341846318.950044 0.01138 0.0007276 -0.007326 -0.00314 0.01957 0.004784
1341846318.982028 0.01211 0.0007418 0.005413 -0.0022 0.008208 0.004219
1341846319.018123 0.02238 -0.0007844 -0.006607 0.00138 0.008787 -0.0008934
1341846319.050745 0.02111 -0.001209 -0.02791 -0.003754 0.01022 0.005456
1341846319.081905 0.02351 -0.002486 0.002315 -0.009742 -0.002693 0.005784
1341846319.117976 0.02858 -0.0009183 0.004401 -0.00479 -0.004766 -0.01161
1341846319.150093 0.02519 -0.001108 -0.009355 -0.005137 0.005418 -0.01303
1341846319.186069 0.02539 -0.002467 0.004411 -0.002777 -0.001369 -0.004011
1341846319.218149 0.03305 -0.003927 0.002225 0.006734 -0.01503 0.00239
1341846319.250034 0.02995 -0.0003288 -0.01743 0.01186 -0.01445 0.001729
1341846319.286594 0.02675 -0.0008866 -0.02335 0.002538 -0.008215 -0.004433
1341846319.318034 0.02809 -0.001544 -0.01171 -0.001884 -0.004596 -0.005366
1341846319.350268 0.02967 0.0002229 -0.0141 -0.002147 -0.004305 -0.01103
1341846319.386163 0.03371 -0.0009055 -0.0111 -0.004669 0.004378 -0.01301
1341846319.418386 0.03108 -0.002896 -0.0155 -0.002035 0.006639 -0.003961
1341846319.453961 0.02889 -0.004922 -0.01496 -0.0006718 0.0001765 0.008488
1341846319.486271 0.0363 -0.003253 -0.01103 0.001964 -0.003354 0.004102
1341846319.554083 0.04837 -0.02012 -0.07853 0.008224 0.007996 0.003507
1341846319.586296 0.02548 -0.0008398 -0.008775 -8.745e-06 -0.003036 0.00891
1341846319.622031 0.03022 0.0003843 0.0009293 0.004518 0.0034 0.004876
1341846319.653962 0.01494 -0.002073 -0.02359 0.001073 0.008815 0.003253
1341846319.686352 0.01542 -0.002267 -0.009407 -0.003812 0.00601 -0.002302
1341846319.721992 0.004941 -0.00244 0.01201 -0.001258 0.008472 -0.003468
1341846319.754063 -0.0001758 -0.008836 0.0002707 0.005971 0.004915 -0.002851
1341846319.786397 0.0052 0.003346 -0.004376 0.008502 -0.00127 -0.008443
1341846319.822008 0.006932 -0.001688 0.0008055 0.005731 0.0004141 -0.009351
1341846319.853917 0.0009979 -0.00124 -0.004109 0.009027 0.001268 -0.009359
1341846319.889942 0.007287 0.008816 -0.003506 0.005879 -9.502e-05 -0.008334
1341846319.922039 0.01246 0.002292 0.002292 0.0006966 0.007403 -0.00144
1341846319.953946 -0.007772 0.001034 -0.009933 -0.0003199 0.01402 0.006412
1341846319.990054 -0.001019 -0.001628 -0.0008703 -0.003605 0.007152 0.01337
1341846320.028122 0.007756 0.002754 0.0008802 -0.002755 0.007101 0.003422
1341846320.090047 -0.02177 -0.009576 -0.002875 -0.01139 0.01728 -0.003166
1341846320.122011 -0.007093 -0.001871 0.0001552 -0.002171 -0.004572 -0.001596
1341846320.157952 -0.009213 0.001649 -0.002058 -0.0008839 -0.004895 -9.269e-05
1341846320.190003 -0.01194 0.008186 -0.003607 -0.004216 -0.005713 0.004448
1341846320.221941 -0.003073 0.00355 0.008106 -0.008013 -0.006773 0.0002534
1341846320.258015 -0.008057 0.008736 0.00794 -0.007578 -0.001571 -0.003507
1341846320.289887 -0.01032 0.01224 0.003991 -0.009662 0.002848 0.0006451
1341846320.321954 -0.01564 0.008059 0.01853 -0.01505 0.004068 0.001738
1341846320.357890 -0.01294 0.00164 0.03156 -0.01097 -0.001176 -0.003003
1341846320.390064 -0.02821 0.00822 0.01383 -0.002616 -0.006026 -0.001531
1341846320.426544 -0.03017 0.009545 0.01382 -0.003524 -0.01224 0.008499
1341846320.458122 -0.02843 0.006234 0.01343 -0.001257 -0.01104 0.006208
1341846320.490186 -0.04837 0.00875 -0.005986 -0.004832 -0.007776 0.001305
1341846320.525911 -0.03094 0.004226 0.02338 -0.006769 -0.01138 0.003341
1341846320.558091 -0.0332 -0.0002566 0.0147 -0.002559 -0.00343 0.007282
1341846320.594093 -0.0441 -0.002511 -0.01071 -0.002528 -0.00536 0.009823
1341846320.631955 -0.03534 -0.00107 0.009891 -0.005405 -0.009745 0.002356
1341846320.664916 -0.03045 -0.001272 0.01391 -0.0009896 -0.001276 0.002126
1341846320.699927 -0.03741 -0.00123 -0.008074 -0.0007996 -0.003018 0.004155
1341846320.731822 -0.02967 -0.001821 0.01049 -0.004566 -0.008987 0.00279
1341846320.763877 -0.0222 -0.002622 0.04324 0.004265 -0.0002906 -0.003412
1341846320.799999 -0.03448 0.002416 -0.02613 0.01358 0.006896 0.008184
1341846320.831871 -0.03898 0.008873 -0.01072 -0.0003381 -0.01705 0.008493
1341846320.863887 -0.02262 -0.002234 0.05435 0.00147 -0.01284 -0.005508
1341846320.900014 -0.03229 0.005665 -0.02502 0.01317 0.01328 -0.01251
1341846320.931889 -0.03711 0.0104 -0.01159 0.000251 0.002677 0.0007774
1341846320.967866 -0.02642 -0.003439 0.03956 0.001017 -0.007057 0.003312
1341846321.000017 -0.02748 0.001401 -0.007433 0.01167 0.003345 0.001299
1341846321.031860 -0.03275 0.005325 -0.02346 0.005719 0.002359 0.001703
1341846321.068047 -0.02785 -0.001384 0.007816 -0.0001865 -0.00405 0.002648
1341846321.099840 -0.02801 -0.003905 -0.01594 0.004563 0.001058 -0.002681
1341846321.131821 -0.03011 0.00191 -0.02362 -0.0004443 -0.0008971 -0.001535
1341846321.167887 -0.02712 -0.005217 -0.00484 -0.006042 -0.005107 -0.001428
1341846321.200042 -0.02099 -0.008202 -0.004307 -0.002254 -0.002467 -0.0003654
1341846321.231950 -0.02289 -0.005826 -0.02071 -0.0002353 0.001156 0.003787
1341846321.267939 -0.02579 -0.00647 -0.0001854 -0.001635 -0.001255 0.00916
1341846321.299948 -0.02176 -0.004549 -0.01545 0.001648 -0.005513 0.01219
1341846321.331858 -0.0245 -0.005921 -0.01846 -0.001661 -0.001174 0.007645
1341846321.367913 -0.02702 -0.002096 -0.01117 -0.003762 -0.001641 0.007468
1341846321.399897 -0.0218 -0.0091 -0.00747 -0.00531 -0.007377 0.00211
1341846321.435994 -0.01825 -0.006446 -0.01818 -0.004699 -0.004174 0.00057
1341846321.467946 -0.01959 -0.007957 -0.008648 -0.005451 -0.003316 -0.001742
1341846321.499882 -0.02256 -0.004624 -0.006758 -0.003429 -0.003738 -0.0003516
1341846321.536109 -0.03549 -0.006603 0.006022 0.0001525 -0.005204 0.005159
1341846321.568960 -0.01836 -0.007495 -0.009976 0.00615 -0.009099 0.002862
1341846321.603938 -0.01428 -0.0009063 -0.01509 0.006398 -0.003277 -4.015e-05
1341846321.637163 -0.03827 -0.004872 0.006274 0.00446 -0.00523 0.0002748
1341846321.668306 -0.007212 -0.006418 -0.01121 0.00791 -0.01574 -0.005806
1341846321.704411 -0.005039 -0.005566 -0.01573 0.005216 -0.0009588 -0.01762
1341846321.736861 -0.02243 -0.004992 -0.007853 0.001796 0.006597 -0.018
1341846321.771881 -0.02219 -0.009125 0.0009293 0.005268 0.001301 -0.01106
1341846321.804114 -0.01433 0.0002234 -0.00967 0.008392 -0.003797 -0.005794
1341846321.836152 -0.007992 -0.005895 -0.004671 0.005479 -0.003483 -4.242e-05
1341846321.871882 -0.01029 -0.006608 -0.005663 0.009956 -0.000882 0.004998
1341846321.904074 -0.01383 0.0004344 -0.008713 0.01238 -0.0006869 0.004557
1341846321.939847 -0.006937 0.002243 -0.009575 0.007771 -0.005168 0.004976
1341846322.004094 0.003746 0.00275 -0.004272 0.01352 0.004117 0.0002883
1341846322.066178 -0.01567 0.009091 0.002284 0.009985 -0.008991 0.007264
1341846322.107979 0.003198 0.01333 -0.005517 0.004924 -0.003856 0.003029
1341846322.166164 0.0009292 0.01655 -0.001129 -0.007621 0.0007547 -0.001999
1341846322.202932 -0.004754 0.005566 0.002194 -0.002209 0.005687 -4.527e-05
1341846322.234093 -0.0004926 0.003554 0.0009375 0.002096 0.003196 0.003753
1341846322.265941 -0.001276 0.008732 -0.001203 0.004885 0.005944 -0.002737
1341846322.301996 -0.005925 0.01264 -0.001433 0.00346 0.003455 -0.001583
1341846322.333949 0.01121 0.01249 -0.0003847 0.001585 0.002942 0.001996
1341846322.369871 -0.01243 0.0152 -0.002742 -0.001256 0.01207 0.005203
1341846322.402292 -0.01052 0.01502 -0.004273 -0.003417 -0.002118 0.01212
1341846322.433955 0.01113 0.01924 -0.006207 -0.01068 -0.003302 0.003955
1341846322.470030 0.0001879 0.004948 -0.0006036 -0.01679 0.008252 -0.008111
1341846322.502433 -0.009147 0.01269 -0.009208 -0.01225 0.006526 -0.006708
1341846322.534002 -0.004399 0.01555 -0.005783 -0.01666 0.0005935 -0.003133
1341846322.570196 0.001397 0.006755 -0.0002255 -0.01887 4.272e-05 -0.004753
1341846322.601920 0.005259 0.001788 0.0004214 -0.01247 0.005256 -0.007131
1341846322.638119 -0.01845 0.0172 -0.009678 -0.008526 0.008479 -0.002473
1341846322.669947 -0.006242 0.003329 -0.000488 -0.009838 -0.00643 0.0005397
1341846322.702026 0.01282 0.005517 -0.002365 -0.007167 -0.00481 -0.001704
1341846322.738006 -0.004149 -0.004452 0.001328 -0.004373 0.005689 -0.004262
1341846322.770087 -0.01171 0.02371 -0.01146 0.002603 -0.000397 -0.002201
1341846322.806047 0.01193 0.007568 -0.002676 -0.007932 -0.0009058 -0.001589
1341846322.838063 0.003311 0.00419 -0.00208 -0.0038 0.008275 -0.003931
1341846322.870081 -0.00576 0.0158 -0.01176 -0.002838 0.01053 -0.00411
1341846322.906018 -0.009893 0.003079 -0.004183 -0.00956 0.003216 -0.001852
1341846322.938349 0.002515 -0.01544 0.005801 -0.003235 -0.002714 -0.001726
1341846322.970069 -0.002023 0.003069 -0.005024 0.009164 0.0006914 -0.00306
1341846323.011820 -0.001789 0.01021 -0.007295 0.004161 -0.001254 -0.001445
1341846323.073951 0.0004533 -0.003742 0.002916 0.003914 -0.0006325 -0.008544
1341846323.105962 -0.00171 0.01534 -0.008649 0.005626 0.0002646 0.001934
1341846323.138158 3.822e-05 0.0006136 -0.0004852 -0.001507 0.0005877 0.006844
1341846323.174092 0.003625 -0.001517 0.002298 0.003096 0.0009229 0.003202
1341846323.206059 -0.01003 0.005583 -0.002633 0.005691 0.002566 0.003079
1341846323.238053 -0.001473 0.001015 -0.001488 0.004794 -0.006289 0.003493
1341846323.273997 0.01662 -0.0004762 0.005478 0.006979 -0.001957 0.000951
1341846323.305946 -0.008837 0.007082 -0.003943 0.009998 0.008846 -0.003393
1341846323.342027 -0.02283 0.02447 -0.0206 0.008538 -0.001482 -0.0003416
1341846323.374048 0.02476 0.005817 0.0003661 -0.001441 -0.009559 -0.0006398
1341846323.405987 0.01305 0.009412 0.001133 6.341e-05 0.006444 -0.00926
1341846323.441956 -0.02084 0.01518 -0.009302 -0.0005968 0.01014 -0.006946
1341846323.473878 -0.003888 0.0112 -0.003676 -0.007074 -0.002246 0.00245
1341846323.506129 0.004311 -0.009464 0.008307 -0.006746 0.0007662 0.005073
1341846323.541972 -0.01019 0.002658 0.001309 0.002946 0.001482 0.003429
1341846323.573913 -0.01785 0.01913 -0.01063 0.003638 -0.00588 0.008747
1341846323.609927 0.0146 -0.001345 0.005283 -0.002728 -0.01352 0.007695
1341846323.642014 0.01125 0.006144 0.001209 0.001206 -0.003563 0.0007005
1341846323.674081 0.001126 0.009293 -0.0003287 -0.0007969 0.002976 -0.00626
1341846323.710069 -0.0009838 0.01743 -0.003328 -0.002083 0.001941 -0.009324
1341846323.742111 -0.0004898 0.008259 0.0007951 -0.009593 0.004343 0.0002105
1341846323.774928 -0.001302 -0.004521 0.005836 -0.008113 0.005177 0.004874
1341846323.810012 -0.003975 0.006577 -0.001514 -0.002412 0.003677 0.006276
1341846323.842207 -0.0002856 0.00381 0.0007343 -0.002743 0.0004891 0.009872
1341846323.878019 0.007492 0.01027 -0.0002006 -0.001485 0.001774 0.008169
1341846323.909826 -0.004768 0.01529 -0.0056 -0.004643 0.004731 0.006508
1341846323.942459 0.007548 -0.003921 0.006014 -0.009048 -0.001115 0.001079
1341846323.978055 0.005394 0.004512 0.002418 -0.004902 0.005008 -0.003088
1341846324.015934 -0.01096 0.004195 -0.003983 -0.006601 0.005246 -0.001734
1341846324.047722 -0.002754 -0.007679 0.004742 -0.007441 -0.003111 0.001612
1341846324.083904 0.001414 -0.01052 0.0151 -0.001577 -0.002733 0.00254
1341846324.115968 -0.003733 -0.001764 -0.001796 0.004802 -0.002688 0.003192
1341846324.151967 -0.003868 -0.003941 0.002531 0.001134 -0.004552 0.009802
1341846324.183941 0.005649 -0.01169 0.005984 0.005098 -0.007743 0.00775
1341846324.219984 0.00678 -0.002291 -0.004979 0.008785 -0.003815 0.0006177
1341846324.251968 0.002136 0.002458 -0.00739 0.002535 4.308e-05 0.0008716
1341846324.284052 0.003941 -0.01015 0.005686 -0.00111 0.001773 0.002175
1341846324.319880 0.004384 -0.01035 0.006384 0.002675 0.006903 0.001041
1341846324.351917 -0.005632 -0.01317 0.004696 0.006647 0.007547 0.001728
1341846324.388001 -0.007884 -0.006574 0.0001092 0.009129 0.001321 0.006007
1341846324.419908 0.005373 -0.0121 0.0009559 0.009171 -0.004226 0.005503
1341846324.452027 0.006914 -0.0005797 -0.006345 0.009928 -0.001023 0.001268
1341846324.487928 0.003936 -0.004701 -0.001722 0.00362 -2.292e-05 -0.004602
1341846324.519985 0.01366 -0.008477 0.002055 0.003195 0.002022 -0.007617
1341846324.556001 -0.001245 -0.01459 0.006793 0.002842 0.009655 -0.00828
1341846324.587888 -0.004742 -0.01043 -0.0004153 0.007306 0.006306 -0.005275
1341846324.620086 -0.0009299 -0.003054 -0.00343 0.005453 0.00577 0.003989
1341846324.655955 -0.002446 -0.01177 0.001632 0.002362 0.002267 0.001423
1341846324.688082 0.004707 -0.0009274 -0.005242 0.002206 -0.0009232 -0.0007881
1341846324.755922 0.01464 -0.02944 0.01171 -0.002212 0.004545 -0.006554
1341846324.814016 -0.01875 -0.03173 0.009457 0.01036 0.01395 0.003687
1341846324.849979 0.008603 -0.006743 -0.003517 0.01188 -0.006521 0.004872
1341846324.881924 0.008631 -0.001586 -0.002822 0.0065 0.001811 -0.0006179
1341846324.913902 -0.004429 -0.008223 0.0003368 0.00224 0.002854 -0.006779
1341846324.949999 0.004396 0.004857 -0.00455 2.897e-05 -0.0007371 -0.004471
1341846324.981922 0.01269 -0.005578 0.003325 -0.00917 0.002954 -0.005442
1341846325.018013 0.0002556 -0.01167 0.007842 -0.00884 0.01007 -0.004574
1341846325.050079 0.001757 -0.013 0.008327 -0.003743 0.009967 0.0009693
1341846325.081901 -0.002794 -0.01385 0.008475 0.001937 0.01091 0.002934
1341846325.118531 -0.009806 -0.01259 0.004914 0.009027 0.004075 0.003237
1341846325.149933 0.001263 -0.0007289 -0.003617 0.01173 -0.004452 0.002108
1341846325.181925 0.004935 -0.004157 -0.001046 0.006874 -0.003141 -0.005205
1341846325.218055 0.0006899 -0.006482 -0.001091 0.005478 -0.000841 -0.008393
1341846325.249811 0.002997 -0.007228 -0.000366 0.0041 -0.0005994 -0.006983
1341846325.285925 -0.004165 -0.009761 -0.0004079 0.005116 0.001208 -0.006925
1341846325.317988 -0.008852 0.003146 -0.008486 0.004924 -0.005146 -0.004696
1341846325.349844 0.004988 0.003042 -0.004485 -0.005811 -0.009771 -0.002521
1341846325.387302 -0.002167 -0.01173 0.005677 -0.009918 -0.005357 -0.005467
1341846325.417931 -0.01013 -0.004806 -0.001251 -0.005776 -0.0102 -0.004576
1341846325.450747 -0.0009002 0.00522 -0.004517 -0.009215 -0.01643 -0.001825
1341846325.485954 0.0105 -0.0114 0.01025 -0.01614 -0.0133 -0.002691
1341846325.517875 0.00145 -0.01041 0.005005 -0.008157 -0.005706 -0.003512
1341846325.553859 -0.001873 -0.004827 0.001988 -0.006012 -0.00676 0.001765
1341846325.585855 0.006709 -0.01742 0.01022 -0.006058 -0.006554 0.005746
1341846325.617990 0.002475 -0.01451 0.007145 0.00619 -0.003822 0.003725
1341846325.653982 0.001776 0.01458 -0.005579 0.006131 -0.003417 0.005601
1341846325.685819 0.002824 -0.005665 0.001979 -0.01221 -0.00379 -0.005036
1341846325.717857 0.005146 -0.01336 0.006801 -0.00908 -0.003936 -0.01219
1341846325.754083 0.001145 0.002902 -0.002191 -0.004863 -0.0004224 -0.008611
1341846325.786087 -0.003135 -0.006998 0.002784 -0.01287 -0.0007842 -0.002713
1341846325.821856 0.002374 -0.01886 0.00821 -0.009342 -0.004573 -0.002193
1341846325.853827 0.007308 -0.007706 0.001221 -0.001776 -0.002705 -0.006323
1341846325.885958 0.009339 -0.01323 0.008708 -0.001395 0.003037 -0.01103
1341846325.921984 -0.005309 -0.001302 -0.005125 0.003198 0.006902 -0.009471
1341846325.953899 -0.009631 -0.002986 -0.002315 -0.005538 -0.0004004 -0.004733
1341846325.985823 0.004912 -0.01366 0.002239 -0.00681 -0.007406 -0.00718
1341846326.021991 0.004925 -0.001044 -0.001615 -0.004793 -0.001746 -0.01108
1341846326.054055 -0.00401 -0.0103 0.002597 -0.009788 0.001539 -0.005999
1341846326.089984 -0.006127 -0.01878 0.006588 -0.006756 -0.003057 0.002498
1341846326.121822 9.85e-05 -0.0107 0.0006833 7.493e-05 -0.007875 0.005271
1341846326.154079 0.005137 -0.001118 -0.002379 -0.0006475 -0.004876 0.003415
1341846326.190178 0.003125 -0.0131 0.004221 -0.00548 -0.0001162 -0.004675
1341846326.222162 0.003453 -0.01387 0.006024 0.001681 0.001112 -0.01079
1341846326.259181 -0.001849 -0.01171 0.001935 0.006443 0.004233 -0.007097
1341846326.322766 -0.005587 -0.01571 -0.002165 0.01726 -2.547e-05 0.002942
1341846326.359773 -0.0008829 -0.005463 -0.001487 0.008 -0.003476 0.003754
1341846326.392109 0.0003283 0.01024 -0.006939 0.005076 -0.004843 -0.002636
1341846326.423985 0.006276 -0.007653 0.001414 -0.008835 -0.003062 -0.008744
1341846326.459869 0.002662 -0.01459 0.006268 -0.004374 0.004178 -0.005688
1341846326.526163 -0.01777 -0.03002 0.005395 -0.0007975 -0.001659 0.001368
1341846326.560211 0.001643 -0.006189 -0.0001758 0.01052 -0.009061 -0.0003229
1341846326.591828 0.001415 -0.004984 -0.0006262 0.005718 -0.004569 -0.001313
1341846326.627027 -0.002066 -0.006662 0.003284 0.001557 -0.003336 0.002833
1341846326.658442 9.541e-05 -0.01344 0.007313 0.003376 -0.008832 0.002576
1341846326.694856 0.005762 -0.01706 0.001134 0.005927 -0.007453 0.002536
1341846326.726206 -0.001806 -0.01567 0.004983 0.009951 -0.002098 0.004994
1341846326.762753 -0.002063 -0.008223 0.005537 0.01215 -0.005936 0.007039
1341846326.826821 0.003676 -0.0311 0.0002817 0.02787 -0.01378 0.01128
1341846326.858887 0.002244 0.002052 0.0007787 0.01692 -0.003468 0.0009273
1341846326.895360 0.01824 0.001198 -0.0009727 0.005105 -0.003848 -0.002919
1341846326.926897 0.008681 -0.006482 0.004116 -0.003116 0.005175 -0.003538
1341846326.958888 0.003497 -0.009131 0.01164 -0.003876 0.001296 -0.005466
1341846326.994594 0.002384 -0.01219 0.007122 -0.00131 -0.00248 -0.001538
1341846327.026301 0.02771 -0.009404 0.01664 0.004974 -0.01126 0.007657
1341846327.063945 0.02892 -0.004345 0.01242 0.005793 -0.01349 0.01261
1341846327.094662 0.02199 -0.005986 0.0182 0.001351 -0.00891 0.009539
1341846327.128901 0.02756 -0.006249 0.01528 0.00312 -0.007148 0.00792
1341846327.161940 0.02249 -0.002955 0.01869 0.005583 -0.003926 0.006614
1341846327.193867 0.04053 0.003617 0.01137 0.005785 -0.01681 0.01135
1341846327.229885 0.03116 -0.006324 0.01347 0.0002313 -0.01586 0.009331
1341846327.262014 0.04079 -0.0004667 0.0118 0.004973 -0.02336 0.01492
1341846327.294023 0.04981 -0.004082 0.009207 -0.007046 -0.03857 0.01724
1341846327.330015 0.01546 -0.01635 0.02583 -0.006376 -0.02308 0.009514
1341846327.361939 0.02703 -0.01077 0.01133 0.004452 -0.01651 0.01518
1341846327.393887 0.03 -0.002982 0.01342 0.004188 -0.01225 0.01825
1341846327.429966 0.02201 -0.0168 0.0218 0.004317 -0.004571 0.002695
1341846327.461965 0.02512 -0.000311 0.01126 0.01996 0.001596 0.007296
1341846327.497931 0.03025 0.009339 0.01242 0.01464 -0.007713 0.01425
1341846327.530068 0.03002 -0.004053 0.01281 0.005783 -0.01028 0.0007611
1341846327.561895 0.04175 -0.003125 0.007151 0.006673 -0.008547 -0.006287
1341846327.598010 0.03952 -0.001273 0.007503 0.0002501 -0.006184 -0.005346
1341846327.629945 0.02236 -0.01075 0.02025 0.0002862 0.003473 0.0013
1341846327.662003 0.04451 0.0004781 0.005807 0.002797 -0.008233 0.01131
1341846327.697919 0.04105 -0.01324 0.02075 -0.003933 -0.01222 0.002943
1341846327.730075 0.05363 -0.01272 0.01229 0.009719 -0.01601 0.0003017
1341846327.766017 0.06033 -0.01056 0.008491 0.008518 -0.01926 0.0005906
1341846327.797917 0.05776 -0.0152 0.01164 0.009156 -0.01864 -0.001058
1341846327.830054 0.04889 -0.004421 0.006317 0.01422 -0.01566 0.003819
1341846327.865944 0.01245 0.004077 0.003486 0.01154 -0.007687 0.002913
1341846327.898010 0.0285 -0.006699 0.001115 0.007145 -0.01097 -0.0007086
1341846327.929991 0.01402 -0.003038 0.0006598 0.01055 -0.001899 0.00705
1341846327.966065 0.01194 -0.002353 0.002695 0.0114 -0.005299 0.007673
1341846327.998073 0.01586 -0.0005849 0.000205 0.01541 -0.008241 0.009486
1341846328.034045 0.01783 -0.001467 0.0002711 0.01285 -0.008665 0.007467
1341846328.065993 0.02083 0.001666 -0.001409 0.01136 -0.00954 0.003125
1341846328.098045 0.01965 0.006152 -0.005426 0.001341 -0.007669 -0.001193
1341846328.133967 0.02281 0.001999 0.003884 -0.005403 -0.00499 -0.005931
1341846328.166023 0.02213 0.005995 0.002221 0.002252 -0.001148 -0.001401
1341846328.198018 0.01886 0.01146 -0.003147 2.01e-05 -0.000637 0.006898
1341846328.234044 0.02255 0.0102 0.0002335 -0.006325 -0.004441 0.004262
1341846328.265899 0.0238 0.01241 -0.001027 -0.003652 -0.004085 0.0002378
1341846328.302051 0.02566 0.009703 -0.004697 -0.008572 -0.007966 0.001235
1341846328.333917 0.02661 0.01613 -0.001254 -0.006412 -0.008555 -0.003263
1341846328.366008 0.03138 0.01719 -0.009882 -0.0128 -0.009003 0.009137
1341846328.402010 0.0362 0.008385 -0.005788 -0.02628 -0.01492 -0.002349
1341846328.433920 0.03297 0.01323 -0.003818 -0.007432 -0.006505 -0.00143
1341846328.470003 0.03143 0.0123 -0.01902 -0.003793 -0.006892 0.01464
1341846328.502194 0.04957 0.001879 -0.00818 -0.01271 -0.02022 0.01594
1341846328.534033 0.03005 0.0138 -0.02035 -0.005378 -0.01418 0.008327
1341846328.570125 0.01478 0.02424 -0.03292 -0.004014 -0.002327 -0.002566
1341846328.602804 0.001748 0.01733 -0.03012 -0.01288 0.01386 -0.007534
1341846328.672663 0.05664 0.02027 -0.02019 -0.02623 0.007084 0.01043
1341846328.702975 0.01412 0.0109 -0.01853 -0.006816 0.0006274 0.004853
1341846328.770129 0.03435 0.03506 0.007996 -0.01627 -0.007512 0.008894
1341846328.802331 0.01347 0.01923 -0.009054 -0.0004713 0.00109 0.0002579
1341846328.838051 0.01477 0.01344 -0.001589 -0.007969 -0.00246 0.006331
1341846328.869939 0.01731 0.006355 0.006534 0.001868 -0.004357 0.002538
1341846328.904486 0.01365 0.01878 -0.0101 0.009991 0.0009783 -0.001141
1341846328.939814 0.006222 0.02095 -0.007779 -0.006246 0.001627 -0.00304
1341846328.970217 0.01746 0.00439 0.003797 -0.007511 -0.003351 -0.008152
1341846329.006232 0.006109 0.01126 -0.01065 -0.001134 0.001078 -0.008776
1341846329.038243 0.01111 0.01951 -0.01275 -0.005321 -0.003731 3.146e-05
1341846329.106125 0.06071 0.01723 -0.0009018 -0.001891 -0.02147 0.004434
1341846329.138340 0.005774 0.01396 -0.007508 -0.002417 -0.0009033 0.001646
1341846329.169991 0.009397 0.0008455 -0.001546 -0.004479 -0.001833 0.001631
1341846329.208656 0.005921 0.006433 -0.005942 -0.001103 -0.001039 0.001362
1341846329.238169 0.01038 4.396e-05 -0.00024 0.0003568 -0.0028 -0.0002562
1341846329.273827 0.007347 0.0144 -0.008296 0.004559 -0.001194 -0.001707
1341846329.306052 0.007877 -0.0001693 0.0003085 -0.002249 0.00175 0.001657
1341846329.338104 0.001347 0.0009637 -0.002469 0.006999 0.001082 0.002642
1341846329.373907 0.005777 0.02055 -0.008049 0.007542 -0.0004556 0.00165
1341846329.405985 -0.000849 0.007142 -0.001646 -0.003197 0.002634 0.004034
1341846329.442057 0.001538 0.00277 -0.0004933 0.001042 0.000111 0.007049
1341846329.473950 0.005039 0.01391 -0.005063 0.002604 0.001343 0.01048
1341846329.506147 0.007115 0.0004587 -0.001601 -0.001771 0.001403 0.003713
1341846329.542121 0.003766 0.01113 -0.008769 0.003723 0.004891 -0.0002458
1341846329.574086 -0.001333 0.0141 -0.00485 -0.004701 0.003779 0.002388
1341846329.606387 0.00151 0.0003612 -0.0004267 -0.005391 0.0001853 0.001738
1341846329.641955 0.007567 0.002584 -0.00205 -0.0003179 0.0005218 -0.0002481
1341846329.681570 0.002122 0.0129 -0.006828 0.002581 0.005271 -1.395e-05
1341846329.748113 -0.0056 0.001704 -0.001905 -0.00512 4.961e-05 0.002649
1341846329.810175 0.006043 0.02498 -0.008767 0.004892 -0.008578 -0.008152
1341846329.842255 0.002582 0.005207 -0.003975 -0.003948 -0.0009776 -0.006517
1341846329.874044 0.001499 0.005624 -0.002608 -0.003629 -0.0007084 -0.006473
1341846329.910073 0.0003079 -0.004804 0.001553 -0.001354 -3.84e-05 -0.005252
1341846329.942009 0.001101 0.003005 -0.004534 0.009423 -0.0005548 -0.0112
1341846329.978087 0.001162 0.01712 -0.009979 0.002885 0.000606 -0.0006826
1341846330.016305 -0.008242 -0.01075 0.0005895 -0.005751 -0.0009496 0.002499
1341846330.048192 0.005536 -0.001271 -0.002238 0.008771 -0.004602 -0.004914
1341846330.080418 -0.002532 0.01723 -0.01419 0.008957 0.0003585 -0.004731
1341846330.115886 -0.001143 0.01191 -0.007715 -0.005456 -0.003297 -0.00269
1341846330.147839 0.002002 -0.01782 6.424e-06 -0.007041 -0.0011 -0.006758
1341846330.181257 -0.00499 -0.00626 -0.006415 0.0106 0.0008559 -0.008312
1341846330.215852 -0.002616 0.01034 -0.01496 0.01246 -0.002058 0.0007046
1341846330.247833 0.002872 0.001257 -0.007871 0.002719 -0.001644 0.0006225
1341846330.283913 -0.001261 -0.007491 -0.004011 0.007835 0.001038 -0.003609
1341846330.316011 0.0007542 0.01216 -0.009637 0.01333 0.001395 0.0007805
1341846330.347868 -0.0004711 0.004231 -0.00549 0.003657 0.003726 0.0003932
1341846330.383835 -0.006942 0.001235 -0.007073 0.00339 0.001488 -0.00181
1341846330.415934 0.0002454 0.01345 -0.01082 0.001677 -0.001662 0.003839
1341846330.452561 0.003755 -0.004097 -0.002632 -0.007019 0.0006591 0.001179
1341846330.483903 0.002688 -0.005598 -0.001695 -0.0008039 0.002816 -0.005838
1341846330.515970 -0.001094 0.006365 -0.009071 0.003065 0.004293 -0.007108
1341846330.552099 -0.003304 0.000199 -0.003449 -0.003434 0.002833 -0.004737
1341846330.583876 0.001128 -0.007221 0.003017 0.0007234 0.0002876 -0.001131
1341846330.619992 0.005035 -0.004357 0.00354 0.009772 0.00153 0.001371
1341846330.652136 -0.003233 0.006773 -7.453e-05 0.01329 0.003397 0.001465
1341846330.683796 0.003616 0.004466 0.002924 0.009394 -0.0008754 0.001471
1341846330.719991 0.009166 0.0116 0.0001011 0.005446 0.003204 -0.002853
1341846330.752103 0.003046 0.002782 0.00561 -0.003858 0.008123 -0.008824
1341846330.787952 0.003365 -0.005324 0.00774 -0.002323 0.008946 -0.007133
1341846330.819823 -0.002896 0.001044 0.007422 0.001003 0.00937 -0.001833
1341846330.852208 0.0026 -0.003689 0.01528 0.001067 0.002724 -0.002036
1341846330.914111 0.007032 -0.004958 0.024 0.01924 0.00555 0.001995
1341846330.949903 0.006987 0.01234 0.003279 0.007072 0.002301 0.001112
1341846330.981986 0.0003426 0.0003394 0.01065 -0.001258 0.01125 -0.0005459
1341846331.014111 -0.01244 -0.002163 0.0087 0.00136 0.01184 -0.001393
1341846331.082139 -0.00207 0.004656 0.01465 -0.002408 0.008769 0.00846
1341846331.114334 0.002833 -0.00162 0.008169 0.0008484 0.00437 0.001594
1341846331.149989 0.003377 0.009501 0.002655 0.0006149 0.001224 0.004972
1341846331.181954 0.008037 0.0008258 0.0101 -0.005861 -0.0001719 0.003259
1341846331.218151 0.005061 -0.007481 0.01553 0.001116 0.005666 -0.003119
1341846331.249914 0.0008748 0.01405 0.004111 0.006171 0.001688 0.006084
1341846331.318141 0.005716 -0.0004953 0.01952 -0.02091 -0.0204 0.01144
1341846331.349926 0.003822 -0.0006227 0.003087 0.001972 -0.006648 0.003468
1341846331.382003 0.01807 0.01744 -0.006695 -0.004854 -0.02248 0.008803
1341846331.418008 0.002981 -0.00354 0.009642 -0.01323 -0.01761 0.000333
1341846331.450327 0.003336 -0.004253 0.003971 -0.003851 -0.009874 -0.001911
1341846331.486219 0.005507 -0.00358 0.0008199 -9.254e-05 -0.004359 -0.001649
1341846331.518344 -0.0003991 0.004156 0.0005191 0.002838 -0.002777 0.004997
1341846331.550202 0.009253 0.005341 -0.006117 -0.004412 -0.01209 0.004527
1341846331.586139 0.005589 -0.00716 2.179e-05 -0.00391 -0.002975 -0.0007377
1341846331.617931 0.001057 -0.001227 -0.00253 0.001961 -0.001003 0.0001666
1341846331.654027 0.006848 0.004499 -0.008947 -0.001293 -0.008124 0.002478
1341846331.686123 0.005907 -0.01161 -0.000432 -0.006016 -0.00626 -0.003054
1341846331.717954 0.002512 -0.005103 -0.002904 0.006955 0.001997 0.0002039
1341846331.754076 0.001226 0.01234 -0.009745 0.005233 -0.002935 0.005048
1341846331.785920 0.006982 -0.001345 -0.004815 -0.006121 -0.007189 0.003828
1341846331.818053 0.004586 -0.007192 7.323e-05 -0.0009083 -0.003994 -0.000567
1341846331.853849 0.009437 0.008182 -0.01124 0.004079 -0.003245 0.004569
1341846331.885987 0.006371 0.0009034 -0.005049 -0.005733 -0.007447 0.006078
1341846331.922014 0.005942 -0.005516 -0.001224 -0.004024 -0.00742 0.002095
1341846331.954037 0.00532 0.002291 -0.0074 0.001155 -0.007501 0.000118
1341846331.986135 0.01523 0.009264 -0.01323 -0.004217 -0.01632 0.002293
1341846332.022364 0.01451 0.001116 -0.01055 -0.01362 -0.01121 0.001234
1341846332.054175 0.005056 -0.004184 -0.00043 -0.01238 -0.0005439 -0.004212
1341846332.086502 0.003876 -0.001353 -0.002218 -0.005076 -0.001514 -0.001799
1341846332.122051 0.007665 -0.001556 -0.0003965 -0.002937 -0.003544 0.003967
1341846332.153983 0.007339 -0.007426 0.004094 0.004025 -0.0002814 0.005059
1341846332.190165 0.01277 0.001645 -0.005284 0.01329 -3.08e-05 0.005744
1341846332.254145 0.03008 0.009669 -0.0141 -0.001796 -0.006847 0.01093
1341846332.289948 0.01517 -0.001358 0.003093 -0.00314 -0.003475 -0.002767
1341846332.322172 0.01411 0.004471 0.001669 -0.000284 -0.002709 -0.0007557
1341846332.354003 0.01408 0.002982 0.004834 -0.005777 -0.007963 0.009339
1341846332.390180 0.01054 -0.004899 0.01347 -0.002756 -0.01085 0.008577
1341846332.422055 0.01548 0.001032 -0.001511 0.004767 -0.007545 0.01028
1341846332.458114 0.01625 0.005189 -0.004544 0.001616 -0.009282 0.009488
1341846332.489993 0.01687 -0.003962 -0.001353 -0.002075 -0.006878 -0.001869
1341846332.522130 0.01684 -0.0006995 -0.003335 0.002531 0.003412 -0.009995
1341846332.558114 0.009952 0.003787 -0.001448 0.0006545 0.007035 -0.01162
1341846332.589874 -0.003157 -0.00165 0.01227 0.001871 0.004621 -0.007458
1341846332.621889 0.001687 0.002391 0.005669 0.01058 -0.001054 -3.755e-05
1341846332.658202 0.007753 0.005136 -0.004884 0.008364 -0.0037 0.00689
1341846332.690001 0.006951 -0.0003315 -0.002743 0.004705 -0.00366 2.248e-05
1341846332.726000 0.01144 0.003646 -0.007745 0.003113 -0.0005386 -0.004523
1341846332.758386 0.001984 0.003485 0.004364 0.0002815 0.004607 0.0003211
1341846332.789937 -0.002707 0.0003474 0.01092 0.003025 -0.001179 0.00518
1341846332.825925 0.01238 0.004335 -0.005499 0.006176 -0.007906 0.006688
1341846332.857898 0.01225 0.002289 -0.001972 -0.000757 -0.005521 0.003936
1341846332.894069 0.005159 -0.005469 0.009239 0.000875 -0.001032 0.0009404
1341846332.926029 0.007677 0.004088 0.005131 0.009453 -0.003597 0.007602
1341846332.958015 0.01305 0.005787 0.002003 0.00835 -0.008627 0.007999
1341846332.994073 0.0139 0.003896 0.004718 0.007765 -0.006673 0.005263
1341846333.026545 0.01606 0.008702 0.004964 0.008257 -0.007334 0.008037
1341846333.057998 0.02087 0.006862 0.003606 0.004821 -0.01191 0.002738
1341846333.094024 0.02497 0.006058 0.004318 0.001776 -0.0113 -0.003912
1341846333.126095 0.02076 0.004371 0.01088 0.001569 -0.01008 -0.001275
1341846333.161973 0.02686 0.002318 0.007421 0.005059 -0.01491 0.0007335
1341846333.195660 0.03247 0.005401 0.005594 0.007315 -0.01467 0.0003182
1341846333.226331 0.03264 0.00579 0.009924 0.005572 -0.01152 0.00582
1341846333.262056 0.03585 0.002186 0.01094 0.008587 -0.01256 0.006463
1341846333.294147 0.04278 0.003709 -0.0014 0.008258 -0.01444 0.006315
1341846333.326100 0.04373 0.002632 0.006287 0.005225 -0.01307 0.006587
1341846333.362100 0.04057 -0.002253 0.006096 0.007296 -0.01349 0.006167
1341846333.394119 0.03738 0.00365 -0.003205 0.006817 -0.009993 0.003257
1341846333.429974 0.02861 0.002629 0.006474 0.002881 -0.006108 0.001532
1341846333.462115 0.02165 0.006874 0.003745 0.002809 -0.008037 0.004732
1341846333.494040 0.02485 0.004126 0.004443 -0.0001119 -0.01003 0.003565
1341846333.529953 0.02634 0.003036 0.002621 -0.0003961 -0.01139 0.001199
1341846333.562063 0.02446 -6.004e-05 0.002352 -0.0008855 -0.01201 -0.001437
1341846333.594090 0.02608 -0.001258 0.002705 0.004053 -0.00571 0.0002345
1341846333.629994 0.02695 0.00145 -0.0001472 0.0086 -0.003484 0.002915
1341846333.662127 0.02634 0.001288 -0.001664 0.006625 -0.006403 0.001859
1341846333.697964 0.02382 0.003579 -0.007921 0.003508 -0.006455 -0.001343
1341846333.730092 0.02555 0.001997 0.001708 -0.00439 -0.008007 -0.001352
1341846333.762089 0.02501 0.001664 0.004284 -0.00189 -0.009468 -0.001915
1341846333.798006 0.0239 0.005605 0.002425 -0.001021 -0.008074 0.0008792
1341846333.830055 0.02138 0.004444 0.005079 -0.00304 -0.008927 0.003507
1341846333.866045 0.01947 0.003884 0.004866 -0.0004299 -0.008375 0.003149
1341846333.897987 0.01817 0.004854 0.003981 -0.002409 -0.005303 0.002521
1341846333.930099 0.01574 0.001963 0.005097 -0.005652 -0.006194 0.002588
1341846333.965889 0.01777 0.001134 0.007412 -0.004093 -0.00743 0.00126
1341846333.997985 0.01611 0.003844 0.002546 -0.004878 -0.006621 0.0008826
1341846334.030076 0.01731 7.916e-05 0.008774 -0.005642 -0.007665 -0.001216
1341846334.066000 0.01507 0.001015 0.004586 -0.003142 -0.003354 -0.002268
1341846334.097932 0.01341 0.0001783 0.004889 -0.00382 -0.00404 0.0015
1341846334.133884 0.01393 -0.0004319 0.005228 -0.00312 -0.005773 0.0002251
1341846334.166115 0.01305 -0.0009128 0.006217 -0.001045 -0.0004778 -0.0003511
1341846334.198072 0.009831 0.002103 0.004113 -0.0004912 0.0005098 0.002263
1341846334.234097 0.00945 0.0005609 0.00559 -0.0003945 -0.004193 0.003993
1341846334.266045 0.01249 0.001901 0.001205 -0.0002629 -0.005737 -0.0004172
1341846334.297946 0.01291 -0.001483 0.005744 -0.003207 0.0003831 -0.002555
1341846334.334036 0.009775 -0.0009025 0.002958 -0.000583 0.000673 0.000247
1341846334.365871 0.009065 -0.0003427 0.002808 0.0009848 -0.002195 0.004993
1341846334.401845 0.009135 0.001484 0.0009085 0.002814 -0.003493 0.002417
1341846334.433864 0.008534 0.001255 0.002266 -0.0009262 0.001164 -0.001402
1341846334.466105 0.007704 -0.001823 0.005301 -0.001446 0.001447 -0.000906
1341846334.502142 0.006193 -0.0003852 0.003331 0.002517 0.001979 -0.001234
1341846334.540153 0.004039 0.0004639 0.0007027 0.0006472 0.002458 0.003196
1341846334.602351 0.01402 -6.228e-06 0.0218 0.0104 0.005757 0.01563
1341846334.670161 0.001859 0.00126 0.009783 0.008767 0.006253 0.01247
1341846334.702085 0.0014 0.001561 0.00917 0.001698 0.005104 -0.001489
1341846334.734751 -0.00137 0.0003345 0.01016 -0.0004996 0.005924 -0.003938
1341846334.770889 -0.001069 0.0008919 0.01307 0.0001652 0.00384 -0.005925
1341846334.802194 -0.002264 0.000509 0.01441 0.001085 0.006541 -0.001544
1341846334.833908 -0.0041 -8.454e-05 0.01279 0.001118 0.004122 0.002374
1341846334.869874 -0.00299 -0.0004521 0.01515 0.003015 0.00196 -0.0005353
1341846334.902006 -0.00539 0.001436 0.01323 0.003013 0.006113 -0.002383
1341846334.938010 -0.006122 8.752e-05 0.01309 0.0006601 0.008456 -8.028e-05
1341846334.970032 -0.004633 7.236e-05 0.01101 -0.0002214 0.00216 0.0004058
1341846335.002203 -0.003131 0.003559 0.01306 -0.003051 0.001054 -0.005209
1341846335.037880 0.0003507 -0.001856 0.02071 -0.005485 0.006859 -0.004697
1341846335.069990 -0.001765 -0.002257 0.01362 -0.000619 0.005204 -0.0001996
1341846335.106038 -0.002392 0.003182 0.007304 -0.0002248 -0.001677 0.002596
1341846335.138045 0.003483 0.0006815 0.01606 -0.003868 -0.002013 0.0006841
1341846335.169900 0.003935 -0.001531 0.01764 -0.0005196 0.005157 0.0006934
1341846335.206091 -0.001142 0.001084 0.00983 0.002114 0.003667 0.003463
1341846335.239365 -0.0001353 0.004277 0.007845 0.0004056 -0.00205 0.004478
1341846335.269948 0.004995 0.002924 0.01412 -0.003002 -0.003153 0.00217
1341846335.305972 0.005144 0.001836 0.01515 -0.0038 0.002617 -0.001917
1341846335.338012 0.0009268 0.001354 0.007576 -0.002962 0.002114 -0.002759
1341846335.374005 0.000671 0.00931 0.007125 -0.007474 -0.004242 -0.00052
1341846335.406025 0.007019 0.005652 0.01492 -0.01212 -0.006243 -0.003689
1341846335.438079 0.006686 -0.001552 0.01711 -0.00996 -0.00316 -0.004769
1341846335.473998 0.004568 0.001648 0.0121 -0.003243 -0.004605 -0.0008503
1341846335.507038 0.007716 0.001902 0.01563 -0.001108 -0.007164 0.005884
1341846335.538040 0.01064 0.002878 0.01647 0.002511 -0.006497 0.004831
1341846335.574119 0.009351 0.003611 0.01282 0.006215 -0.001368 0.0006847
1341846335.605970 0.001668 0.009522 0.005199 0.004223 0.001339 0.002702
1341846335.641978 0.001524 0.002066 0.01192 -0.00216 -0.002693 0.00544
1341846335.673993 0.009476 0.002507 0.01386 0.001324 -0.003037 0.001375
1341846335.706178 0.003328 0.004491 0.01169 0.001963 0.002446 -0.001335
1341846335.741982 -0.002357 0.004523 0.009463 -0.0003256 0.001049 0.001484
1341846335.773960 0.006368 -0.001302 0.01381 -0.0001833 -0.002192 0.00209
1341846335.806271 0.001731 -0.0009643 0.01309 0.004403 0.001074 -0.0005319
1341846335.842031 -0.001241 0.008688 0.005637 0.005192 -0.00143 0.0003317
1341846335.873966 0.004158 0.0008148 0.0117 -0.002157 -0.003618 0.001629
1341846335.910005 0.009881 -0.002025 0.01316 0.000847 -0.001623 -0.002659
1341846335.941936 0.003063 0.002099 0.009209 0.002347 0.003774 -0.000689
1341846335.974198 0.0002643 0.001458 0.008701 0.0006307 0.001742 0.004151
1341846336.010032 0.005675 -0.0004305 0.01028 0.0002465 -0.0005711 0.002588
1341846336.042129 0.007552 0.001695 0.01048 0.002154 0.001734 -0.0003403
1341846336.078076 0.0006088 0.003189 0.008063 4.884e-05 0.004176 0.001817
1341846336.110739 -0.0004089 0.0009533 0.009618 -0.0005703 0.0007256 0.002487
1341846336.142002 0.008269 0.006079 0.01436 0.001577 -0.001065 -0.0008799
1341846336.183953 -6.979e-05 0.003842 0.02343 0.00208 0.005513 -0.00223
1341846336.241891 -0.01216 7.11e-05 0.02186 0.004009 0.003882 -0.002499
1341846336.277946 -0.0136 0.003841 0.02411 -0.0004434 0.002941 -0.0108
1341846336.309977 -0.02901 -0.001186 0.03006 -0.005639 0.01159 -0.01256
1341846336.346143 -0.02801 -0.003511 0.03 -0.003697 0.008461 -0.006786
1341846336.377975 -0.02368 -0.001494 0.02207 -0.001964 0.004488 -0.003285
1341846336.410032 -0.02169 -0.001683 0.03085 -0.002194 0.003478 -0.004597
1341846336.446041 -0.0278 -0.001717 0.03023 0.001066 0.007835 -0.00563
1341846336.477990 -0.02887 -0.001152 0.0188 0.00154 0.006734 -0.005311
1341846336.510056 -0.0319 0.0002168 0.01875 -0.001245 0.007274 -0.006699
1341846336.546024 -0.02924 0.00101 0.02377 -0.001854 0.006803 -0.008884
1341846336.578003 -0.03214 -0.0002203 0.02373 0.00146 0.008969 -0.007422
1341846336.614020 -0.03112 0.0001529 0.01382 0.001203 0.005936 -0.001475
1341846336.645982 -0.03283 0.002843 0.01953 0.003629 0.006689 -0.002766
1341846336.678036 -0.03551 0.003788 0.008276 0.003846 0.01424 -0.004189
1341846336.714024 -0.04279 0.002304 0.003053 -0.003668 0.01703 -0.003856
1341846336.746016 -0.03208 0.002969 0.01222 -0.007137 0.01323 -0.008427
1341846336.778014 -0.02336 0.0001108 0.02109 -0.004358 0.01346 -0.01012
1341846336.820006 -0.03009 0.002428 0.01416 0.0003346 0.01366 -0.00754
1341846336.882056 -0.08882 0.003799 0.02063 -0.005129 0.02976 -0.002486
1341846336.914273 -0.04491 -0.001027 0.0006692 -0.006387 0.02047 -0.007069
1341846336.945998 -0.04256 -0.006323 0.01159 -0.01426 0.02052 -0.004758
1341846336.981980 -0.0333 -0.01052 0.03046 -0.006311 0.01422 -0.001498
1341846337.014238 -0.03509 -0.006868 0.00915 0.005293 0.0116 0.0006632
1341846337.046017 -0.0346 -0.003822 -0.005146 0.003554 0.008684 0.004179
1341846337.082104 -0.02778 -0.003563 0.01012 0.001104 0.006175 0.002241
1341846337.114317 -0.02977 -0.002994 0.0004329 0.003135 0.01083 -0.003541
1341846337.150037 -0.02943 -0.004008 -0.00324 0.002498 0.00951 -0.001197
1341846337.181873 -0.02491 -0.003817 0.0005905 0.0002413 0.004184 0.003094
1341846337.214073 -0.02134 -0.001652 0.006572 0.006178 0.001609 -0.001803
1341846337.250087 -0.02374 0.0004967 -0.01323 0.00424 0.008794 -0.007119
1341846337.282028 -0.02291 -0.0001943 0.002426 -0.002556 0.01239 -0.009077
1341846337.317920 -0.01794 -0.0009527 0.007324 0.001006 0.005636 -0.002801
1341846337.350018 -0.01352 0.003058 0.009781 0.004823 0.001505 -0.003728
1341846337.382159 -0.01196 0.001953 -0.0005124 0.005186 0.001679 0.003374
1341846337.417941 -0.008788 0.004701 0.00238 -0.001601 0.0008194 -0.002325
1341846337.450137 -0.005252 -0.0002118 0.01514 -0.0005755 0.004842 -0.003028
1341846337.482096 -0.005096 -0.004296 0.002859 0.0008559 0.001069 0.0008615
1341846337.518008 -0.004707 -0.005472 -0.0005033 -0.004571 0.002102 0.00295
1341846337.549978 -0.003615 -0.00637 0.00996 -0.0006115 0.002148 0.003253
1341846337.585971 -0.005275 -0.001948 -0.005907 0.00462 0.001847 0.002001
1341846337.617903 -0.006184 -0.0009947 -0.01173 -0.005107 0.002306 0.002387
1341846337.650141 -0.005538 -0.003099 0.009024 -0.004134 0.001673 -0.001044
1341846337.686352 -0.006333 -0.003363 -8.698e-06 0.003507 0.0005035 -0.001751
1341846337.718002 -0.008433 -0.003775 -0.0106 0.002087 0.000314 0.0006445
1341846337.749920 -0.008457 -0.003701 0.0008911 0.0001803 -0.002843 2.973e-05
1341846337.786157 -0.01006 -0.003195 -0.004912 0.006451 -0.003364 -0.003304
1341846337.817945 -0.01124 -0.00137 -0.01363 0.003464 -0.002612 -0.00301
1341846337.854071 -0.01219 -0.003248 -0.003259 0.002278 -0.004423 -0.0008259
1341846337.885951 -0.01205 -0.002514 -0.006672 0.006347 -0.001815 0.0007866
1341846337.918223 -0.01511 -0.0005253 -0.01234 0.008799 0.0002618 0.001789
1341846337.954120 -0.01505 0.0007939 -0.01449 0.004597 0.0003268 -0.003027
1341846337.985994 -0.01638 -0.003233 -0.006256 0.005849 0.0009977 -0.003918
1341846338.018107 -0.01762 0.0005623 -0.01739 0.006449 3.3e-05 -0.004326
1341846338.054055 -0.01878 -0.002335 -0.007602 0.005022 0.000365 -0.001328
1341846338.085986 -0.0179 -0.001664 -0.01649 0.0063 -0.003217 -0.002462
1341846338.121875 -0.01467 -0.0005736 -0.01981 0.002927 -0.00153 -0.00523
1341846338.154089 -0.01465 -0.001683 -0.01564 0.001052 0.001845 -0.008778
1341846338.186029 -0.01922 -0.001081 -0.01497 0.002047 0.004566 -0.006981
1341846338.222071 -0.01952 -0.0009075 -0.01206 0.002675 0.0008435 -0.001386
1341846338.254107 -0.01407 0.0004488 -0.02198 0.00308 -0.0009027 -0.002617
1341846338.290130 -0.0131 -0.000682 -0.01568 -0.001498 0.00257 -0.004702
1341846338.321952 -0.01039 -0.002583 -0.008941 -0.0001668 0.0001609 -0.004586
1341846338.354022 -0.007531 -0.0001204 -0.0156 0.001019 9.457e-05 0.0001325
1341846338.389969 -0.006977 -0.001346 -0.007149 0.001384 -0.0004792 -0.002053
1341846338.422377 -0.004699 0.002533 -0.01367 0.004182 0.0001369 8.209e-05
1341846338.454010 -0.004133 9.93e-05 -0.007418 0.002318 0.001747 0.001379
1341846338.489894 2.463e-05 0.001499 -0.01259 0.003561 0.0003947 -0.0001969
1341846338.522066 0.001414 0.001044 -0.008563 -0.001593 -0.001495 0.001719
1341846338.558058 0.002692 -0.001452 -0.0009389 0.002055 -0.0007035 0.0002737
1341846338.589842 0.004099 0.004287 -0.008863 0.005318 -0.001225 0.001779
1341846338.622019 0.004544 0.003993 -0.007437 -0.001075 -0.003906 -0.001819
1341846338.657984 0.004174 0.0003892 0.0008239 0.000293 -0.0004624 -0.004958
1341846338.690198 0.003066 0.003218 -0.002422 0.005644 -3.277e-05 0.002127
1341846338.722454 0.004223 0.003426 -0.01225 0.001191 -0.004038 0.001497
1341846338.757945 0.002923 -0.001852 -0.003269 -7.919e-05 -0.000401 -0.004614
1341846338.790039 0.002293 0.001356 -0.009919 0.004691 0.0028 0.0008544
1341846338.826048 0.002022 0.001841 -0.009006 -0.0006119 -0.003596 0.006005
1341846338.858027 0.0018 -0.00262 -0.003609 0.0001001 -0.003571 0.0002115
1341846338.889902 0.0008976 0.0002015 -0.009654 0.005316 0.001094 0.001241
1341846338.925948 0.0008042 0.00176 -0.01096 0.001171 -0.00306 0.005749
1341846338.958108 -0.001194 -0.001034 -0.009354 -0.001039 -0.003835 0.001191
1341846338.990057 -0.001682 -5.512e-05 -0.01232 -0.001184 -4.137e-05 -0.002212
1341846339.025928 -0.003206 0.001885 -0.01111 -0.004012 -0.001964 0.0008536
1341846339.057939 -0.004502 -0.001091 -0.004065 -0.005045 -0.003497 -0.00156
1341846339.093927 -0.00438 -0.001744 -0.003972 0.003021 0.002532 -0.004537
1341846339.126562 -0.00542 0.001901 -0.00609 0.007671 0.002253 0.003128
1341846339.157969 -0.004321 0.002334 -0.01173 0.005362 -0.005035 0.004027
1341846339.194113 -0.005109 -0.000821 -0.005809 0.004183 0.0003804 -0.00469
1341846339.228165 -0.005788 0.000804 -0.006776 0.007718 0.004934 -0.004787
1341846339.257998 -0.004795 0.004503 -0.01088 0.005709 -0.001876 0.002591
1341846339.294132 -0.004847 0.002005 -0.003737 0.001328 -0.003568 -0.004031
1341846339.326577 -0.005938 0.00318 -0.00163 0.009923 0.005614 -0.008635
1341846339.362269 -0.003359 0.007349 -0.005903 0.009924 0.002967 0.007718
1341846339.394725 -0.003384 0.00653 -0.0004436 0.003425 -0.003776 -0.0001945
1341846339.462186 -0.00485 0.01032 -0.01461 0.009833 0.001076 -0.0001844
1341846339.496743 -0.001009 0.01043 0.001876 -0.002521 -0.008573 0.003485
1341846339.562052 0.006444 0.005051 -0.01047 -0.002017 -0.007935 -0.003517
1341846339.595122 -0.003072 0.007891 -0.002242 -0.001374 -0.002101 0.002167
1341846339.632085 0.001892 0.00742 -0.001095 -0.0001412 -0.008803 0.004357
1341846339.664568 0.002379 0.007011 -0.003962 0.00141 -0.006856 0.003308
1341846339.698896 0.001222 0.009824 -0.005027 0.002783 -0.002971 0.0004387
1341846339.731977 -0.002639 0.01018 -0.003779 0.002561 -0.0007232 0.001588
1341846339.762241 -0.001967 0.01154 -0.003468 0.002494 -0.002753 -0.001686
1341846339.797873 0.0001865 0.008551 -0.003126 0.002383 -0.001327 -0.00433
1341846339.830245 -0.003096 0.008697 -0.004388 0.002887 0.001211 -0.00246
1341846339.862015 -0.004146 0.006083 -0.003342 0.002868 0.0001193 -0.001349
1341846339.897797 -0.006684 0.00692 -0.006437 0.003855 -0.001268 -0.0009334
1341846339.929916 -0.004556 0.006998 -0.00912 0.00193 -0.0008337 -0.004856
1341846339.961960 -0.008194 0.003929 -0.00984 -0.001753 0.003376 -0.003314
1341846339.997845 -0.01231 0.0005864 -0.009102 -0.002609 0.0001563 -0.001886
1341846340.029925 -0.007676 0.002573 -0.01306 -0.001432 -0.00297 -0.003356
1341846340.066044 -0.006723 -0.0005083 -0.01185 -0.004545 -0.001118 -0.002617
1341846340.098009 -0.003442 -0.005125 -0.008545 -0.003217 -0.0006356 -0.0009066
1341846340.130102 -0.009002 -0.004221 -0.01496 -0.0002378 0.002044 0.003162
1341846340.166041 -0.009371 -0.003495 -0.01534 -0.003747 -0.002999 0.005468
1341846340.197867 0.0008935 -0.007242 -0.009525 -0.004395 -0.005436 0.002017
1341846340.229904 -0.003969 -0.006437 -0.01319 0.0007161 0.000592 0.001284
1341846340.265859 -0.01027 0.0002458 -0.01795 0.0001564 -0.0003895 0.002529
1341846340.298061 -0.002546 -0.003856 -0.0117 -0.005402 -0.004487 -0.0003209
1341846340.334063 -0.0009868 -0.007749 -0.01124 0.0002844 0.001618 -0.002352
1341846340.366064 -0.01379 0.001375 -0.01898 0.002433 0.007003 0.001585
1341846340.397995 -0.008477 -0.002847 -0.01194 -0.005117 0.0004819 0.0007305
1341846340.433895 -0.003723 -0.00519 -0.01143 -0.002964 0.0009055 -0.001815
1341846340.465959 -0.005548 -0.003395 -0.01295 -0.002512 0.005669 -0.002532
1341846340.501858 -0.01243 -0.004096 -0.01106 -0.003111 0.009427 0.0001243
1341846340.534329 -0.01036 -0.004889 -0.009156 -0.00276 0.004588 0.0002408
1341846340.566041 -0.008874 -0.001206 -0.009078 -0.003625 0.003469 -0.0003876
1341846340.601909 -0.008807 -0.004599 -0.005216 -0.006702 0.002682 -0.0003163
1341846340.634005 -0.00735 -0.006257 -0.002748 -0.003351 0.0022 0.003367
1341846340.666028 -0.009882 0.0001756 -0.00552 -6.818e-05 0.001725 0.004136
1341846340.701946 -0.007957 -0.001088 -0.003478 -0.004654 -0.001218 0.004595
1341846340.733954 -0.00488 -0.005638 -0.002408 -0.003723 -0.002719 0.003742
1341846340.770081 -0.003711 -0.001679 -0.004173 0.0009118 -0.0002289 0.005481
1341846340.801980 -0.009359 0.0001552 -0.002869 -0.0005411 0.0002541 0.01004
1341846340.833999 -0.001056 -0.003961 -0.002004 -0.0004391 -0.00467 0.007153
1341846340.870013 -1.357e-05 0.0004487 -0.003616 0.002591 0.0001881 0.00329
1341846340.901955 -0.005377 0.001354 -0.002343 -0.00198 0.001821 -0.0009942
1341846340.933918 0.000603 -0.001979 -0.0006134 -0.004492 0.0008323 -0.005542
1341846340.970122 0.001009 -0.002109 0.0004566 -0.002958 0.005431 -0.01002
1341846341.001922 -0.004024 0.001292 -0.00103 -0.00228 0.008949 -0.01048
1341846341.037923 -0.006265 -0.002541 8.068e-05 -0.003221 0.006401 -0.004662
1341846341.070300 -0.003491 -0.0003748 -0.001418 -0.0009564 0.002445 -0.0005214
1341846341.102028 0.0002855 -0.001087 -0.0004225 -4.331e-05 0.002946 -0.001018
1341846341.137982 -0.004889 0.0004987 -0.0006262 0.0001489 0.00523 -0.001102
1341846341.170048 -0.003237 0.0008608 -0.001273 -0.0009238 0.00163 -0.003073
1341846341.202110 -0.001137 0.0008273 0.0003765 -0.002779 0.001158 -0.003829
1341846341.237996 -0.002871 -0.0009992 0.001036 -0.003577 0.00019 -0.001847
1341846341.269883 0.003615 4.864e-06 0.0007339 -0.001832 -0.002146 -0.000734
1341846341.306107 -0.0009824 -0.0002176 -0.0004947 -0.001479 0.001805 0.001233
1341846341.338109 -0.003137 0.0006443 -0.001406 -0.001362 -4.473e-05 0.003236
1341846341.370120 0.0005869 -0.0005181 -0.001181 -0.00144 -0.002725 0.005169
1341846341.406074 0.006672 0.0004282 -0.002002 6.954e-05 -0.002476 0.001363
1341846341.438113 0.0001099 0.004335 -0.003022 -0.001629 0.003987 -0.0005863
1341846341.470024 -0.005201 -0.00296 -4.028e-06 -0.006437 0.001837 0.003578
1341846341.506077 0.006032 -0.0053 0.0005552 -0.0006215 -0.003594 0.003148
1341846341.538156 0.007428 0.002602 -0.0009312 0.002088 0.001768 -0.0002464
1341846341.574016 -0.001601 2.031e-05 0.0006546 -0.001959 0.004815 -0.001546
1341846341.612466 0.001966 -0.002506 0.002348 -0.001322 0.0008368 -0.0002927
1341846341.643972 0.003339 -0.0006053 0.002315 0.001889 0.001946 0.002435
1341846341.679982 0.004376 0.00309 0.001035 0.001116 0.001756 -0.001969
1341846341.712332 0.003577 -0.0006468 0.003206 -0.001436 0.003672 -0.005959
1341846341.744185 -0.001462 0.001995 0.001008 -0.0003603 0.004254 -0.003318
1341846341.780061 0.001562 -0.0006456 0.002273 -0.0009107 0.0006688 -0.003237
1341846341.842595 -0.005045 0.00703 0.003367 -0.003685 0.00307 -0.01158
1341846341.906227 -0.006772 0.006227 0.006544 -0.005658 0.003351 -0.01048
1341846341.942069 -0.004124 0.00544 0.003034 -0.005789 0.001259 -0.003542
1341846341.974775 -0.001948 0.0001368 0.005618 -0.006542 0.0006115 -0.003228
1341846342.010161 5.84e-05 -0.000361 0.003723 -0.001422 0.002468 -0.004155
1341846342.042024 -0.01161 0.007752 0.0009803 -0.001809 0.004393 -0.0006913
1341846342.080032 -0.00366 -0.00177 0.003985 -0.004553 -0.003935 -0.0007214
1341846342.112265 0.003139 0.004204 0.001471 2.962e-06 -0.002079 -0.004292
1341846342.147954 -0.005271 0.004512 0.0003287 -0.004047 0.003886 -0.004832
1341846342.179852 -0.004941 -0.002304 0.002124 -0.006356 5.159e-05 -0.002523
1341846342.211848 -0.0005107 -0.0008565 0.0008545 -0.001457 -0.001194 0.0003197
1341846342.247920 -0.00359 0.001805 -0.0006058 -0.002082 0.0006957 0.001747
1341846342.279870 -0.002406 -0.000243 -0.0001081 -0.003347 -0.0004453 -0.001686
1341846342.316068 -0.001479 -0.0004815 0.0001368 -0.002807 -0.0001774 -0.002023
1341846342.347894 -0.002786 -0.002013 -0.000265 -0.001281 0.000567 -0.0002767
1341846342.379953 -0.002151 0.001386 -0.00219 -6.368e-05 -0.0007827 -0.0009798
1341846342.416195 0.001711 -2.636e-05 -0.0016 -0.001256 -0.0009943 -0.002688
