1341836644.499407 0.003116 -0.001979 0.0004585 -0.0002294 -0.001087 0.005461
1341836644.531415 0.002263 0.0005083 -0.0002656 -0.001211 -0.003697 0.005465
1341836644.564591 -0.002131 -0.0002897 -0.0003728 -0.0008814 0.002896 0.004604
1341836644.599367 0.003333 0.0001783 0.0007096 0.0008169 -0.0003699 0.002703
1341836644.631394 0.006305 -0.0007682 -9.185e-05 -0.001476 -0.005696 -0.0006569
1341836644.667522 0.001321 0.0007709 8.707e-05 0.0007892 -0.00225 -0.002727
1341836644.699329 -0.002281 0.002896 0.0004347 0.001766 0.004931 -0.001787
1341836644.732436 0.004203 0.0004173 0.00139 -0.000664 0.001255 0.001933
1341836644.767608 0.007475 -0.0001533 0.0003418 -0.001956 -0.00511 0.003348
1341836644.799416 0.005659 0.002256 0.0001412 -0.0003314 -0.004476 0.001493
1341836644.835424 0.004102 0.001691 0.0004299 -0.001751 -0.001152 -0.0001833
1341836644.867494 0.008219 -0.00279 0.0008644 -0.003044 -0.006061 0.0003898
1341836644.900397 0.0128 0.001325 -0.00013 0.002534 -0.0163 -0.0005794
1341836644.935459 0.0009538 0.008128 0.001054 0.003174 -0.003869 -0.00426
1341836644.967501 0.0001962 -4.328e-05 0.001105 -0.002578 0.006589 -0.003646
1341836645.003481 0.006768 -0.003447 0.00272 -0.001923 0.002038 -0.002487
1341836645.035729 0.007535 -0.0009058 0.00297 0.002687 -0.002576 -0.0007688
1341836645.067522 0.005751 0.001854 0.002212 0.002301 -0.002491 -0.0005153
1341836645.103395 0.004569 -0.0008594 0.001697 0.001041 0.0005934 -0.000916
1341836645.135434 0.005671 0.001753 0.002499 0.002405 0.001944 -0.001725
1341836645.171464 0.008763 -0.003439 0.00268 -0.002027 -0.002591 -0.001037
1341836645.203602 0.01056 -0.002849 0.000972 -0.001085 -0.01189 0.0005489
1341836645.268485 0.003687 0.004105 0.003488 0.008113 -0.005569 -0.006768
1341836645.300381 0.006275 0.001476 0.002621 0.002769 0.00228 -0.00307
1341836645.332448 0.00858 -0.001996 0.00179 -0.002858 -0.003373 -0.0007786
1341836645.368637 0.004015 -0.001354 0.00168 -0.0002225 -0.001707 -0.0009758
1341836645.400357 0.00322 -0.000784 0.002581 0.0006555 0.00307 0.001483
1341836645.436458 0.008712 0.0002125 0.001828 -0.0008556 -0.0005188 0.003357
1341836645.468292 0.006492 -0.001408 0.002101 -0.002303 -0.0008307 0.001808
1341836645.500314 0.004956 -0.0008862 0.00219 0.0005273 0.001386 -0.0005839
1341836645.536518 0.007593 0.0001239 0.002441 0.002687 -0.001968 -0.002933
1341836645.568523 0.006032 -0.0007469 0.001558 0.001818 -0.005267 -0.005752
1341836645.600614 0.002139 0.0009158 0.001444 0.004976 -0.001204 -0.006998
1341836645.636399 0.5663 -0.343 -0.3913 -0.3041 -0.5041 -0.07
1341836645.668423 -0.007045 0.007636 0.01803 0.003974 0.006918 0.001807
1341836645.704571 -0.0156 0.05386 0.1074 0.03617 -0.01302 0.009636
1341836645.736446 5.093e-05 0.006634 0.0002774 0.006903 -0.00058 -0.0008954
1341836645.768581 0.003469 0.001149 0.0007249 0.0005796 0.002985 -0.004823
1341836645.804471 0.004433 -0.005319 0.0006336 -0.003275 -0.004698 -0.001672
1341836645.836450 -0.000865 0.000974 -0.0004079 0.003375 -0.006307 0.0005864
1341836645.868482 -0.001397 0.007025 0.0001413 0.00619 0.0008991 -0.00293
1341836645.904369 0.002456 9.337e-05 0.0007125 -0.0003502 0.003785 -0.002421
1341836645.936671 0.006745 -0.001327 -0.001039 -0.00182 -0.006608 0.001065
1341836645.972383 0.0006999 0.001025 -0.001624 -2.204e-05 -0.008721 -0.0005587
1341836646.004478 -0.0003612 0.003144 0.0003048 0.00374 -0.001661 -0.003091
1341836646.036301 0.003784 0.00563 0.000432 0.002282 0.001834 -0.004371
1341836646.072544 0.004301 -0.003908 -0.0005155 -0.005246 -0.003374 -0.002863
1341836646.104418 0.001251 0.003084 -0.0008663 0.002294 -0.005448 -0.0033
1341836646.140512 0.0001938 0.006894 -0.000244 0.002649 0.0007297 -0.004746
1341836646.172566 0.004932 0.001409 -0.00113 -0.004522 -0.0008294 -0.002595
1341836646.204386 0.003538 -0.004106 -0.001979 -0.008591 -0.005256 0.001054
1341836646.240475 0.001268 -0.0004947 -0.001175 -0.0006388 -0.004931 -0.0002592
1341836646.272445 0.00134 0.006634 -0.0001621 0.007056 -0.0009512 -0.006726
1341836646.304437 0.003594 0.001884 -0.0004895 0.0009001 0.001023 -0.01003
1341836646.340458 0.003441 -0.002956 -0.0002175 -0.001364 -0.001701 -0.005797
1341836646.372536 0.002658 0.0003418 -0.0005688 0.002393 -0.003844 -0.001389
1341836646.408321 0.004309 0.005375 -0.0003644 0.004446 -0.002208 -0.00205
1341836646.443411 0.0049 0.0005479 -0.0005358 -0.0001359 -0.0006708 -0.004354
1341836646.475541 0.002398 -0.002336 0.0006002 -0.0005119 0.0007042 -0.003144
1341836646.511330 0.004761 -0.002065 0.0003451 0.0008273 -0.003852 0.0004205
1341836646.543429 0.004509 0.003612 -0.0008857 0.003022 -0.006634 -6.639e-05
1341836646.575532 0.0001729 0.0005796 0.000419 -3.337e-05 0.002006 -0.001815
1341836646.611374 0.005372 -0.002127 0.0007514 0.0006534 -0.001049 0.0009201
1341836646.643418 0.00515 0.001325 -0.0007973 0.0006274 -0.006073 0.002536
1341836646.676255 0.002003 0.001931 -0.0001206 0.001218 -0.002086 0.0001588
1341836646.711566 0.003353 0.002433 0.0005135 0.002853 0.001889 -0.003506
1341836646.743612 0.007239 -0.001193 6.442e-05 -0.0009529 -0.001694 -0.003179
1341836646.776453 0.006558 0.0003098 -0.002266 -0.001126 -0.00874 -0.0008617
1341836646.811314 0.0008267 0.003737 -0.001152 -0.001149 -0.0013 -0.001301
1341836646.843456 0.002531 -0.004787 -0.0001811 -0.002861 0.001859 -0.001311
1341836646.879601 0.005031 0.002836 -0.0003338 0.006486 -0.002606 -0.003893
1341836646.911508 0.005828 0.00527 -0.001529 0.001299 -0.00326 -0.00257
1341836646.944466 0.004323 -0.003091 -0.002357 -0.007526 -0.002408 0.004173
1341836646.979650 0.003673 -0.001017 -0.002077 -0.001826 -0.003123 0.002831
1341836647.011549 0.003392 0.001486 -0.0004882 0.002048 -0.0007714 -0.000908
1341836647.047276 0.003836 0.0006738 -0.0002632 0.0033 -0.0002269 -0.002992
1341836647.079883 0.004403 0.001264 -0.0006176 0.002386 -0.001214 -0.0007703
1341836647.112309 0.004329 -0.001685 -0.001164 -0.001004 -0.003311 0.004114
1341836647.147394 0.005112 0.003508 -0.002568 0.000924 -0.004117 0.004674
1341836647.179760 0.004867 0.0003313 -0.002052 -0.002204 -0.0003096 -0.0004538
1341836647.215378 0.004114 -0.003024 -0.0002295 -2.331e-05 0.0004802 -0.003286
1341836647.247420 0.006931 0.003767 -0.001778 0.0051 -0.005317 -0.00295
1341836647.279655 0.0041 7.946e-05 -0.002659 -0.001976 -0.004941 -0.001647
1341836647.315536 0.003037 0.0002853 -0.0009064 0.0004817 -0.00139 -0.0006918
1341836647.347424 0.005596 0.005209 -0.0001668 0.004506 -0.0009816 -0.002951
1341836647.383428 0.006617 0.0002606 -0.001168 -0.002726 -0.00228 -0.00063
1341836647.415868 0.005264 -0.002603 -0.002177 -0.003165 -0.003485 0.001378
1341836647.447313 0.004673 0.002965 -0.001506 0.002066 -0.002974 -0.001266
1341836647.483323 0.004452 0.002023 0.000481 0.002651 0.0006103 -0.003776
1341836647.515268 0.009853 -0.001013 -0.004393 -0.001646 -0.003308 -0.003067
1341836647.551310 0.004503 -0.004834 -0.001548 -0.004757 -0.005026 6.781e-05
1341836647.583646 0.001297 0.001764 0.001087 0.005374 -0.003107 -0.001182
1341836647.615408 0.005572 0.007957 0.0001924 0.007341 0.0003493 -0.003178
1341836647.651361 0.006221 -0.004298 -0.0001144 -0.003968 -0.001189 -0.001434
1341836647.683468 0.006416 -0.006274 -0.00593 -0.001035 -0.00508 -0.0004438
1341836647.719371 0.0001821 0.01347 0.007925 0.01095 0.001126 -0.0005303
1341836647.751530 0.004241 -0.002877 -0.00082 -0.002881 -0.00269 -0.001166
1341836647.783455 0.001903 -0.0007827 -0.0007268 0.002012 -0.004205 -0.0003914
1341836647.819686 0.004901 0.009098 -0.002096 0.006346 -0.003246 -0.00123
1341836647.853486 0.007858 0.002612 -0.00509 -0.007785 -0.004121 -0.002621
1341836647.916534 0.004619 -0.008509 -0.006879 -0.02521 -0.004695 -0.003702
1341836647.948400 0.003171 0.0005217 -0.001701 -0.004125 -0.002599 0.0004936
1341836647.980401 0.002709 0.001899 -0.001477 -0.004283 -0.001969 -0.003091
1341836648.016248 0.001322 -0.005399 0.001372 -0.006755 -0.0007345 -0.00279
1341836648.048488 0.001486 0.00043 0.002822 0.002262 -0.002603 -0.002214
1341836648.084384 0.002547 0.006783 0.002299 0.006586 -0.002602 -0.004487
1341836648.116380 0.003127 -4.237e-05 0.001473 -0.002513 -0.0009149 -0.00389
1341836648.148607 0.002623 -0.003434 0.003382 -0.00189 -0.001413 -0.0008712
1341836648.184359 0.003213 0.004384 0.002243 0.006082 -0.002588 -0.001918
1341836648.216432 0.007564 -0.001182 -0.006608 -0.00103 -0.003131 -0.006408
1341836648.248656 0.002407 0.005386 0.01015 0.002311 0.0025 -0.0052
1341836648.284489 0.004243 0.0008482 0.001229 -5.503e-05 0.001192 -0.000507
1341836648.316520 0.003921 -0.001924 -0.00172 -0.005595 -0.002811 0.006196
1341836648.352435 0.004562 -0.003093 -0.0004189 -0.003891 -0.005591 0.003307
1341836648.384520 0.005045 0.002939 0.0009171 0.003867 -0.001346 -0.004036
1341836648.416398 0.003505 0.002826 0.001533 0.003566 0.002375 -0.007611
1341836648.452470 0.004847 -0.002199 -0.0006176 -0.002197 -0.00644 -0.005225
1341836648.484451 0.005065 0.000738 -0.0004678 0.002341 -0.006954 -0.002725
1341836648.516566 0.006295 0.01022 -0.001583 0.00438 0.001012 -2.205e-05
1341836648.552359 0.005597 -0.007214 -0.002406 -0.01357 -0.001765 0.002941
1341836648.584620 0.004629 -0.007968 0.0001558 -0.008021 -0.008604 0.002995
1341836648.620348 0.004595 0.003809 0.0008565 0.005675 -0.005032 -0.002061
1341836648.652456 0.00421 0.002152 0.001297 0.003098 0.001145 -0.00461
1341836648.684673 0.003477 -0.002748 0.002269 -1.572e-05 -0.0009925 3.166e-05
1341836648.720398 0.004347 0.003665 0.0005653 0.004881 -0.005881 0.003024
1341836648.752718 0.004897 0.004003 -0.002732 -0.0004244 -0.003173 -0.0001348
1341836648.784417 0.004234 -0.005204 0.001279 -0.00557 0.0004189 0.0001239
1341836648.820311 0.002997 0.001972 0.006076 0.003476 -0.003447 0.001117
1341836648.852674 0.003745 0.0003197 -0.0002767 0.002151 -0.007957 -7.837e-05
1341836648.888350 0.004714 0.008232 -0.001319 0.006037 -0.002543 -0.003043
1341836648.920522 0.003957 -0.0006386 -0.0006907 -0.00504 0.002945 -0.004484
1341836648.952600 0.004516 -0.008209 0.000743 -0.007464 -0.004319 0.0009617
1341836648.988550 0.004536 0.001761 -0.0002038 0.003365 -0.009067 -0.0009521
1341836649.020401 0.005566 0.002992 -0.005347 0.001944 -0.001479 -0.008677
1341836649.052485 0.004375 -0.0008237 0.002596 -0.0007713 0.002763 -0.01006
1341836649.088537 0.003708 0.003344 0.005476 0.002299 -0.002533 -0.005217
1341836649.120749 0.004319 -0.001658 -0.001372 -0.001768 -0.007761 0.001459
1341836649.156447 0.005111 0.007635 -0.004648 0.002436 -0.007437 -0.001282
1341836649.191609 0.003891 -0.002359 -0.003797 -0.009043 -0.001688 -0.007973
1341836649.223378 0.002688 -0.01011 9.059e-05 -0.009325 -0.004107 -0.003447
1341836649.259470 0.002661 -0.00111 0.000635 0.003858 -0.009735 -0.0008478
1341836649.291408 0.002622 0.008575 -0.002053 0.009906 -0.005709 -0.001104
1341836649.324308 0.002563 0.0005241 -0.002817 -0.000474 -0.003976 -0.002572
1341836649.359549 0.002111 -0.002352 -0.002862 -0.00319 -0.005382 -0.0006648
1341836649.391538 0.001334 -0.004459 -0.00148 -0.003303 -0.005203 0.005108
1341836649.424392 0.002462 0.0009919 -0.00103 0.004143 -0.007492 0.003979
1341836649.459481 0.003442 0.006467 -0.001378 0.00809 -0.004262 -0.006584
1341836649.491553 0.001497 0.002027 -0.0003641 0.002373 0.003223 -0.00627
1341836649.527493 0.002835 -0.001717 -0.002195 -0.001894 -0.005719 0.00106
1341836649.559630 0.00399 0.002826 -0.003236 -0.000749 -0.01169 0.0009975
1341836649.592419 0.003855 0.002525 -0.002371 0.00032 -0.002118 -0.003444
1341836649.627461 0.002497 0.0003102 -0.0006408 -0.0005113 0.0005001 -0.006611
1341836649.659539 0.004 -0.0006491 -0.00238 -0.002519 -0.008454 -0.005189
1341836649.695475 0.003499 -0.0003499 -0.001458 -0.002116 -0.006853 -0.000928
1341836649.727546 0.003592 0.002614 -0.001506 0.001007 -0.001102 -0.001093
1341836649.759850 0.003221 -0.002306 -0.001313 -0.003279 -0.001882 -0.001801
1341836649.795598 0.002503 -0.002567 0.0001776 -0.001363 -0.004937 -0.0007485
1341836649.827518 0.002521 0.000784 -0.0001687 0.002409 -0.005871 -0.001436
1341836649.863348 0.002062 0.0002864 -0.0001083 0.0018 -0.005939 -0.00338
1341836649.895428 0.002645 0.002783 -2.674e-05 0.00353 -0.006437 -0.004197
1341836649.927544 0.003575 0.002439 -0.0007956 -0.001119 -0.005044 -0.0007289
1341836649.963501 0.002322 -0.006841 -0.0007585 -0.00604 -0.005615 0.0009567
1341836649.995553 0.005712 0.006665 0.0006398 0.00727 -0.009633 -0.009114
1341836650.031537 0.005019 -0.0005851 0.002559 -0.001117 0.001622 -0.01177
1341836650.063598 0.0001094 -0.00592 0.002828 -0.0014 0.00609 -0.0008223
1341836650.095501 0.003445 -0.00155 0.002012 0.002585 -0.007696 0.003194
1341836650.131318 0.005225 0.001203 0.0039 0.005576 -0.002693 -0.0002919
1341836650.163488 0.002308 0.002622 0.004596 0.00921 0.008814 -0.003666
1341836650.199592 0.0007586 -0.001375 0.002994 0.002453 0.002536 -0.00188
1341836650.231356 0.003101 -0.00437 0.002223 -0.0002632 -0.00675 0.002206
1341836650.263424 0.004794 0.002739 0.003404 0.007973 -0.002529 -0.002012
1341836650.299517 0.00277 0.005076 0.00332 0.007246 0.006577 -0.006929
1341836650.331411 0.0001301 -0.005688 0.001201 -0.004933 0.00113 -0.0009401
1341836650.367434 0.002223 -0.005938 0.001868 -0.001684 -0.006919 0.00381
1341836650.399463 0.00571 0.007763 0.002565 0.009985 -0.002074 -0.0001922
1341836650.431372 0.003855 0.0006577 0.001194 -0.0009403 0.009763 -0.004355
1341836650.467340 -0.001776 -0.01111 0.0003535 -0.008002 0.005173 0.002824
1341836650.499390 0.002424 -0.002495 0.001022 0.002721 -0.01163 0.006599
1341836650.535414 0.007728 0.01123 0.002145 0.009169 -0.005612 -0.001776
1341836650.567432 0.003241 -0.004021 0.00112 -0.005193 0.01141 -0.005293
1341836650.599729 -0.001893 -0.008613 0.002399 -0.004971 0.004859 0.002329
1341836650.635523 0.002184 -0.001277 0.002998 0.005137 -0.0105 0.00535
1341836650.696472 0.007213 0.005039 0.004673 0.008382 0.00535 -0.004661
1341836650.728572 -0.002694 -0.004487 0.004004 0.003227 -5.468e-05 0.0003498
1341836650.764407 0.003221 0.004976 0.003182 0.01132 -0.008877 0.0004357
1341836650.796446 0.004157 0.008903 0.001956 0.009365 -0.001222 -0.004882
1341836650.832440 0.002679 -0.002079 0.001093 -0.002417 0.003388 -0.005271
1341836650.864388 0.0008619 -0.001963 0.00177 -0.000968 0.002631 0.003613
1341836650.896427 0.002114 0.003361 0.0004005 0.0008724 -0.003448 0.007236
1341836650.932458 0.005433 -0.002759 -0.001734 -0.004146 -0.005381 -0.001983
1341836650.964559 0.004046 -0.003871 0.001541 0.002152 0.0009367 -0.01095
1341836650.996603 0.001174 0.004965 0.003956 0.01391 0.002084 -0.01194
1341836651.032359 0.01723 -0.03811 -0.06797 -0.02649 -0.009784 -0.0219
1341836651.065106 0.01532 0.03751 0.07503 0.01577 -0.01874 0.01814
1341836651.100531 0.004238 0.01287 0.0328 0.007287 -0.003986 0.01288
1341836651.132412 0.003333 -0.001605 0.001579 0.003285 -0.0004503 0.005114
1341836651.164502 0.00487 0.00227 0.00151 0.007898 -0.0002499 -0.001854
1341836651.200408 0.004406 0.004883 0.001758 0.007451 0.003405 -0.004926
1341836651.232543 0.00144 0.001966 0.002374 0.001588 0.002266 -0.001931
1341836651.264390 0.003434 0.001384 -0.0003326 -0.001667 -0.002164 0.002401
1341836651.300593 0.002395 -0.007272 -0.001509 -0.008941 -0.0005066 0.007044
1341836651.332404 0.002705 -0.0054 0.0009905 -0.0003834 -0.002947 0.003775
1341836651.368411 0.005969 0.006246 0.0001404 0.009032 -0.0001257 -0.003759
1341836651.432559 0.002168 -0.00088 0.001492 -0.0001105 0.002147 0.00339
1341836651.468558 0.005658 -0.0009538 -0.001447 0.0002771 -0.004159 0.002179
1341836651.500419 0.00289 0.001661 0.0003628 0.003038 0.001224 -0.0009906
1341836651.536291 0.001765 0.002172 0.0009507 0.002209 -0.002833 -0.004508
1341836651.571607 0.003362 0.0002277 -0.001883 -0.0007739 -0.005104 -0.002913
1341836651.603416 0.004018 -0.0009707 9.674e-05 -0.0003407 -0.004868 -0.0006473
1341836651.636345 0.004174 0.00249 -0.0002968 0.00287 -0.001271 -0.003219
1341836651.671520 0.004237 -0.001495 0.0001586 -0.001402 0.0008571 -0.002793
1341836651.703414 0.004636 -0.0004494 0.001023 0.0009426 0.001341 0.001184
1341836651.739284 0.003357 0.00265 0.0003824 0.002263 0.003025 0.003686
1341836651.771369 0.002884 0.0002916 0.001066 -0.00211 9.927e-05 0.002795
1341836651.804433 0.004088 -0.0005103 0.0009973 -0.0005466 -0.001733 -0.001371
1341836651.839404 0.004744 0.001204 0.0001557 0.0007137 0.0002994 -0.005949
1341836651.871580 0.005281 -0.001567 -7.331e-05 0.000285 0.002047 -0.006705
1341836651.907527 0.003957 0.003442 0.0007913 0.003993 0.005344 -0.002967
1341836651.971622 0.007163 0.001995 -0.00225 -0.00909 0.002082 0.006623
1341836652.036385 0.007301 0.004637 -0.001447 -0.007262 0.003709 -0.001952
1341836652.072378 0.004066 -0.007245 -0.001803 -0.01233 -0.0016 -0.004897
1341836652.104579 0.005623 -0.005184 -0.001382 -0.002949 -0.0001506 -0.004449
1341836652.136528 0.004772 0.004051 -7.679e-05 0.004668 0.005617 -0.001242
1341836652.172406 0.003293 0.0009978 0.003168 -8.879e-05 0.003244 0.003764
1341836652.204464 0.003922 0.001877 0.0002583 0.00161 -0.001808 0.003206
1341836652.236445 0.004178 0.001637 -0.001716 -0.0009328 -0.000212 0.0003104
1341836652.272534 0.004085 -0.00178 -0.0001069 -0.002454 -0.0001162 -0.00131
1341836652.304539 0.003661 0.002263 0.001494 0.001953 -0.001519 -0.002458
1341836652.340457 0.002997 0.001278 -0.001268 -0.00017 -0.003129 -0.0009292
1341836652.372354 0.004099 0.003038 -0.002662 0.000656 -0.004542 0.001816
1341836652.404586 0.003339 0.003593 -0.00486 -0.002742 -0.001999 -0.001452
1341836652.440582 0.002835 -0.0005926 -0.003257 -0.01025 -0.003426 -0.002338
1341836652.472458 0.004625 -0.009018 -0.001817 -0.01299 -0.01 -0.002064
1341836652.508430 0.003566 -0.000198 -0.002344 0.001556 -0.007549 -0.00494
1341836652.540557 0.002158 0.008158 -0.003988 0.005989 -0.002357 -0.004064
1341836652.572320 0.001664 -0.0002409 -0.001897 -0.005095 -0.003898 0.0008707
1341836652.608307 0.002551 0.001052 -0.003325 -0.002943 -0.007696 0.001685
1341836652.640836 0.002785 -0.002897 -0.003377 -0.005001 -0.005217 0.0003817
1341836652.672440 0.001976 0.005258 -0.001572 0.003052 -0.003794 -0.002482
1341836652.711327 0.001896 0.0003226 -0.001844 -0.004101 -0.004787 -0.005581
1341836652.776408 0.003412 0.004246 -0.005028 -0.002121 -0.01308 -0.01448
1341836652.808415 0.0005709 0.0009598 -0.003278 -0.002374 0.0009443 -0.006828
1341836652.840367 0.001866 -0.002185 -0.0001173 -0.003818 -0.001409 -0.0005752
1341836652.876393 0.001891 0.004594 -0.001857 0.002599 -0.003069 0.0008464
1341836652.908629 0.002335 0.0007865 -0.003274 -0.003482 -0.002447 -0.002294
1341836652.940449 0.001916 0.002806 -0.003117 -0.002209 -9.854e-05 -0.007019
1341836652.976581 0.0014 -0.000286 -0.002008 -0.006858 0.0002516 -0.006927
1341836653.008397 0.001651 -0.001814 -0.001019 -0.005741 -0.002847 -0.0003759
1341836653.044490 0.001219 0.006362 -0.004906 -0.0006698 -0.002926 -0.0007214
1341836653.076336 0.001771 -0.003828 -0.00388 -0.01346 -0.003297 -0.0006594
1341836653.108596 0.003378 -0.006183 -0.0002847 -0.01034 -0.00776 0.0005386
1341836653.144391 0.002692 0.002748 -0.003159 0.0004472 -0.006796 -0.004926
1341836653.176378 0.002221 0.000357 -0.003751 -0.002558 -0.002147 -0.007458
1341836653.208498 0.002735 -0.002148 0.0002311 -0.002576 -0.001765 -0.00546
1341836653.244394 0.00342 0.0007831 0.001155 0.001951 -0.00542 -0.003944
1341836653.276440 0.003541 0.003999 -0.001513 0.004952 -0.006313 -0.001858
1341836653.312531 0.004291 0.002748 -0.003067 0.001605 -0.005129 -0.002818
1341836653.344448 0.004141 0.003504 -0.003262 0.001797 -0.001759 -0.003998
1341836653.376359 0.003495 0.00266 -0.001817 -0.001972 -0.002384 -0.001492
1341836653.412642 0.004891 -0.001847 -0.001186 -0.00857 -0.0116 -0.00146
1341836653.444444 0.004921 -0.006717 -0.001599 -0.006803 -0.01272 -0.007225
1341836653.476364 0.004847 0.009923 -0.001905 0.0121 -0.005963 -0.01243
1341836653.512805 0.003693 0.007241 -0.001936 0.001331 -0.002492 -0.01123
1341836653.544382 0.003098 -0.008474 0.0003886 -0.0121 -0.007213 -0.002885
1341836653.580436 0.004634 -0.002862 0.001884 -0.0009956 -0.01002 -0.001409
1341836653.612615 0.005502 -0.001717 0.003315 0.00457 -0.005767 -0.003949
1341836653.644417 0.005829 0.001949 0.006461 0.01375 -0.0009773 -0.006353
1341836653.680557 0.006887 0.01083 0.008928 0.02306 0.00319 -0.002814
1341836653.712559 0.005963 0.01178 0.004626 0.01468 0.002657 0.005555
1341836653.748452 0.004288 -0.00201 0.001317 -0.00368 -0.001459 0.007727
1341836653.783417 0.005504 -0.004266 0.00107 -0.004032 -0.002514 0.004796
1341836653.815425 0.004705 -0.006474 -0.001264 -0.00159 -0.0008269 -0.002014
1341836653.851322 0.004884 0.0007175 0.003009 0.005422 -0.0006303 -0.004605
1341836653.883281 0.004656 0.003947 0.001716 0.006001 -4.278e-05 -0.002749
1341836653.915492 0.003239 0.002742 0.001649 0.001434 0.0001663 0.004124
1341836653.951283 0.004971 0.002268 0.003626 -0.002386 -0.003224 0.007143
1341836653.983349 0.004802 -0.003558 -0.0007481 -0.006465 -0.001044 0.002386
1341836654.016438 0.00417 -0.004292 0.001808 -0.003423 0.0002887 -0.00199
1341836654.051428 0.003752 0.0001972 0.001553 0.0009989 -0.00212 -0.004427
1341836654.083312 0.002984 -0.001144 -0.003678 -0.0008285 -0.002833 -0.004976
1341836654.116466 0.00446 -0.0002938 -0.0005544 -0.001641 -0.003007 -0.002677
1341836654.151472 0.005138 0.0003725 0.00228 -0.001097 0.0001218 -0.0008598
1341836654.184154 0.002583 -0.002407 0.003228 -0.002544 0.0008933 0.00365
1341836654.219564 0.003738 -0.002625 0.001643 -0.0003049 -0.006506 0.003196
1341836654.251691 0.005543 0.003224 -0.001685 0.003549 -0.005222 -0.007143
1341836654.284270 0.002723 -0.002743 0.0008209 -0.00137 0.001053 -0.006179
1341836654.319403 0.001555 0.003374 0.002157 0.002134 -0.005526 0.001552
1341836654.351347 0.003563 0.001633 -0.003137 -0.004625 -0.01024 -4.886e-05
1341836654.387381 0.00306 -0.006982 -0.001553 -0.009904 -0.004918 -0.0001283
1341836654.419353 0.002196 -0.005783 0.000568 -0.003441 -0.004343 -0.002695
1341836654.452695 0.002339 0.0002456 0.0003415 0.003933 -0.007082 -0.004552
1341836654.487501 0.002916 0.003898 0.0002653 0.005905 -0.008051 -0.002086
1341836654.519450 0.004647 0.002213 -0.0002912 0.001423 -0.006046 0.001318
1341836654.555629 0.00247 0.002294 -0.0006738 0.001317 -0.00268 0.00512
1341836654.587589 0.002658 -4.439e-06 -0.002289 -0.003116 -0.004862 0.003142
1341836654.619522 0.00207 -0.002459 -0.002326 -0.003095 -0.006381 -0.001971
1341836654.655478 0.002386 0.003566 -0.003108 0.001886 -0.008576 -0.009166
1341836654.687736 0.00304 0.003288 -0.002555 -0.001479 -0.008122 -0.01095
1341836654.723418 0.0008736 -0.001449 -0.002939 -0.00514 -0.007258 -0.004019
1341836654.755448 0.002764 -0.000439 -0.001051 -0.001471 -0.01094 -0.002064
1341836654.787485 0.00491 0.002986 -0.001186 0.0002693 -0.008462 -0.004998
1341836654.823401 0.002108 -0.000256 -0.002555 -0.003584 -0.003833 -0.005527
1341836654.855425 0.002701 -0.0002563 -0.001192 -0.001596 -0.006196 -0.004574
1341836654.891449 0.00267 0.001706 -0.001063 0.0008863 -0.006793 -0.001682
1341836654.923470 0.003107 0.001413 -0.002012 0.0002425 -0.009073 -0.002778
1341836654.955471 0.003812 0.000831 0.0007958 -0.002393 -0.005755 -0.006837
1341836654.991453 0.002067 -0.001628 0.0003282 -0.002085 -0.00119 -0.001729
1341836655.023471 0.002372 0.003435 -0.004994 0.002077 -0.006283 0.0008154
1341836655.059522 0.003438 -0.002255 0.0003679 -0.003735 -0.007141 -0.005195
1341836655.091524 0.003962 -0.0001539 0.001855 -0.0002261 -0.004373 -0.00602
1341836655.123583 0.003183 0.002425 -0.001615 0.0002925 -0.002433 -0.006577
1341836655.159532 0.002498 -0.001712 0.0001697 -0.002292 -0.001176 -0.001481
1341836655.191604 0.00414 -0.0003339 3.051e-05 0.001557 -0.002979 0.002289
1341836655.227479 0.004207 0.00127 -0.0006439 0.0006708 -0.002302 -0.002864
1341836655.259363 0.002406 0.0007758 -0.002334 -0.0002276 -0.0007697 -0.0009757
1341836655.291588 0.002607 -3.45e-05 -0.004878 -0.000955 -0.005606 0.001131
1341836655.327501 0.004142 -0.002025 0.002305 -0.002349 -0.005326 -0.001146
1341836655.359452 0.003836 -0.0009113 0.002555 -0.000281 -0.0003965 -0.002343
1341836655.391579 0.002139 0.001538 -0.002549 0.001722 -0.0007273 -0.0002144
1341836655.427635 0.003173 0.0001483 -0.001648 0.0007166 -0.005694 0.0001505
1341836655.459486 0.004247 2.8e-05 -5.577e-05 0.0006548 -0.006748 -0.003115
1341836655.495656 0.003709 0.0006217 0.0003571 0.0007634 -0.00515 -0.006315
1341836655.527407 0.004284 0.00228 -0.001477 0.001086 -0.005401 -0.009093
1341836655.559591 0.003145 0.001426 0.0008306 -0.0007772 -0.001845 -0.007159
1341836655.595564 0.002003 -8.563e-05 -0.002222 -0.0006103 -0.00128 0.0009196
1341836655.627551 0.003556 -0.0006896 0.0008621 0.0001052 -0.003759 0.002081
1341836655.659450 0.003379 0.001111 -0.0002622 0.0002769 -0.0009373 0.0003207
1341836655.695604 0.001362 -0.001684 -0.004248 -0.0022 -0.0007649 8.401e-05
1341836655.727616 0.0007683 -0.003867 -0.0006124 -0.0003563 -0.006202 -0.001325
1341836655.765435 0.003045 -0.0004755 0.005906 0.005357 -0.00962 -0.005095
1341836655.795831 0.005534 0.005196 0.007984 0.007726 -0.006026 -0.0111
1341836655.856495 0.006523 -0.002649 -0.0006022 -0.004642 0.001347 -0.005082
1341836655.892350 0.003258 0.002933 -0.001315 -5.949e-05 -0.004037 0.004035
1341836655.924460 0.003049 -0.003215 -0.00202 -0.005146 -0.000341 0.003323
1341836655.960475 0.002984 -0.0003955 -0.002578 -0.001039 -0.0002643 -0.002112
1341836655.992525 0.002136 -0.0009501 -0.002007 -0.0008771 -0.001925 -0.003569
1341836656.024417 0.002669 0.000274 -0.002674 0.0002011 -0.007302 -0.006107
1341836656.060577 0.004939 -0.003941 0.009968 0.001577 -0.006769 -0.006864
1341836656.092482 0.00563 0.01182 0.003603 0.01547 -0.002328 -0.01133
1341836656.124465 0.003584 -0.004833 -0.008723 -0.01037 -0.001593 -0.005375
1341836656.160528 0.0001677 -0.006899 0.00387 -0.008584 -0.005737 0.00655
1341836656.192526 0.003659 0.005598 0.005563 0.009831 -0.009113 0.002325
1341836656.228391 0.00479 0.008039 0.003597 0.01033 0.0006672 -0.01034
1341836656.292403 0.004701 -0.01154 -0.005579 -0.01159 0.002733 0.0009696
1341836656.328500 0.001833 0.004943 0.004606 0.009534 -0.01023 0.004388
1341836656.360417 0.004359 0.008051 -0.00133 0.008542 0.00111 -0.007752
1341836656.392658 0.002909 -0.006475 -0.003168 -0.00852 0.007126 -0.002561
1341836656.428609 -0.004416 -0.002684 -0.0003182 -0.004655 0.0003632 0.001032
1341836656.460403 0.002678 0.00257 0.003653 0.002627 -0.004883 -0.0002398
1341836656.496330 0.002441 0.001079 0.001218 0.004745 0.001233 -0.005835
1341836656.531412 0.002647 0.001292 -0.0005607 0.004304 -0.0004149 -0.008509
1341836656.563360 0.002559 0.001714 -0.001527 -0.0008875 -0.003311 -0.00172
1341836656.596501 0.001827 -0.002471 -0.002906 -0.004895 -0.00348 0.002832
1341836656.631418 0.002864 0.001282 0.00438 0.002453 -0.0002871 -0.00162
1341836656.663388 0.002845 0.003015 -0.005111 0.001645 0.002194 -0.004729
1341836656.699457 0.002219 -0.007255 -0.004721 -0.01322 -0.002979 -0.001007
1341836656.731428 0.002309 -0.003601 0.004095 -0.002359 -0.003884 0.0007473
1341836656.765528 0.001837 0.008739 -0.001709 0.0122 0.003492 -0.005579
1341836656.799391 0.0019 -0.00482 -0.01085 -0.01136 0.005131 -0.005902
1341836656.831576 0.0008065 -0.009117 -0.002613 -0.01301 -0.0001133 0.001836
1341836656.867611 0.002102 0.00141 0.001408 0.001872 -0.005005 0.006636
1341836656.899460 0.001001 0.002743 -0.004824 -0.001452 0.001725 0.003745
1341836656.932364 0.001529 -0.009709 -0.002864 -0.01365 0.0009736 -2.634e-05
1341836656.967465 0.001857 -0.002614 0.003156 -0.0009702 -0.004041 -0.00141
1341836656.999353 0.001469 0.0052 0.001467 0.007235 -0.0009967 -0.002554
1341836657.035427 0.001013 0.001059 -0.002832 -0.001674 0.003924 0.0005117
1341836657.067501 0.002288 -0.005864 -0.005676 -0.01146 -0.001773 0.00238
1341836657.099425 0.002756 -0.003716 -0.003413 -0.008913 -0.003093 -0.003407
1341836657.135494 0.001756 -0.001376 -0.006113 -0.007727 0.002294 -0.003749
1341836657.200511 -0.001333 -0.01585 -0.0384 -0.04034 0.01538 -0.009648
1341836657.232481 -0.006675 -0.01188 -0.001874 -0.01787 0.003747 0.006526
1341836657.264386 0.003421 -0.004346 0.006159 -0.003674 -0.009273 0.01178
1341836657.300538 0.003967 -0.00203 0.005088 0.0004987 -0.001892 0.005294
1341836657.332374 0.0008344 -0.0005919 -0.003613 -0.0001718 0.003247 -0.002845
1341836657.364471 -0.001995 -0.001175 0.001489 -0.0001386 0.001271 0.0004876
1341836657.400496 0.0008262 4.244e-05 0.007524 0.00486 -0.008337 0.004289
1341836657.432503 0.002918 0.00148 0.007152 0.004327 -0.001089 -0.003435
1341836657.468447 -0.0001639 0.0003368 -0.001218 0.0005279 0.01211 -0.0001691
1341836657.500389 -0.005661 0.001255 -0.001967 0.0006154 0.005914 0.006542
1341836657.532473 0.002126 -0.001398 -0.0013 -0.004885 -0.003722 0.003763
1341836657.568422 0.004201 -0.009674 0.005049 -0.007469 0.002581 -0.001187
1341836657.600427 0.001798 -0.002688 0.007823 0.005613 0.003932 -0.001146
1341836657.632418 0.001009 0.003748 0.00776 0.01139 -0.003087 -0.003425
1341836657.668325 0.005325 -0.0005591 0.01214 0.009047 -0.004515 -0.004027
1341836657.700556 0.003246 0.002976 0.006715 0.01005 0.004291 -0.00515
1341836657.736472 0.0002353 0.001663 -0.0006987 0.004087 0.007096 -0.001532
1341836657.771605 -0.0001921 -0.001368 0.002715 0.001728 0.003027 0.00693
1341836657.807549 0.002516 -0.001106 0.003266 0.002233 0.0004304 0.007554
1341836657.839794 -0.0001811 0.001376 -0.002983 -0.001319 0.007543 0.002992
1341836657.871612 -0.0006767 -0.002493 -0.006853 -0.007508 0.00323 0.003013
1341836657.907492 0.003249 -0.006264 0.002983 -0.003997 -0.006952 0.003726
1341836657.939553 0.002052 0.0004256 0.004996 0.003726 -0.001151 0.0008426
1341836657.975553 -0.0006861 0.003152 -0.004712 8.034e-05 0.003133 -0.001635
1341836658.007445 0.0001049 0.0003131 -0.004497 -0.00514 -0.0005826 7.785e-05
1341836658.039399 0.0009034 -0.002845 -0.001034 -0.005248 6.097e-05 0.007515
1341836658.075640 0.001727 -0.001745 -0.002531 -0.003129 -0.001264 0.008497
1341836658.108092 0.002628 -0.004549 -0.001431 -0.004595 -0.002601 -0.001102
1341836658.139498 0.002169 -0.001338 0.0004244 2.84e-05 -0.0008608 -0.006207
1341836658.175582 -0.001318 0.006042 -0.002954 0.003426 0.001663 -0.00125
1341836658.207408 -0.0001408 0.001459 -0.00358 -0.001954 -0.003173 0.007779
1341836658.243540 0.002612 -0.004304 0.0007134 -0.005523 -0.004652 0.005447
1341836658.275405 0.001061 -0.003564 0.0007263 -0.002909 0.003653 -0.002013
1341836658.307866 5.494e-05 -0.0002017 -0.003476 3.819e-05 0.004406 -0.001807
1341836658.343353 1.114e-05 0.001448 -0.0004729 0.002045 -0.0002386 0.006449
1341836658.375434 0.001996 -0.001425 0.002929 0.001148 -0.003255 0.01163
1341836658.407464 0.003132 -0.003507 0.004259 0.001356 -0.0009408 0.007106
1341836658.443411 0.003222 -0.002377 0.006489 0.005752 0.0009759 0.0006771
1341836658.507527 0.003785 0.00932 0.01917 0.02776 -0.001807 0.002584
1341836658.572547 0.003245 0.004272 0.004855 0.009979 0.002001 0.006143
1341836658.604395 0.0006987 0.0005096 -0.0002354 0.001294 0.006995 0.00288
1341836658.640485 -0.001305 0.0001585 -0.0004928 -0.0001933 0.004363 0.004526
1341836658.672393 0.002296 -0.003101 0.002023 -0.001454 -0.002609 -9.09e-05
1341836658.708402 0.003855 -0.002667 0.003453 0.002968 -0.0004574 -0.005247
1341836658.740476 -0.002023 0.003811 -0.0003947 0.00587 0.007214 -0.003261
1341836658.772468 -3.501e-05 0.002626 -0.001049 0.0008003 0.001103 -0.0001374
1341836658.808450 0.002364 -0.004525 0.001221 -0.00324 0.0009369 0.002818
1341836658.840480 0.002177 -0.004925 0.001846 -3.16e-05 0.00796 0.004937
1341836658.872456 0.003517 -0.002301 0.002133 0.003177 0.009746 0.0004162
1341836658.908458 0.0008769 0.0004608 0.002191 0.003602 0.01358 -0.0006677
1341836658.940351 -0.003321 -0.001067 0.003766 0.002122 0.01168 0.0068
1341836658.976476 0.0002092 0.002717 0.001225 0.01115 0.005153 0.003611
1341836659.008380 -0.004485 0.01416 -0.002012 0.02475 0.01413 -0.008398
1341836659.040458 -0.003108 0.01075 0.003966 0.01863 0.01143 -0.005555
1341836659.076412 -0.0006183 0.0007329 0.004224 0.008333 8.375e-05 0.0007771
1341836659.108448 -0.0001463 0.004065 -7.776e-05 0.0143 0.001151 -0.0001154
1341836659.144382 -0.006702 0.01792 -0.0008301 0.02948 0.01409 -0.00188
1341836659.179511 0.000625 0.009766 0.003654 0.01705 0.004536 -0.001746
1341836659.211366 -0.002357 0.005994 -0.0005083 0.01309 0.006049 -0.002776
1341836659.247803 -0.001823 0.008608 -0.002329 0.01579 0.00982 -0.006635
1341836659.279328 -0.007775 0.01614 -0.002707 0.02579 0.01799 -0.004603
1341836659.311547 -0.007142 0.01156 -0.001255 0.01679 0.01425 0.000906
1341836659.347421 -0.003206 0.003325 -0.001883 0.003845 0.006801 -0.001147
1341836659.379417 -0.01012 0.001388 -0.005886 -0.0003323 0.01569 -0.004735
1341836659.412328 0.002863 0.007094 0.001158 0.001542 0.005125 0.0005881
1341836659.447326 0.01118 -0.0003637 0.005604 -0.003295 -0.01062 0.00674
1341836659.479746 0.005243 -0.004588 0.0005582 -0.004431 -0.009039 -0.001853
1341836659.512365 0.0007853 -0.0001744 -0.001012 0.001447 -4.251e-05 -0.008249
1341836659.576565 0.008543 0.00356 0.004393 0.0226 -0.009853 -0.008226
1341836659.612456 -0.01651 0.006491 -0.008639 0.01374 0.01695 -0.004265
1341836659.644708 -0.4299 -0.06345 -0.4062 -0.04552 0.4505 -0.09013
1341836659.680311 0.006164 -0.07436 0.02761 -0.06834 -0.005844 0.02653
1341836659.715470 0.0007797 -0.002204 -0.003184 0.005738 -0.002059 0.002053
1341836659.780557 -0.02571 0.01804 -0.01144 0.01895 0.03584 -0.01435
1341836659.812352 -0.00275 -0.007678 -6.765e-06 -0.01112 0.002631 0.002235
1341836659.844466 0.0007902 -0.003005 -0.001807 -0.002855 -0.00221 0.002635
1341836659.881024 -0.008867 0.002929 -0.006263 0.001898 0.01122 -0.006724
1341836659.912947 -0.002048 0.004984 -0.004298 0.005764 0.008637 -0.008885
1341836659.948479 -0.004829 0.002629 -0.002569 0.005133 0.007639 -0.006097
1341836659.980482 -0.00919 0.0006035 -0.003527 0.0003989 0.01373 -0.003011
1341836660.081779 -0.05093 0.007652 -0.01801 0.005623 0.0715 0.00112
1341836660.112820 -0.008826 -0.001882 0.00119 0.002498 0.01447 0.007141
1341836660.148527 -0.01089 0.005383 -0.003613 0.007996 0.01341 -0.002469
1341836660.180440 -0.005712 0.0007713 -0.00106 0.0008036 0.01051 -0.007442
1341836660.216528 0.002274 -0.002571 0.0003787 -0.002295 -0.001542 -0.003888
1341836660.248369 0.003553 0.0001944 -0.0006107 0.0005363 -0.003718 -0.000167
1341836660.281729 -0.005682 0.003495 -0.002514 -0.0004454 0.006678 0.0006423
1341836660.316468 -0.01143 0.0002764 -0.002635 -0.003848 0.01444 -0.0006585
1341836660.349009 -0.00621 -0.0003394 0.0005597 -0.004908 0.008894 0.001932
1341836660.384441 0.004551 -0.002928 0.002556 -0.006507 -0.006295 0.006189
1341836660.416282 0.007263 -0.001146 -0.001343 -0.001461 -0.009534 -0.0009848
1341836660.448419 -0.01064 0.007037 -0.004754 0.006097 0.01366 -0.0113
1341836660.484360 -0.004601 -0.0007633 0.001348 -0.004553 0.008797 -0.004343
1341836660.516536 0.01028 -0.005688 0.003696 -0.00722 -0.01295 0.004153
1341836660.548308 0.01312 0.0004314 -0.001334 0.001382 -0.01467 0.001115
1341836660.584620 -0.002328 0.002396 -0.002043 0.002748 0.005262 -0.008382
1341836660.616474 -0.0006496 -0.002533 0.001994 -0.0003299 0.001251 -0.005262
1341836660.652450 0.006325 -0.002013 0.0003394 0.001273 -0.01025 -0.002032
1341836660.684392 0.002792 0.006796 -0.002662 0.00692 -0.001818 -0.00234
1341836660.716364 -0.006685 0.002835 -0.001351 -0.001876 0.009594 -0.005217
1341836660.752376 0.005623 -0.00409 0.001533 -0.007493 -0.005623 -0.001478
1341836660.784400 0.005845 -0.0001869 -0.0003261 -0.001415 -0.009535 -0.001782
1341836660.816563 -0.0016 0.005905 -0.003205 0.002852 0.002811 -0.003825
1341836660.852417 0.0007345 -4.669e-05 0.0003262 -0.004547 0.001293 -0.004729
1341836660.884535 0.004376 -0.001205 0.0002013 -0.003584 -0.00582 -0.004275
1341836660.920420 -0.00412 0.006176 -0.003436 0.002746 0.00615 -0.003087
1341836660.952358 -0.008323 0.003286 -0.001598 -0.002874 0.01343 0.0001451
1341836660.984430 -0.0001659 -0.000418 -0.0001087 -0.006406 0.003775 0.002531
1341836661.020401 -0.009861 0.00218 -0.002365 -0.001586 0.01321 -0.001046
1341836661.052434 -0.02304 0.004976 -0.003184 0.003508 0.0269 -0.005687
1341836661.084498 -0.01594 0.003738 -0.0009684 -0.0008692 0.02079 -0.003872
1341836661.120507 -0.004907 -0.005454 -0.0003912 -0.007001 0.008144 0.002667
1341836661.152460 -0.0009993 0.001159 -0.0001561 0.002333 0.002656 0.004638
1341836661.188452 -0.01831 0.009415 -0.02126 0.00665 0.0224 -0.006458
1341836661.220483 0.005603 -0.007935 0.01961 -0.007415 -0.004448 -0.0002203
1341836661.252527 -0.002811 -0.0009939 -0.006929 0.00193 0.002092 -0.001809
1341836661.288421 -0.008171 0.006094 -0.00718 0.007098 0.01063 -0.003232
1341836661.320291 -0.005964 -0.002444 -0.0004605 -0.001704 0.008602 -3.149e-05
1341836661.356527 -0.0005708 -0.002621 0.001071 -0.0003176 0.0007988 0.005147
1341836661.388612 0.004562 -0.00119 0.004418 0.001406 -0.005441 0.006494
1341836661.420983 -0.006846 0.005814 0.003816 0.005333 0.009751 -0.002704
1341836661.456679 -0.03136 0.002703 0.006971 0.0006974 0.03683 -0.007907
1341836661.489326 -0.02866 0.00185 -0.0111 -0.001139 0.03519 -0.002632
1341836661.523564 -0.01219 -0.0002202 -0.0001773 -0.004638 0.01574 0.005585
1341836661.559428 -0.004935 -0.002406 0.02695 -0.003801 0.005344 0.00754
1341836661.591495 -0.01349 0.003336 -0.0009573 0.0005928 0.01873 -0.001374
1341836661.624328 -0.01374 -0.001929 -0.0004537 -0.004755 0.0184 -0.000741
1341836661.659341 0.001768 -0.003783 0.0002207 -0.002803 -0.0005668 0.0007689
1341836661.691414 -0.004692 0.00252 3.836e-05 0.003434 0.006477 -0.004781
1341836661.724374 -0.01617 -0.004858 5.157e-05 0.000131 0.02046 -0.00355
1341836661.759250 -0.00918 -0.0001953 0.01218 0.006161 0.01025 0.00218
1341836661.791428 -0.0002897 0.002465 -6.285e-05 0.003774 0.001647 0.0005284
1341836661.827337 -0.002708 -3.183e-05 -0.0003298 -0.0006101 0.004446 -0.004419
1341836661.891564 -0.004067 -0.003516 -0.0003632 -0.001547 0.004842 -0.002581
1341836661.956501 -0.02883 0.006346 -0.001041 -0.004304 0.03458 0.001969
1341836661.992503 0.002034 -0.005269 -0.0003817 -0.006972 -0.0009697 0.0144
1341836662.027717 0.01759 -0.005216 -0.0008298 -0.003608 -0.02105 0.006528
1341836662.059498 -0.008702 0.003404 -0.001542 0.005329 0.01087 -0.00706
1341836662.095422 -0.02577 0.000339 0.0008968 -0.0002956 0.03007 -0.003162
1341836662.127390 -0.003146 -0.005481 1.495e-05 -0.005799 0.003301 0.002956
1341836662.160515 0.003049 -0.00147 -0.0002658 0.002224 -0.004632 0.001947
1341836662.195821 -0.02205 0.007924 -0.01341 0.004425 0.02582 -0.001199
1341836662.227546 -0.02746 -0.001649 0.01277 -0.006442 0.03107 0.006819
1341836662.263938 -0.0072 -0.004183 -0.01164 -0.005743 0.01248 0.01028
1341836662.295678 0.0001128 -0.001189 -0.0003936 0.001759 0.00207 0.005907
1341836662.327451 -0.01935 0.004574 5.635e-05 0.00402 0.02409 -0.004265
1341836662.363274 -0.03885 0.0002451 0.0008783 -0.001831 0.04628 -0.001697
1341836662.395599 -0.02146 -0.0001618 0.01349 -0.0022 0.02598 0.007593
1341836662.431871 -0.003756 -0.001118 -0.01005 -0.003644 0.00783 0.008082
1341836662.463404 -0.02181 -0.0007625 0.01363 -0.001367 0.02586 -0.001002
1341836662.495636 -0.02831 -0.001874 0.002835 -0.003188 0.03598 -0.001821
1341836662.531316 -0.01181 -0.001719 0.00121 -7.729e-05 0.01585 0.005938
1341836662.563557 0.005825 0.001981 0.000195 0.002377 -0.006632 0.008888
1341836662.599353 0.003548 -0.001492 0.001751 -0.002719 -0.004106 0.0004102
1341836662.631457 -0.007787 -0.0005586 0.0004784 0.0007515 0.0115 -0.005402
1341836662.667429 -0.02212 0.00291 0.002894 0.001844 0.02743 -0.005204
1341836662.699399 -0.004121 -0.0008663 -0.009447 -0.003864 0.008091 0.005174
1341836662.731429 -0.006894 -0.002074 0.01167 -0.001214 0.008059 0.005014
1341836662.767364 -0.02382 0.002193 0.002397 -0.001971 0.02947 0.001338
1341836662.799562 -0.01359 -0.003627 0.002674 -0.00626 0.0203 0.006743
1341836662.835521 0.002678 -0.00205 0.0008685 -0.001739 -2.094e-05 0.006276
1341836662.867316 -0.002166 -0.0006865 -0.001035 0.0006251 0.005406 -0.003431
1341836662.899614 -0.02718 0.0008908 0.003585 7.825e-05 0.03462 -0.009539
1341836662.935558 -0.02592 -0.002844 0.005145 -0.004151 0.03316 -0.0002607
1341836662.967399 -0.006514 -0.001445 0.00206 -0.0003806 0.01171 0.009234
1341836662.999617 -0.007068 -0.002071 0.003471 -0.001003 0.01282 0.005538
1341836663.035460 -0.01427 -0.002624 0.001922 -0.001614 0.0226 -0.003163
1341836663.067427 -0.01484 -0.002411 0.004426 0.0005232 0.02318 -0.002191
1341836663.103379 -0.004461 0.002142 0.001445 0.003747 0.007686 0.003486
1341836663.135637 0.0001679 -0.0007165 0.000925 -0.0009581 0.001109 0.0003849
1341836663.167374 -0.01754 -0.001163 0.004591 -0.003064 0.02383 -0.004247
1341836663.203386 -0.018 -0.0005895 0.005149 -0.003224 0.02632 0.002481
1341836663.235499 -0.003691 -0.003966 0.001857 -0.004107 0.009279 0.006465
1341836663.267705 -0.01148 -0.004754 0.004141 -0.001911 0.01959 0.005556
1341836663.303552 -0.007477 -0.001383 0.002738 0.002588 0.01612 0.002557
1341836663.335673 -0.006237 0.001559 0.002516 0.0006987 0.01272 -0.003671
1341836663.371596 -0.01568 -0.006935 0.004974 -0.006916 0.02492 0.001005
1341836663.403625 -0.008745 0.002305 0.001635 0.003275 0.01765 0.007359
1341836663.435460 -0.003755 0.0007635 0.00164 -0.004782 0.009613 0.006662
1341836663.471348 -0.004975 -0.006338 0.003218 -0.008802 0.01307 0.005783
1341836663.503381 0.0025 -0.002053 0.0002071 -0.0003872 0.006769 0.005004
1341836663.535534 0.00417 -0.0005276 -0.00256 0.0009697 0.0004448 0.0005532
1341836663.571408 0.001276 -0.001817 -0.0005299 0.0002142 0.001017 -0.004087
1341836663.603383 -0.001446 2.221e-05 -0.0003953 0.002446 0.006096 -0.006757
1341836663.635584 -0.003902 0.001249 0.0006327 -0.001166 0.01 -0.005729
1341836663.671333 -0.003212 -0.002059 0.0006559 -0.003946 0.007775 0.003172
1341836663.703503 -0.0006968 0.0009276 8.989e-08 0.0001875 0.003186 0.005803
1341836663.739416 -0.001061 -0.004415 0.0005692 -0.005919 0.006768 0.001453
1341836663.771382 0.0001502 -0.003996 0.001141 -0.002211 0.008648 -0.001908
1341836663.803542 0.002588 -0.00131 0.0003798 0.001829 0.005044 -0.001851
1341836663.839411 -0.006139 -0.001754 0.0031 -0.0007921 0.01162 -0.0004196
1341836663.871610 -0.002476 -0.002301 0.002317 -0.002 0.009622 0.003229
1341836663.903401 -0.001993 -0.002593 0.002645 -0.003284 0.01019 0.003072
1341836663.939549 -0.001502 -0.001839 0.002611 -0.002869 0.01132 0.005235
1341836663.971474 0.007536 0.0001546 -0.0002321 -0.001607 -0.0001567 0.006933
1341836664.007364 0.0008472 -0.004605 0.002653 -0.005642 0.004535 0.001935
1341836664.039364 -0.003399 -0.007636 0.005571 -0.005857 0.01468 -0.002022
1341836664.071334 0.00355 -0.006777 7.564e-05 -0.00727 0.01181 0.0006483
1341836664.107465 0.00583 -0.004979 0.0004411 -0.009028 0.005127 0.01178
1341836664.139499 0.007865 -0.003446 0.0001594 -0.006411 -0.001886 0.01097
1341836664.171691 0.0005676 -0.003244 0.002797 -0.005562 0.006191 0.0008323
1341836664.239606 0.01708 -0.008875 -0.0008411 -0.007641 -0.0001334 -0.004365
1341836664.304488 -0.01015 0.001326 0.007565 -0.004499 0.01464 -0.003431
1341836664.336817 0.002323 -0.007837 0.0024 -0.01293 0.01034 0.0002198
1341836664.372893 0.01289 -0.006842 -0.002262 -0.0109 -0.00774 0.01163
1341836664.405900 0.004059 -0.0007811 0.0001608 -0.0007549 -0.003213 0.007314
1341836664.436745 -0.0005626 -0.003046 0.003408 -0.005721 0.006318 -0.005319
1341836664.472792 0.006756 -0.00528 -0.0009868 -0.005633 -0.0004587 -0.005576
1341836664.505801 -0.001939 0.0005705 0.002821 0.001645 0.004494 -0.003997
1341836664.572628 -0.005537 -0.008436 0.007796 -0.01969 0.01994 0.008991
1341836664.604406 0.005624 -0.003834 0.001215 -0.00757 0.000675 0.007893
1341836664.640385 0.003385 0.0004336 0.002478 -0.001015 0.003433 0.001379
1341836664.675421 0.0008009 -0.004015 0.004616 -0.007219 0.009156 -0.005997
1341836664.707423 0.002781 -0.0003497 0.003491 -0.003254 0.006959 -0.0003798
1341836664.743286 0.002868 0.005454 0.003311 0.007889 0.003192 0.002373
1341836664.775335 0.003043 -0.002954 0.004416 -0.001149 0.007371 -0.007616
1341836664.808290 0.004598 -0.006634 0.003695 -0.004899 0.0109 -0.004567
1341836664.843529 0.009916 -0.001799 0.002286 0.006652 -0.001265 0.00208
1341836664.875560 0.007824 0.005902 0.004342 0.01324 -0.005006 -0.001834
1341836664.908329 0.004282 -0.005991 0.00366 -0.003075 0.002503 -0.009208
1341836664.943985 0.003848 -0.006268 0.002511 -0.002784 0.008106 -0.003964
1341836664.975454 0.00461 0.001509 0.003852 0.004572 0.004542 0.005299
1341836665.011464 0.00477 0.002409 0.004809 0.003011 -0.0001706 0.004445
1341836665.043467 0.004289 -0.007156 0.000178 -0.007681 0.004075 -0.002751
1341836665.076477 0.00425 0.004095 0.004915 0.003794 0.003903 0.0009213
1341836665.111475 0.005179 0.003113 0.001426 0.002481 -0.003406 0.0009066
1341836665.143411 0.00263 -0.003384 3.218e-06 -0.004913 -0.0009733 -0.0007257
1341836665.179498 0.003375 -0.001872 0.0009805 -0.005088 0.0006053 -0.0002195
1341836665.211393 0.003529 -0.002531 0.001336 -0.0047 0.000567 -0.00141
1341836665.243462 0.00332 -0.001364 0.002085 -0.0006578 -0.0007423 0.002444
1341836665.279363 0.00373 0.002331 0.002618 0.003541 -0.004379 0.004381
1341836665.311445 0.003534 -0.001382 -0.0007017 -0.002961 -0.003507 -0.0003825
1341836665.347391 0.003545 -0.002508 0.0004696 -0.003267 -0.003487 -0.004473
1341836665.379416 0.002366 -0.002394 0.003079 0.0008208 -0.002981 -0.004693
1341836665.414302 0.002675 0.0008123 0.003016 0.005072 -0.003412 -0.003306
1341836665.447625 0.002648 -0.0006169 0.001254 0.0008682 -0.003499 -0.0007995
1341836665.479585 0.002628 -0.004101 0.002284 -0.0009567 -0.003526 0.00327
1341836665.511862 0.003831 0.004135 0.00248 0.009324 -0.005529 0.001902
1341836665.547463 0.003918 0.002948 -0.001077 0.004796 -0.007565 -0.001971
1341836665.579729 0.001135 -0.00463 0.0008084 -0.0003312 -0.008007 -0.001177
1341836665.615586 0.0008371 0.0007751 0.001402 0.005972 -0.006967 -0.001669
1341836665.647409 0.0006499 -0.001889 -0.0005339 0.0005208 -0.002954 -0.001956
1341836665.679698 0.002451 0.00156 -0.001512 0.002306 -0.006513 0.004712
1341836665.715484 0.002401 0.001265 -0.001029 0.004623 -0.01335 0.002159
1341836665.747334 -0.001696 -0.001499 0.005245 -6.343e-05 -0.007347 -0.0104
1341836665.783424 0.0007848 0.002204 5.429e-05 0.002999 -0.001679 -0.009936
1341836665.815416 0.005985 0.005412 -0.006467 0.001759 -0.008346 -0.003445
1341836665.847633 0.001419 -0.003636 -0.002125 -0.008209 -0.008144 -0.003312
1341836665.883360 -0.0002744 -0.001567 0.0009444 -0.007148 -0.004403 -0.003656
1341836665.915571 0.00308 -0.0005887 -0.005132 -0.003877 -0.008428 -0.002926
1341836665.951754 -0.0003335 0.002434 0.00102 0.0006614 -0.007942 -0.007735
1341836665.983382 0.002132 0.004288 -0.004726 -0.0005679 -0.01164 -0.005641
1341836666.015666 -0.0002935 -0.002353 -0.002278 -0.005805 -0.01178 -0.008609
1341836666.051545 -0.001544 -0.002485 -0.001085 -0.002765 -0.007499 -0.01102
1341836666.084216 -0.0002711 0.002349 -0.0004609 0.004114 -0.005561 -0.008691
1341836666.151399 -0.0005206 0.001074 -0.0002235 -0.002292 -0.003045 -0.002164
1341836666.212834 0.003177 0.002303 -0.002713 -0.008465 -0.007434 0.00647
1341836666.248415 0.0003688 -0.003512 0.0001607 -7.738e-05 -0.003165 -0.004856
1341836666.280447 0.001565 0.005549 -0.0001193 0.01007 -0.003116 -0.007265
1341836666.316565 0.002204 0.005542 -0.001255 0.00353 -0.003383 -0.005095
1341836666.348446 0.001343 0.0003996 -4.526e-05 -0.00305 -0.002877 -0.002789
1341836666.380595 0.0009339 -0.002974 0.0006155 -0.004768 -0.0007296 -0.00293
1341836666.416485 0.00177 -0.001152 -0.0007497 0.0005681 -0.0001881 -0.002038
1341836666.448372 0.00466 0.003317 -0.003563 0.007186 -0.005156 -0.005142
1341836666.480371 0.00582 0.004711 -0.005687 0.008485 -0.01199 -0.009604
1341836666.516434 0.001862 0.006568 0.002284 0.005114 -0.01076 -0.01647
1341836666.548380 -0.004335 -0.009217 0.005357 -0.0112 0.006324 -0.01255
1341836666.584396 0.002723 0.0001681 -0.002006 -0.0004472 0.004178 0.006093
1341836666.616455 0.004703 -0.0003934 -0.000748 -0.0001389 -0.005605 0.009218
1341836666.648818 0.0009953 -0.001283 0.004359 0.002236 0.0006546 -0.001838
1341836666.684381 0.005874 0.0052 -0.002875 0.007101 0.001008 -0.005953
1341836666.716646 0.006146 -0.0002887 -0.004847 0.001933 -0.007772 -0.006644
1341836666.748519 0.0009872 0.0004569 0.002561 0.003656 -0.006569 -0.00725
1341836666.784465 0.003137 0.004501 0.001122 0.004963 -0.003481 -0.005917
1341836666.816449 0.001051 -0.0006434 0.003727 -0.004227 0.001421 -0.008726
1341836666.852331 0.001427 -0.006797 -0.0002827 -0.009332 0.003522 -0.0006653
1341836666.884348 0.006966 0.00286 -0.003541 0.00357 -0.005648 0.005717
1341836666.916412 0.004861 0.002696 -1.636e-05 0.001516 -0.005302 -0.004146
1341836666.952384 0.004083 0.001888 -0.002583 -0.0006646 -0.002257 -0.004736
1341836666.984391 0.009231 0.0008352 -0.008425 -0.002768 -0.01327 0.003794
1341836667.020351 0.00124 -0.005437 -0.001656 -0.004008 -0.01292 -0.004092
1341836667.052439 -0.0009674 0.007556 0.007547 0.01172 -0.00468 -0.01621
1341836667.084403 0.0001856 0.003395 2.802e-05 0.0006866 0.007517 -0.01599
1341836667.120447 0.007852 -0.004598 -0.01011 -0.007102 -0.005441 0.008852
1341836667.152384 0.003596 -0.002915 -0.002894 0.0008529 -0.01266 0.01004
1341836667.184447 -0.001954 0.005593 0.006942 0.003558 0.001132 -0.005159
1341836667.220450 0.002564 -0.003457 -0.003639 -0.006301 0.006993 -0.002777
1341836667.252477 0.01 -0.001593 -0.01028 -6.143e-05 -0.01006 0.007859
1341836667.288511 0.001394 -6.943e-05 0.0005315 0.001398 -0.008021 0.004576
1341836667.320436 0.0006652 -0.00011 0.002478 0.0012 -0.001976 -0.00223
1341836667.352381 0.0006791 -0.0024 0.0004445 -0.0004358 0.003869 -0.006882
1341836667.388614 0.005606 -0.0002251 -0.005544 0.003362 -0.001522 0.002138
1341836667.420407 0.007762 0.006246 -0.003599 0.004516 -0.009078 0.00377
1341836667.452544 -0.0006507 -0.002791 0.002707 -0.009758 0.002553 -0.002985
1341836667.488483 0.004015 -0.005572 -0.00195 -0.006085 -5.092e-05 0.0001715
1341836667.520635 0.005256 0.0009245 -0.001774 0.005571 -0.004682 -0.001882
1341836667.556960 0.006505 0.008064 -0.002634 0.007396 -0.00489 -0.004596
1341836667.624032 0.00741 -0.004427 -0.002998 -0.009328 -0.01143 -0.00933
1341836667.688473 0.005078 0.002113 -0.0008687 0.002892 0.0009366 0.00243
1341836667.721804 0.005913 -0.0004066 -0.002152 -0.0008188 -0.0073 0.003343
1341836667.756425 0.002048 0.00294 0.002232 0.001689 -0.00155 -0.00238
1341836667.788615 0.005199 0.001274 -0.002379 -0.003538 -0.001893 -0.001854
1341836667.824549 0.003267 -0.004403 -0.0009339 -0.007742 -0.002593 0.00163
1341836667.856623 0.005017 -0.0008217 -0.001404 -0.001442 -0.005183 0.003611
1341836667.888563 0.004213 0.002751 0.002999 0.001547 -0.003964 -0.005694
1341836667.924440 0.0007861 -0.002038 0.003763 -0.003479 0.005866 -0.00994
1341836667.956454 0.008584 -0.0009698 -0.007151 0.000638 -0.003528 0.003733
1341836667.992273 0.007794 0.0002392 -0.004038 0.002577 -0.01184 0.004436
1341836668.027349 0.003732 0.008168 0.004191 0.004978 -0.005736 -0.007386
1341836668.059586 0.00455 -0.0001213 -0.0009235 -0.006349 -0.0009192 -0.01069
1341836668.092395 0.004753 -0.003458 -0.002408 -0.005935 -0.004183 -0.003892
1341836668.127495 0.002696 -0.0003854 0.001748 -0.00148 -0.003688 -0.000222
1341836668.195531 0.008809 0.000929 0.001513 -0.00383 -0.001795 0.0008867
1341836668.260423 0.01055 0.003737 -0.0008872 0.004911 -0.01118 -0.007123
1341836668.295422 0.00514 0.0002117 -0.001591 1.449e-05 -0.005195 -0.003288
1341836668.327473 0.005173 0.001881 0.001462 0.001119 -0.007888 -0.007305
1341836668.360267 -0.0001326 0.001153 0.007537 -0.001117 0.001463 -0.01196
1341836668.395391 0.003331 -0.0002624 0.0009146 -0.001066 0.003497 -0.004789
1341836668.427425 0.00693 0.003026 -0.001806 0.001094 -0.002596 -5.858e-06
1341836668.492469 0.008863 -0.003734 0.003108 -0.01212 -0.003127 -0.002218
1341836668.528479 0.004399 0.002426 0.003923 0.001014 0.0006607 -0.008519
1341836668.564092 0.006454 0.000648 -0.002236 0.0006783 -0.001523 -0.006112
1341836668.596016 0.007832 0.002097 -0.003163 0.0004266 -0.007505 -0.00492
1341836668.631316 0.004241 0.002872 0.003287 -0.002208 -0.004139 -0.01152
1341836668.663764 0.002227 -0.002751 0.002549 -0.006687 0.000496 -0.00678
1341836668.695474 0.005502 0.0004873 0.0007036 0.001067 -0.004395 -0.001437
1341836668.731381 0.004668 0.007491 0.005149 0.002534 -0.002117 -0.00956
1341836668.763393 0.006146 -0.001804 -0.003201 -0.005176 -0.002171 -0.00368
1341836668.799462 0.005873 -0.004207 -0.00169 -0.005798 -0.00813 -0.00257
1341836668.831480 0.004064 0.002427 0.002134 0.0005088 -0.006623 -0.005532
1341836668.863559 0.003936 -0.003813 -0.0002504 -0.004652 -0.005824 -0.004124
1341836668.899368 0.004339 0.0001914 0.002743 0.0009652 -0.007729 -0.007654
1341836668.931665 0.002347 0.0001826 0.003741 0.0001989 -0.001715 -0.01025
1341836668.967596 0.002814 -0.005736 0.001016 -0.001561 -0.001435 -0.001178
1341836668.999449 0.005994 0.005181 0.00174 0.008011 -0.00414 -0.000922
1341836669.031715 0.007375 0.00175 -0.004356 -0.000432 -0.003021 0.001094
1341836669.067505 0.007599 -0.007135 -0.004905 -0.01006 -0.008777 0.001567
1341836669.099501 0.001581 -0.005072 0.005938 -0.004321 -0.00486 -0.005102
1341836669.131529 0.004643 0.002841 0.001842 0.008769 -0.004345 -0.004094
1341836669.167527 0.01202 0.006435 -0.009717 0.006204 -0.0125 -0.00358
1341836669.199666 0.004481 -0.006988 -0.002352 -0.01246 -0.008865 -0.001162
1341836669.235486 0.003766 -0.0004984 0.001325 -0.001627 -0.009637 0.002223
1341836669.267396 0.005511 0.002755 0.002091 -0.004526 -0.006478 -0.006318
1341836669.299755 0.002044 -0.01156 0.0004619 -0.01537 -0.000107 -0.0006572
1341836669.335579 0.004045 -0.008785 -0.0007233 -0.003061 -0.00752 0.005685
1341836669.396466 0.01119 0.009546 0.005078 0.01614 -0.01619 -0.007888
1341836669.432364 0.004826 -0.004627 -0.002374 -0.002237 -0.005525 -0.003448
1341836669.464369 0.002804 -0.002967 0.002054 0.001564 -0.007918 -0.001031
1341836669.500357 0.003478 0.006697 0.005598 0.009477 -0.00512 -0.00141
1341836669.532520 0.005014 0.002443 0.0005432 -0.0004649 -0.0003701 -0.002136
1341836669.564353 0.005961 -0.007856 -0.005964 -0.009369 -0.003745 0.003718
1341836669.600419 0.004132 -0.005906 -0.001139 -0.004187 -0.009689 0.005731
1341836669.632678 0.00337 0.00696 0.007849 0.005679 -0.006255 -0.003473
1341836669.664702 0.004378 -0.002004 -0.001169 -0.005698 0.0004669 -0.007417
1341836669.732644 0.009768 -0.0085 -0.003586 -0.008792 -0.01712 0.004269
1341836669.768716 0.001711 0.004037 0.009522 0.001177 -0.001004 -0.005625
1341836669.800551 0.004288 -0.002715 -0.0001842 -0.004318 0.003306 -0.003349
1341836669.832424 0.006516 -0.00792 -0.005892 -0.005201 -0.005504 0.005334
1341836669.868359 0.006109 0.002037 0.001333 0.001881 -0.01039 0.003005
1341836669.900476 0.003525 0.001599 0.006517 -0.001935 -0.002168 -0.007925
1341836669.932452 0.004297 -0.003423 -0.0002996 -0.005424 0.001286 -0.007158
1341836669.968425 0.005513 -0.005323 -0.004029 -0.004115 -0.00463 0.003328
1341836670.000398 0.006005 0.0009981 0.001144 0.0006875 -0.009377 0.00377
1341836670.036492 0.004935 0.001168 0.004927 -0.002392 -0.003982 -0.005485
1341836670.068362 0.004588 -0.005067 0.001107 -0.005968 8.376e-05 -0.007738
1341836670.100477 0.005305 -0.004017 -0.002311 -0.0008595 -0.004558 -0.001098
1341836670.136475 0.006277 0.0011 -0.001535 0.003204 -0.01011 0.002402
1341836670.168388 0.006193 -0.0007224 0.002228 -0.001865 -0.008901 -0.006559
1341836670.204493 0.00249 -0.004032 0.005187 -0.002407 -0.001758 -0.01094
1341836670.236528 0.003895 -0.0009125 0.001192 0.007391 -0.004652 -0.003758
1341836670.268566 0.007642 0.008057 -0.0004266 0.01298 -0.01128 -0.00424
1341836670.304408 0.004295 0.002717 0.004046 0.001111 -0.003289 -0.01024
1341836670.336480 0.003929 -0.003695 -0.002199 -0.00401 -0.0009621 -0.001286
1341836670.368376 0.005425 -0.005932 -0.00422 -0.004036 -0.007973 0.005816
1341836670.404425 0.007015 0.002317 -0.0003728 0.002066 -0.01243 -0.002087
1341836670.436351 0.003532 3.703e-05 0.002834 -0.004225 -0.003015 -0.01302
1341836670.472378 0.001977 -0.007111 -0.003098 -0.007564 -0.001678 -0.003794
1341836670.504480 0.002539 -0.001441 0.0007851 0.002151 -0.009651 0.00286
1341836670.536491 0.002672 0.005795 0.007501 0.005387 -0.005658 -0.002548
1341836670.572471 0.001099 -0.001276 0.002199 -0.00064 0.003372 -0.002899
1341836670.604416 0.003775 -0.003724 -0.006427 -0.002113 -0.002704 0.00579
1341836670.636568 0.003355 -5.177e-05 9.192e-05 -0.001359 -0.007212 0.005716
1341836670.672424 0.00314 -0.0005494 0.001897 -0.002598 -0.0037 -0.001315
1341836670.704672 0.004057 -0.002496 -0.001237 -0.003805 -0.0038 -0.006319
1341836670.740445 0.003817 -0.0009313 -0.001747 -0.001795 -0.004719 -0.00733
1341836670.772397 0.003057 -0.002852 -0.0004702 -0.003462 -0.005786 -0.002767
1341836670.804598 0.003623 0.0008374 0.005096 0.002375 -0.007436 -0.001824
1341836670.840418 0.004206 0.004456 0.004382 0.005049 -0.001311 -0.008501
1341836670.872380 0.003195 -0.004346 0.0002263 -0.002384 0.00255 -0.004067
1341836670.904383 0.003978 -0.001563 -0.0003865 0.003888 -0.001442 0.0006599
1341836670.940439 0.004948 0.000791 -0.004668 0.00618 -0.006207 0.004032
1341836670.973144 0.005561 0.001531 -0.0006637 0.003587 -0.01269 0.005042
1341836671.008437 0.003834 0.003711 0.008607 0.001921 -0.00282 0.001377
1341836671.040356 0.005782 -0.004151 -0.003703 -0.003782 0.001133 0.0006523
1341836671.072402 0.006248 -0.004842 -0.0063 -0.002392 -0.006822 -0.0008685
1341836671.108363 0.005823 0.0005312 0.003151 0.001723 -0.007738 -0.003831
1341836671.140363 0.006162 -0.001168 0.002214 -0.0002483 -0.002825 -0.003823
1341836671.172431 0.005627 -0.005969 0.002055 -0.0005537 -0.00155 0.0004131
1341836671.208455 0.008715 0.005956 -0.0005322 0.01192 -0.008034 -0.001993
1341836671.240537 0.006937 0.001485 0.0005326 -0.002373 -0.001498 -0.00635
1341836671.276556 0.004609 -0.01056 -0.0005766 -0.01109 0.001438 0.00299
1341836671.308395 0.006162 -0.004936 0.002752 5.843e-06 -0.005778 0.006803
1341836671.340421 0.008031 0.003322 0.004849 0.006725 -0.001886 -0.001297
1341836671.376528 0.006306 -0.003857 -0.00403 -0.007793 0.01042 -0.00078
1341836671.408336 0.006583 -0.01325 -0.005275 -0.01414 0.002971 0.01179
1341836671.444280 0.008268 -0.00252 0.002535 8.454e-05 -0.006185 0.01057
1341836671.479552 0.007042 -0.001744 0.003075 -0.001697 0.001346 0.0002097
1341836671.511487 0.004224 -0.006103 0.000725 -0.002492 0.001753 -0.0009558
1341836671.544336 0.001831 0.00129 0.004543 0.009241 -0.003064 0.001284
1341836671.579393 0.003131 0.0066 0.00217 0.01406 -0.01294 0.0001315
1341836671.611893 0.004707 0.00945 0.003072 0.01314 -0.01977 -0.01497
1341836671.647490 0.00538 0.006872 0.001586 0.00629 -0.01708 -0.03126
1341836671.679466 0.002373 0.004685 0.001448 0.003844 -0.01189 -0.03
1341836671.712406 0.003883 0.00471 0.004716 0.003634 -0.009888 -0.01947
1341836671.748701 0.0023 0.00146 -0.0007515 -0.003021 0.004634 -0.003412
1341836671.779489 0.004144 -0.01423 -0.004796 -0.02007 0.006334 0.01159
1341836671.812670 0.004416 -0.0129 0.002558 -0.01162 0.0007948 0.01537
1341836671.847512 0.006366 -0.006657 0.00461 -0.0005972 -0.0002918 0.007147
1341836671.879463 0.004711 -0.005205 0.004395 0.002873 0.002976 -0.002172
1341836671.916183 0.002915 0.0007661 0.002751 0.008015 0.002406 -0.002651
1341836671.947561 0.003407 -0.0009168 0.0005999 0.001144 0.0007599 0.006963
1341836671.981207 0.004498 -0.007795 0.0008353 -0.009191 0.003625 0.01175
1341836672.015790 0.00431 -0.01397 -0.0001353 -0.01346 0.0108 0.01286
1341836672.047765 0.001924 -0.007802 -0.0004316 -0.005036 0.00777 0.02122
1341836672.083326 0.001402 -0.004567 0.003908 -0.0007086 -0.004458 0.01504
1341836672.115537 0.002881 -0.005839 0.009172 0.001309 -0.002423 0.003743
1341836672.147515 -0.0002984 -0.002054 0.007081 0.007794 0.003605 0.00487
1341836672.183498 -0.000841 0.00184 0.009051 0.01254 -0.002254 0.008599
1341836672.215454 0.002092 6.931e-05 0.01107 0.01176 -0.0009843 0.01122
1341836672.251542 0.001926 0.001237 0.003392 0.00843 0.003623 0.01093
1341836672.283536 0.000943 -0.002987 0.001758 0.0008701 0.0003352 0.007383
1341836672.316669 0.0009261 -0.001741 0.004284 0.003021 -0.003461 0.006518
1341836672.351405 0.004203 -0.0001562 0.003638 0.003766 -0.004516 0.0005316
1341836672.383524 0.003364 0.001219 -1.891e-05 -0.0001221 0.0008528 -0.004767
1341836672.419469 0.003193 -0.003588 -0.003352 -0.008786 0.00194 0.001593
1341836672.451386 0.004198 -0.01542 -0.007893 -0.01393 -0.001205 0.01117
1341836672.483979 0.002735 0.003613 0.01164 0.007175 -0.001579 0.009062
1341836672.519365 0.004536 -0.003333 -0.01039 -0.002182 -0.0006905 -0.002569
1341836672.551655 0.0003042 -0.001953 0.006064 -0.004004 -0.0003069 -0.004369
1341836672.587467 -0.0001705 -0.007347 9.552e-05 0.0008853 -0.006057 0.001586
1341836672.619792 0.004119 0.007482 0.01747 0.01208 -0.002739 -0.002053
1341836672.651702 0.004065 -0.009548 -0.006159 -0.002771 0.005246 -0.001222
1341836672.687372 0.001485 0.005918 0.01183 0.00973 0.001794 -0.0003583
1341836672.719478 0.004615 0.0008029 0.001059 0.002313 -0.002217 0.005423
1341836672.755391 0.004842 -0.004838 0.001828 -0.005197 -0.002315 0.004357
1341836672.787379 0.007801 -0.008332 -0.003297 -0.0006895 -0.005976 -0.006134
1341836672.819409 0.005393 0.004705 0.007672 0.007311 -0.00175 -0.01489
1341836672.855564 0.00212 -0.007149 -0.004957 9.021e-05 -0.005683 -0.008899
1341836672.887345 0.008692 0.002023 0.005619 0.01055 -0.01398 -0.01008
1341836672.924094 0.008008 0.002992 0.001912 0.008956 -0.005005 -0.01325
1341836672.955564 0.004256 0.003811 -0.001155 0.00282 -0.004942 -0.01177
1341836672.987384 0.005981 0.001848 -0.002783 -0.003321 -0.006956 -0.003907
1341836673.023403 0.004526 -0.008378 -0.001033 -0.0125 -0.004699 0.001796
1341836673.055383 0.006783 -0.006733 0.003193 -0.001538 -0.006083 -0.002669
1341836673.087396 0.00541 0.0009806 0.00513 0.01111 -0.000167 -0.005035
1341836673.123934 0.0002245 0.008597 0.0004945 0.0107 -0.002259 -0.004637
1341836673.155490 0.002967 -0.0008483 -0.001164 -0.004761 -0.00556 -0.005691
1341836673.187602 0.003631 -0.003529 -0.001513 -0.004437 0.0002807 -0.001552
1341836673.223462 0.002569 0.002609 -0.004632 -0.003084 0.0007058 -0.0004129
1341836673.255355 0.003546 -0.006474 -0.002517 -0.01139 -0.002208 0.002053
1341836673.291497 0.001832 -0.005375 -0.002979 -0.006396 0.003124 0.001748
1341836673.323529 0.007001 -4.259e-05 -0.002713 -0.0019 -0.000162 -0.004146
1341836673.355648 0.006199 0.0008475 -0.00364 -0.002103 -0.00457 -0.0059
1341836673.391603 0.003405 -0.002661 -0.001575 -0.004584 -1.727e-05 -0.0047
1341836673.423299 0.006302 -0.0008323 -0.002579 -0.00173 0.001006 -0.001538
1341836673.455326 0.005064 9.576e-05 -0.006264 -0.003744 0.002814 -0.0002231
1341836673.491478 0.006482 -0.002745 -0.004665 -0.008005 0.002375 -0.002511
1341836673.523314 0.009786 -0.003463 -0.004856 -0.006719 -0.0005031 -0.00169
1341836673.555382 0.01011 0.002874 -0.000533 0.002295 -0.006772 0.002795
1341836673.591360 0.003171 0.0006168 -0.000198 -4.526e-05 -0.005659 -0.003288
1341836673.623526 0.002671 -0.003694 -1.322e-05 -0.003205 0.001583 -0.01373
1341836673.688616 0.00954 0.009595 -0.003824 0.009345 -0.004384 -0.01281
1341836673.720513 0.001973 -0.002988 -0.001652 -0.006618 -0.001963 -0.002638
1341836673.756546 0.004866 -0.004153 -0.0002847 -0.004991 0.002582 -0.005632
1341836673.788595 0.006987 -0.002038 -0.002756 -0.0001551 0.002659 -0.005963
1341836673.820562 0.003171 0.002622 -0.002637 0.002084 -0.001709 -0.002001
1341836673.856640 0.004014 -0.002752 -0.0001596 -0.002842 -0.003705 -0.001471
1341836673.888400 0.005277 -0.003779 0.0002404 -0.001456 0.0003049 -0.007411
1341836673.924361 0.004799 0.001195 -0.001113 0.003209 -0.0006473 -0.01107
1341836673.959430 0.003255 0.003999 0.0002494 0.005967 -0.004378 -0.003738
1341836673.991533 -0.001946 0.0009991 -0.001264 -0.001346 0.0008977 -0.0007719
1341836674.024338 0.002841 -0.006382 -0.001708 -0.007907 0.002913 0.001158
1341836674.059346 0.007378 -0.001061 0.0009689 0.001564 -0.004624 0.002105
1341836674.091258 0.001385 0.001626 0.0005972 0.004136 -0.002155 -0.004019
1341836674.127400 0.001504 -0.001062 -0.001117 -0.0004185 0.0007072 -0.003498
1341836674.159454 0.00419 0.0002889 0.0004836 0.002382 -0.003318 -0.0007363
1341836674.192392 0.001289 -4.264e-05 -0.001345 0.0003678 0.001296 -0.00352
1341836674.227367 0.004202 0.001354 -0.001679 -0.0006178 -4.214e-05 -0.0003588
1341836674.259520 0.002892 -0.0006667 -0.002345 -0.004459 0.001419 -0.0003623
1341836674.295539 0.006571 -0.003939 -0.001208 -0.006217 0.001512 -0.001864
1341836674.327349 0.009031 -0.001123 0.001336 0.001132 -0.004942 -0.00187
1341836674.359552 0.001944 -0.002652 0.0004872 0.001997 0.003654 -0.004343
1341836674.395349 0.006881 0.002012 -0.0008809 0.005501 0.001421 -0.002154
1341836674.427776 0.005939 0.003575 -0.0005101 0.003598 -0.00388 0.001288
1341836674.463448 0.004573 -0.002184 0.0006161 -0.0012 -0.003831 0.002083
1341836674.495393 0.006335 -0.004095 0.001225 7.598e-05 -0.003525 -0.00169
1341836674.527642 0.004661 -7.13e-05 0.0008345 0.006169 -0.0003933 -0.005084
1341836674.563353 0.004796 0.002135 -0.0009376 0.005184 0.001131 -0.003327
1341836674.595448 0.009904 -0.001109 0.001127 0.003495 -0.007936 0.0009989
1341836674.631493 0.004836 -0.000274 0.003037 0.00936 -0.003331 -0.002129
1341836674.663422 -0.003177 0.001016 -0.003382 0.001964 0.01211 -0.003795
1341836674.695423 0.01457 -0.001412 -0.0006767 0.000527 -0.006473 0.005134
1341836674.731433 0.00933 -0.0005379 0.002759 0.007781 -0.00899 0.005746
1341836674.763411 0.0006279 0.000499 -0.000573 0.004302 0.00356 -0.001553
1341836674.799406 0.009458 0.0003182 -0.001247 0.001171 -0.003729 -0.002976
1341836674.831396 0.005241 0.001518 0.0003371 0.00287 -0.004098 -0.0009541
1341836674.863462 -0.001933 -0.0003841 -0.001765 -0.00111 0.007299 0.004098
1341836674.899526 0.01126 -0.001617 -0.0009428 -0.002976 -0.004931 0.006407
1341836674.931310 0.01011 -0.002671 0.0009861 0.001613 -0.007393 0.003735
1341836674.963551 0.005335 -0.001338 0.000467 0.005159 -0.0008921 -0.002877
1341836674.999342 0.000928 0.00537 -0.002733 0.001227 0.002997 -0.007316
1341836675.031504 0.005939 -0.00568 -0.001859 -0.00747 -0.001492 0.001178
1341836675.067376 0.005639 -0.000969 0.0008307 0.002893 3.2e-05 0.007816
1341836675.099423 0.003824 -7.62e-05 -0.001274 -0.001458 0.001501 0.005235
1341836675.131343 0.01307 -0.001556 0.001435 0.0001585 -0.009059 0.002921
1341836675.167402 0.005906 -0.0006959 0.001589 0.003789 -0.004146 -0.002163
1341836675.199526 0.001926 -0.0008253 -0.000291 0.0006114 0.00248 -0.006043
1341836675.235537 0.002972 0.002012 -0.0007975 0.001692 0.001566 -0.002798
1341836675.267473 -0.0006206 0.001071 -0.001747 -0.004055 0.003851 0.003768
1341836675.299724 0.007188 -0.004708 -0.001466 -0.006646 -0.001799 0.005703
1341836675.335385 0.009193 -0.0004815 -0.001256 -0.001048 -0.002713 4.154e-05
1341836675.367495 0.004105 0.001895 -0.001504 -0.002248 0.001526 -0.006651
1341836675.403383 0.003149 0.001209 -0.001858 -0.003681 0.001326 -0.002476
1341836675.435650 0.00512 -0.001864 -0.001561 -0.0036 -0.000636 0.000367
1341836675.467560 0.003191 -0.00023 -0.002036 -0.001354 0.002755 0.0005181
1341836675.503830 0.006927 0.002485 -0.001057 -0.0005937 -0.001216 0.001002
1341836675.535775 0.00968 0.00121 -0.0005354 -0.0004991 -0.009101 -0.001135
1341836675.568163 0.0009681 -0.003502 0.0007484 -0.001665 0.0005502 -0.00551
1341836675.603390 0.0001746 -2.062e-05 0.0001072 0.003179 0.007245 -0.007767
1341836675.664623 0.01133 0.007523 0.001008 0.009199 -0.005583 -0.00347
1341836675.700359 -0.00154 -0.002085 6.328e-05 -0.001866 0.005008 -0.00535
1341836675.732610 -0.002137 -0.001781 -0.0009947 -0.004103 0.01138 -0.008464
1341836675.764433 0.002555 -0.001572 -0.0005238 -0.001233 0.006363 -0.005331
1341836675.800500 0.001874 -0.0001479 0.001222 0.004363 0.004291 -0.003478
1341836675.832405 0.0003153 0.00119 0.0006145 0.00266 0.006362 -0.00454
1341836675.868533 0.002277 -0.001291 0.0003204 -0.001548 0.002901 -0.006329
1341836675.900451 0.001108 0.005416 0.002098 0.01304 0.001764 -0.006352
1341836675.932365 -0.0007324 0.004081 0.002451 0.01146 0.003357 -0.008214
1341836675.968712 -0.001013 -0.0008642 0.0007609 -0.0001296 0.00617 -0.003885
1341836676.000893 0.002471 0.003739 0.001897 0.01256 -0.001339 0.001266
1341836676.032446 0.1502 -0.3918 -0.2237 -0.393 -0.169 -0.01568
1341836676.068524 0.03732 -0.09128 -0.03718 -0.0819 -0.04228 -0.008062
1341836676.100441 0.01309 -0.04956 -0.01904 -0.04291 -0.01369 -0.003376
1341836676.136377 -0.000505 -0.05077 -0.01625 -0.04447 0.005587 0.005434
1341836676.171395 -0.03213 -0.06694 0.03172 -0.06847 0.03214 0.01104
1341836676.203538 0.00778 0.00115 -0.001519 -0.001962 -0.008339 0.00654
1341836676.239454 -0.0004349 0.002111 -0.0004929 0.005426 0.00223 -0.003081
1341836676.271392 0.0006596 -0.002225 -0.00127 -0.001237 0.005965 -0.008856
1341836676.303558 0.000186 -0.004215 -0.001875 -0.005675 0.005034 -0.003355
1341836676.339828 0.001688 0.001392 -0.001035 0.002786 0.003207 0.00665
1341836676.371580 0.004745 -0.02053 -0.001758 -0.02473 -0.001603 0.003342
1341836676.404332 -0.001178 -0.001235 -0.003369 -0.007081 0.006847 -0.001991
1341836676.439454 0.006232 0.002768 -0.0004151 0.009154 -0.0004716 -0.0003677
1341836676.471417 0.006313 0.005777 0.0004212 0.01067 -0.004566 -0.006605
1341836676.504551 0.0003297 -0.002785 -0.001522 -0.005453 0.002621 -0.008408
1341836676.539780 -0.001654 0.001541 -0.0002955 0.003415 0.007288 -0.00287
1341836676.571367 0.002344 -0.02184 -0.0003347 -0.02683 0.002435 0.001648
1341836676.607350 0.004426 -0.002099 -0.0009406 -0.007022 -0.001704 0.002094
1341836676.639474 0.003589 -0.01761 -0.0009305 -0.02368 0.0002716 -0.008886
1341836676.672313 -0.003237 -0.003125 -0.002727 -0.01065 0.01114 -0.008584
1341836676.707247 2.547e-05 -0.006415 -0.0007605 -0.00785 0.01001 0.001087
1341836676.739373 0.003279 -0.02312 -0.001297 -0.02814 0.003199 0.003136
1341836676.775298 -0.001638 -0.01236 -0.004106 -0.02163 0.008245 0.0006374
1341836676.807316 0.006336 -0.005887 -0.000665 -0.01049 -0.0006641 -0.0001083
1341836676.840294 0.006098 0.00542 0.003869 0.004624 -0.004201 -0.002587
1341836676.875564 0.001735 -0.002782 -0.003091 0.002816 0.0005517 -0.003176
1341836676.907413 0.005533 0.007011 0.006095 0.01027 -0.003209 -0.006627
1341836676.943264 -0.001088 -0.004864 -0.001335 -0.007304 0.003285 -0.003768
1341836676.975606 1.818e-05 0.0005222 -0.0002609 0.001149 0.002851 0.003296
1341836677.007365 0.004148 0.000674 0.001344 0.005887 -0.0006723 0.003509
1341836677.043483 0.004806 -0.00775 -0.002985 -0.001831 -0.0009102 0.001922
1341836677.075484 0.005116 0.004664 0.005561 0.007254 -0.001481 -0.00154
1341836677.111387 0.005191 -0.01019 -0.003847 -0.008647 -0.002413 -0.001737
1341836677.143425 0.007379 -0.001621 0.0004332 0.0003663 -0.007267 -0.00229
1341836677.175524 -0.008188 -0.01192 -0.00507 -0.01866 0.01089 -0.003248
1341836677.211426 -0.004524 -0.002821 -0.003831 -0.01032 0.0142 0.007729
1341836677.243560 0.01386 -0.007062 0.001663 -0.004713 -0.008172 0.01244
1341836677.279618 0.005093 -0.003138 0.000474 7.799e-05 -0.001778 0.006331
1341836677.311512 0.006386 -0.01844 -0.0008615 -0.02371 -0.001467 -0.001112
1341836677.343587 0.009275 -0.00797 -0.0008166 -0.01347 -0.01211 -0.001763
1341836677.379500 -0.006472 0.01132 0.0003684 0.01513 0.006205 0.001641
1341836677.411433 0.004278 0.005578 0.003998 0.01605 0.0008401 0.004145
1341836677.447338 0.004846 -0.002421 0.002076 0.002396 0.002084 -0.002838
1341836677.479386 0.005896 -0.00831 0.001004 -0.008536 0.001536 -0.002917
1341836677.511356 0.002801 -0.00513 0.0008836 -0.005381 0.0009946 0.003565
1341836677.547387 -0.002901 -0.007403 -0.001687 -0.01099 0.01006 0.00632
1341836677.579642 0.001597 -0.003482 -0.0009943 -0.007913 0.01254 0.008365
1341836677.615504 0.01444 -0.01343 0.0007688 -0.01634 -0.001197 0.01092
1341836677.647341 0.01283 -0.007695 0.002235 -0.005887 -0.00593 0.005758
1341836677.679416 0.00479 -0.003447 -0.001013 -0.004673 0.004581 -0.0008685
1341836677.715476 0.008453 -0.002874 -3.214e-05 -0.00581 0.002201 0.001272
1341836677.747545 0.006475 -0.002422 0.0009217 -0.001036 0.001272 0.007164
1341836677.779615 0.01403 -0.01108 0.0006207 -0.01224 -0.009443 0.00359
1341836677.815481 -0.001291 0.0004432 0.004663 -0.002182 0.003193 -0.005621
1341836677.847419 0.002489 0.001311 -0.006917 0.002809 0.006931 -0.0008867
1341836677.883498 0.008738 -0.007767 0.003955 -7.262e-05 -0.001911 0.007992
1341836677.915509 0.003863 0.0008404 0.00184 0.004888 -0.001513 0.004744
1341836677.947453 -0.00236 0.006093 -0.003047 -0.0007764 0.01386 0.004348
1341836677.984244 0.01524 -0.01079 0.004281 -0.007613 -0.005781 0.01064
1341836678.015280 0.005598 -0.007192 0.004511 0.002305 -0.006727 0.01115
1341836678.047351 -0.004096 0.005257 0.00375 0.0153 0.005322 0.005135
1341836678.083387 -0.0007228 0.003769 2.672e-05 0.002735 0.006658 0.0008837
1341836678.115476 -8.806e-05 0.0009201 6.124e-05 -0.002129 0.00847 0.01185
1341836678.151490 0.01022 -0.009381 0.001704 -0.009568 -0.009167 0.02087
1341836678.183560 0.001082 -0.0003465 -0.0002173 0.0007301 -0.0002823 0.007245
1341836678.215498 -0.0009318 0.00827 0.001029 0.01319 0.01129 -0.005045
1341836678.251467 0.01203 -0.002821 0.002657 -3.476e-05 -0.004324 -0.005527
1341836678.283515 0.003732 -0.007089 0.001157 -0.004902 -0.008965 5.897e-05
1341836678.315603 -0.01304 0.005658 -0.0008408 0.01097 0.0104 -0.001238
1341836678.351452 -0.003708 0.008536 0.001284 0.0146 0.01176 -0.0002301
1341836678.383472 0.01038 -0.006368 0.002632 -0.001013 -0.008116 0.001622
1341836678.415454 0.001423 -0.01244 0.001335 -0.003503 -0.01053 -0.001089
1341836678.451320 -0.01491 0.008362 0.0009214 0.01966 0.008169 -0.01267
1341836678.483330 -0.01235 0.01377 -0.000826 0.01716 0.01662 -0.005097
1341836678.519502 0.008671 -0.01379 0.000651 -0.01325 -0.01371 0.01404
1341836678.551888 -0.006406 -0.01331 -0.004399 -0.01328 -0.0119 0.006026
1341836678.583521 -0.01713 0.01058 -0.005416 0.01095 0.01243 -0.005039
1341836678.619386 0.004995 -0.006137 -0.001734 -0.005624 -0.006155 -0.007175
1341836678.651482 -0.00475 -0.009119 -0.001273 -0.005122 -0.008413 -0.004409
1341836678.683549 -0.01649 0.005912 -0.002197 0.009313 0.005689 -0.0004385
1341836678.719315 -0.01138 0.008724 -0.002546 0.008516 0.01025 0.000751
1341836678.751611 0.00133 -0.004472 -0.002268 -0.008038 0.001071 0.004197
1341836678.783463 0.008558 -0.01339 -0.0004052 -0.01353 -0.01574 0.004197
1341836678.819336 -0.01077 0.004766 -6.725e-05 0.01278 0.002056 -0.005407
1341836678.851565 -0.01161 0.0201 -0.0008248 0.02066 0.01948 -0.01273
1341836678.887391 0.01043 -0.006007 0.0008997 -0.008925 -0.0003805 0.003591
1341836678.919470 0.01209 -0.01931 0.0008682 -0.02012 -0.02267 0.01044
1341836678.951404 -0.01584 0.01132 -0.003294 0.01238 0.01199 0.0001379
1341836678.987302 0.001909 0.005475 -0.001056 0.002432 0.009534 -0.007797
1341836679.019602 0.009116 -0.006123 0.001026 -0.005552 -0.003056 -0.002788
1341836679.052343 0.003529 -0.005629 0.001341 -0.002878 -0.008276 0.006441
1341836679.087489 -0.002913 -0.003763 -0.0009847 -0.004164 -0.004184 0.002325
1341836679.119652 -0.009447 0.01075 -0.0004479 0.01404 0.01297 -0.005584
1341836679.152308 0.005408 0.001175 0.0003183 0.0001402 0.004655 -0.004238
1341836679.187362 0.01037 -0.01428 0.001255 -0.01709 -0.01454 0.006458
1341836679.219699 -0.009252 -0.00154 -0.001037 0.0007226 0.0001398 0.005919
1341836679.255499 -0.008984 0.008966 -0.001017 0.01103 0.012 -0.0002325
1341836679.287424 0.007332 -0.002539 0.0003488 -0.003211 0.001831 -0.004145
1341836679.320453 0.009992 -0.01174 0.001967 -0.01166 -0.01253 0.001444
1341836679.355426 -0.007519 -0.001404 0.0007905 0.002717 -0.001143 0.003249
1341836679.387372 -0.008191 0.009156 -0.0001967 0.01118 0.009199 -0.002089
1341836679.420419 0.00122 0.0006861 1.4e-05 -0.002019 0.007531 -0.002586
1341836679.455385 0.005724 -0.007481 0.0019 -0.007625 -0.00421 0.00545
1341836679.487485 -0.00186 0.001319 0.001712 0.006464 0.001075 0.007835
1341836679.523309 0.004776 -0.002979 0.0001832 -0.003366 -0.002611 -0.002365
1341836679.555484 0.0007471 -0.002333 0.0008053 -0.001339 -0.0002492 -0.006588
1341836679.588320 -0.003678 0.00221 0.002195 0.008022 0.003224 -0.001146
1341836679.623300 0.0009446 -0.001601 0.002008 0.001922 -0.003791 0.003365
1341836679.655410 -0.003791 0.0006441 -0.0004433 9.566e-06 0.001801 0.0004375
1341836679.691422 -0.001775 -0.0005273 -0.0006571 -0.002461 0.005772 0.001627
1341836679.723424 0.007664 -0.01065 0.002677 -0.005169 -0.01057 0.004016
1341836679.755502 -0.004542 0.0008693 0.0002433 0.004017 -0.002638 -0.003854
1341836679.791471 -0.00872 0.006234 -0.001358 0.005674 0.01084 -0.005913
1341836679.823612 0.00382 -0.00573 0.001861 -0.003239 -0.002917 0.004626
1341836679.859449 0.001301 -0.008058 0.0003779 -0.00587 -0.009914 0.007855
1341836679.891496 -0.006559 0.001764 -0.001584 0.0008079 0.002822 -0.001417
1341836679.923536 -0.002772 0.00489 0.00113 0.006766 0.007112 -0.006562
1341836679.959477 0.003938 -0.002087 0.002446 0.0006221 -0.00276 -0.003747
1341836679.991496 0.001282 -0.005543 0.001331 -0.005316 -0.008035 0.00101
1341836680.027833 -0.008751 0.005406 -0.0007638 0.005214 0.004905 -0.001395
1341836680.059408 -0.005104 0.008946 0.000684 0.01033 0.01005 -0.001829
1341836680.095562 0.007326 -0.005758 -8.662e-05 -0.006517 -0.0001278 0.0005392
1341836680.127323 0.01146 -0.01361 0.0008768 -0.01591 -0.01383 0.0009463
1341836680.159673 -0.006229 0.002117 -0.001409 0.001837 0.001053 -0.00359
1341836680.195581 -0.004733 0.009266 -0.001275 0.009006 0.01066 -0.005706
1341836680.227990 0.00801 -0.006194 -0.0009761 -0.008935 -0.001077 -0.00218
1341836680.263486 0.005491 -0.008076 -0.0001768 -0.009957 -0.008644 0.001731
1341836680.295695 -0.004772 0.0008343 -0.001495 -0.001379 0.0004072 0.0003494
1341836680.328479 -0.002228 0.001472 -0.001151 0.0007424 0.002286 -0.002455
1341836680.367788 -0.0005888 -0.0004644 -0.0005998 -9.565e-05 0.002612 -0.001875
1341836680.397603 0.001003 -0.00433 0.0005054 -0.001855 -0.002523 0.001561
1341836680.428141 -0.002589 0.001016 0.0007036 0.006459 -0.0007784 0.001161
1341836680.466780 -0.002047 0.002496 0.0001412 0.004626 0.00125 -0.002961
1341836680.495933 -0.001829 -0.001234 -0.0006113 -0.001184 0.001717 -0.001401
1341836680.531650 -0.0007664 -0.004842 0.0005062 -0.001862 -0.002279 0.003515
1341836680.567418 -0.00286 0.002323 0.0003125 0.007147 -0.001347 0.001555
1341836680.624540 -0.003974 0.003296 -0.00128 0.001587 0.006215 -0.006423
1341836680.660480 0.001744 -0.006513 0.0004801 -0.006705 -0.00595 0.004326
1341836680.692969 -0.003221 0.00166 -0.0005042 0.00156 -0.00188 0.0008541
1341836680.760849 -0.0005476 0.004346 -0.001717 -0.0002965 0.01112 -0.005284
1341836680.792605 0.009268 -0.01299 0.0005479 -0.01431 -0.01524 0.001683
1341836680.828599 -0.007458 0.004218 -0.003089 0.003989 0.001848 -0.002767
1341836680.896025 0.003067 -0.0002284 -0.0004059 -0.003649 0.005922 -0.005399
1341836680.960521 -0.004224 0.001311 -0.001205 -0.0001075 0.001113 0.003248
