1341839327.424683 0.004441 0.0002741 0.0001004 -0.003377 -0.004684 -0.001702
1341839327.460744 0.001049 -0.003502 0.004999 -0.0006327 0.001597 -0.003615
1341839327.492713 -0.003916 0.00114 -0.003713 0.005251 0.003558 0.003797
1341839327.524801 0.001791 0.003055 -0.004377 -0.002048 -0.0036 0.0002057
1341839327.560844 0.002973 -0.005429 0.006236 -0.006079 -0.001987 -0.003991
1341839327.592601 -0.003261 -0.0017 0.001023 0.005123 0.003484 0.002631
1341839327.624910 -0.001725 0.005454 -0.00622 0.004926 -0.0002364 0.004428
1341839327.660734 0.003009 -0.002093 0.001052 -0.006239 -0.002751 -0.0007595
1341839327.692726 0.00106 -0.006354 0.005615 -0.002118 -2.521e-05 -0.0006215
1341839327.728746 -0.002343 0.001095 -0.001951 0.007705 0.0003798 0.002749
1341839327.760684 0.0005672 0.004714 -0.004146 0.003726 -0.002445 -0.0006616
1341839327.792848 0.001092 -0.003209 0.002026 -0.004098 -0.0008649 -0.00286
1341839327.828735 -0.001599 -0.002206 0.001487 0.001034 0.001047 0.001591
1341839327.860775 -0.0006086 0.004292 -0.003454 0.00411 0.000109 0.001876
1341839327.892707 0.001112 -0.0008586 -3.574e-05 -0.003029 -0.000644 -0.0003266
1341839327.928885 -0.0001254 -0.002374 0.002025 -0.001551 -0.00063 0.0004548
1341839327.960681 -0.0002084 0.002364 -0.001714 0.002414 -0.001523 -3.484e-05
1341839327.992694 0.00141 -0.0001298 -0.0001787 -0.001638 -0.001515 -0.00203
1341839328.028635 -0.0008202 -0.001988 0.001813 -0.0009352 0.000392 -0.0002741
1341839328.060669 -0.0009199 0.001623 -0.001517 0.002016 -0.0004604 0.001318
1341839328.096628 0.002141 -0.0007257 0.0004972 -0.001389 -0.001603 -1.313e-05
1341839328.128788 0.0008484 -0.00206 0.002194 0.0003748 -0.0002449 -0.001167
1341839328.160826 -0.001768 -0.0001987 -0.0009285 0.002893 -0.0002664 0.0002661
1341839328.196725 0.0003691 0.002731 -0.001852 0.002806 -0.001434 5.585e-05
1341839328.228674 0.001153 -0.000662 0.0007386 -0.001224 0.001735 2.467e-05
1341839328.260676 -0.001513 -0.001085 0.0005645 0.0001521 0.00313 0.003052
1341839328.296667 0.0003381 0.00158 -0.001653 0.0008885 -0.001394 0.00189
1341839328.328755 0.002947 -0.001026 0.001477 -0.001457 -0.002639 -0.002483
1341839328.360635 -0.001388 -0.001136 0.001056 0.001355 0.001235 -0.001365
1341839328.396819 -0.001115 0.002798 -0.002523 0.003045 -0.0005935 0.000607
1341839328.428710 0.00105 -6.824e-05 0.0001416 -0.001529 -0.0001199 -0.00033
1341839328.464835 -0.0009318 -0.001953 0.0008769 -0.001908 0.0005045 0.001842
1341839328.496659 0.002155 -0.0005611 0.0009574 0.000393 -0.003203 -0.0009179
1341839328.528673 0.0004173 0.0001854 0.0004895 0.002216 0.001081 -0.001694
1341839328.564728 -0.003255 0.000185 -0.001424 0.001143 0.003009 0.002608
1341839328.625878 0.00448 -0.001265 0.002394 -0.0004492 -0.003917 -0.001397
1341839328.657644 -0.003723 0.0007304 -0.001104 0.002714 0.002971 0.0002707
1341839328.693566 -0.0002832 0.001483 -0.002241 -0.0003618 -0.002528 0.0006186
1341839328.725884 0.00446 -0.002867 0.003308 -0.002771 -0.004057 -0.003144
1341839328.757668 -0.002343 0.0002396 0.0001823 0.003684 0.003238 -0.0004312
1341839328.793500 -0.00423 0.003328 -0.004694 0.001181 0.001142 0.003442
1341839328.826689 0.003926 -0.00206 0.002153 -0.005436 -0.005129 -0.0002414
1341839328.861628 0.002496 -0.004301 0.004307 -0.00136 -0.001073 -0.002726
1341839328.893838 -0.003707 0.002111 -0.002151 0.005619 0.002266 0.0008143
1341839328.925828 -0.0008342 0.005773 -0.004425 0.00187 -0.001157 3.931e-07
1341839328.961597 0.00243 -0.004733 0.002967 -0.008158 -0.001648 -0.001576
1341839328.993736 -0.0003694 -0.004143 0.003515 -0.0008084 0.000101 0.002006
1341839329.026046 -0.0002804 0.004986 -0.003478 0.005362 -0.00176 -0.0002799
1341839329.061681 0.0008745 -0.001634 0.0001978 -0.003165 -0.001529 -0.002582
1341839329.093651 -0.0004924 -0.002463 0.002083 -0.0006272 -3.41e-05 0.001465
1341839329.129705 4.572e-07 0.003146 -0.002043 0.003336 -0.0004552 0.00132
1341839329.161766 0.0002902 -0.0006572 -0.0003235 -0.002474 -0.0009621 -0.0003992
1341839329.193630 0.001839 -0.002694 0.002289 -0.001971 -0.003879 -0.00246
1341839329.229958 0.001103 -0.0009477 0.0009736 0.002143 -0.002237 -0.003412
1341839329.261621 -0.002163 0.002647 -0.00282 0.003465 0.002081 0.001061
1341839329.293826 0.001106 -0.001175 -0.0004785 -0.003053 -0.001357 0.0005018
1341839329.330161 0.00353 -0.004934 0.004049 -0.002857 -0.003707 -0.001456
1341839329.361576 0.001447 -0.0006563 0.0007333 0.004462 -0.0009505 -0.002808
1341839329.397677 -0.002989 0.001459 -0.002749 0.003549 0.001973 -6.935e-06
1341839329.429794 -1.673e-05 0.0002382 -0.001538 -0.00152 -0.002954 0.001749
1341839329.462095 0.007786 -0.006037 0.004962 -0.004633 -0.00758 -0.003992
1341839329.497776 -0.002987 -0.002271 0.00193 0.005215 0.0033 -0.0001367
1341839329.529609 -0.004826 0.004515 -0.00569 0.005503 -0.0006546 0.007695
1341839329.565820 0.006057 0.00175 -0.000811 -0.0033 -0.007611 0.003995
1341839329.597604 0.005571 -0.006826 0.005754 -0.006739 -0.004164 -0.0009418
1341839329.629668 -0.00265 0.0001936 0.0002945 0.003704 -0.001425 0.002726
1341839329.665800 0.003708 0.00817 -0.005466 0.004182 -0.008772 0.0004952
1341839329.697644 0.008309 -0.0003254 0.001356 -0.007437 -0.006229 -0.005585
1341839329.729773 2.353e-05 -0.004708 0.00427 -0.006009 0.0006734 0.001106
1341839329.765624 0.007527 0.004821 -0.001749 0.001757 -0.008927 0.0001277
1341839329.797643 0.00783 -0.0001427 0.00201 -0.004781 -0.00258 -0.005241
1341839329.833722 0.001219 -0.005096 0.003667 -0.005986 0.001676 0.003764
1341839329.865810 0.009583 0.0005915 0.00191 0.000556 -0.008394 0.003131
1341839329.897566 0.01036 0.0002378 0.002387 -9.672e-05 -0.00536 -0.005232
1341839329.933593 0.002786 -0.001181 0.001885 -0.001122 0.001209 -0.0003455
1341839329.965703 0.008999 -0.0007275 0.001923 -0.00207 -0.006149 0.001715
1341839329.997622 0.01144 -0.002303 0.005244 -0.001641 -0.003985 -0.002388
1341839330.033691 0.005744 -0.002343 0.002968 0.0002018 -4.821e-05 1.59e-05
1341839330.065682 0.009124 -0.0003291 0.001188 0.000874 -0.005488 0.001152
1341839330.101720 0.01112 -0.000502 0.002695 0.0001512 -0.002591 -0.00188
1341839330.133799 0.006553 -0.001275 0.001332 -0.001015 0.001769 0.001886
1341839330.165594 0.01199 -0.001228 0.002084 -0.0009671 -0.005699 -0.0002569
1341839330.201660 0.01139 0.0005633 0.001457 0.0006004 -0.002842 -0.006242
1341839330.233709 0.00555 0.0002507 -5.049e-05 -0.000826 0.001703 -0.002715
1341839330.265739 0.01063 -0.0003633 0.0003089 -0.003026 -0.004408 -0.001729
1341839330.301821 0.01112 -0.002872 0.003713 -0.002678 -0.002354 -0.005201
1341839330.333763 0.004023 0.002049 -0.001201 0.002141 0.002397 -0.0001548
1341839330.369586 0.00736 -0.0003855 -0.0007887 -0.002863 -0.004757 0.003445
1341839330.401592 0.01323 -0.001355 0.003257 -0.001817 -0.007509 -0.00251
1341839330.433755 0.007637 -0.001272 0.0025 0.001922 0.00352 -0.004037
1341839330.469655 -0.0003908 0.00316 -0.003615 0.003915 0.00387 0.008249
1341839330.501951 0.01508 0.002006 -0.003196 -0.00299 -0.01437 0.001726
1341839330.533811 0.01436 -0.002701 0.007257 -0.003447 -0.004958 -0.0123
1341839330.569658 -0.00101 -0.001354 0.0005708 0.005135 0.01064 -0.002323
1341839330.601587 0.002942 0.01149 -0.009762 0.00691 -0.00138 0.007106
1341839330.637700 0.01383 -0.00349 0.002574 -0.01009 -0.005207 -0.003022
1341839330.669658 0.001753 -0.005359 0.005584 -0.0009167 0.01003 0.003438
1341839330.701704 0.002159 0.007849 -0.007596 0.007327 0.0008775 0.00888
1341839330.737621 0.01056 -0.002273 -0.0001088 -0.003737 -0.006078 -0.0004743
1341839330.769669 0.004774 -0.001462 0.0001243 0.003055 0.002455 5.794e-05
1341839330.805848 5.248e-05 0.01153 -0.009966 0.008077 0.00544 0.00604
1341839330.837580 0.007475 -0.001611 -0.00355 -0.009612 -0.0005856 0.005711
1341839330.869617 0.01012 -0.009618 0.004753 -0.006566 -2.563e-05 0.003904
1341839330.905589 0.001438 0.008515 -0.008742 0.009712 0.006233 0.005096
1341839330.937600 0.006683 0.001428 -0.005901 -0.003628 -0.0024 0.002035
1341839330.969715 0.008233 -0.004271 0.001933 -0.003016 -0.001954 -0.002565
1341839331.005663 0.002988 0.002688 -0.003616 0.005786 0.0005755 -0.00111
1341839331.037575 0.003723 0.006023 -0.004443 0.004269 -0.001017 -0.0006707
1341839331.073681 0.002969 0.004244 -0.003387 -0.002861 0.002405 0.003835
1341839331.105674 0.00615 -0.006253 0.003937 -0.008847 -0.001527 0.004926
1341839331.137723 0.005694 -0.0001366 0.001036 0.002579 -0.003969 0.002039
1341839331.173604 0.003967 0.002654 -0.001691 0.004176 -0.003938 -0.002644
1341839331.206025 0.001078 0.002928 -0.002571 0.0026 0.000926 0.003805
1341839331.237569 0.004318 0.006266 -0.00474 -0.0007778 -0.001054 0.006152
1341839331.273666 0.00661 -0.003551 0.001917 -0.008521 -0.003783 0.001238
1341839331.305627 0.007186 -0.004129 0.002897 0.0002279 -0.004778 -0.002249
1341839331.341607 0.002455 0.008737 -0.005664 0.01112 0.00182 -0.002656
1341839331.373735 0.002899 0.0066 -0.006451 -0.001744 0.00168 0.001426
1341839331.405705 0.006421 -0.008215 0.005382 -0.01146 0.001584 0.006302
1341839331.473794 0.01309 0.009679 -0.006044 0.009222 0.001942 0.006799
1341839331.505887 0.004176 -0.002562 0.0003533 -0.006304 0.001514 -0.00116
1341839331.541633 0.006703 -0.001584 0.001358 -0.0004517 -0.002296 0.001222
1341839331.573588 0.005742 0.006527 -0.00389 0.004938 0.001076 -0.002746
1341839331.609760 0.003253 -0.0006624 -0.001994 -0.005377 0.003564 -0.0005604
1341839331.641625 0.007483 -0.006179 0.003309 -0.006243 -0.003831 0.002713
1341839331.673616 0.008177 0.001261 0.001588 0.005344 -0.003536 -0.005799
1341839331.709625 0.003067 0.004642 -0.004655 0.005554 0.001117 -0.008292
1341839331.741634 0.003376 0.002449 -0.00378 -0.003735 -0.0004171 -0.002055
1341839331.777583 0.008071 -0.005406 0.004816 -0.00876 -3.234e-05 0.002214
1341839331.809615 0.008678 -0.004417 0.003972 0.002178 -0.001139 0.001286
1341839331.841790 0.004323 0.008105 -0.005237 0.01118 -0.0007927 -0.007442
1341839331.877680 0.003626 0.005736 -0.004914 -0.0009015 0.0007811 -0.006983
1341839331.909730 0.005816 -0.0003643 0.003644 -0.006884 0.005103 -0.002039
1341839331.941711 0.004185 0.0002717 0.0003854 -0.003708 0.006821 0.005594
1341839331.977710 0.006361 0.001167 -0.0003137 -0.003133 0.001042 0.004683
1341839332.045792 0.01326 -0.003674 0.005426 -0.0006485 0.002797 -0.0003264
1341839332.077575 0.00324 0.005427 -0.005111 0.005657 0.002083 0.001631
1341839332.116871 0.005361 0.002589 -0.001192 -0.003284 0.003403 -0.0007936
1341839332.152604 0.005118 -0.005942 0.004969 -0.005509 0.006095 0.006584
1341839332.184662 0.005084 -5.225e-05 -0.001594 0.002279 0.0008596 0.009114
1341839332.216752 0.005594 0.004364 -0.001205 0.003594 0.001699 0.001185
1341839332.252770 0.003626 -0.001559 -0.000851 -0.002016 0.003667 0.002315
1341839332.284701 0.006433 -0.0008997 0.0008316 1.068e-05 -0.001796 0.002626
1341839332.320752 0.004421 0.006965 -0.002574 0.00525 0.003655 -0.002948
1341839332.352704 0.001871 2.433e-05 -0.004059 -0.004678 0.005544 -0.0004923
1341839332.384789 0.008468 -0.005163 0.004157 -0.006515 -0.004387 0.001959
1341839332.420694 0.00878 0.0004969 0.003434 0.004625 -0.001039 -0.00362
1341839332.453030 0.0001322 0.001879 -0.005042 0.00459 0.005579 -0.0007563
1341839332.484688 0.003028 0.00218 -0.003272 -0.001126 -0.0009587 0.002126
1341839332.520706 0.008759 -0.0006735 0.003343 -0.002706 -0.002712 0.0005785
1341839332.552671 0.006697 -0.001801 0.001142 0.000497 -0.0007269 -0.0007567
1341839332.584673 0.005098 0.0004229 -0.001443 0.003099 -0.002759 -0.002267
1341839332.620880 0.004705 0.004721 -0.002669 0.003829 -0.001933 -0.004298
1341839332.652689 0.005136 0.00187 -0.001332 -0.00119 0.0001455 -0.003161
1341839332.688723 0.007216 -0.000558 0.0002719 -0.002842 -0.003843 -0.001581
1341839332.720653 0.008186 0.002854 0.0008638 0.0009065 -0.002988 -0.005383
1341839332.752651 0.003787 0.0005305 -0.002099 -0.002774 0.003016 0.001127
1341839332.788721 0.009157 -0.003704 0.002245 -0.00455 -0.004618 0.003296
1341839332.820842 0.01168 -0.0011 0.003647 0.00334 -0.005982 -0.003532
1341839332.852685 0.0009207 0.005726 -0.00615 0.007179 0.003585 -0.003306
1341839332.888848 0.0052 0.004502 -0.003659 -0.001849 -0.001633 -0.001386
1341839332.920995 0.01057 0.0001117 0.004141 -0.004657 -0.0007906 -0.001952
1341839332.952682 0.004255 0.0007956 -0.001904 -0.002762 0.001616 6.514e-05
1341839332.988738 0.008297 -0.001939 0.001567 -0.005481 -0.005387 0.000435
1341839333.020623 0.01263 -0.002472 0.005635 -0.001465 -0.007569 -0.002605
1341839333.056704 0.008935 -0.002373 0.002721 0.004005 -0.002515 -0.006328
1341839333.088657 0.0003682 0.005906 -0.005807 0.007308 0.001561 -0.002863
1341839333.120706 0.006803 0.004542 -0.001576 -0.001865 -0.000438 -0.00255
1341839333.156633 0.01172 -0.005119 0.007079 -0.006555 0.0008371 0.001962
1341839333.188765 0.006194 -0.00146 -0.001007 0.001049 -0.0001967 0.004727
1341839333.220616 0.008992 0.004421 -0.0007257 0.002743 -0.004699 -0.002899
1341839333.256627 0.008557 4.929e-07 0.001173 5.682e-05 -0.001996 -0.004903
1341839333.288720 0.006853 0.001647 -0.001168 0.0008027 -0.0001526 -0.00301
1341839333.320582 0.003792 0.002691 -0.003014 -0.0006331 0.00443 0.002739
1341839333.356732 0.007136 0.003966 -0.002511 -0.00386 -0.001511 0.001109
1341839333.388697 0.01565 -0.002664 0.00819 -0.005762 -0.006736 -0.006625
1341839333.420710 0.003902 -0.002762 0.0003759 0.001025 0.003084 -0.0009517
1341839333.456775 0.001707 0.00695 -0.005482 0.002598 -0.0003091 0.001944
1341839333.488704 0.01155 0.0008593 0.005051 -0.004123 -0.004923 -0.00235
1341839333.524711 0.007198 -0.00271 0.00357 -0.00178 0.001048 -0.001447
1341839333.556624 -0.0008219 0.004573 -0.005804 0.001774 0.001715 0.00207
1341839333.588625 0.008669 0.005691 0.0007937 -0.002501 -0.005537 -0.00338
1341839333.624629 0.00946 -0.002994 0.005702 -0.005161 -0.0007763 -0.003694
1341839333.656568 0.001507 -0.001299 -0.002219 -0.000577 0.002396 0.005238
1341839333.692659 0.005053 0.008604 -0.003123 0.001594 -0.002218 0.001682
1341839333.724668 0.01243 -0.001475 0.007196 -0.005537 -0.002876 -0.003778
1341839333.756687 0.006868 -0.006717 0.002819 -0.001428 -0.0006465 0.00119
1341839333.792785 0.0002017 0.009343 -0.005888 0.006356 -0.001222 -0.001709
1341839333.824592 0.007765 0.002643 0.002573 -0.004506 -0.002716 -0.004996
1341839333.860713 0.01259 -0.01169 0.009257 -0.00727 -0.00301 0.001576
1341839333.892664 0.002329 0.001039 -0.002948 0.006389 -0.0004178 0.002608
1341839333.924772 0.003102 0.008702 -0.004173 0.003114 -0.003281 -0.00586
1341839333.960800 0.01193 -0.005776 0.007223 -0.00671 -0.004789 -0.00667
1341839333.992556 0.007994 -0.01113 0.004337 -0.0007656 -0.002651 -0.0005179
1341839334.028677 -0.005157 0.0113 -0.009112 0.01143 0.003521 0.001238
1341839334.060751 0.007951 0.002587 0.0003967 -0.004661 -0.004854 -0.0007539
1341839334.092709 0.01655 -0.01328 0.01052 -0.006856 -0.00805 -0.002927
1341839334.128631 -0.0005091 0.0005137 -0.004289 0.0103 0.0007897 -0.002799
1341839334.160667 -0.004204 0.01626 -0.00933 0.008492 0.001006 -0.00409
1341839334.196648 0.01379 -0.003314 0.008987 -0.01089 -0.002476 -0.001787
1341839334.228784 0.006972 -0.01073 0.005489 -0.004749 0.001722 0.007566
1341839334.260936 0.001551 0.003527 -0.006119 0.006 -0.00747 0.004096
1341839334.328751 0.01546 -0.002797 0.006114 0.0008009 -0.006233 -0.01164
1341839334.389793 0.001483 0.01252 -0.01087 0.005697 -0.00986 0.00476
1341839334.421707 0.01208 -0.005491 0.006078 -0.008566 -0.007261 -0.008836
1341839334.458010 0.00401 -0.01306 0.001967 -0.001395 -0.006538 -0.0006124
1341839334.489685 -0.001457 0.01378 -0.0114 0.01549 -0.009871 -0.006878
1341839334.525784 0.003072 0.007992 -0.001886 -0.003209 -0.001985 -0.01547
1341839334.557792 0.007423 -0.01722 0.008118 -0.01357 -0.0008958 0.007455
1341839334.589872 0.004758 0.001262 -0.005485 0.006027 -0.009353 0.009896
1341839334.625782 0.01315 0.007718 0.002464 0.005223 -0.01216 -0.01313
1341839334.657843 0.0007049 -0.006071 0.0008675 -0.0007305 -0.001065 -0.01028
1341839334.689637 -0.002923 0.003081 -0.006824 0.003627 -0.00692 0.0006456
1341839334.725841 0.009353 0.006982 0.001464 3.42e-05 -0.007233 -0.003952
1341839334.757940 0.004871 -0.006184 0.002621 -0.007065 0.0009672 0.003364
1341839334.793688 0.007082 -0.004522 -0.0002614 -0.0001159 -0.01113 0.004486
1341839334.826159 0.007052 0.008805 -0.001225 0.008413 -0.01024 -0.008731
1341839334.857927 0.001571 0.002533 -0.001377 3.373e-05 -0.001207 -0.006581
1341839334.893837 0.002773 -0.001968 -0.0005859 -0.003445 -0.00403 0.002594
1341839334.925643 0.009115 0.002804 0.0001648 -0.00039 -0.009583 -0.0007075
1341839334.958884 0.01236 -0.004905 0.005313 -0.002144 -0.01015 -0.008412
1341839334.993773 0.0007363 -0.0003183 -0.002761 0.005339 -0.003956 -0.005648
1341839335.025708 0.00101 0.01037 -0.005177 0.006624 -0.004219 -0.005038
1341839335.061854 0.006544 0.002569 0.0002628 -0.004516 -0.00285 -0.004013
1341839335.093687 0.008387 -0.008706 0.003361 -0.007815 -0.006398 0.001499
1341839335.125723 0.007027 0.00374 -0.0004346 0.005284 -0.00873 -0.003896
1341839335.161765 0.003013 0.007417 -0.002798 0.003201 -0.00173 -0.007604
1341839335.193620 0.003827 -0.004281 0.0006584 -0.005765 -0.003018 0.00137
1341839335.229620 0.008791 0.0002862 3.565e-05 -0.0004456 -0.01184 -1.878e-05
1341839335.261647 0.01098 0.00216 0.003373 0.001931 -0.007992 -0.01013
1341839335.293594 -0.001954 0.001059 -0.003308 0.002303 0.003706 -0.002732
1341839335.330288 0.003287 0.001255 -0.004456 -0.003112 -0.008797 0.002146
1341839335.361768 0.01444 -0.003057 0.007328 -0.004081 -0.01379 -0.005732
1341839335.393779 0.003665 -0.001457 0.0003342 0.003174 -0.002006 -0.006627
1341839335.429685 -0.0008725 0.002153 -0.00559 0.003133 -0.004059 -0.002183
1341839335.461748 0.008865 0.0003 0.0002564 -0.001464 -0.01253 -0.00635
1341839335.497763 0.007635 -0.005518 0.004011 -0.0005387 -0.007969 -0.008946
1341839335.529696 0.000447 0.001481 -0.003947 0.006342 -0.004015 -0.00555
1341839335.561678 0.0002346 0.005849 -0.005796 0.003769 -0.004301 -0.0038
1341839335.597774 0.007558 -0.002443 0.001246 -0.005943 -0.006827 -0.002605
1341839335.629668 0.005893 -0.007825 0.003482 -0.002694 -0.005107 -0.0007428
1341839335.661725 0.002836 0.001578 -0.00518 0.006948 -0.01008 -0.00455
1341839335.698267 0.005903 0.003409 -0.003564 0.003996 -0.01382 -0.01245
1341839335.729842 0.005291 0.000589 7.99e-05 0.0005555 -0.007666 -0.01197
1341839335.765671 -0.0003935 -0.0003689 -0.001702 0.0003174 -0.0012 -0.00437
1341839335.798008 2.127e-05 0.003524 -0.004899 -0.0001441 -0.006014 0.0005693
1341839335.829597 0.01088 -0.001236 0.002479 -0.005548 -0.01339 -0.008153
1341839335.865741 0.003412 -0.002525 0.002397 -0.0003919 -0.004219 -0.009215
1341839335.929801 0.004552 0.004825 -0.006142 0.005496 -0.01166 -0.005071
1341839335.965821 0.005078 0.001057 3.428e-05 -0.001874 -0.002416 -0.005867
1341839335.997645 0.0003053 -0.002813 0.0007048 -0.002573 -0.001537 0.0004098
1341839336.033633 0.006174 0.001689 -0.0006644 0.002659 -0.008809 -0.0005127
1341839336.065708 0.006774 0.00415 -0.001014 0.002432 -0.003998 -0.008468
1341839336.097620 -0.002155 -0.000825 -0.00124 -0.002368 0.00383 0.001342
1341839336.133580 0.007562 -0.002821 0.0009669 -0.003087 -0.009975 0.005551
1341839336.165684 0.01166 0.003183 0.002312 0.005639 -0.009285 -0.01091
1341839336.201770 0.002116 0.004091 -0.004838 0.004297 0.001577 -0.01375
1341839336.234199 0.0005974 -0.0002997 -0.002061 -0.003406 -0.000223 -0.003619
1341839336.265733 0.007037 0.001721 -0.001201 -0.00377 -0.004494 0.0003615
1341839336.301605 0.007132 -0.001336 0.001289 -0.00697 -0.001154 -0.003575
1341839336.333617 0.003927 -0.005473 0.003639 -0.005383 -0.002844 3.698e-05
1341839336.365711 0.005463 -0.001703 0.0009107 0.001647 -0.008555 0.0004805
1341839336.401651 0.007369 0.0007389 -2.019e-05 0.002642 -0.007065 -0.00463
1341839336.433661 0.000566 -0.0007571 -0.001225 -0.0002084 -0.001787 -0.0001514
1341839336.469753 0.007889 -0.00123 -0.0006425 -0.002645 -0.01183 -0.0008301
1341839336.501527 0.01454 -0.001403 0.003526 -0.00255 -0.01346 -0.01569
1341839336.533643 0.0058 -0.006452 0.006587 0.0002142 -0.007052 -0.02151
1341839336.569834 0.0006216 0.0007099 -0.002557 0.009483 -0.01052 -0.01302
1341839336.633720 0.005427 0.006276 -0.003654 -0.0108 0.004146 -0.006357
1341839336.669774 0.01042 -0.01288 0.01227 -0.00994 -0.007835 0.01364
1341839336.701623 0.01618 -0.0009806 0.006315 0.008937 -0.01487 -0.008403
1341839336.737703 0.003133 -0.0005618 0.0002501 0.007872 -0.002329 -0.01501
1341839336.769713 0.001999 -0.002417 0.001982 0.002975 -0.005978 -0.002698
1341839336.801896 0.009762 0.0003828 0.001688 0.003321 -0.006445 -0.0005828
1341839336.837710 0.006084 -0.003801 0.003584 -0.002315 0.002028 0.0004655
1341839336.869698 0.002788 -0.005444 0.004482 -0.0001848 -0.001559 0.005306
1341839336.901648 0.01017 -0.0007633 0.001265 0.004476 -0.009421 -0.0008769
1341839336.937590 0.008112 -0.002981 0.003159 0.002 -0.000497 -0.00695
1341839336.969791 -0.001677 0.000947 -0.0003688 0.004474 0.003208 0.003565
1341839337.005670 0.008256 0.0001901 -0.0009187 -0.001575 -0.008685 0.002522
1341839337.037737 0.01251 -0.008327 0.009122 -0.005668 -0.004709 -0.006681
1341839337.069784 -0.0003801 -0.002708 0.003122 0.00525 0.001587 -0.0008032
1341839337.105703 0.006152 0.001899 -0.001556 0.004626 -0.0109 -0.003842
1341839337.137668 0.006909 -0.001562 0.002989 -0.0002938 -0.005769 -0.007284
1341839337.169654 0.001413 -0.00324 0.002544 -0.0009367 -0.001744 -0.002663
1341839337.205717 0.001402 -0.0005989 0.0006938 0.001322 -0.006658 -0.0008271
1341839337.237736 0.007649 0.001214 3.195e-05 0.0002827 -0.01075 -0.005384
1341839337.273717 0.003725 -0.003529 0.003906 -0.00295 -0.003763 -0.006379
1341839337.305689 -0.003747 0.0004934 0.000621 0.001757 -0.003014 0.001736
1341839337.337586 0.01047 0.0007699 -0.001499 -0.001373 -0.01459 -0.003264
1341839337.373728 0.006262 -0.007835 0.00745 -0.005303 -0.004976 -0.009313
1341839337.405771 -0.002836 -0.003115 0.002012 0.005161 -0.003901 -0.001703
1341839337.441982 0.01041 0.006655 -0.003959 0.00794 -0.01318 -0.00343
1341839337.473977 0.00388 -0.001394 0.001444 -0.003589 0.0007794 -0.005684
1341839337.508609 -0.005116 -0.002368 0.002725 -0.002523 0.002097 0.006345
1341839337.543918 0.01343 -0.002085 0.002072 -0.0006317 -0.0151 -0.001085
1341839337.606146 -0.0006867 0.002824 0.0003361 0.005292 0.001452 -0.01226
1341839337.641814 0.01138 -0.002713 0.001501 -0.005167 -0.01477 -0.001153
1341839337.675262 0.009203 0.0004202 0.002287 0.0004375 -0.003559 -0.006676
1341839337.709810 -0.001365 0.005519 -0.002567 0.0008904 0.00367 -0.0006481
1341839337.741912 0.001629 0.003372 -0.0002868 -0.005318 -0.004628 0.005445
1341839337.774188 0.01474 -0.008215 0.0063 -0.01104 -0.01376 -0.00632
1341839337.809638 0.004717 -0.004602 0.006522 0.002562 -0.001481 -0.01131
1341839337.841586 -0.00364 0.01022 -0.007091 0.009878 -0.001853 -0.00114
1341839337.873743 0.006548 0.002085 -0.004499 -0.004911 -0.009706 -0.002739
1341839337.909675 0.008072 -0.006776 0.006101 -0.007888 -0.003945 -0.005238
1341839337.941639 -0.0004456 0.003929 -0.001207 0.004079 0.001741 -0.0005427
1341839337.977798 6.929e-05 0.00543 -0.004062 -0.001513 -0.007321 0.0006872
1341839338.010031 0.01134 -0.006421 0.002059 -0.00908 -0.01208 -0.007067
1341839338.041702 -0.0005523 -0.003037 0.004359 0.0006963 0.004564 -0.005504
1341839338.077694 -0.005417 0.01165 -0.005709 0.008086 -0.002595 0.01079
1341839338.109774 0.01316 -0.004913 -0.002637 -0.01034 -0.02252 -0.003566
1341839338.141722 0.008047 -0.01187 0.01085 -0.006411 -0.01107 -0.01597
1341839338.177697 -0.006377 0.002819 -0.003014 0.01115 -0.005722 -0.005871
1341839338.209836 0.006331 0.006461 -0.01187 0.006083 -0.02568 -0.00237
1341839338.245657 0.01129 -0.006779 -0.001609 -0.007159 -0.02016 -0.0135
1341839338.277654 -0.003034 -0.005552 0.005391 0.00131 -0.004002 -0.0103
1341839338.309709 0.0009518 0.007362 -0.007836 0.01128 -0.01383 0.003655
1341839338.346052 0.01604 0.003769 -0.01325 -0.001271 -0.01969 -0.0007019
1341839338.377746 0.003717 -0.008559 0.003042 -0.01139 -5.243e-05 -0.009399
1341839338.414018 -0.003582 0.002382 0.002044 0.002741 -0.00188 0.003823
1341839338.445575 0.01519 0.002861 -0.008506 -0.0002924 -0.02351 0.0009192
1341839338.477556 0.01172 -0.01039 0.001847 -0.01051 -0.01519 -0.0178
1341839338.513581 -0.006686 -0.01107 0.008935 0.00138 -0.006513 -0.02047
1341839338.545689 0.01086 0.01141 -0.01246 0.01856 -0.02386 -0.0104
1341839338.578283 0.01141 0.00591 -0.01092 -0.0007397 -0.0143 -0.01438
1341839338.613599 -0.00708 -0.005754 0.01214 -0.00719 -0.003028 -0.008383
1341839338.645675 0.006828 -0.002304 -1.157e-06 0.005612 -0.01651 0.001068
1341839338.681727 0.01625 0.003521 -0.008592 0.004464 -0.01618 -0.005969
1341839338.713893 0.003787 -0.001053 0.0007211 -0.002333 -0.006671 -0.01179
1341839338.781709 0.01296 0.003883 -0.003606 0.00446 -0.008727 -0.004881
1341839338.813730 0.004779 0.003257 -0.0009397 -0.003865 -0.001971 0.007686
1341839338.845877 0.006556 -0.008786 0.005451 -0.008365 -0.009563 -0.005776
1341839338.881802 0.00468 -0.004281 0.0005514 0.003805 -0.003091 -0.009925
1341839338.913653 0.005897 0.009856 -0.005347 0.00961 -0.005205 -0.0002467
1341839338.949676 0.009335 0.004363 -0.004529 -0.001761 -0.01175 -0.0005911
1341839338.981956 0.0059 -0.003281 0.0002485 -0.00689 -0.004348 -0.00545
1341839339.013697 -0.003434 0.002833 0.002717 0.0002772 -0.0003613 0.002834
1341839339.049615 0.008481 0.001926 -0.001255 -9.545e-05 -0.02082 0.002612
1341839339.081735 0.01969 -0.005352 -0.003608 -0.004796 -0.02588 -0.01792
1341839339.113711 -6.562e-05 -0.008936 0.004453 -0.001293 -0.00508 -0.03325
1341839339.149680 -0.007548 0.006743 0.0004124 0.01431 -0.006636 -0.01154
1341839339.181651 0.01817 0.01054 -0.01568 0.006233 -0.02026 0.0002642
1341839339.217865 0.005973 -0.009393 -0.0003316 -0.01642 0.00234 -0.0102
1341839339.249837 -0.009459 -0.001336 0.00669 -0.003016 0.005605 -0.0008897
1341839339.281657 0.01425 0.003336 -0.006664 0.001185 -0.01569 0.0003952
1341839339.317672 0.008323 -0.003612 -0.00235 -0.007414 -0.001069 -0.007002
1341839339.349560 -0.003852 -0.001116 0.004255 -0.001642 0.005669 -0.0007857
1341839339.381716 0.008418 0.003876 -0.004272 0.002185 -0.007788 0.002417
1341839339.417573 0.006834 -0.002386 -0.00198 -0.003859 -0.001757 -0.003578
1341839339.449681 -0.001108 -0.0005528 0.002345 0.0005334 0.003741 0.0004629
1341839339.485695 0.008032 0.003589 -0.003737 0.002628 -0.005964 0.004117
1341839339.517711 0.003518 -0.006653 0.001587 -0.003845 0.0005003 -0.004892
1341839339.549709 -0.0002043 7.516e-05 0.00205 0.005475 0.00119 0.0004818
1341839339.585694 0.007298 0.004387 -0.004428 0.005733 -0.00932 0.000909
1341839339.617734 0.007707 -0.007125 -0.001723 -0.004863 -0.004275 -0.007971
1341839339.653664 -0.006391 -0.006224 0.007117 0.003688 0.009795 -0.005242
1341839339.685594 0.008569 0.01324 -0.006946 0.01347 -0.008684 0.00974
1341839339.725102 0.01026 -0.004008 -0.003239 -0.008461 -0.006583 -0.001851
1341839339.785820 0.0003652 0.001147 0.003652 0.001463 0.006914 0.005827
1341839339.817649 0.006489 0.001062 -0.002349 -0.002915 -0.006858 0.0002819
1341839339.853678 0.002577 -0.009975 0.00461 -0.007137 -0.003527 -0.01315
1341839339.885719 -0.002364 -0.001699 0.002122 0.008143 0.002279 -0.01043
1341839339.921797 0.01131 0.0163 -0.01244 0.01154 -0.007136 0.006571
1341839339.953700 0.006638 3.915e-05 -0.002893 -0.01271 -0.001978 0.002991
1341839339.985622 -0.002965 -0.006754 0.005302 -0.009517 0.007372 0.0007421
1341839340.021864 0.006576 0.007667 -0.006356 0.001307 -0.001701 0.00761
1341839340.053574 0.00259 -0.002776 0.0004475 -0.0103 -0.004143 -0.002175
1341839340.085831 0.001041 -0.01214 0.005238 -0.004484 0.0006641 -0.01397
1341839340.121782 0.001666 0.001764 -0.002296 0.0128 0.005539 -0.006861
1341839340.153668 0.01583 0.02526 -0.01848 0.01344 -0.0105 0.01365
1341839340.189753 0.008681 -0.0123 -0.001945 -0.02559 4.992e-05 -0.01137
1341839340.221730 -0.01035 -0.004809 0.009361 -0.006362 0.02405 -0.003676
1341839340.253773 0.00431 0.01206 -0.002699 0.003639 0.0008721 0.02175
1341839340.289866 0.005099 -0.01305 0.004276 -0.009445 -0.004167 0.007743
1341839340.321580 0.01282 -0.003967 -0.008975 0.002819 0.002645 -0.007757
1341839340.353715 0.005471 0.01484 -0.004839 0.003004 -0.003964 -0.002823
1341839340.389755 0.001529 -0.006723 5.165e-05 -0.01404 -0.002713 -0.009929
1341839340.422038 -0.002879 -0.001349 -0.0006502 -0.00283 0.01352 0.008907
1341839340.457698 0.01306 0.00929 -0.007805 -0.004343 -0.005916 0.02168
1341839340.489727 0.005099 -0.01134 0.0004341 -0.02005 0.0009439 -0.008603
1341839340.521632 -0.002468 0.001812 0.0004872 -0.003799 0.01744 0.00496
1341839340.557783 0.01066 0.006521 -0.00479 -0.008783 9.87e-05 0.01988
1341839340.589579 0.003675 -0.009112 0.006314 -0.01642 -0.0005364 0.0001434
1341839340.625761 0.003407 -0.005587 0.00227 -0.003326 0.001728 -0.009011
1341839340.657658 0.007096 0.005155 -0.006508 0.001412 0.001145 0.00102
1341839340.689692 0.005319 -0.002303 0.0002628 -0.009531 -0.002504 -0.0009976
1341839340.725740 0.003105 -0.008878 0.001683 -0.008155 0.005216 -0.006708
1341839340.757924 0.008599 0.003084 -0.004876 -0.001551 0.004514 0.001834
1341839340.789679 0.005501 -0.002024 0.001875 -0.006403 -0.0007394 -0.002137
1341839340.825682 0.006763 -0.004081 -0.004643 -0.006407 0.003029 -0.004166
1341839340.857588 0.005587 0.0004149 -0.003479 -0.008817 0.01088 0.002063
1341839340.893730 0.006055 0.003796 0.002391 -0.007984 0.001144 0.01291
1341839340.925735 0.002707 -0.006121 0.001672 -0.009623 -0.0005274 0.001943
1341839340.957629 0.003999 -0.004689 -0.0005859 -0.00432 0.006768 -0.000803
1341839340.993772 0.007192 0.007089 -0.003811 0.0005054 -0.001819 0.01022
1341839341.025671 0.003248 -0.005595 0.0006899 -0.01086 -0.004243 -0.008362
1341839341.057806 0.0001855 -0.006492 0.004611 -0.0008347 0.004689 -0.009129
1341839341.093662 0.006963 0.007113 -0.007917 0.00546 -0.002268 0.01165
1341839341.125745 0.004395 -0.004517 -0.002617 -0.01219 -0.002347 0.002692
1341839341.161589 0.002508 -0.005757 0.005312 -0.006494 0.003778 -0.00286
1341839341.193897 0.00646 -0.0004821 -0.002526 0.002322 0.0007061 -0.004166
1341839341.261788 0.01058 0.003361 -0.00727 -0.003455 0.002844 -0.01139
1341839341.293674 0.005597 -0.0004509 -0.002406 -0.00642 0.00533 0.00313
1341839341.325653 0.008066 0.005139 -0.007582 -0.007171 0.005098 0.008233
1341839341.361673 0.0062 0.004254 -0.003675 -0.01525 0.001448 0.002498
1341839341.393787 0.002979 -0.0008961 0.004269 -0.01177 0.003719 -0.009129
1341839341.429785 0.005288 0.002426 -0.002291 -0.002481 0.004109 -0.001928
1341839341.461594 0.005062 0.001654 -0.004227 -0.007731 0.003453 -0.002111
1341839341.493666 0.003232 0.0001824 0.0003277 -0.01065 0.006666 0.004031
1341839341.529752 0.003146 4.034e-05 0.0006165 -0.007464 0.005641 0.007195
1341839341.561764 0.002787 -0.001972 0.0006966 -0.003432 0.005473 -0.001758
1341839341.593691 0.003841 0.001936 -0.004779 -0.0005065 0.00507 0.001311
1341839341.629657 0.002761 0.0006152 -0.00313 -0.005083 0.003558 0.004043
1341839341.662189 0.002446 -0.0004843 -0.001268 -0.003533 0.003407 0.003012
1341839341.697693 0.002163 -0.001638 -0.001494 -0.001566 0.002739 -0.004097
1341839341.729716 0.003124 -0.001732 -0.004234 0.0007375 0.006179 -0.004392
1341839341.761680 0.004519 0.003573 -0.009387 -0.0009956 0.004456 0.004177
1341839341.797656 0.002327 -0.0008829 -0.001009 -0.006467 0.004182 -0.0005396
1341839341.829696 0.00369 -0.001597 -0.003229 -0.002077 0.009367 0.0002504
1341839341.865686 0.004391 0.003794 -0.008552 -0.002495 0.009572 0.01071
1341839341.897659 0.004181 0.001436 -0.003296 -0.003471 0.003481 0.01233
1341839341.929651 0.003528 -0.002325 -0.005092 -0.003417 0.004832 -0.003088
1341839341.966152 0.003375 -0.0001003 -0.003018 0.001879 0.008948 -0.001467
1341839341.997665 0.003889 0.001872 -0.01157 0.0008396 0.005347 0.01427
1341839342.029793 0.00433 -0.001628 -0.004994 -0.004481 0.007105 0.01023
1341839342.065765 0.005219 -0.002345 -0.0006284 0.003461 0.01102 -0.001661
1341839342.097737 0.004245 -0.0009122 -0.005595 0.009357 0.01438 -0.005589
1341839342.133572 0.002088 -0.0008839 -0.01155 0.001189 0.01141 0.01458
1341839342.165740 0.002508 0.0004763 -0.004513 -0.003659 0.00362 0.008078
1341839342.197680 0.002334 -0.0001178 -0.001962 0.0007417 0.007733 -0.002675
1341839342.233630 0.002133 -0.0002669 -0.002992 0.002216 0.001367 0.004248
1341839342.265857 8.785e-05 -0.0002842 -0.008929 -0.0001832 0.001196 0.0002112
1341839342.297900 -3.63e-05 0.001715 -0.006308 -0.008632 0.01175 -0.006656
1341839342.334490 0.004039 0.001319 0.001101 -0.005655 0.009556 0.003254
1341839342.366742 0.0003937 -0.001227 -0.009147 -0.007598 0.006723 0.01004
1341839342.401681 0.001758 0.006032 -0.002369 -0.005676 0.008042 -0.004719
1341839342.433833 0.005288 0.0006503 0.006104 0.001935 0.006485 -0.004573
1341839342.465726 -0.001824 -0.003347 -0.01097 -0.00116 0.007008 0.005811
1341839342.501647 0.0001325 0.008856 -0.004281 0.002142 0.01031 -0.001781
1341839342.540751 0.003984 -0.001901 0.0005649 -0.002713 0.009559 0.005809
1341839342.601758 0.002084 -0.0005074 -0.007715 -0.002945 0.01259 0.01345
1341839342.669819 0.001209 0.002244 -0.006935 0.003166 0.01769 0.007247
1341839342.701951 -0.0009987 -0.0002725 -0.006572 -0.003327 0.009533 0.007841
1341839342.733628 0.003677 0.002701 0.001555 0.001687 0.005748 0.002743
1341839342.769533 0.002287 -0.003648 -0.001072 0.0008945 0.004574 0.005282
1341839342.801681 -0.002423 0.002449 -0.006207 0.005677 0.007956 0.00102
1341839342.837574 -0.002958 0.003406 -0.006339 0.003222 0.01501 0.002916
1341839342.869635 0.001886 -0.003627 -0.002974 -0.006139 0.00926 0.009918
1341839342.901615 0.004366 -0.001154 0.0001729 -0.001766 0.003252 0.00769
1341839342.937722 0.002482 -0.0003636 -0.001692 0.001836 0.004733 0.003812
1341839342.969783 0.001873 -0.001711 -0.001729 0.002088 0.004184 0.003157
1341839343.001730 -0.002383 0.002321 -0.005026 0.006313 0.008278 0.001262
1341839343.037568 -0.002112 -0.000953 -0.005082 -0.0006847 0.01144 0.004496
1341839343.069751 0.004831 -0.006461 0.0006957 -0.006661 -0.00217 0.009143
1341839343.105654 0.0028 0.006559 -0.0001944 0.01108 0.0009382 -0.0001115
1341839343.137584 -0.006088 0.006289 -0.00914 0.008295 0.01828 -0.004844
1341839343.169670 0.004372 -0.0009466 0.001787 -0.001483 0.009556 0.00147
1341839343.205656 0.005629 -0.004511 0.000675 0.0008838 0.005833 0.01077
1341839343.237612 0.001563 0.002354 -0.004031 0.005362 0.01066 0.001447
1341839343.305779 -0.0001525 -0.004062 -0.006786 -0.0003962 0.02099 0.006688
1341839343.337587 0.005026 0.003272 0.000362 0.00245 0.006049 0.00512
1341839343.373793 0.009756 -0.001472 0.002959 0.002664 0.00374 0.000999
1341839343.405587 -0.003733 -0.002516 -0.006133 0.0007732 0.01339 0.003424
1341839343.437639 0.00325 0.002835 0.0001188 0.003178 0.0069 0.002652
1341839343.473895 0.006314 -0.001947 0.0009776 0.00317 0.005827 0.00485
1341839343.505595 0.001333 -0.00344 -0.003504 -0.001863 0.007291 0.003477
1341839343.537619 0.01206 0.004175 0.006151 0.008709 -0.001802 -0.00642
1341839343.573926 -0.0008403 -0.001349 -0.00341 0.009582 0.01196 -0.0001153
1341839343.605784 -0.01004 -0.001077 -0.009274 -0.0002342 0.01863 0.002793
1341839343.641726 0.005584 0.00146 0.001585 -0.001328 0.00526 0.003865
1341839343.673994 0.007676 -0.001719 0.001711 -0.0001791 0.001893 0.005075
1341839343.705911 0.001651 0.000476 -0.001153 0.002524 0.00703 0.0008188
1341839343.741614 0.005344 -0.001511 0.0002156 0.0001566 0.002781 0.002148
1341839343.774055 0.007793 2.317e-05 0.001825 0.002977 -0.00305 -0.001235
1341839343.805691 -0.001148 0.002687 -0.00111 0.01012 0.007955 -0.005266
1341839343.841823 -0.01065 -0.0008962 -0.007664 0.00189 0.01718 0.002167
1341839343.873716 -0.002712 0.003082 -0.002572 -0.002274 0.01138 0.001562
1341839343.909636 0.005489 0.001153 0.001672 -0.0004142 0.005266 0.00662
1341839343.941606 -0.001501 -0.002217 -0.004102 -0.005451 0.009296 0.007314
1341839343.973942 0.006209 0.003099 0.001306 -0.002446 0.003866 -0.0004618
1341839344.009670 0.006306 0.000268 0.001227 0.0004017 0.003311 0.002499
1341839344.041779 -0.001654 0.0005744 -0.003267 -0.0005706 0.01037 -0.001263
1341839344.077608 0.004091 0.001909 0.001018 0.001502 0.008079 -0.0003372
1341839344.109759 0.001881 -0.002489 -0.002495 -0.002492 0.005856 0.005189
1341839344.141693 0.003262 0.001264 -0.000144 -0.00202 0.002858 -0.001612
1341839344.177686 0.002594 0.002097 0.0009666 0.003981 0.007939 -0.002388
1341839344.209677 -0.0002775 -0.002123 -0.003341 -0.001716 0.006436 0.007047
1341839344.241575 0.005437 0.0003121 0.000445 -0.003194 -0.0006355 -0.0009296
1341839344.277638 0.003742 0.002921 0.002262 0.00574 0.00564 -0.006389
1341839344.309629 -0.004253 -0.0007567 -0.003466 0.004534 0.01063 0.006048
1341839344.345784 -0.003801 -0.00131 -0.00379 -0.005871 0.009714 0.005657
1341839344.377695 0.00608 0.002644 0.002831 -0.001096 0.004576 0.002953
1341839344.409722 0.008126 -0.0003076 0.0005547 0.002718 -0.001986 0.006707
1341839344.445749 -0.00098 -0.001718 -0.002631 -0.001107 0.003808 -0.0004275
1341839344.477598 0.0004164 0.0005698 -0.0009997 -0.000624 0.005149 0.0003037
1341839344.510290 -0.001253 1.456e-05 -0.0008607 -0.0002321 0.006559 0.001302
1341839344.545735 -0.001065 -0.001022 -0.001535 -0.000728 0.01095 0.00187
1341839344.577829 0.006695 -0.0001321 -0.001579 -0.001336 0.002158 0.005238
1341839344.613708 0.001085 0.001348 0.0005727 0.0008646 0.003819 0.001186
1341839344.645705 0.0004901 -0.001365 -0.0009751 0.002947 0.007161 -0.0008688
1341839344.677613 0.003913 -0.001184 -0.003006 -0.0002562 0.003227 0.00101
1341839344.713772 -0.0001292 0.0006048 0.0001755 0.00158 0.005624 0.001418
1341839344.746130 0.004847 -0.001689 -0.001811 0.0007106 0.002376 -0.0006436
1341839344.777798 0.001245 0.0001692 -0.0012 0.000641 0.004165 -0.0005325
1341839344.813709 -0.003731 -0.001463 0.0005036 0.001144 0.01041 6.831e-05
1341839344.845871 0.007889 -0.001279 -0.003208 0.0003264 0.0004405 0.003263
1341839344.881699 0.002217 0.001486 -0.000177 0.0007645 0.002326 0.0008647
1341839344.914032 -0.002496 -0.001813 0.0006341 0.001385 0.008514 -0.001557
1341839344.981832 0.006477 0.001381 -0.004628 0.0008271 0.002235 0.00619
1341839345.049749 0.002688 -0.00368 -0.002487 -0.004437 0.0131 0.001673
1341839345.081699 0.0007509 0.001076 -0.001033 -0.002771 0.003 0.00373
1341839345.113768 -0.003078 -5.118e-05 0.002967 -0.0006876 0.01051 0.0007395
1341839345.149757 0.004809 0.001654 -0.001444 0.004814 0.003233 0.00162
1341839345.181590 0.005802 -0.001173 -0.003652 -0.00186 -0.003363 0.0009465
1341839345.213863 -0.006075 -0.0008665 0.004165 -0.003622 0.01193 -0.0007473
1341839345.249611 0.001296 0.0004167 0.001584 0.004797 0.008834 0.001101
1341839345.281827 0.01251 -5.86e-05 -0.005765 -0.0006626 -0.006527 0.001683
1341839345.317669 -0.005448 0.0003185 0.003774 -0.002178 0.01066 -0.0002858
1341839345.381810 0.009355 -0.002838 -0.003966 -0.00262 0.01149 0.003688
1341839345.417639 0.000988 0.002605 0.001468 -0.002919 0.00666 0.004993
1341839345.449697 -0.001914 0.001596 0.002675 0.001694 0.01021 0.002618
1341839345.484384 0.006072 0.002496 -0.002061 0.003656 6.171e-06 0.003539
1341839345.517977 0.004184 -3.498e-05 -0.001405 -0.0001651 -0.0005037 0.001136
1341839345.550478 -0.000793 -0.002188 0.0008622 -0.002478 0.006475 -0.00313
1341839345.585698 -0.0004869 0.0007473 0.0001242 0.002765 0.006471 0.002245
1341839345.620249 0.009476 0.0009555 -0.003674 -0.0009792 -0.005847 0.00373
1341839345.656836 -0.003767 0.0007454 0.003488 -0.000171 0.00831 -0.002659
1341839345.688614 0.0001203 -0.0005317 -0.0001063 0.004165 0.004968 -0.002461
1341839345.720655 0.003357 -0.004601 -0.002509 -0.005184 0.002441 -0.0003377
1341839345.756797 -0.002294 -0.0008463 0.002269 -0.001004 0.01083 0.004425
1341839345.788610 0.007466 0.003326 -0.002602 0.003461 -0.0004127 0.004616
1341839345.824841 -0.002141 -0.001217 0.002231 0.0001497 0.007879 0.0001022
1341839345.857443 0.0006966 -0.002282 -0.0003723 0.0009925 0.006749 0.002363
1341839345.888695 0.008367 -0.002057 -0.003988 -0.0033 -0.0007605 0.003739
1341839345.924817 -9.884e-05 0.0004755 0.001892 -0.002465 0.008512 0.002427
1341839345.956605 -0.003057 -0.001927 0.003275 0.0003226 0.01325 0.001364
1341839345.992629 0.0101 0.003386 -0.005396 0.003621 -0.000511 0.0051
1341839346.024783 0.0002017 0.002726 0.001914 0.001743 0.004786 0.001888
1341839346.060648 -0.002478 -0.006399 0.002996 -0.002508 0.0131 -0.004803
1341839346.093032 0.004775 0.005946 -0.001913 0.01005 0.00501 0.003269
1341839346.124985 0.005792 -0.001613 -0.002349 0.0007859 0.001816 -0.001443
1341839346.160766 0.003398 -0.0008774 -0.00206 -0.002746 0.004162 0.0005374
1341839346.192680 -0.0001751 5.886e-05 0.001798 -0.002393 0.007306 0.004225
1341839346.228607 0.002907 -0.004796 0.0002836 -0.005084 0.00894 0.0003202
1341839346.289914 0.002897 0.001048 0.0006328 -0.003114 0.01789 0.007326
1341839346.329287 0.008549 -0.001184 -0.004438 -0.004211 0.005365 0.006029
1341839346.360711 0.007106 0.005126 -0.001018 -0.002387 0.002173 0.004194
1341839346.396649 -0.005609 -0.001465 0.005473 -0.00326 0.01688 -0.002198
1341839346.428652 0.007995 -0.003545 -0.005017 -0.007027 0.01052 0.003629
1341839346.460699 0.007055 0.01143 -0.001363 0.002793 0.001676 0.009953
1341839346.496697 -0.001049 0.003152 0.006256 0.003153 0.01014 -0.001298
1341839346.528703 0.004916 -0.001278 -0.002092 0.00257 0.007145 -0.003212
1341839346.564637 0.00596 -0.00068 -0.004428 -0.004698 0.00213 0.001094
1341839346.596825 -0.003208 -0.001651 0.006842 -0.006044 0.01638 0.0001688
1341839346.628694 0.005358 0.001 -0.0003812 0.001732 0.01311 0.006555
1341839346.664637 0.008177 0.001278 -0.005126 -0.003727 0.004166 0.008415
1341839346.696886 0.0008193 0.0007433 0.007169 -0.002867 0.01181 0.005167
1341839346.728718 0.004169 -0.0008135 0.003031 0.004331 0.01384 0.003404
1341839346.764595 0.006361 0.0003876 -0.005719 0.001908 0.004618 0.00603
1341839346.796696 0.002892 0.0005559 0.002948 -0.001394 0.006039 0.001668
1341839346.832738 0.003878 -0.001233 0.004951 0.005966 0.009735 0.00425
1341839346.864859 0.004258 -0.0006462 -0.004373 0.004771 0.003517 0.005578
1341839346.896717 0.002743 0.000629 0.001995 0.0004755 0.005702 0.0004093
1341839346.932707 0.003699 -0.00133 0.004912 0.007716 0.00819 0.002077
1341839346.964729 0.001045 -0.0008138 -0.003486 0.005444 0.004456 0.00532
1341839346.996794 0.003577 0.0009951 0.002263 0.003221 0.002376 -0.0007407
1341839347.032667 0.003317 -0.0003768 0.001552 0.008157 0.00711 -0.001089
1341839347.064794 0.0005468 0.001869 -0.006518 0.003461 0.006032 0.001357
1341839347.096852 0.003975 0.002258 0.002084 -0.001676 0.006903 0.0005621
1341839347.132647 0.003586 -9.285e-05 0.001597 0.0002729 0.01067 0.004634
1341839347.164773 0.001902 0.0006338 -0.0004413 -0.0002714 0.008169 0.004968
1341839347.200676 0.00381 0.001028 0.003998 0.003893 0.007871 0.003408
1341839347.232838 0.0001004 0.002873 -0.007092 0.0007862 0.009383 -0.0009482
1341839347.264666 0.005825 -0.0001833 0.006804 -0.00384 0.006099 0.001481
1341839347.300747 0.002981 -0.00157 0.000582 0.002449 0.008186 0.008334
1341839347.332783 0.0005993 0.002806 -0.005221 -0.00179 0.005648 -0.001738
1341839347.364685 0.007844 -0.001253 0.01026 -0.001882 0.005983 -0.004707
1341839347.400746 0.003145 -0.002146 -0.001538 0.006092 0.008253 0.002299
1341839347.432739 -0.0003548 0.003993 -0.009683 -0.001714 0.00675 -2.021e-05
1341839347.464647 0.007042 -0.001522 0.008889 -0.009509 0.004643 8.282e-05
1341839347.500724 0.004992 -0.005585 0.005779 0.002281 0.003385 0.003435
1341839347.532880 -0.001173 0.004241 -0.009536 0.005856 0.001926 -0.003823
1341839347.564698 0.006903 0.0008306 0.004922 -0.006118 0.001752 -0.001996
1341839347.600778 0.007079 -0.003745 0.006645 0.00182 0.006377 0.005005
1341839347.632793 -0.002457 0.002791 -0.00987 0.004211 0.006637 0.003124
1341839347.668741 0.004328 0.001307 0.002127 -0.004529 0.001472 0.0001194
1341839347.700627 0.006101 -0.001067 0.00447 0.001724 0.004633 -0.0004706
1341839347.732741 0.0004458 0.001546 -0.006431 0.002181 0.005997 0.001889
1341839347.768676 0.003854 -9.389e-05 0.001307 -0.002966 0.002743 0.004675
1341839347.800791 0.003379 -3.815e-05 0.001391 0.0006107 0.003696 -0.0006822
1341839347.868672 0.008986 -0.0001739 -0.001082 0.009017 0.01072 0.001155
1341839347.929775 0.009365 -0.001158 0.004598 -0.0112 0.01038 0.004062
1341839347.961833 0.003183 -0.004006 0.0003388 0.008693 0.005073 0.004931
1341839347.997737 -0.002863 0.006238 -0.0127 0.001812 0.004315 -0.006127
1341839348.030155 0.009162 -0.003081 0.01103 -0.007489 0.001099 -0.0007907
1341839348.065703 0.003536 -0.00232 5.441e-05 0.005348 0.00572 0.003187
1341839348.097826 -0.002028 0.004145 -0.009466 0.0007232 0.005386 -0.001088
1341839348.129675 0.006981 -0.001631 0.007468 -0.005167 0.002208 0.0004852
1341839348.168640 0.002173 -0.002903 0.0008232 0.002131 0.004316 0.003651
1341839348.229823 0.003521 0.002224 -0.001909 -2.621e-05 0.001714 -0.001344
1341839348.265775 0.004479 -0.003953 0.004176 0.002357 0.001331 -0.001144
1341839348.297754 -0.0007905 0.003056 -0.006596 0.006781 0.001547 -0.001718
1341839348.333717 0.003637 0.00238 -0.0003477 -0.002833 0.004353 -0.001515
1341839348.365676 0.004126 -0.004502 0.005725 -0.002904 0.003809 0.004657
1341839348.398212 0.0004897 0.001318 -0.003411 0.004488 0.0008617 -0.000115
1341839348.433965 0.002644 0.00391 -0.002942 0.0001099 0.004216 -0.006147
1341839348.465810 0.005674 -0.004336 0.006597 -0.003359 0.003988 0.001645
1341839348.502540 4.865e-05 0.001841 -0.005155 0.004604 0.00275 0.0007842
1341839348.535817 0.002006 0.001687 -0.001138 -0.003896 0.003206 -0.0009408
1341839348.571279 0.007383 -0.00423 0.008272 -0.00109 0.00164 0.001606
1341839348.602658 -0.002882 0.002218 -0.007047 0.00476 0.004533 -0.001005
1341839348.669100 0.01033 -0.002435 0.008038 -0.004359 -0.0003326 0.0005216
1341839348.733880 -0.002746 0.003168 -0.01195 0.004688 0.007619 -0.003763
1341839348.769820 0.009518 -0.002333 0.009731 -0.004619 -0.0003985 0.0001484
1341839348.801702 0.004863 -0.003661 0.00336 0.005259 0.00517 -0.0003154
1341839348.833872 -0.005725 0.004227 -0.01038 0.004479 0.00358 0.0003544
1341839348.869688 0.00478 0.001222 0.002904 -0.006426 -0.0009885 -0.003429
1341839348.901723 0.01021 -0.00538 0.0127 0.0003858 0.001143 -0.003481
1341839348.933633 -0.003787 0.003654 -0.01052 0.0112 0.00674 -0.005795
1341839348.969728 -0.003706 0.004363 -0.008414 -0.01113 0.000646 -0.001866
1341839349.001667 0.01641 -0.007452 0.01752 -0.0103 -0.006857 0.007392
1341839349.037748 0.003004 -0.002089 0.0004306 0.009852 0.003074 0.001483
1341839349.069682 -0.007696 0.005269 -0.01204 0.002087 0.002654 -0.002508
1341839349.101803 0.007382 -0.001195 0.007007 -0.007396 -0.005728 -0.000508
1341839349.137732 0.00912 -0.004368 0.00802 0.003193 0.0004906 0.0005474
1341839349.169619 -0.005851 0.00335 -0.009681 0.007264 0.005957 0.001035
1341839349.201697 0.0008963 0.000753 0.00022 -0.005789 -0.002206 0.002954
1341839349.237802 0.007864 -0.003636 0.009964 -0.000852 -0.002744 -0.001971
1341839349.269840 0.0001942 -0.001321 -0.001318 0.007757 0.0009048 -0.006126
1341839349.305885 -0.004473 0.003404 -0.008152 0.002405 -0.00279 -0.004374
1341839349.338036 0.005837 0.0009813 0.004395 -0.004348 -0.004759 -0.006231
1341839349.369771 0.003751 -0.003009 0.004225 0.0008721 0.002078 -0.003382
1341839349.405706 -0.006709 0.003598 -0.009536 0.001793 -0.001283 -0.002972
1341839349.437665 0.002901 0.00343 0.00101 -0.006769 -0.004528 -0.005844
1341839349.473716 0.007076 -0.002796 0.009102 -0.003478 0.001925 -0.00335
1341839349.505708 -0.003203 -0.0006366 -0.004438 0.003195 0.001352 0.001566
1341839349.537635 -0.003435 0.003666 -0.005843 -0.002756 -0.00304 0.0008694
1341839349.573786 0.007003 -0.003912 0.01033 -0.006027 -0.004265 0.003709
1341839349.605579 -0.0007138 -0.004979 0.0009274 0.004347 -0.002027 0.005126
1341839349.637702 -0.00466 0.004693 -0.006992 0.004924 -0.007131 -0.006734
1341839349.673713 0.005382 -0.0008185 0.005097 -0.001288 -0.004023 -0.004752
1341839349.705908 -0.0006558 -0.00193 -0.0005614 0.001424 -0.0006218 0.001122
1341839349.741751 -0.0003202 0.001845 -0.001961 0.001198 -0.002008 -0.0009375
1341839349.773786 0.00252 -0.002362 0.003303 -0.001018 -0.0005918 0.003055
1341839349.805812 -0.001292 -0.000579 -0.001723 0.001526 -0.001065 0.001935
1341839349.841758 0.001312 0.0006855 0.0005345 -0.0001126 -0.001544 -0.004119
1341839349.873668 0.001114 -0.005017 0.003359 -0.001365 -0.00293 0.0009843
1341839349.905746 0.001694 -0.001869 0.001743 0.0054 -0.007318 -0.001973
1341839349.941760 0.001018 0.002222 -0.00198 0.005744 0.0005426 -0.004003
1341839349.973689 8.571e-05 -0.002238 -0.0002883 -0.0008747 0.002611 0.00796
1341839350.009717 0.0007796 -0.00122 0.00141 -0.0005483 -0.001861 0.00582
1341839350.041679 0.003249 -0.001468 0.003654 0.002007 -0.003318 -0.003706
1341839350.073811 0.001148 -0.001576 -0.000381 0.004588 -0.003165 -0.003311
1341839350.109658 0.001114 0.002853 -0.003252 0.004666 -0.001868 -0.0016
1341839350.141699 0.001633 0.001124 -0.001373 -0.001733 0.002967 0.003269
1341839350.173592 0.001548 -0.003704 0.002745 -0.005895 -0.002645 0.006198
1341839350.209540 0.006657 -0.004339 0.008242 0.002158 -0.01054 -0.001925
1341839350.241825 0.0004651 0.002443 -0.003473 0.0094 -0.003387 -0.009967
1341839350.280659 0.0003104 0.0007207 -0.00334 -0.001147 -0.003679 0.0001268
1341839350.341753 0.008273 -0.001944 0.005424 -0.00155 -0.01124 0.003317
1341839350.377683 0.002211 -0.001828 0.0004445 -0.0001596 -0.007926 -0.0001221
1341839350.409741 0.002321 0.001783 -0.0005889 0.001407 -0.01067 -0.002784
1341839350.441672 0.003786 3.77e-05 0.002466 -0.001121 -0.007654 -0.003761
1341839350.477741 0.00221 -0.001954 0.002736 -0.002078 -0.01182 -0.002252
1341839350.509690 0.007026 -0.004584 0.009006 0.0016 -0.01637 0.0001916
1341839350.545700 -0.001934 0.004917 -0.006426 0.007689 -0.009216 -0.005297
1341839350.577579 0.004588 -0.0004325 0.005079 -0.005093 -0.01229 -0.00403
1341839350.609742 0.006856 -0.003844 0.007615 0.0009498 -0.01145 -0.0007427
1341839350.645797 -0.002381 0.003374 -0.007259 0.001976 -0.01057 -0.004749
1341839350.677685 0.008992 -0.003618 0.01255 -0.004647 -0.01914 -0.00601
1341839350.713681 0.006724 -0.002884 0.005236 0.005976 -0.008566 -0.008126
1341839350.745657 -0.002204 0.003206 -0.01063 0.00223 -0.007721 -0.003366
1341839350.777685 0.007544 -0.002765 0.009516 -0.008124 -0.0169 -0.004166
1341839350.814622 0.01007 -0.005899 0.01174 0.003284 -0.01129 -0.007819
1341839350.845591 0.0003218 0.001321 -0.009169 0.006588 -0.005348 -0.003723
1341839350.877688 0.003624 -0.0003026 0.001894 -0.006866 -0.0136 -0.0002293
1341839350.913769 0.01014 -0.005305 0.01315 -0.0008093 -0.01032 -0.001368
1341839350.945777 0.002959 -0.000505 -0.00283 0.006258 -0.005668 -0.001529
1341839350.981684 0.002702 0.0034 -0.003054 -0.0002676 -0.006145 0.0003062
1341839351.013674 0.006217 -0.0003979 0.006478 -0.006751 -0.00739 -0.002733
1341839351.089039 0.01057 -0.001153 0.002824 0.005029 -0.008344 -0.008527
1341839351.145768 0.01367 0.001367 0.006828 -0.005633 -0.007671 -0.008558
1341839351.181916 0.003641 0.001251 -0.003859 -0.0003295 0.0001764 0.001305
1341839351.213695 0.006127 -0.0005327 0.002802 -0.003986 -0.004017 0.0008212
1341839351.249720 0.006834 -0.0005758 0.003831 0.0006549 -0.003029 -0.00651
1341839351.281788 0.005922 -0.002528 -0.0001577 0.003605 -0.002632 -0.004546
1341839351.313675 0.004235 0.001744 -0.00428 0.003224 -0.001836 -0.002219
1341839351.349751 0.006984 -0.0002661 0.001231 -0.0003177 -0.0005185 -0.001737
1341839351.381672 0.005919 -0.00215 -0.001122 0.001124 0.0008197 0.0008272
1341839351.413685 0.004822 0.0008394 -0.004237 0.001242 -0.0005999 -0.0001309
1341839351.449725 0.005611 0.001352 -0.002096 -0.0006741 0.0009288 -0.002737
1341839351.481707 0.00593 -0.003241 -0.000713 -0.003186 -5.621e-05 -0.0003456
1341839351.517772 0.004696 -0.004275 -0.001829 -0.001577 -0.004701 0.006642
1341839351.549797 0.005462 0.001222 0.0001172 0.003629 -0.00463 -0.003683
1341839351.581689 0.004833 -0.003988 -0.001486 0.00315 -0.003952 -0.005016
1341839351.617604 0.001721 -0.0007651 -0.008409 0.00379 -0.005919 -0.0004753
1341839351.649696 0.004416 -0.002522 -0.0006357 -0.002774 -0.01034 0.001438
1341839351.685817 0.007389 -0.00675 0.005215 0.003775 -0.0104 -0.005689
1341839351.717596 -0.0003502 0.002149 -0.01315 0.01056 -0.009246 -0.009634
1341839351.749639 0.001936 0.005995 -0.007716 0.0008409 -0.008518 -0.01391
1341839351.785625 0.007943 -0.002473 0.004257 -0.004222 -0.002513 -0.01013
1341839351.817627 0.004104 -0.005571 -0.003169 -0.0008996 -0.004314 0.0006146
1341839351.849686 0.004899 0.002203 -0.001844 0.0003905 -0.01032 -0.007083
1341839351.885694 0.007559 -0.005531 0.007026 -0.0002366 -0.008917 -0.008255
1341839351.917729 0.002098 0.0001819 -0.004479 0.007428 -0.006617 -0.0044
1341839351.953535 0.003431 0.002484 -0.002856 0.002318 -0.005681 -0.00122
1341839351.985658 0.0058 -0.0009906 0.001959 -0.0005215 -0.006765 -0.0005834
1341839352.017647 0.006083 0.0005318 0.002573 0.004476 -0.00432 -0.004803
1341839352.053642 0.003773 0.0004295 -0.003468 0.004884 -0.0004636 0.00106
1341839352.085774 0.003031 0.003409 -0.005148 -0.0001901 -0.004612 0.002479
1341839352.117716 0.007791 0.0004602 0.0051 -0.002421 -0.005184 -0.002474
1341839352.153646 0.004905 -0.002701 0.0001329 0.002301 -0.002238 -2.691e-05
1341839352.185652 0.001797 0.003875 -0.007822 0.002622 -0.006841 0.000713
1341839352.221735 0.006462 0.002941 0.002328 -0.001832 -0.007433 -0.003225
1341839352.253736 0.005389 0.002109 0.0005622 0.002526 0.0006048 -0.004968
1341839352.285752 0.002413 -0.0008309 -0.006086 -0.00319 -0.001126 0.005337
1341839352.321760 0.006875 0.0007343 0.002227 -0.00387 -0.009338 0.003507
1341839352.353789 0.007279 0.001467 0.004871 0.003787 -0.003583 -0.009459
1341839352.385803 0.002709 -0.002365 -0.005287 0.003526 -0.002621 -0.00291
1341839352.421731 0.001902 0.007389 -0.008504 0.0007446 -0.007223 -0.001986
1341839352.453683 0.007198 0.004214 0.007246 -0.003981 -0.001334 -0.008334
1341839352.489870 0.00423 -0.004399 0.000251 -0.001645 0.002548 0.004107
1341839352.521781 0.003468 0.001179 -0.005709 -0.003154 -0.01001 0.006414
1341839352.553740 0.00708 0.0001598 0.008034 -0.001963 -0.0109 -0.003434
1341839352.592712 0.003881 0.001294 -0.0001327 0.00839 -0.001095 -0.008761
1341839352.653962 0.004452 0.006236 -0.01043 -0.003528 -0.007977 -0.0016
1341839352.692715 0.006781 -0.00247 0.006886 -0.003121 -0.001255 0.0001229
1341839352.757603 0.006911 0.001587 -0.006017 0.002648 -0.01661 -0.004546
1341839352.792571 0.004796 0.003695 0.003754 0.002933 -0.003266 -0.0115
1341839352.857762 0.005634 -0.002945 -0.005211 -0.001946 -0.006508 0.003818
1341839352.889879 0.005299 0.00272 0.003678 7.103e-06 -0.007936 -0.0004808
1341839352.925639 0.00438 0.0006393 0.002138 0.003949 -0.0008411 -0.006926
1341839352.960824 0.002231 -0.002602 -0.0031 0.001745 -0.003338 0.0002235
1341839353.025681 0.008078 0.002967 -0.001093 -0.0008878 -0.008338 0.001008
1341839353.057719 0.003837 -0.002634 0.0007657 0.001239 -0.00272 -0.002264
1341839353.089820 0.00247 0.00113 -0.003854 0.002366 -0.0048 -0.000334
1341839353.125813 0.004028 0.001689 -0.0001437 -0.0005255 -0.002391 -0.001784
1341839353.157710 0.00511 -0.003036 0.003834 -0.001793 -0.003675 -0.002089
1341839353.193938 0.002937 -0.0001102 -0.0003948 0.005359 -0.002481 -0.001073
1341839353.225679 0.002666 -0.0004468 -0.004229 -0.0007542 -0.005907 0.0002276
1341839353.257913 0.004879 -0.002349 0.006601 -0.0005419 -0.007817 -0.002569
1341839353.296780 0.002163 -9.558e-05 -0.002917 0.006135 -0.004438 0.0005314
1341839353.335548 0.002988 0.000726 -0.005381 -0.002778 -0.0101 -0.002209
1341839353.364651 0.007089 -0.003045 0.008914 -0.003282 -0.01316 -0.006485
1341839353.400728 0.002833 0.001616 -9.606e-05 0.008472 -0.003641 -0.008299
1341839353.432721 0.002636 0.003182 -0.01035 -0.0004684 -0.009105 -0.004679
1341839353.464780 0.007499 -0.0001619 0.005989 -0.007951 -0.01297 -0.01018
1341839353.500713 0.003848 0.002444 0.00227 0.004405 0.0008556 -0.00602
1341839353.532682 0.004134 -0.00102 -0.007272 -0.007002 -0.006874 0.005632
1341839353.568645 0.008451 -0.001826 0.01176 -0.007373 -0.01405 0.0006794
1341839353.600681 0.00704 0.001552 0.004715 0.008429 -0.004717 -0.008763
1341839353.663071 0.01392 -0.0009279 0.0003182 -0.002268 -0.01054 -0.01618
1341839353.693949 0.007007 -0.0004349 0.005069 0.001719 -0.001817 -0.004276
1341839353.729827 0.005966 7.388e-05 -0.001789 0.0005415 -0.003676 0.00275
1341839353.761755 0.007843 -0.0009999 0.002912 -0.003948 -0.006806 0.00287
1341839353.794339 0.00877 0.0002244 0.006326 0.0005151 -0.004875 -0.002672
1341839353.838084 0.006809 1.618e-05 0.001735 0.001697 -0.001144 -0.003662
1341839353.900785 0.01542 -0.000541 0.00629 -0.001905 -0.01333 -0.002057
1341839353.961728 0.01428 -0.00331 0.002159 -0.00285 -0.01085 0.002573
1341839354.000918 0.008095 0.0008336 0.007168 0.0003 -0.011 -0.007201
1341839354.037947 0.004221 0.000504 0.003984 0.0038 0.001196 -0.008212
1341839354.069412 0.00515 -0.001028 -0.002516 -0.00106 -0.005965 0.00317
1341839354.136797 0.01386 -0.002804 0.01334 -0.004489 -0.01045 -0.001589
1341839354.197963 0.01523 -0.001794 0.001352 -0.001581 -0.0244 -0.005243
1341839354.229618 0.005281 -0.0007406 0.008688 0.003911 -0.003786 -0.01159
1341839354.265633 0.003524 0.002085 -0.005606 0.004243 0.001207 -0.001828
1341839354.298363 0.008622 -0.002597 -0.001747 -0.01232 -0.006763 0.003188
1341839354.329689 0.008297 -0.001627 0.01284 -0.004028 -0.004812 -0.007686
1341839354.366365 0.003866 0.001183 -0.0002938 0.00769 0.002585 -0.006492
1341839354.397620 0.005029 0.0008156 -0.005389 -0.004722 -0.008232 0.001725
1341839354.433710 0.007623 -0.00373 0.009289 -0.007041 -0.009961 -0.002188
1341839354.465713 0.004971 0.0009529 0.003425 0.005554 -0.001777 -0.008216
1341839354.497576 0.002953 0.001762 -0.005521 0.001118 -0.00157 -0.0004675
1341839354.533748 0.004699 -0.0008714 0.002418 -0.004922 -0.003485 0.002839
1341839354.565577 0.007044 -0.0007654 0.0009184 -0.002217 -0.00107 0.001532
1341839354.597692 0.005851 -0.001065 0.001255 -0.001616 -0.002804 -0.002067
1341839354.633605 0.002874 0.001394 -0.0007194 0.001894 -0.0004723 0.0002157
1341839354.665643 0.005323 -0.001813 -0.0002191 -0.003918 -0.001151 0.002149
1341839354.701714 0.006589 -0.003693 0.004075 -0.0003679 -0.003837 0.001611
1341839354.733804 0.005943 -0.0003673 -0.001011 0.005779 -0.006957 -0.004466
1341839354.765616 0.004111 0.001079 -0.001499 0.004648 -0.003324 -0.007764
1341839354.801679 0.001509 0.001525 -0.002743 0.00108 0.004567 -0.00387
1341839354.833771 0.005275 -0.002026 -0.001809 -0.004548 -0.0008435 0.004448
1341839354.865631 0.007464 -0.002889 0.004033 -0.0008354 -0.006336 -0.0007418
1341839354.901651 0.004723 0.0007564 -0.002938 0.004924 -0.002335 -0.004833
1341839354.933716 0.004508 -0.002211 -0.001755 -0.001012 -0.005736 -0.002585
1341839354.969646 0.004646 -0.0004107 6.448e-05 0.003201 -0.007099 -0.002765
1341839355.001713 0.004107 0.0007115 -0.003881 0.001669 -0.004021 -0.002387
1341839355.033725 0.005317 -0.0008605 -0.003185 -0.002028 -0.006566 8.702e-06
1341839355.069603 0.006859 -0.003621 0.00249 -0.001999 -0.01094 -0.00543
1341839355.101627 0.001926 0.001364 -0.00335 0.007443 -0.00253 -0.003388
1341839355.137531 0.006576 0.002504 -0.01227 -0.001891 -0.01359 0.0004174
1341839355.169562 0.007238 -0.008513 0.008558 -0.007049 -0.01408 -0.01158
1341839355.201760 0.00321 0.003141 -0.007321 0.01081 -0.001573 -0.008855
1341839355.237695 0.003431 0.003771 -0.01226 -0.003115 -0.009408 -0.0005508
1341839355.269652 0.005472 -0.008693 0.008314 -0.01001 -0.01359 -0.005054
1341839355.301616 0.005582 0.0009408 -0.0007567 0.009438 -0.004521 -0.009125
1341839355.337610 0.003755 0.005919 -0.01025 0.003205 -0.003595 -0.0006375
1341839355.369612 0.003092 -0.003535 0.004725 -0.009475 -0.008692 0.001586
1341839355.405623 0.005992 -0.0027 0.00405 0.002482 -0.01127 -0.0003618
1341839355.437629 0.00535 -0.001698 -0.0007969 0.005366 -0.01571 -0.008482
1341839355.469756 0.002132 0.002706 -0.0007744 0.01089 -0.0138 -0.009283
1341839355.505688 0.003706 0.004288 -0.006317 0.003871 -0.008141 -0.004303
1341839355.537644 0.002245 0.00074 0.001056 -0.00174 -0.002556 0.00123
1341839355.569700 0.004454 0.001313 -0.001124 -0.002113 -0.004509 0.004533
1341839355.605650 0.003394 -0.001718 0.002511 -0.003093 -0.004595 0.004036
1341839355.637626 0.006516 -0.001859 -4.415e-05 -0.0008596 -0.007965 -0.001774
1341839355.673784 0.002839 7.57e-05 0.00123 0.002255 -0.005329 -0.004418
1341839355.706249 0.004356 0.004349 -0.004144 0.003786 -0.005455 0.0003947
1341839355.739256 0.0047 -0.001142 -0.0009601 -0.005969 -0.004402 0.0007659
1341839355.774017 0.00407 -0.004456 0.005454 -0.002834 -0.006185 -0.004109
1341839355.806602 0.005365 0.003112 -0.003279 0.00498 -0.003264 -0.002162
1341839355.838477 0.00499 0.001732 -0.002025 -0.002373 -0.004402 0.001335
1341839355.876285 0.003935 -0.005626 0.007091 -0.003912 -0.007448 -0.004482
1341839355.909298 0.005398 0.0009792 -0.0009936 0.00716 -0.005266 -0.00573
1341839355.942206 0.005598 0.00363 -0.004222 0.001843 -0.00425 -0.0005715
1341839355.974188 0.004389 -0.003149 0.003813 -0.003345 -0.004539 -0.001933
1341839356.041846 0.01417 0.008132 -0.007723 0.003244 0.001629 0.006224
1341839356.073656 0.005091 -0.007108 0.005761 -0.01259 -0.005065 -0.0006833
1341839356.109615 0.006672 -0.002935 0.004554 0.00307 -0.001223 -0.01009
1341839356.141597 0.006049 0.007956 -0.006547 0.007567 -0.002029 -0.007028
1341839356.173684 0.002746 0.000254 0.003856 -0.002725 -0.007093 -0.008546
1341839356.209613 0.003146 -0.00106 0.004352 0.003893 -0.003267 -0.004387
1341839356.241782 0.006849 0.004147 -0.005139 0.005378 -0.003319 -0.0004128
1341839356.273675 0.004234 0.0002991 0.0007851 -0.002087 -0.00323 -0.00678
1341839356.309726 0.002632 0.001368 0.002524 0.002134 -0.002623 -0.006528
1341839356.342087 0.002751 0.003637 -0.001405 0.00476 0.0008277 0.001091
1341839356.377564 0.00473 0.003389 -0.003019 -0.0002767 -0.00296 0.008408
1341839356.409691 0.003961 -0.00377 0.004083 -0.005405 -0.006582 0.0003553
1341839356.441698 0.004043 -0.0008312 0.0006449 0.00322 -0.003602 -0.001869
1341839356.477584 0.004639 0.001331 -0.003212 0.001343 -0.006105 -0.001996
1341839356.509645 0.002186 -0.003309 0.004544 -0.0002959 -0.008175 -0.00676
1341839356.541706 0.002872 0.001548 -0.001856 0.006483 -0.00695 -0.003051
1341839356.577608 0.004486 0.000614 -0.002592 0.001767 -0.006686 0.001273
1341839356.609837 0.003469 -0.003653 0.001374 -0.001798 -0.005534 -0.0007239
1341839356.645735 0.004391 -5.324e-05 -0.0006726 0.003454 -0.007468 -0.003778
1341839356.677975 0.004504 0.001811 -0.002184 0.003057 -0.005141 -0.001033
1341839356.709843 0.005996 0.001976 -0.003949 -0.001577 -0.006696 0.003552
1341839356.745847 0.004431 -0.005557 0.002809 -0.008123 -0.007174 -0.004803
1341839356.777774 0.004261 -0.001082 0.00236 0.001339 -0.004091 -0.004228
1341839356.809802 0.008621 0.004085 -0.005114 0.0009072 -0.009646 -0.0007193
1341839356.845719 0.005869 -0.005953 0.003772 -0.01035 -0.009229 -0.01158
1341839356.877710 0.003201 -0.002328 0.007058 0.0008164 -0.001824 -0.007998
1341839356.913747 0.008559 0.008764 -0.005645 0.006674 -0.00905 0.006528
1341839356.945651 0.008179 -0.007584 0.003349 -0.01379 -0.01467 -0.005476
1341839356.978052 0.005163 -0.007043 0.009858 -0.003339 -0.001504 -0.009839
1341839357.013861 0.009262 0.01025 -0.005329 0.007605 -0.005526 0.002759
1341839357.046107 0.007454 -0.006628 0.006541 -0.01196 -0.01536 -0.008489
1341839357.077622 0.002916 -0.01157 0.01345 -0.00312 -0.002397 -0.01387
1341839357.113806 0.008214 0.01037 -0.00391 0.0159 -0.006234 0.005449
1341839357.146224 0.01226 -0.003032 -0.003889 -0.01007 -0.01867 -0.001475
1341839357.181674 0.002463 -0.01713 0.01771 -0.01198 -0.002041 -0.01461
1341839357.213755 0.008227 0.004314 -4.571e-05 0.01367 0.0007512 -0.00117
1341839357.245802 0.01249 0.005338 -0.004672 0.002061 -0.009561 0.003345
1341839357.281655 0.006954 -0.008431 0.007568 -0.01025 -0.002492 -0.004372
1341839357.313687 0.004501 -0.002747 0.007397 0.0003473 0.001563 -0.00154
1341839357.349654 0.008531 0.004083 -0.001162 0.004458 -0.007633 0.00388
1341839357.381649 0.00873 -0.007628 0.003609 -0.008287 -0.01128 -0.009771
1341839357.413668 0.005168 -0.004986 0.007378 0.001737 -0.002375 -0.01184
1341839357.449913 0.01156 0.01082 -0.007407 0.00832 -0.005099 0.006164
1341839357.481703 0.005881 -0.006403 0.004522 -0.01222 -0.006549 0.003812
1341839357.514956 0.005593 -0.01015 0.008453 -0.00527 -0.005001 -0.007938
1341839357.549716 0.007608 0.002471 0.0001552 0.007382 -0.001513 -0.00565
1341839357.581581 0.009059 0.01102 -0.005345 0.005418 -0.007497 0.009517
1341839357.617637 0.005659 -0.009883 0.006152 -0.01345 -0.009076 -0.001228
1341839357.649685 0.00395 -0.01055 0.00961 -0.0017 0.0008668 -0.00945
1341839357.681786 0.008965 0.01054 -0.006673 0.01449 -0.0009966 0.003255
1341839357.717826 0.009505 0.003868 -0.005123 -0.003277 -0.01164 0.004908
1341839357.749655 0.001926 -0.01377 0.01135 -0.01108 0.001487 -0.004796
1341839357.781624 0.007321 0.004629 -0.004069 0.01031 0.006279 0.004856
1341839357.817786 0.009736 0.006821 -0.007885 -0.001005 -0.006748 0.006335
1341839357.849783 0.001493 -0.01286 0.009582 -0.01261 -0.0004018 -0.007382
1341839357.885712 0.005809 -0.001407 0.0002422 0.005356 0.004752 -0.003969
1341839357.917712 0.008692 0.01049 -0.008429 0.008049 -0.0008541 0.00732
1341839357.949667 0.005232 -0.005233 0.001148 -0.009483 -0.00394 0.001259
1341839357.985579 0.002279 -0.00718 0.006492 -0.001202 0.004483 -0.001121
1341839358.017628 0.009329 0.01078 -0.0103 0.009553 -0.002277 0.009098
1341839358.049615 0.003035 -0.005251 0.001792 -0.009428 -0.004338 0.00222
1341839358.085696 0.003365 -0.008052 0.002796 -0.001752 -0.0004677 -0.00204
1341839358.117598 0.009024 0.005033 -0.007772 0.005217 -0.003937 -0.0004842
1341839358.153682 0.001641 -0.004491 0.003535 -0.003452 -0.0008827 -0.00237
1341839358.185801 0.005812 -0.0001903 -0.002369 0.00379 -0.00251 0.002236
1341839358.217780 0.005222 -0.001819 -0.001109 -0.0007444 -0.004807 -0.001787
1341839358.253603 0.00304 -0.005894 0.002964 0.0005664 -0.001664 -0.005302
1341839358.285662 0.006758 0.004312 -0.004333 0.009395 -0.003348 0.001955
1341839358.321840 0.009342 0.003984 -0.006186 0.0008578 -0.005972 0.005139
1341839358.353833 0.002694 -0.008859 0.004921 -0.00784 0.001943 -0.000389
1341839358.385678 0.007062 0.002551 -0.00309 0.008021 0.001275 0.004373
1341839358.428788 0.01283 0.007787 -0.009853 0.001804 -0.007348 0.002864
1341839358.485712 0.01317 -0.003173 0.002116 -0.005344 0.003142 0.0003603
1341839358.521878 0.009996 0.0003964 -0.002277 -0.004524 -0.001438 -0.008152
1341839358.554882 0.001627 0.0003722 0.006595 -0.0002269 0.000336 -0.009458
1341839358.589750 0.005809 0.002519 0.001578 0.006057 -0.004301 -0.0006197
1341839358.621635 0.007994 -0.0003146 -0.0005104 0.002661 -0.007153 -0.002635
1341839358.653698 0.006923 -0.0002877 0.0009271 0.003676 -0.006666 -0.008729
1341839358.689793 0.009427 0.006283 -0.003541 0.00599 -0.002517 -0.001851
1341839358.721862 0.01046 0.00708 -0.004199 -0.002059 -0.003707 0.006695
1341839358.753842 0.00504 -0.007099 0.004584 -0.01224 0.0007973 -0.001548
1341839358.789992 0.004819 -0.004025 0.004712 -0.001072 0.006183 -0.00386
1341839358.821835 0.008801 0.007213 -0.004254 0.008308 -0.001793 0.001212
1341839358.857631 0.009427 0.001987 -0.00336 -0.001707 -0.00506 0.001187
1341839358.889695 0.003751 -0.006383 0.00595 -0.005993 0.002593 -0.002927
1341839358.921673 0.006581 0.001761 1.15e-06 0.006502 0.001507 0.0005693
1341839358.957766 0.009093 0.002934 -0.004367 0.001447 -0.006353 0.001845
1341839358.989751 0.003363 -0.007624 0.005757 -0.004261 -0.001307 -0.005427
1341839359.021755 0.006601 -0.0008988 -0.0007092 0.007206 0.003958 -0.003256
1341839359.058178 0.008744 0.005281 -0.005925 0.005019 -0.002746 0.003912
1341839359.089826 0.00531 -0.004394 0.002389 -0.004126 -0.003143 -0.000739
1341839359.125660 0.007883 -0.001499 -0.0003348 0.001027 0.001641 -0.003323
1341839359.157759 0.005861 0.005141 -0.001997 0.003865 -0.0001896 0.0008833
1341839359.189872 0.005997 -0.0007393 -0.0001137 -0.002514 -0.004988 -0.0004714
1341839359.225681 0.004056 -0.004227 0.003911 -0.001886 0.0008066 -0.004859
1341839359.257807 0.004924 0.004503 -0.0006064 0.007995 -2.543e-05 0.00142
1341839359.289681 0.008416 0.003391 -0.003688 0.0004369 -0.006331 0.004878
1341839359.325714 0.003258 -0.006265 0.005561 -0.005296 1.522e-05 -0.001993
1341839359.357757 0.004949 0.001213 -0.0003556 0.006354 0.006209 2.707e-05
1341839359.393776 0.007793 0.008324 -0.00895 0.003363 -0.001708 0.01147
1341839359.425642 0.003425 -0.00872 0.004305 -0.0114 -0.002022 -0.0008315
1341839359.457813 0.004166 -0.002253 0.004136 0.004403 0.007102 -0.004815
1341839359.493829 0.007867 0.007739 -0.009836 0.006731 0.001106 0.005711
1341839359.525779 0.004444 -0.005297 0.001942 -0.008971 -0.003017 0.00273
1341839359.561710 0.005732 -0.00361 0.004349 0.001764 0.003739 -0.003014
1341839359.593664 0.009659 0.006134 -0.008943 0.006473 0.002249 -0.000139
1341839359.625670 0.006314 0.0005329 -0.00193 -0.007236 -0.002965 0.002849
1341839359.661897 0.004609 -0.003879 0.005609 -0.004573 0.002557 -0.001144
1341839359.694301 0.008266 0.001696 -0.002603 0.002075 0.001277 -0.002616
1341839359.725642 0.005825 0.002188 -0.0006047 0.0008234 -0.001942 -0.003134
1341839359.761750 0.004592 -3.56e-05 0.001221 -0.0001639 0.001901 0.0004306
1341839359.793758 0.007512 0.002818 -0.003305 0.001142 0.0005141 0.006252
1341839359.829704 0.006779 -0.0015 0.0006335 -0.004956 -0.004168 0.0006477
1341839359.861791 0.003914 0.001568 0.00461 0.005777 -0.0004725 -0.003283
1341839359.893777 0.01028 -0.0009273 -0.007955 -0.0005923 -0.003267 -0.0001139
1341839359.929739 0.006411 -0.001428 0.001123 -0.008503 -0.0005362 -0.000823
1341839359.961705 0.007327 0.0005963 0.003494 0.0003434 -0.002368 -0.003085
1341839359.993730 0.006039 3.279e-05 0.0001139 0.001399 0.004094 -0.003595
1341839360.029709 0.01032 0.001578 -0.006295 -0.002384 -0.002987 0.006645
1341839360.061822 0.007803 0.000699 0.004911 -0.004085 -0.004345 -0.002712
1341839360.100893 0.005462 0.004874 0.005924 0.01309 0.002112 -0.006517
1341839360.137502 0.01376 -0.007733 -0.007698 -0.005437 -0.007235 -0.004498
1341839360.201017 0.01194 0.001115 0.01182 0.006442 0.002248 -0.01073
1341839360.236907 0.01052 -0.003761 -0.005763 -0.0011 -0.000239 0.0002754
1341839360.269741 0.007383 -0.001255 0.001692 -0.003156 -0.00283 0.003525
1341839360.305127 0.009246 -0.002445 0.001218 -0.00269 0.001414 0.001309
1341839360.337161 0.009525 0.00115 0.001289 0.0004029 0.0002644 -0.001248
1341839360.371370 0.006475 0.001364 0.001941 0.001834 -0.002214 0.0003659
1341839360.404790 0.005001 -0.00114 0.0003119 0.000635 0.003296 0.004153
1341839360.473022 0.02106 0.001523 0.003824 -0.00159 -0.008278 -0.000876
1341839360.533749 0.01618 -0.008574 -0.005898 -0.01294 0.005195 0.004701
1341839360.565788 0.00991 0.00524 0.00632 0.0002385 -0.001952 0.0002862
1341839360.597615 0.009924 0.003997 0.003229 0.004819 -0.00358 -0.004593
1341839360.633615 0.004832 -0.00313 -0.001294 -0.00239 0.00269 -0.004956
1341839360.665699 0.009263 -0.00146 -0.0007529 -0.005685 -0.0006418 -0.0007214
1341839360.697767 0.004801 0.003546 0.003969 -0.0008215 0.005387 -0.001214
1341839360.733659 0.007998 0.0001131 0.0006519 -0.003289 0.005028 0.002242
1341839360.765779 0.01775 -0.001938 -0.0001189 -0.007154 -0.008903 0.002799
1341839360.801691 0.01059 0.006556 0.005886 0.002539 -0.005586 -0.006272
1341839360.833754 -0.006085 0.005846 0.003948 0.008246 0.01605 -0.007954
1341839360.865719 0.01042 -0.007702 -0.009369 -0.01046 0.002056 0.003768
1341839360.901694 0.01435 -0.000427 0.002148 -0.01068 -0.00734 0.005166
1341839360.965710 0.01561 0.003875 0.007478 0.005695 0.001703 -0.007771
1341839361.002295 0.01014 -0.004548 -0.005973 -0.009783 -0.004902 -0.0007661
1341839361.033764 -0.0008252 0.00774 0.008928 0.003215 0.007272 -0.002093
1341839361.102289 0.02224 -0.006415 -0.009012 -0.007138 -0.002572 0.005878
1341839361.169771 0.004122 0.004747 0.009766 0.008274 0.01326 -0.006098
1341839361.201803 0.02276 -0.006846 -0.0101 -0.008979 -0.01675 0.003684
1341839361.233892 0.006223 0.005289 0.007185 0.001407 -0.004072 -0.005463
1341839361.269677 -0.0002273 0.001201 0.00306 0.007315 0.01143 -0.005253
1341839361.301795 0.01125 -0.005011 -0.01642 -0.005542 -0.0008586 0.007897
1341839361.337636 0.009806 0.002206 0.002573 -0.007352 -0.006973 0.002648
1341839361.369704 0.004921 0.003229 0.008075 0.00566 0.002439 -0.006923
1341839361.401585 0.005127 -0.001581 -0.009136 0.0009751 0.005799 -0.0007387
1341839361.437714 0.008382 -0.002885 -0.005497 -0.007197 -0.005294 0.009338
1341839361.469733 0.006067 0.002887 0.006958 -0.0003041 -0.001652 -0.0006301
1341839361.501602 0.006263 -0.001439 0.00379 0.00603 0.004094 -0.002792
1341839361.537692 0.006398 -0.002349 -0.01308 7.242e-05 -0.00142 0.003723
1341839361.569984 0.005145 0.001021 0.001573 -0.005252 -0.001888 0.0006278
1341839361.606542 0.006323 -0.002079 0.005177 0.00248 0.001349 0.00311
1341839361.637785 0.00732 -0.0009833 -0.007578 0.00207 -0.001275 0.00451
1341839361.708797 0.01145 0.001499 0.002041 4.218e-05 -0.009414 -0.00962
1341839361.773788 0.01046 0.001217 -0.01195 -0.0001712 -0.004801 -0.008237
1341839361.805940 0.006585 0.004957 0.006138 -0.002708 0.002695 -0.00207
1341839361.837711 0.00731 -0.002691 0.002553 -0.001031 0.004583 0.004376
1341839361.873794 0.006589 -0.001773 -0.002781 -0.001122 -0.00814 0.006124
1341839361.905952 0.00365 0.004161 0.004353 0.004275 -0.00408 -0.00936
1341839361.937751 0.004418 0.0008524 -0.004815 0.002622 0.002057 -0.003374
1341839361.973665 0.005733 0.0009118 -0.008416 -0.005094 -0.002653 0.009287
1341839362.041782 0.01347 0.004122 0.01043 -0.002706 0.007429 -0.00629
1341839362.073669 0.005729 0.0006208 -0.01538 -0.003397 0.002139 0.01136
1341839362.105771 0.006718 0.002005 0.005632 -0.008679 0.000495 0.002804
1341839362.141801 0.006832 3.525e-06 0.005823 0.002056 0.003691 -0.00268
1341839362.173951 0.005767 -0.001484 -0.004383 0.0007749 -0.0003773 0.0002924
1341839362.205868 0.00507 0.0001043 0.0003518 -0.0003289 -0.00235 -0.002844
1341839362.244834 0.00578 0.002021 -0.001944 0.001008 0.00277 -0.0002134
1341839362.309766 0.01266 -0.002431 0.00172 -0.001343 0.0004995 0.006446
1341839362.342256 0.005556 0.001233 -2.25e-05 0.000622 0.003194 -0.000693
1341839362.375616 0.0054 -0.001686 -0.00193 -0.001559 -0.001281 0.004784
1341839362.409857 0.005447 0.002708 0.003964 0.00115 0.0007365 -0.004131
1341839362.441822 0.005434 0.0009614 9.097e-05 0.003933 0.005154 -0.005095
1341839362.473901 0.005162 -0.003139 -0.003588 -0.000175 0.001338 0.005084
1341839362.509593 0.004095 0.00231 -0.003214 -0.0009547 -0.002157 0.003703
1341839362.542222 0.006855 0.002169 0.006715 -1.688e-06 0.003569 -0.001659
1341839362.577899 0.006143 -0.004121 0.001573 0.001858 0.002975 0.001146
1341839362.617020 0.003726 -0.000332 -0.005259 0.001456 -0.001132 0.001665
1341839362.649367 0.006914 0.003945 0.003706 0.0008941 0.002511 -0.009933
1341839362.680746 0.00757 -0.004699 0.0004039 0.0015 0.007398 -0.00068
1341839362.716791 0.002378 -0.004666 -0.007936 -0.003029 -0.001285 0.01233
1341839362.748669 0.005827 0.004247 0.006968 -0.004058 -0.003429 -0.01223
1341839362.784599 0.005892 -0.002059 0.00153 0.002547 0.00373 -0.0103
1341839362.816854 0.0002521 -0.001684 -0.012 -0.00121 -0.0002498 0.01217
1341839362.848682 0.004016 0.00265 0.003033 -0.0068 -0.003723 0.001961
1341839362.884649 0.005631 0.000367 0.004886 0.0005968 0.001101 -0.003202
1341839362.916705 0.001928 -0.0004985 -0.006349 0.002288 0.001144 0.005033
1341839362.952721 0.001965 0.001338 -0.001959 -0.003877 -0.002128 0.004694
1341839362.984800 0.005055 2.053e-05 0.006765 -0.0005895 -0.0007713 -0.002661
1341839363.016641 0.003971 0.0003519 -9.095e-05 0.006 0.002544 -0.004041
1341839363.052753 0.001452 -0.002642 -0.005791 0.002732 0.001406 0.004939
1341839363.084836 0.001091 0.0009928 -0.001947 -0.002059 -0.002906 0.002558
1341839363.120807 0.004766 0.0007585 0.005795 0.001526 0.0001502 -0.005278
1341839363.152777 0.000373 -0.0008264 -0.005594 0.003394 0.003146 0.003088
1341839363.184689 0.00155 -0.00119 0.001106 -0.003114 -0.002023 0.0009544
1341839363.220783 0.003556 -0.001958 0.003964 0.002353 -0.001311 -0.003223
1341839363.252646 -0.002067 0.001898 -0.007833 0.003996 0.001165 0.003555
1341839363.288713 0.001855 0.0007783 0.003346 -0.004331 -0.0003386 -0.001597
1341839363.320693 0.002303 -0.004694 0.006076 0.001411 -0.001414 -0.0002836
1341839363.352718 -0.001182 0.0008395 -0.005868 0.006465 -0.002871 -0.002153
1341839363.388705 -0.001146 0.005059 -0.005824 -4.595e-05 0.001109 -0.0007783
1341839363.420746 0.001847 -0.0007727 0.002922 -0.004 0.001863 0.004636
1341839363.452892 0.001102 -0.002549 0.001559 5.429e-05 0.0009476 0.008278
1341839363.488698 -4.94e-05 0.002409 -0.001317 0.00179 -0.0006337 -0.001131
1341839363.520896 0.002211 0.001914 0.0002452 -0.0005726 0.002024 -0.009364
1341839363.556670 0.001328 -0.003423 -0.003519 -0.001734 0.000584 0.006359
1341839363.588697 0.001284 0.0001952 0.001674 -0.001978 -0.002183 0.004333
1341839363.620692 0.004727 -0.0002112 0.007872 0.002345 -0.001321 -0.01291
1341839363.656709 0.0005742 -0.0001322 -0.007737 0.007241 0.002192 -0.005494
1341839363.713762 0.005185 0.001978 0.002892 -0.006527 0.0004175 0.002473
1341839363.749603 0.00272 -0.003829 0.0001212 0.005195 0.002217 -0.0006598
1341839363.781800 -0.0007664 8.141e-05 -0.006976 0.001051 -0.001065 0.001017
1341839363.817716 0.004147 0.0008997 0.003158 -0.001847 -0.001307 -0.004194
1341839363.849637 0.002336 -0.00201 -0.001016 0.002083 0.002397 0.004283
1341839363.881770 0.0006967 -0.001215 0.0007762 0.0001753 -0.0001973 0.002702
1341839363.917738 0.002462 -0.0006429 0.002282 0.002362 0.0002433 -0.004162
1341839363.949778 -0.0008191 -0.002627 -0.005401 0.001373 0.0002269 0.006719
1341839363.985613 0.0006654 -0.001083 0.002649 -0.001115 -0.003672 0.005943
1341839364.017747 0.002331 0.001135 0.004504 0.00552 0.000358 -0.004677
1341839364.049835 -0.001346 -0.001415 -0.005274 0.003668 0.00116 -0.0002195
1341839364.085694 0.0007246 0.0007068 -0.001514 -0.0009416 -0.002125 -0.001105
1341839364.117765 0.0007946 0.0009769 -0.0009962 0.001319 0.001719 0.003432
1341839364.149652 0.0003457 0.0006247 0.000559 -0.0005096 0.004112 0.005106
1341839364.185672 0.001462 -0.005127 0.004909 -0.000983 -0.001193 0.005042
1341839364.217809 -0.0009975 0.002672 -0.002563 0.004001 -0.002205 -0.006042
1341839364.253809 0.0001447 0.001025 0.0005897 0.0008126 0.001238 -0.005973
1341839364.285702 -0.001659 -0.001296 -0.003672 9.494e-06 -1.538e-05 0.001937
1341839364.317689 1.666e-05 -0.0004952 0.000825 -0.001475 -0.002273 0.002165
1341839364.353709 -0.000581 0.0006888 0.0009113 0.001645 -0.0004938 -0.000636
1341839364.385786 -0.001776 9.863e-05 -0.001571 0.0009735 0.0004004 -0.001591
