1305031910.797230 0.01021 0.001864 -4.739e-05 -0.008089 0.00606 0.01613
1305031910.835210 0.005945 0.004453 -0.005286 -0.0007063 0.0129 0.01178
1305031910.865030 0.008046 0.003104 -0.00427 -0.002778 0.01382 0.01538
1305031910.897220 0.003365 0.004229 -0.0074 0.0006584 0.02071 0.01717
1305031910.935210 -0.001271 0.007452 -0.01027 -0.004293 0.01501 0.0119
1305031910.965250 0.01502 0.0024 -0.00259 -0.01257 0.004805 0.008791
1305031910.997330 0.01171 -0.004872 -0.001091 -0.005705 0.01783 0.01805
1305031911.035050 0.008889 0.008006 -0.009025 0.007099 0.02274 0.01714
1305031911.065270 0.01555 0.0009828 -0.004533 -0.002301 0.03045 0.01998
1305031911.097200 -0.002259 0.004614 -0.007358 0.003246 0.04511 0.02224
1305031911.135660 0.00131 0.005412 -0.007087 -0.005427 0.03068 0.02225
1305031911.165180 0.008771 0.002352 -0.001699 -0.009488 0.02412 0.0151
1305031911.197210 0.003125 -0.0003875 -0.00381 -0.006863 0.02629 0.01367
1305031911.235650 0.005665 0.00527 -0.005662 -0.00381 0.02312 0.01404
1305031911.265100 0.00269 -0.001108 -0.002993 -0.006013 0.02534 0.01788
1305031911.297330 0.004207 0.005045 -0.007704 3.968e-06 0.01933 0.01368
1305031911.333190 0.00317 0.003591 -0.005818 -0.005256 0.02095 0.01262
1305031911.365240 -0.002449 0.003044 -0.006912 -0.005879 0.01793 0.01254
1305031911.397330 0.005306 0.004225 -0.006235 -0.008139 0.008563 0.009682
1305031911.433260 0.008567 -0.0008775 -0.004317 -0.01158 0.01094 0.006318
1305031911.465250 0.006195 0.00127 -0.00709 -0.006787 0.01566 0.0004541
1305031911.497290 0.004753 0.001216 -0.006867 -0.008831 0.02348 0.0008532
1305031911.533250 -0.001125 0.0007351 -0.005837 -0.008185 0.02596 0.001528
1305031911.565340 0.002288 0.001788 -0.01008 -0.009509 0.01957 -0.001608
1305031911.597300 0.003492 0.0003964 -0.004714 -0.01533 0.02573 0.006764
1305031911.633340 -0.006563 -0.008253 -0.004128 -0.01312 0.02922 0.01393
1305031911.665120 0.002274 -0.001395 -0.006847 -0.004648 0.0197 0.0163
1305031911.697170 0.000944 -0.002216 -0.006165 -0.002499 0.02118 0.01608
1305031911.733200 -0.0006002 -0.00426 -0.006476 -0.001365 0.01942 0.01785
1305031911.765280 0.00121 -0.003603 -0.006533 0.001911 0.01602 0.01729
1305031911.797300 0.001172 -0.003 -0.005814 0.003361 0.01277 0.01409
1305031911.833340 0.008523 -0.0009995 -0.004753 0.008061 0.01099 0.0127
1305031911.865270 0.003668 -0.002801 -0.005361 0.007332 0.01996 0.008986
1305031911.897160 0.002819 0.0009892 -0.00547 0.01026 0.0216 0.006155
1305031911.933060 0.00398 -0.001356 -0.004293 0.009292 0.02682 0.007801
1305031911.965140 0.003654 -0.0008371 -0.00482 0.009961 0.03485 0.008331
1305031911.997250 0.00149 -0.00313 -0.001928 0.009896 0.03997 0.00721
1305031912.033130 -0.003937 0.001492 -0.003549 0.01553 0.03545 0.001439
1305031912.065370 -0.005719 0.003507 -0.002447 0.01161 0.02848 0.0002056
1305031912.096950 -0.005743 0.0008813 -0.0009899 0.009146 0.02024 0.009311
1305031912.133280 -0.00499 0.006181 -0.003176 0.008865 0.01603 0.01735
1305031912.165140 -0.001802 -0.0007982 0.0009583 -0.001782 0.01273 0.02679
1305031912.197360 -0.001738 0.0007835 0.0002033 0.003111 0.008526 0.02817
1305031912.233270 -0.001295 0.0008062 0.001096 0.0002642 0.004667 0.02553
1305031912.265090 -0.004362 0.004468 -0.001429 -0.001471 0.004846 0.0205
1305031912.297250 -0.004719 0.005154 -0.0004406 -0.01716 0.004033 0.01678
1305031912.333270 0.004242 -0.01008 0.00561 -0.02796 0.0005264 0.01366
1305031912.365250 -0.0001681 -0.002162 0.002294 -0.0133 0.004068 0.006151
1305031912.397200 0.005651 -0.003097 0.00393 -0.01241 0.008343 0.009099
1305031912.433290 -0.001937 -0.004254 0.00309 -0.004075 0.01748 0.01633
1305031912.465140 -0.001556 -0.0006157 0.00232 -0.001324 0.01762 0.01456
1305031912.497120 -0.001397 -0.00899 0.003555 0.0001817 0.01554 0.01366
1305031912.533110 -0.003534 0.003275 -0.0003923 0.01016 0.01297 0.004166
1305031912.565150 -0.001746 -0.001089 0.001915 0.003893 0.01516 0.0002583
1305031912.597090 -0.006209 0.0003488 0.0008479 0.005962 0.01581 -0.002667
1305031912.633130 -0.00461 -0.0001585 0.0003806 0.002825 0.01181 0.001642
1305031912.665220 -0.00033 -7.65e-05 0.001623 0.005335 0.01256 0.007701
1305031912.697180 -0.001233 0.001666 -0.000623 0.006014 0.0185 0.009901
1305031912.733130 -0.001703 -0.002263 0.0001204 0.003778 0.02113 0.01476
1305031912.765190 -0.006764 -0.002643 -0.001322 0.001885 0.01543 0.01311
1305031912.797150 -0.001177 -0.005165 0.0008722 0.0007569 0.001952 0.007568
1305031912.833080 -0.004411 -0.001514 -0.0021 0.004256 -0.002126 0.004
1305031912.865150 -0.003696 0.001238 -0.002189 0.00322 -0.005781 0.00338
1305031912.897200 -0.002227 -0.002678 -5.771e-05 -0.002637 -0.01033 0.000991
1305031912.933120 -0.001874 0.001717 0.001812 0.000864 -0.01297 -0.004513
1305031912.965030 -0.005353 0.003852 -0.002436 -0.00313 -0.006077 0.004775
1305031912.997050 0.000309 -0.003324 0.004505 -0.01046 -0.01346 0.00571
1305031913.033130 0.002662 0.001816 0.005448 -0.004513 -0.01172 -0.00346
1305031913.065210 -0.002381 -0.001959 0.001148 -0.007825 -0.006672 -0.008035
1305031913.097040 -0.002388 -0.004478 0.001463 -0.00894 -0.01346 -0.0159
1305031913.133150 -0.004594 -0.003886 -0.0002272 -0.007152 -0.02061 -0.01854
1305031913.165210 -0.0003424 -0.002721 0.0003935 -0.007219 -0.02998 -0.02553
1305031913.197110 -0.002873 -0.002626 0.0005712 -0.005674 -0.02767 -0.02702
1305031913.233130 -0.002321 -0.0005452 0.0004653 -0.005001 -0.0286 -0.03088
1305031913.265020 -0.00345 -0.004783 0.0003527 -0.008395 -0.03041 -0.03488
1305031913.297160 -0.007944 -0.005291 -0.0003641 -0.007909 -0.03134 -0.03188
1305031913.333120 -0.001492 -0.003611 0.002472 -0.006033 -0.03655 -0.02907
1305031913.365070 -0.005389 -0.003077 0.0007155 -0.004587 -0.02981 -0.02193
1305031913.397100 -0.004353 -0.004885 0.001941 -0.006087 -0.03286 -0.01902
1305031913.433080 -0.006334 -0.001353 0.0009144 -0.005344 -0.03867 -0.02018
1305031913.465230 -0.005792 -0.008512 0.005924 -0.01018 -0.05044 -0.02454
1305031913.497230 -0.002879 -0.006868 0.001125 -0.003961 -0.06168 -0.0346
1305031913.533300 -0.00111 -0.008206 0.004744 -0.004242 -0.05762 -0.03108
1305031913.565260 -0.003996 -0.0004008 0.001967 0.001986 -0.05204 -0.02561
1305031913.597140 -0.001075 -0.0008669 0.004194 -0.005287 -0.0523 -0.0242
1305031913.633290 -0.0005772 -0.007041 0.01544 -0.004845 -0.05209 -0.02146
1305031913.665420 0.002779 -0.004096 0.009291 0.006794 -0.05566 -0.03029
1305031913.697240 -0.005926 -0.002562 0.007187 0.009895 -0.04724 -0.03532
1305031913.733100 -0.004918 -0.003611 0.01024 0.01128 -0.04834 -0.02739
1305031913.765030 -0.002315 -0.001601 0.009274 0.01552 -0.04806 -0.02717
1305031913.797110 -0.001698 -0.003179 0.008868 0.01594 -0.04235 -0.02933
1305031913.833140 -0.007682 0.001708 0.004795 0.01667 -0.03588 -0.02951
1305031913.865060 -0.005801 -0.002146 0.008084 0.006491 -0.03792 -0.03121
1305031913.897120 -0.004413 -0.003809 0.008793 0.007395 -0.03844 -0.03358
1305031913.933120 -0.007832 0.001164 0.006906 0.006546 -0.02994 -0.03073
1305031913.965130 -0.008211 -0.004788 0.01017 -0.003274 -0.02683 -0.02057
1305031913.997120 -0.008263 -0.004091 0.008624 0.003206 -0.03003 -0.02818
1305031914.033440 -0.01264 3.074e-05 0.006306 -0.0002407 -0.02518 -0.03221
1305031914.065070 -0.009429 -0.007429 0.01297 -0.005067 -0.02932 -0.0235
1305031914.097130 -0.01238 -0.001346 0.007185 0.002995 -0.02693 -0.01927
1305031914.133250 -0.01216 -0.002158 0.006705 -0.0006047 -0.02541 -0.02061
1305031914.165010 -0.01467 -0.002028 0.007465 -0.003583 -0.02322 -0.01902
1305031914.197110 -0.01509 -0.002827 0.007442 -0.004921 -0.02312 -0.0123
1305031914.233110 -0.02109 0.002602 0.0002044 -0.007658 -0.02306 -0.01459
1305031914.265070 -0.0168 -0.001537 0.008415 -0.02026 -0.02925 -0.006537
1305031914.297170 -0.0124 -0.006646 0.01106 -0.0175 -0.02696 0.000413
1305031914.333150 -0.01083 -0.009677 0.01113 -0.003887 -0.02173 0.003599
1305031914.365060 -0.0114 -0.004882 0.00608 0.01034 -0.01123 0.004926
1305031914.397210 -0.01824 -0.001107 0.004087 0.01457 0.000577 0.002161
1305031914.433060 -0.02187 -0.001405 0.004606 0.01056 0.00125 0.002588
1305031914.465050 -0.02034 -0.00215 0.004769 0.008364 -0.001226 0.003482
1305031914.497130 -0.02386 -0.003402 0.006272 0.006376 -0.003176 0.008503
1305031914.533110 -0.01708 -0.002432 0.007022 0.008544 -0.00945 0.009543
1305031914.565000 -0.01917 -0.001736 0.007027 0.005489 -0.002846 0.007453
1305031914.597120 -0.02058 -0.005859 0.007906 0.005472 -0.004487 0.01015
1305031914.633060 -0.01877 -0.004712 0.004804 0.01116 -0.008833 0.0115
1305031914.665020 -0.01921 -0.002022 0.003119 0.01265 -0.01113 0.004596
1305031914.697130 -0.01628 0.00256 0.003766 0.01062 -0.01346 0.002632
1305031914.733080 -0.01774 -0.002667 0.005183 0.0003989 -0.009186 0.007305
1305031914.764900 -0.01546 -0.008846 0.004363 0.003356 -0.01007 0.003593
1305031914.797120 -0.01198 0.0006457 0.002472 0.01286 -0.004591 0.0006437
1305031914.833130 -0.01543 0.003154 0.002424 0.007995 0.002668 0.003623
1305031914.865130 -0.01517 -0.001224 0.00359 0.001111 0.006143 0.00803
1305031914.897190 -0.01761 -4.062e-06 0.002144 0.002209 0.009914 0.003646
1305031914.933100 -0.01357 0.004761 0.003759 -0.001281 0.009982 0.002647
1305031914.964980 -0.02418 -0.00645 0.003175 -0.01168 0.01886 0.009018
1305031914.997080 -0.02198 -0.006399 0.003013 -0.004965 0.009537 0.003375
1305031915.033150 -0.01542 0.002199 0.00295 0.001854 0.005728 0.0003915
1305031915.065010 -0.02252 -0.003553 0.002826 -0.003991 0.01051 0.002096
1305031915.097020 -0.01802 0.002562 0.003094 0.0003703 0.005009 0.00797
1305031915.133210 -0.02069 0.001629 0.002909 -0.00595 0.00721 0.01588
1305031915.165020 -0.01835 0.001002 0.003243 -0.009992 0.003392 0.02034
1305031915.197110 -0.01625 -0.001029 0.003246 -0.01543 0.006703 0.02267
1305031915.233110 -0.02073 -0.0119 0.002609 -0.01688 0.01111 0.01957
1305031915.264980 -0.0159 -0.0003949 0.001654 -0.001928 0.008856 0.01611
1305031915.297150 -0.01395 -0.001831 0.00124 -0.003886 0.01515 0.01303
1305031915.333210 -0.01882 -0.000797 0.001868 -0.001234 0.02417 0.01243
1305031915.365050 -0.02017 0.0007617 0.001957 -0.0006642 0.02473 0.01472
1305031915.397170 -0.01914 -0.001143 0.002384 -0.0003696 0.02285 0.01536
1305031915.432960 -0.01975 0.005431 0.001351 0.002298 0.02383 0.01938
1305031915.464920 -0.01737 -0.001924 0.004067 -0.005335 0.02301 0.03163
1305031915.497120 -0.01578 -0.003185 0.004944 0.001271 0.02594 0.03103
1305031915.533060 -0.0203 0.003077 0.002437 0.007334 0.02769 0.02141
1305031915.564990 -0.02631 0.0003324 0.004454 -0.001695 0.02381 0.02438
1305031915.601160 -0.02591 -0.001739 0.004433 -0.001118 0.0115 0.02768
1305031915.633060 -0.01997 0.0007214 0.003757 0.00142 -0.000668 0.01836
1305031915.665000 -0.01476 0.004096 0.002422 -0.0009189 -0.003694 0.01168
1305031915.701110 -0.01114 -0.003984 0.003283 -0.008657 0.0004633 0.01082
1305031915.733050 -0.007202 -0.004679 0.000506 -0.003591 0.01047 0.006687
1305031915.765010 -0.01282 -0.00492 0.0009606 0.003489 0.0301 0.00799
1305031915.801240 -0.01677 0.004433 -0.002231 0.007697 0.03461 0.01067
1305031915.833050 -0.01875 -0.002913 0.002969 -0.005831 0.03428 0.01755
1305031915.865070 -0.01904 -0.008148 0.00177 7.897e-05 0.03224 0.02054
1305031915.901230 -0.01749 -0.002114 0.001547 0.005299 0.02828 0.01955
1305031915.933060 -0.02087 -0.004326 0.001254 0.007016 0.02606 0.01808
1305031915.965060 -0.02028 0.004228 0.0006901 0.005809 0.01846 0.01169
1305031916.001230 -0.01831 -0.009409 0.003481 -0.004199 0.01297 0.0161
1305031916.033040 -0.01934 0.00354 -0.0006814 0.01043 0.01248 0.0191
1305031916.065060 -0.02056 0.02104 0.0004857 -0.00233 0.01164 0.01957
1305031916.101120 -0.01109 0.005349 0.007347 -0.03554 0.008954 0.01817
1305031916.133090 -0.01164 0.003245 0.006697 -0.04499 0.01916 0.01395
1305031916.165160 -0.008102 -0.01679 0.01099 -0.05669 0.0226 0.01408
1305031916.201030 -0.01418 -0.01349 0.01104 -0.03037 0.03541 0.01123
1305031916.233050 -0.02638 0.006356 0.006172 -0.01722 0.03662 0.009233
1305031916.265060 -0.02095 -0.001799 0.009056 -0.03068 0.02235 0.01904
1305031916.301080 -0.0167 -0.002325 0.009412 -0.0274 0.01513 0.02073
1305031916.333430 -0.02092 0.005996 0.006867 -0.02811 0.01066 0.0187
1305031916.365120 -0.02109 -0.001967 0.008645 -0.03772 0.002186 0.02578
1305031916.401010 -0.01209 0.001432 0.01289 -0.03165 -0.009798 0.01879
1305031916.433170 -0.006187 0.005226 0.009416 -0.02899 -0.01011 0.003186
1305031916.465120 -0.005762 0.002741 0.007425 -0.03033 -0.003111 -0.002172
1305031916.501030 -0.00254 0.003763 0.006339 -0.02626 0.005476 -0.004869
1305031916.533270 -0.007882 0.007934 0.004856 -0.02945 0.01815 -0.003197
1305031916.565140 -0.009498 -0.0024 0.008386 -0.03427 0.02232 -0.0004762
1305031916.601240 -0.01111 -0.001995 0.005036 -0.02077 0.02544 3.906e-05
1305031916.633160 -0.01753 0.007562 0.00227 -0.01851 0.02694 -0.0009218
1305031916.665140 -0.02076 0.0001215 0.002612 -0.02122 0.02153 0.003955
1305031916.701050 -0.01557 0.002378 0.0001188 -0.02111 0.01441 0.006381
1305031916.733060 -0.01114 0.001131 0.0003048 -0.01984 0.01483 0.003686
1305031916.765080 -0.01896 0.003578 -0.003258 -0.01961 0.01743 -0.003469
1305031916.801090 -0.01587 -0.0009159 -0.0002696 -0.02434 0.01468 -0.006867
1305031916.833270 -0.01792 -0.0004941 -0.002391 -0.02174 0.01573 -0.002587
1305031916.865080 -0.01318 0.003739 -0.00157 -0.01763 0.01462 -0.002592
1305031916.901020 -0.005954 0.01074 -0.0007204 -0.02006 0.01471 -0.005774
1305031916.933090 -0.01847 -0.002718 -0.002005 -0.02439 0.01767 -0.003317
1305031916.965050 -0.007698 9.729e-05 0.001074 -0.0205 0.01119 -0.0004796
1305031917.001130 -0.01367 0.01143 -0.004961 -0.01895 0.01286 -0.005343
1305031917.033160 -0.01602 0.01536 -0.005991 -0.0293 0.01264 -0.002425
1305031917.065140 -0.01621 0.0006828 0.00157 -0.03607 0.01155 0.006203
1305031917.101130 -0.01297 0.005112 -0.0003016 -0.03204 0.009941 0.01328
1305031917.133110 -0.01219 -0.007837 -0.0006099 -0.03992 0.005744 0.01381
1305031917.165050 -0.0124 0.003628 -0.0004953 -0.03966 0.003366 0.007328
1305031917.201180 -0.01044 -0.01779 0.005285 -0.03853 0.001668 0.006109
1305031917.233100 -0.01188 0.003668 -0.001622 -0.02781 -0.0008062 -0.001065
1305031917.265160 -0.01713 0.02374 -0.007993 -0.0197 0.004934 -0.00363
1305031917.301110 -0.01293 -0.01316 0.008399 -0.02246 0.007141 -0.001509
1305031917.333230 -0.006782 -0.00314 0.007313 -0.008585 0.006172 -0.004482
1305031917.365140 -0.01112 0.0007087 0.002045 -0.0003958 0.009733 -0.002846
1305031917.401070 -0.008323 0.001353 0.001737 0.008243 0.008148 -0.002293
1305031917.433140 -0.009972 -0.01474 0.004315 0.01063 0.004319 -0.002427
1305031917.465080 -0.01097 -0.002625 0.001356 0.02546 0.0005698 -0.005773
1305031917.501160 -0.01311 -0.01003 -0.001668 0.03297 0.002091 -0.005531
1305031917.533060 -0.01098 0.00375 -0.001245 0.03631 0.00387 -0.00233
1305031917.565200 -0.01441 -0.009929 -0.001702 0.03154 0.008155 0.00474
1305031917.601070 -0.0124 -0.01327 -0.0001274 0.03054 0.008348 0.002176
1305031917.633090 -0.01435 -0.008453 -0.001393 0.02795 0.009951 -0.000731
1305031917.665060 -0.01249 -0.003975 0.001325 0.02732 0.01041 -0.001997
1305031917.701100 -0.01286 -0.005673 0.00175 0.02683 0.01078 -0.008238
1305031917.733000 -0.01508 -0.01076 0.002942 0.02468 0.01328 -0.009347
1305031917.765110 -0.01208 -0.01754 0.005054 0.02783 0.01347 -0.006447
1305031917.801050 -0.01254 -0.0096 0.002173 0.03783 0.01188 -0.01079
1305031917.833090 -0.01422 -0.007949 0.001014 0.03774 0.01298 -0.009382
1305031917.865110 -0.01699 -0.008716 0.004151 0.03981 0.01401 -0.002715
1305031917.901060 -0.01472 -0.008962 0.003678 0.03851 0.008207 0.00174
1305031917.932950 -0.008086 -0.01268 0.006415 0.03974 0.004682 -0.00281
1305031917.965350 -0.01983 0.007165 -0.001686 0.04786 0.0094 -0.004657
1305031918.001100 -0.01233 -0.00287 0.003913 0.03613 0.005124 0.0006876
1305031918.033140 -0.00639 -0.01589 0.005486 0.03353 0.004804 0.00663
1305031918.065140 -0.0179 0.01057 -0.0013 0.04455 0.0137 0.006975
1305031918.101060 -0.01393 -0.00144 0.001804 0.02497 0.01505 0.008325
1305031918.133050 -0.01264 -0.0111 0.004964 0.02386 0.01427 0.01578
1305031918.165020 -0.02109 -8.269e-05 0.001745 0.02829 0.01062 0.007543
1305031918.201090 -0.01352 -0.007745 0.003477 0.01983 0.001127 0.005255
1305031918.233040 -0.01447 -0.009001 0.002929 0.02475 0.001401 0.008037
1305031918.265260 -0.01711 -0.005887 0.001801 0.02817 0.00029 0.009584
1305031918.301120 -0.01487 -0.008791 0.001593 0.02931 -0.001932 0.01206
1305031918.333170 -0.01888 -0.00351 -0.001073 0.03525 -0.00153 0.0133
1305031918.365070 -0.02098 -0.002413 -0.0009232 0.02762 -0.002864 0.0101
1305031918.401030 -0.01669 -0.01302 9.389e-05 0.02394 -0.009007 0.008634
1305031918.433040 -0.01964 -0.004503 -0.002951 0.03616 -0.006269 0.006906
1305031918.465090 -0.02348 -0.0007079 -0.004109 0.0299 -0.00641 0.004442
1305031918.501130 -0.02232 -0.001445 -0.00246 0.02116 -0.01245 0.005027
1305031918.533130 -0.01774 -0.005106 -0.0009605 0.01507 -0.01359 0.004565
1305031918.565020 -0.02143 -0.006413 -0.003487 0.01745 -0.006061 0.0009486
1305031918.601030 -0.023 0.003388 -0.00365 0.01844 -0.004707 5.136e-05
1305031918.633030 -0.01938 -0.004253 -0.0001096 0.009802 -0.003492 0.005669
1305031918.665110 -0.01971 -0.0007925 -0.001653 0.01365 0.001723 0.008449
1305031918.701020 -0.01951 -0.0001291 -0.001149 0.01142 0.00591 0.005039
1305031918.765150 -0.05447 0.004232 0.0004621 0.01432 0.01533 0.02757
1305031918.801100 -0.02152 0.0001149 0.0002918 -0.0006431 -0.005791 0.03004
1305031918.833120 -0.01547 -0.001604 0.0002485 -0.002679 -0.007093 0.0267
1305031918.865120 -0.01672 0.000474 -6.467e-05 -0.003153 0.0006745 0.02879
1305031918.901080 -0.01389 -0.002401 -0.0006589 -0.00865 0.004453 0.03164
1305031918.933070 -0.01496 -0.003446 -0.0008695 -0.009639 0.01373 0.03013
1305031918.965060 -0.0186 -0.002837 7.451e-05 -0.007793 0.01839 0.03199
1305031919.001050 -0.01437 -0.001136 -0.002542 -0.007619 0.0154 0.03099
1305031919.033080 -0.01442 -0.009996 0.000279 -0.01396 0.02059 0.02284
1305031919.065150 -0.01708 -0.004376 -0.002795 -0.001282 0.02467 0.02294
1305031919.101030 -0.01925 -0.002935 -0.001466 -0.002564 0.02446 0.02444
1305031919.133130 -0.01781 -0.006395 -0.001367 -0.004192 0.02008 0.02248
1305031919.165110 -0.01468 -0.00626 -0.002218 -0.003112 0.01764 0.01868
1305031919.201120 -0.01346 -0.007557 -0.001783 -0.002909 0.02065 0.01981
1305031919.233090 -0.01337 -0.002713 -0.002139 -0.001618 0.02647 0.02728
1305031919.265130 -0.01722 -0.008615 0.002248 -0.009399 0.03076 0.033
1305031919.301120 -0.01406 -0.004478 0.001186 -0.007269 0.0266 0.02963
1305031919.333120 -0.01473 -0.01392 0.007225 -0.01788 0.02849 0.0162
1305031919.364950 -0.01812 -0.01181 0.006464 -0.005783 0.03071 0.01789
1305031919.401120 -0.01398 -0.007558 0.006495 -0.003139 0.02486 0.01611
1305031919.433260 -0.01563 -0.01133 0.009013 -0.005462 0.0278 0.01432
1305031919.465070 -0.01855 -0.01039 0.01058 -0.001789 0.02565 0.01761
1305031919.501050 -0.01884 -0.008309 0.01066 0.0008956 0.01843 0.01336
1305031919.533110 -0.0198 -0.003074 0.009287 -0.0002316 0.01001 0.008782
1305031919.565170 -0.009959 -0.006702 0.01293 -0.009863 -0.0001552 0.007791
1305031919.601090 -0.01239 -0.00337 0.009096 -0.005135 0.006942 0.005793
1305031919.633130 -0.01508 0.001516 0.009392 -0.01162 0.01184 0.005664
1305031919.665040 -0.01903 -0.008267 0.01284 -0.02228 0.01343 0.005289
1305031919.701090 -0.02419 -0.002209 0.007024 -0.01428 0.009177 0.002235
1305031919.733120 -0.01346 0.0002534 0.009131 -0.0186 -0.004699 0.002319
1305031919.765060 -0.005902 -0.00428 0.007252 -0.01904 -0.0008213 -0.003783
1305031919.801130 -0.008442 0.002068 0.002541 -0.01581 0.01398 -0.006443
1305031919.833070 -0.008897 -0.005805 0.004633 -0.01976 0.0253 -0.005673
1305031919.865180 -0.01927 -0.0002533 0.0008194 -0.005479 0.03863 -0.008445
1305031919.901070 -0.02628 0.009421 -0.0004991 -0.005744 0.03355 -0.006772
1305031919.933100 -0.01435 0.0008419 0.0007349 -0.01499 0.01761 -0.007211
1305031919.965130 -0.0194 0.002825 -0.002514 -0.01132 0.02055 -0.01089
1305031920.001050 -0.01217 0.005625 -0.001582 -0.01408 0.0136 -0.009765
1305031920.033120 -0.007329 -0.003094 -0.001699 -0.01551 0.02116 -0.00638
1305031920.065140 -0.01958 0.00554 -0.006893 -0.006899 0.03336 -0.006804
1305031920.101060 -0.01764 0.0007721 -0.003578 -0.01531 0.0267 -0.0002988
1305031920.132990 -0.01777 -0.002238 -0.005095 -0.00961 0.02147 0.002902
1305031920.165140 -0.02134 -0.0003881 -0.005381 -0.006618 0.01545 0.00404
1305031920.201170 -0.02163 -0.002328 -0.007486 -0.001997 0.001765 0.004753
1305031920.233080 -0.0178 0.005372 -0.009825 -0.001126 -0.01265 -0.003437
1305031920.265120 -0.0143 0.001036 -0.006262 -0.0087 -0.02013 -0.00199
1305031920.301100 -0.01468 0.005114 -0.008645 -0.005005 -0.02608 -0.008606
1305031920.333120 -0.01038 0.00384 -0.007507 -0.01187 -0.03214 -0.01558
1305031920.365130 -0.009683 0.0001208 -0.007288 -0.009169 -0.03361 -0.01524
1305031920.401120 -0.01012 0.008355 -0.009613 -0.005199 -0.03496 -0.0175
1305031920.433120 -0.006835 0.003787 -0.00673 -0.01233 -0.03454 -0.01286
1305031920.465150 -0.006946 0.007633 -0.006666 -0.008702 -0.02874 -0.01089
1305031920.501110 -0.00617 0.006934 -0.005899 -0.01262 -0.0264 -0.00741
1305031920.533110 -0.001782 0.004529 -0.004781 -0.01392 -0.02368 -0.00551
1305031920.565150 -0.004083 0.007532 -0.005054 -0.009686 -0.01332 -0.003513
1305031920.633110 -0.02004 0.01416 -0.01216 -0.02634 -0.02526 -0.01687
1305031920.665130 -0.01523 0.003612 -0.005022 -0.009739 -0.025 -0.01427
1305031920.701150 -0.01033 0.007962 -0.007836 -0.007834 -0.04038 -0.01777
1305031920.733090 -0.006799 0.006025 -0.004419 -0.01485 -0.04277 -0.01357
1305031920.765150 -0.006165 0.004225 -0.003769 -0.01232 -0.04226 -0.01325
1305031920.801030 -0.0003087 0.005826 -0.004518 -0.01259 -0.04367 -0.0135
1305031920.833130 -0.003263 0.00402 -0.004021 -0.01233 -0.03151 -0.008728
1305031920.865160 -0.006612 0.006825 -0.003685 -0.01001 -0.02859 -0.008016
1305031920.901040 -0.006754 0.005742 -0.003738 -0.01113 -0.02924 -0.01496
1305031920.933080 -0.008177 0.002381 -0.003282 -0.007278 -0.0305 -0.01842
1305031920.965220 -0.007603 0.008205 -0.005543 -0.001133 -0.03178 -0.01395
1305031921.001110 -0.006794 0.008857 -0.006918 -0.001323 -0.03173 -0.01177
1305031921.033110 -0.006319 0.003625 -0.005479 -0.004315 -0.02959 -0.004746
1305031921.065150 -0.00366 0.005535 -0.003926 0.002702 -0.02857 -0.002592
1305031921.101110 -0.003516 0.004111 -0.004208 0.004404 -0.02637 -0.007735
1305031921.133160 -0.008159 0.004514 -0.005564 0.009831 -0.02211 -0.003301
1305031921.165120 -0.0076 0.006649 -0.007515 0.01343 -0.02576 0.0002244
1305031921.201160 -0.009136 0.01396 -0.01016 0.01017 -0.02484 0.003411
1305031921.233190 -0.006135 0.009737 -0.005689 0.0008629 -0.02495 0.00198
1305031921.265160 -0.0009012 0.006953 -0.005004 -0.003189 -0.02413 0.0002026
1305031921.301190 -0.002566 0.003061 -0.002257 -0.003623 -0.01701 -0.002547
1305031921.333160 -0.004294 0.006157 -0.004403 0.0002676 -0.01448 -0.008648
1305031921.365110 -0.005162 0.005407 -0.004701 -6.03e-05 -0.01136 -0.009683
1305031921.401110 -0.01149 0.0068 -0.00435 0.0002977 -0.01093 -0.007718
1305031921.433140 -0.00446 0.004817 -0.002983 -0.0008018 -0.01828 -0.01002
1305031921.465010 -0.005784 0.004967 -0.0031 0.0008654 -0.01745 -0.01569
1305031921.501100 -0.01099 0.005601 -0.004703 0.0006601 -0.01892 -0.01515
1305031921.533100 -0.01078 0.006534 -0.005464 0.00123 -0.02355 -0.009699
1305031921.565120 -0.007918 0.01211 -0.009796 -0.002984 -0.02939 -0.0105
1305031921.601110 -0.001194 -0.006098 0.003025 -0.01339 -0.03216 -0.006617
1305031921.633110 -0.007564 0.0005699 -0.002789 0.004781 -0.02994 -0.01103
1305031921.701070 -0.01994 0.007662 -0.01698 0.006242 -0.07683 -0.02791
1305031921.733070 -0.005006 -0.001789 -0.005007 0.002303 -0.04683 -0.01014
1305031921.765060 0.001817 0.001285 -0.006608 0.006471 -0.04608 -0.01027
1305031921.801030 0.002175 0.0005769 -0.004405 0.005819 -0.03546 -0.007923
1305031921.833120 0.003373 0.003836 -0.005974 0.01094 -0.02609 -0.008527
1305031921.865150 -0.001166 0.007221 -0.01012 0.006706 -0.01379 -0.00732
1305031921.901120 -0.003372 -0.01147 -0.00328 -0.002451 -0.01541 -0.004105
1305031921.933130 0.00144 0.007156 -0.01205 0.01303 -0.02078 -0.00682
1305031921.965110 0.000637 0.002836 -0.01044 0.003364 -0.02433 -0.01236
1305031922.001100 -0.004605 -0.004039 -0.00458 0.0006863 -0.02723 -0.01246
1305031922.033170 0.001783 0.000621 -0.006193 0.006126 -0.02867 -0.00864
1305031922.101030 0.007865 0.007716 -0.01379 0.01403 -0.04808 -0.02084
1305031922.133250 0.004205 0.0005695 -0.004812 0.003583 -0.02149 -0.00945
1305031922.165060 -8.566e-05 -0.001543 -0.003513 0.005154 -0.02025 -0.0115
1305031922.201060 0.003032 0.007534 -0.006192 0.01035 -0.01843 -0.006651
1305031922.233250 0.003372 -0.001141 -0.002276 0.002736 -0.0193 -0.004586
1305031922.265180 0.002514 -0.002713 -0.002198 0.005862 -0.02025 -0.006297
1305031922.301140 -0.0001938 -0.002262 -0.002343 0.009385 -0.02002 -0.002983
1305031922.333220 0.005241 0.003375 -0.002772 0.01456 -0.0248 -0.001314
1305031922.365140 0.008375 0.003346 -0.002966 0.01169 -0.02085 -0.001784
1305031922.401140 0.0001004 -0.005034 -0.0008824 0.007018 -0.01544 -0.002941
1305031922.465220 0.01318 0.005113 -0.007321 0.03061 -0.04174 -0.007671
1305031922.501310 -0.0004924 -0.003716 -0.000561 0.006932 -0.01266 -0.004963
1305031922.533140 0.005846 0.0001126 -0.004088 0.01414 -0.01606 -0.006211
1305031922.565030 -0.0009358 0.002382 2.558e-05 0.009981 -0.01074 0.001015
1305031922.601110 0.002171 -0.0001257 -0.002159 0.01153 -0.01911 -3.149e-05
1305031922.665320 0.00301 -0.001038 -0.003891 0.01446 -0.0291 -0.001897
1305031922.701360 0.002738 0.002967 -0.00515 0.009547 -0.02273 -0.004193
1305031922.733240 0.003317 0.001642 -0.005152 0.0007712 -0.01925 -0.00774
1305031922.765370 -0.001168 -8.845e-06 0.0002665 -0.002901 -0.01583 -0.01074
1305031922.801220 -0.000932 -0.000691 0.0001387 -0.0028 -0.01696 -0.01201
1305031922.833260 -0.002817 -0.0002179 0.0004308 -0.002726 -0.01588 -0.008766
1305031922.865050 -0.00113 0.0006899 -0.001185 -0.002717 -0.02077 -0.01009
1305031922.901110 -0.001811 -0.0005274 0.0007438 -0.006089 -0.01781 -0.007502
1305031922.965220 -0.004535 -0.003037 0.002813 -0.0003567 -0.02579 -0.01573
1305031923.001050 -0.005336 0.0009143 0.002239 0.003558 -0.005233 -0.005908
1305031923.065080 -0.006138 -0.0007392 -0.002155 0.005889 -0.01984 -0.0173
1305031923.101060 -0.005278 -0.0004513 0.003769 0.0009409 -0.006829 -0.004851
1305031923.133240 -0.003471 -2.66e-05 -0.0002224 0.004035 -0.01436 -0.005644
1305031923.165170 -0.001008 0.001617 -0.00695 -0.002549 -0.01459 -0.005582
1305031923.201180 -0.00436 0.0002057 0.001966 -0.01368 -0.01472 -0.001462
1305031923.265160 -0.006733 -0.003836 0.01789 -0.00431 -0.03693 -0.01477
1305031923.301180 -0.0012 -0.0004327 0.0001533 0.007622 -0.0175 -0.01614
1305031923.333170 -0.003073 -0.001407 0.002303 0.004465 -0.01348 -0.01338
1305031923.365230 -0.004451 -0.003035 0.007759 0.005359 -0.0137 -0.0112
1305031923.401140 -0.005865 -0.001262 0.003887 0.0148 -0.01353 -0.01429
1305031923.433110 -0.00657 0.001102 0.001611 0.009866 -0.01631 -0.01555
1305031923.465290 -0.005812 0.0008322 0.005371 0.00562 -0.01854 -0.01531
1305031923.501150 -0.005568 0.003424 0.000644 -0.002924 -0.01512 -0.01436
1305031923.533200 -0.005202 -0.002309 0.008599 -0.0145 -0.01298 -0.009577
1305031923.565200 -0.005837 -0.002082 0.008827 -0.00834 -0.008516 -0.01174
1305031923.601070 -0.007904 -0.001963 0.009025 -0.00906 -0.005122 -0.009687
1305031923.633240 -0.007193 -0.00291 0.01241 -0.002959 -0.006768 -0.01199
1305031923.665140 -0.01037 -0.0007392 0.007419 -0.001626 -0.004166 -0.01456
1305031923.701140 -0.008904 -0.004909 0.01464 -0.006735 -0.006261 -0.006874
1305031923.733150 -0.009731 -0.002596 0.01041 0.001836 -0.004678 -0.00671
1305031923.765180 -0.0109 -0.004294 0.01071 -0.005501 -0.005022 -0.001034
1305031923.801150 -0.00891 -0.00505 0.01562 0.002074 -0.008755 0.004401
1305031923.833050 -0.0096 0.0003632 0.004329 0.001999 -0.00499 -0.004616
1305031923.865160 -0.01055 -0.00579 0.01262 -0.01288 -0.001194 0.004802
1305031923.901120 -0.01054 -0.006139 0.01233 -0.01164 -0.002368 0.01272
1305031923.933140 -0.009123 -0.008526 0.01725 -0.01038 -0.005894 0.014
1305031923.965200 -0.00975 -0.007308 0.01634 0.007187 -0.006626 0.01153
1305031924.001100 -0.01084 -0.001168 -0.0008628 0.006187 -0.00459 0.001095
1305031924.033250 -0.0107 -0.007706 0.01322 -0.0154 -0.008413 0.005254
1305031924.065220 -0.01011 -0.01031 0.01977 0.00138 -0.01035 -0.0007749
1305031924.101180 -0.008905 -0.004435 0.004667 0.0114 -0.005429 -0.002417
1305031924.133290 -0.009277 -0.006672 0.008477 -0.00453 -0.001465 0.005722
1305031924.165590 -0.01001 -0.007582 0.01616 0.004234 0.001138 0.003032
1305031924.201130 -0.008934 -0.004981 0.003242 0.004572 0.007782 0.002535
1305031924.233240 -0.009977 -0.007776 0.01265 -0.003801 0.009571 0.009008
1305031924.265340 -0.008494 -0.006007 0.006895 0.001455 0.006529 0.003357
1305031924.301100 -0.01007 -0.007981 0.01304 0.0009188 0.006243 0.0009591
1305031924.333110 -0.008318 -0.006602 0.008468 0.005276 0.006086 0.0003507
1305031924.365170 -0.007332 -0.007045 0.01008 -5.826e-05 0.009802 0.003772
1305031924.401090 -0.007895 -0.007011 0.01254 0.0006166 0.01423 0.004333
1305031924.433070 -0.006823 -0.006031 0.008093 0.002369 0.01177 0.002861
1305031924.465390 -0.004093 -0.005662 0.008162 -0.00253 0.009356 0.00459
1305031924.501120 -0.004555 -0.005241 0.01208 -0.005237 0.01445 0.004362
1305031924.533250 -0.003394 -0.004264 0.009596 -0.003474 0.01777 -0.0005789
1305031924.565260 -0.003702 -0.003888 0.007912 -0.01049 0.02206 0.0008396
1305031924.601160 -0.007259 -0.005396 0.009258 -0.01245 0.0193 0.001861
1305031924.633220 -0.00331 -0.002727 0.006377 -0.01128 0.009746 -0.004526
1305031924.665190 -0.006437 -0.007581 0.0117 -0.01626 0.0128 -0.003929
1305031924.701170 -0.004518 -0.004863 0.006894 -0.01079 0.009761 -0.0007905
1305031924.733170 -0.00542 -0.00631 0.009178 -0.01345 0.00897 0.0005941
1305031924.765170 -0.007303 -0.008374 0.009711 -0.008425 0.005229 0.00238
1305031924.801060 -0.004224 -0.005618 0.006699 -0.002166 -0.00219 -0.001099
1305031924.833190 -0.004917 -0.008019 0.009805 -0.005672 -0.001789 0.0002205
1305031924.865170 -0.003495 -0.009982 0.01331 0.002829 -0.001984 0.0002718
1305031924.901110 -0.001204 -0.005166 0.007025 0.01147 0.00255 -0.0007166
1305031924.933190 -0.001732 -0.005943 0.005427 0.0009577 0.008481 0.003297
1305031924.969060 -0.002549 -0.007602 0.008287 -0.00178 0.008108 0.004813
1305031925.001100 -0.001296 -0.006021 0.006922 -0.003826 0.006406 0.004468
1305031925.033150 -0.001685 -0.00607 0.007094 -0.007092 0.004637 0.004101
1305031925.069090 -0.001688 -0.005856 0.008519 -0.0116 0.00161 0.004902
1305031925.101110 -0.002818 -0.01076 0.01552 -0.006685 0.003357 0.001295
1305031925.133210 -0.0007169 -0.007878 0.01088 0.01009 0.003469 -0.003687
1305031925.169080 0.000725 -0.001876 0.003826 0.007782 0.005084 -0.001819
1305031925.201120 -0.001844 -0.005273 0.00945 -0.003817 0.008322 0.002881
1305031925.233190 -0.001817 -0.009361 0.014 0.0003381 0.008053 0.003801
1305031925.269160 -0.0006885 -0.005559 0.008233 0.005685 0.009001 0.008547
1305031925.301280 -0.00279 -0.007698 0.01131 0.003941 0.006234 0.009231
1305031925.333140 -0.001297 -0.00908 0.01099 0.0088 0.002718 0.006223
1305031925.369110 -0.0009698 -0.006998 0.007024 0.009242 0.003674 0.01149
1305031925.401460 -0.0005196 -0.007117 0.006258 0.005383 0.002017 0.01096
1305031925.433410 -0.001129 -0.005722 0.006062 -2.027e-05 0.004125 0.006499
1305031925.469100 -0.006405 -0.007547 0.008924 -0.006239 3.441e-06 0.004384
1305031925.501270 -0.004363 -0.006931 0.008098 -0.008929 -0.01063 -0.001243
1305031925.533320 -0.005271 -0.009098 0.01339 -0.01202 -0.01361 -0.006291
1305031925.569130 -0.005798 -0.008819 0.01066 -0.006569 -0.01385 -0.01189
1305031925.601220 -0.008153 -0.009151 0.01331 -0.005336 -0.01292 -0.008679
1305031925.633430 -0.006862 -0.00923 0.01246 7.473e-05 -0.01379 -0.007434
1305031925.669140 -0.00324 -0.008066 0.007305 0.006505 -0.009676 -0.008597
1305031925.701320 -0.004593 -0.006722 0.005974 0.004695 -0.001825 -0.003867
1305031925.733170 -0.008645 -0.008311 0.007785 0.004174 0.001687 -0.001897
1305031925.769250 -0.01001 -0.009227 0.007703 0.009082 -0.00137 -0.00544
1305031925.801210 -0.009639 -0.008414 0.00692 0.01321 -0.006516 -0.004284
1305031925.833150 -0.007677 -0.008356 0.005561 0.01769 -0.01045 -0.00572
1305031925.869200 -0.00712 -0.005622 0.004309 0.01961 -0.01198 -0.003411
1305031925.901180 -0.007085 -0.006723 0.004503 0.01722 -0.01248 -0.006997
1305031925.933170 -0.003938 -0.005886 0.003961 0.01655 -0.01123 -0.01214
1305031925.969200 -0.006618 -0.007768 0.006504 0.01794 -0.006462 -0.009644
1305031926.001190 -0.003851 -0.003948 0.004031 0.0168 -0.006356 -0.007889
1305031926.033160 -0.006921 -0.006141 0.007221 0.009901 -0.002996 -0.0102
1305031926.069080 -0.009511 -0.008322 0.008521 0.008956 -0.004208 -0.006831
1305031926.101110 -0.007076 -0.006296 0.006931 0.006366 -0.009875 -0.001147
1305031926.133180 -0.01061 -0.008181 0.01181 0.003685 -0.009452 -0.002392
1305031926.169100 -0.007393 -0.007208 0.007809 0.009545 -0.01416 -0.004155
1305031926.201140 -0.005135 -0.005406 0.007397 0.001786 -0.01587 -0.004797
1305031926.233130 -0.01187 -0.008372 0.01438 0.001903 -0.01211 -0.005465
1305031926.269140 -0.008412 -0.007175 0.009092 0.00529 -0.01396 -0.001067
1305031926.301050 -0.007954 -0.006947 0.009811 0.001098 -0.01662 -0.001301
1305031926.333160 -0.01043 -0.007039 0.01093 0.002155 -0.01987 -0.004943
1305031926.369060 -0.007344 -0.004518 0.009076 0.001552 -0.02223 -0.006395
1305031926.401170 -0.006005 -0.003631 0.01309 0.0004526 -0.02031 -0.008294
1305031926.433160 -0.008367 -0.003975 0.01188 0.002526 -0.01797 -0.008758
1305031926.469090 -0.007054 -0.004139 0.008543 0.001681 -0.01842 -0.008975
1305031926.501080 -0.004577 -0.004428 0.01096 -0.00307 -0.02126 -0.01239
1305031926.533180 -0.006094 -0.00282 0.01282 -0.002323 -0.0213 -0.01378
1305031926.569120 -0.005495 -0.001411 0.01106 -0.0005599 -0.02004 -0.01656
1305031926.601170 -0.003662 -0.002657 0.012 0.0003519 -0.01972 -0.0172
1305031926.633130 -0.004326 -0.003095 0.01094 0.002404 -0.01866 -0.01901
1305031926.669140 -0.004796 -0.002325 0.007135 0.003386 -0.01859 -0.02015
1305031926.701040 -0.005037 -0.007342 0.005161 -0.001998 -0.02206 -0.01317
1305031926.733210 -0.002875 -0.005373 0.008612 0.0008209 -0.02971 -0.01095
1305031926.769140 0.0003641 0.002125 0.007353 0.008146 -0.03415 -0.01939
1305031926.801340 -0.0007944 -0.002669 0.003858 0.006259 -0.03306 -0.02152
1305031926.833210 -0.002094 -0.003221 0.003975 0.005294 -0.03526 -0.02327
1305031926.869330 0.000784 0.0005737 0.003885 0.01035 -0.04155 -0.02892
1305031926.901100 -0.002469 -0.006669 -0.0005857 0.005208 -0.04298 -0.02899
1305031926.933350 -0.00692 -0.003007 0.002105 0.005556 -0.04336 -0.02559
1305031926.969120 -0.00267 0.002765 0.006624 0.01305 -0.04582 -0.02163
1305031927.001570 -0.0001542 -0.00268 0.004385 0.01403 -0.04414 -0.01997
1305031927.033930 0.0002062 -0.00033 -0.004373 0.01401 -0.04167 -0.02162
1305031927.070530 -0.007226 -0.002533 0.003594 0.01245 -0.03584 -0.0246
1305031927.101270 -0.007147 -0.001033 0.003253 0.01769 -0.03008 -0.02354
1305031927.133470 -0.001977 -0.001763 -0.00206 0.01762 -0.03273 -0.01845
1305031927.169160 -0.008628 0.0001649 0.0001323 0.01941 -0.02862 -0.01838
1305031927.201210 -0.01654 -0.002371 0.003196 0.02175 -0.01997 -0.01776
1305031927.233490 -0.01856 -0.01051 0.002925 0.02515 -0.01186 -0.01431
1305031927.269150 -0.0001665 -0.01478 -0.008293 0.01905 -0.01597 -0.01037
1305031927.301140 -0.004216 -0.006333 -0.004382 0.02167 -0.01625 -0.01115
1305031927.333140 -0.001036 -0.007942 -0.006743 0.01706 -0.01861 -0.01682
1305031927.369150 -0.009617 -6.806e-05 -0.001535 0.02117 -0.01699 -0.01605
1305031927.401160 -0.007088 -0.006288 -0.005149 0.01652 -0.01895 -0.01416
1305031927.433270 -0.00953 -0.006293 -0.003586 0.01348 -0.01309 -0.01262
1305031927.469110 -0.0107 -0.004814 -0.002296 0.01591 -0.009803 -0.006753
1305031927.501140 -0.006373 -0.004406 -0.004699 0.01533 -0.01043 -0.002676
1305031927.533180 -0.006761 -0.005624 -0.003878 0.008956 -0.007704 -0.001475
1305031927.569230 -0.01141 -0.006274 -0.001024 0.009462 -0.002212 0.002331
1305031927.601130 -0.01084 -0.004519 -0.001826 0.01526 -0.0002735 0.008114
1305031927.633200 -0.003352 -0.003904 -0.006325 0.01547 -0.001827 0.01016
1305031927.669160 -0.008802 -0.005498 -0.003822 0.006029 0.005299 0.01786
1305031927.701130 -0.007767 -0.001801 -0.003243 0.01066 0.002877 0.0228
1305031927.733220 -0.005408 -0.002552 -0.005051 0.009408 0.0008684 0.01992
1305031927.769160 -0.005989 -0.001281 -0.004679 0.008757 0.001729 0.0175
1305031927.801110 -0.005374 -0.001865 -0.005939 0.004563 -0.0001163 0.01182
1305031927.833280 -0.01257 -0.003101 -0.002205 0.004013 0.002545 0.008448
1305031927.869140 -0.008326 -0.001166 -0.00479 0.008188 -0.002047 0.003441
1305031927.901130 -0.005139 0.00101 -0.006604 0.003828 -0.004772 0.003362
1305031927.933470 -0.01641 -0.007208 -0.001686 -0.004387 0.000964 0.003205
1305031927.969180 -0.01433 -0.004492 -0.00265 0.002323 0.00204 0.0002718
1305031928.001130 -0.01028 0.0009704 -0.003518 0.004454 -0.002546 -0.0005577
1305031928.033190 -0.01839 -0.004362 -0.0005637 0.0001552 0.001141 0.0003252
1305031928.069130 -0.0148 -0.002561 -0.00184 0.007397 -0.002571 -0.001285
1305031928.101110 -0.01014 -0.0004009 -0.003516 0.005817 -0.005122 -0.002272
1305031928.133200 -0.01579 -6.001e-05 -0.001005 0.00485 -0.002727 -0.0006219
1305031928.169020 -0.009537 0.001845 -0.001999 0.004229 -0.01086 5.756e-05
1305031928.201100 -0.00918 -0.0001472 -0.0002879 0.0007176 -0.01492 -0.001392
1305031928.233130 -0.01311 -0.003755 0.0009628 0.0005392 -0.01511 -0.005871
1305031928.269220 -0.004336 0.0009767 -0.003168 0.004546 -0.01883 -0.01083
1305031928.301260 -0.009637 -0.0002872 0.0004573 0.0004085 -0.01321 -0.01209
1305031928.333610 -0.008914 -6.26e-05 0.0007866 0.0009509 -0.01403 -0.01382
1305031928.369520 -0.004699 0.002184 -0.0008318 0.0008371 -0.01651 -0.01858
1305031928.401120 -0.007311 0.003525 0.001977 -0.0008171 -0.01631 -0.02199
1305031928.433540 -0.006728 0.003435 0.002241 -0.003099 -0.02196 -0.02748
1305031928.469230 -0.008616 0.002217 0.003015 -0.004654 -0.02299 -0.03207
1305031928.501430 -0.005453 0.009015 0.0002108 -0.003599 -0.02492 -0.03545
1305031928.533980 -0.008871 0.00318 0.001935 -0.01213 -0.01859 -0.034
1305031928.569300 -0.01139 0.001539 0.004327 -0.01309 -0.0169 -0.02752
1305031928.601270 -0.009851 0.00512 0.001454 -0.01446 -0.0224 -0.02969
1305031928.633600 -0.01132 0.006287 0.002274 -0.02014 -0.02203 -0.02426
1305031928.669150 -0.006994 0.005272 0.005799 -0.02384 -0.02436 -0.01731
1305031928.701110 -0.004789 0.004993 0.006604 -0.0237 -0.02278 -0.01435
1305031928.733190 -0.002726 0.004462 0.005896 -0.02364 -0.02272 -0.01421
1305031928.769200 -0.004687 0.008087 0.006348 -0.02196 -0.02109 -0.01724
1305031928.801120 -0.003389 0.006738 0.004543 -0.02481 -0.01853 -0.01425
1305031928.833190 -0.0003586 0.005327 0.005908 -0.02693 -0.02026 -0.0134
1305031928.869150 -0.002411 0.007642 0.004457 -0.02586 -0.01866 -0.01404
1305031928.901200 -0.001443 0.006853 0.005825 -0.0276 -0.01924 -0.01276
1305031928.933210 -0.003374 0.008269 0.0041 -0.03086 -0.01719 -0.01387
1305031928.969100 -0.0006192 0.005415 0.006605 -0.03665 -0.02104 -0.007906
1305031929.001160 -0.002108 0.007612 0.005967 -0.03078 -0.02386 -0.007712
1305031929.033640 -0.003611 0.00712 0.004143 -0.03246 -0.02297 -0.01077
1305031929.069090 -0.002797 0.006965 0.005721 -0.03581 -0.0253 -0.007479
1305031929.101210 -0.002968 0.007074 0.006273 -0.03278 -0.02729 -0.008317
1305031929.133200 -0.003086 0.007377 0.005112 -0.03409 -0.0252 -0.01119
1305031929.169200 -0.002289 0.007788 0.006539 -0.03205 -0.02385 -0.01089
1305031929.201160 -0.002452 0.006329 0.006357 -0.02909 -0.02368 -0.01266
1305031929.233290 -0.0008179 0.01153 0.002515 -0.0304 -0.0241 -0.01718
1305031929.269210 -0.001482 0.009665 0.004982 -0.03363 -0.02149 -0.01667
1305031929.301290 -5.029e-05 0.01045 0.007406 -0.02908 -0.02273 -0.01196
1305031929.333530 0.001948 0.009095 0.003566 -0.02711 -0.02192 -0.01426
1305031929.369190 0.00239 0.009036 0.003803 -0.02624 -0.01676 -0.01513
1305031929.401370 0.003216 0.01056 0.005066 -0.02186 -0.01149 -0.01451
1305031929.433240 0.002935 0.01299 0.007777 -0.0218 -0.009248 -0.01053
1305031929.469220 0.003953 0.009507 0.008663 -0.02257 -0.01105 -0.008767
1305031929.501200 0.004758 0.009948 0.007298 -0.02034 -0.009663 -0.008929
1305031929.533260 0.003391 0.01005 0.008715 -0.0214 -0.009374 -0.007824
1305031929.569170 0.003471 0.01022 0.007737 -0.02035 -0.008823 -0.005226
1305031929.601100 0.00473 0.01083 0.007569 -0.02133 -0.007171 -0.001649
1305031929.634450 0.002998 0.009763 0.009817 -0.02319 -0.007848 6.844e-05
1305031929.669290 0.005211 0.006509 0.008683 -0.02388 -0.007492 0.001258
1305031929.701270 0.006474 0.001248 0.009413 -0.02636 -0.006467 0.0001427
1305031929.733620 0.004219 0.003271 0.008942 -0.02304 -0.001059 -0.001758
1305031929.769190 0.004787 0.002328 0.008735 -0.01798 0.005616 -0.001485
1305031929.801230 0.003863 0.007927 0.005148 -0.01831 0.007283 -0.001528
1305031929.833360 0.0001508 0.00482 0.009955 -0.01845 0.007856 -0.001592
1305031929.869240 0.003595 0.004949 0.006384 -0.01548 0.007589 -0.0004275
1305031929.901290 0.0004711 0.006804 0.006741 -0.0137 0.008157 -0.00061
1305031929.933180 -0.00165 0.007358 0.007814 -0.0121 0.004945 0.001308
1305031929.969180 -0.001762 0.007741 0.007561 -0.00736 -0.0006429 0.002644
1305031930.001350 -0.003033 0.005522 0.007586 -0.005344 -0.005111 -0.001204
1305031930.033650 -0.005067 0.002797 0.007828 -0.00191 -0.006692 -0.005026
1305031930.069290 -0.005374 0.002436 0.004879 0.002653 -0.0067 -0.005674
1305031930.101130 -0.006908 0.002129 0.005498 0.005761 -0.005562 -0.001603
1305031930.134160 -0.004963 0.001164 0.005071 0.008648 -0.009207 0.003935
1305031930.169120 -0.001197 0.002303 0.004736 0.007094 -0.01727 0.002381
1305031930.201150 -0.01182 -0.001075 0.006099 0.007314 -0.01729 0.002014
1305031930.233360 -0.006119 -0.002311 0.001633 0.01075 -0.02061 0.005691
1305031930.269060 -0.004918 -0.003335 0.000783 0.009019 -0.02341 0.003992
1305031930.301110 -0.01355 -0.002836 0.00672 0.01256 -0.02074 0.0001479
1305031930.333140 -0.01032 -0.00387 -0.000507 0.016 -0.0213 0.005368
1305031930.369790 -0.005154 -0.003012 0.0011 0.01431 -0.02607 0.004669
1305031930.401080 -0.007999 -0.002039 0.002238 0.01614 -0.02344 -0.0004071
1305031930.433290 -0.01493 -0.001998 0.001958 0.01874 -0.01814 0.002909
1305031930.469130 0.01323 0.003961 0.006448 0.02576 -0.02663 -0.00117
1305031930.501040 -0.002939 0.0004696 0.0008962 0.02903 -0.0168 -0.004829
1305031930.533070 -0.0122 -0.001824 -0.004491 0.02667 -0.01111 0.0002077
1305031930.569010 -0.008545 -0.003116 -1.19e-05 0.02232 -0.01325 0.004639
1305031930.601040 -0.002396 -0.002441 0.008079 0.02706 -0.01675 0.003617
1305031930.633130 -0.003003 -0.001666 0.001536 0.03127 -0.01078 0.003499
1305031930.668930 -0.0003479 -0.002836 0.00106 0.03178 -0.005885 0.002948
1305031930.701010 -0.001419 -0.002301 -0.001651 0.03116 0.0006694 -0.001191
1305031930.733200 -0.004772 -0.006983 -0.001227 0.0292 0.003385 0.002553
1305031930.769070 -0.004017 -0.006683 -0.001306 0.02937 0.001743 0.006308
1305031930.801060 -0.004378 -0.004191 -0.002994 0.02586 0.0007782 0.002354
1305031930.833090 -0.006286 -0.004165 -0.002046 0.02088 -0.001536 0.002013
1305031930.869070 -0.003239 -0.006989 0.0005051 0.02179 -0.005602 0.004232
1305031930.900830 -0.001442 -0.005407 -0.0003013 0.02267 -0.006574 0.00239
1305031930.933330 -0.002363 -0.00512 -0.001184 0.0228 -0.005691 0.0001072
1305031930.969060 -0.00379 -0.007087 -0.001085 0.02302 -0.005734 -0.0002334
1305031931.000800 -0.003228 -0.006525 -0.00154 0.02689 -0.00689 0.0003596
1305031931.033020 -0.0037 -0.003187 -0.003344 0.02796 -0.00664 0.001247
1305031931.068910 -0.002225 -0.00566 -0.002769 0.02835 -0.008907 -0.0004335
1305031931.100820 -0.003623 -0.002003 -0.004554 0.02979 -0.009111 -0.004649
1305031931.133040 -0.006375 -0.004398 -0.003684 0.02629 -0.009812 -0.004769
1305031931.168900 -0.005764 -0.003765 -0.004916 0.027 -0.01601 -0.005128
1305031931.200700 -0.002924 -0.005125 -0.004416 0.02791 -0.02277 -0.006021
1305031931.233050 -0.001293 -0.001126 -0.006179 0.03145 -0.02706 -0.004617
1305031931.268950 -0.001569 -0.002807 -0.005088 0.02627 -0.02709 -0.007222
1305031931.300960 -0.001797 -0.0008068 -0.006528 0.02564 -0.02861 -0.008088
1305031931.332990 -0.0002237 -0.0004658 -0.005493 0.02059 -0.03207 -0.009884
1305031931.369800 0.002922 0.0002729 -0.003543 0.01941 -0.03132 -0.01509
1305031931.401340 0.001494 -0.0003112 -0.005497 0.01753 -0.02568 -0.01781
1305031931.432890 0.002101 0.0007944 -0.006452 0.01533 -0.02426 -0.01734
1305031931.469080 0.003241 0.001195 -0.006855 0.01054 -0.02216 -0.01671
1305031931.500850 0.002014 -0.002739 -0.005262 0.008638 -0.02004 -0.01666
1305031931.532870 0.004752 0.001363 -0.007295 0.01361 -0.02053 -0.01885
1305031931.569730 0.008071 0.00706 -0.007012 0.008654 -0.01876 -0.02197
1305031931.601200 0.006069 -0.0009075 -0.005184 0.0008934 -0.01414 -0.01678
1305031931.633000 0.006817 0.001574 -0.006402 0.004135 -0.01259 -0.01106
1305031931.669060 0.005795 0.0008001 -0.005972 0.0001548 -0.01138 -0.006427
1305031931.701060 0.008508 -0.001967 -0.005012 4.13e-05 -0.0149 -0.006312
1305031931.732990 0.0101 0.0003711 -0.005678 0.002599 -0.01267 -0.00586
1305031931.768910 0.009102 -0.002991 -0.00543 0.005072 -0.009293 -0.002025
1305031931.800960 0.009277 -0.0002259 -0.007088 0.008621 -0.006063 -0.007899
1305031931.832930 0.007292 -0.004404 -0.006507 0.007057 -0.003802 -0.01476
1305031931.868990 0.008506 -0.0007092 -0.00747 0.01525 -0.004548 -0.01991
1305031931.900960 0.005206 0.0009047 -0.00955 0.01067 -0.0002375 -0.01458
1305031931.932910 0.007723 0.0002733 -0.00635 0.00227 -0.002703 -0.01418
1305031931.968900 0.006074 -0.00186 -0.007743 0.002679 0.000645 -0.01182
1305031932.000830 0.004502 -0.001053 -0.007491 -0.001016 -0.0009626 -0.01251
1305031932.032910 0.00772 0.001113 -0.005884 4.515e-05 -0.003976 -0.01642
1305031932.068920 0.005459 -0.001599 -0.006869 -0.002708 -0.0008577 -0.01102
1305031932.101290 0.008519 0.0009871 -0.004697 0.004809 -0.00454 -0.01196
1305031932.132900 0.01051 0.006162 -0.005437 0.006403 0.005637 -0.01357
1305031932.169080 0.006253 0.0008729 -0.006048 0.002773 0.01515 -0.001252
1305031932.200950 0.005771 0.00476 -0.007621 0.005513 0.01715 0.004126
1305031932.232820 0.005892 0.00367 -0.006786 0.001677 0.01892 0.008552
1305031932.268820 0.003886 0.004525 -0.009373 0.0009334 0.02058 0.0101
1305031932.300950 0.002319 0.003785 -0.008786 -0.005008 0.01774 0.01048
1305031932.333180 0.002078 0.004073 -0.00936 -0.004371 0.01279 0.006933
1305031932.368840 0.003864 0.006209 -0.008405 -0.00687 0.01498 0.007789
1305031932.401680 0.004044 0.004863 -0.006971 -0.009068 0.01732 0.008168
1305031932.432990 0.004405 0.004611 -0.00701 -0.005842 0.01813 0.006135
1305031932.469020 0.003305 0.005831 -0.008455 -0.003411 0.02077 0.006602
1305031932.500890 0.00253 0.005109 -0.007856 -0.004191 0.02086 0.01044
1305031932.532960 0.002191 0.005955 -0.009012 -0.004205 0.02042 0.01026
1305031932.568970 0.001881 0.004926 -0.007028 -0.007865 0.02167 0.01265
1305031932.600960 0.004024 0.005267 -0.006868 -0.006928 0.02342 0.01829
1305031932.632930 -0.001159 0.004167 -0.008924 -0.009043 0.02918 0.0196
1305031932.669240 0.001343 0.004671 -0.006799 -0.009549 0.02558 0.01778
1305031932.700810 0.000146 0.007018 -0.009065 -0.008984 0.0266 0.01941
1305031932.732850 0.0006454 0.004838 -0.006198 -0.01235 0.02335 0.01924
1305031932.768760 0.004974 0.009242 -0.00702 -0.01105 0.02096 0.01516
1305031932.800820 0.001818 0.006524 -0.005898 -0.01659 0.02481 0.014
1305031932.832890 -0.001136 0.004171 -0.006012 -0.01657 0.02228 0.01494
1305031932.869020 0.001379 0.009581 -0.008777 -0.01641 0.01669 0.01488
1305031932.901210 0.002423 0.005689 -0.005401 -0.02427 0.01449 0.01294
1305031932.932930 0.001865 -4.094e-05 -0.001373 -0.01913 0.01561 0.009018
1305031932.968790 -0.001845 0.006176 -0.007846 -0.008073 0.01537 0.01314
1305031933.001960 -0.001312 0.008552 -0.009569 -0.01249 0.006261 0.01288
1305031933.033050 0.0006021 0.004127 -0.006348 -0.0157 -0.001261 0.007707
1305031933.068880 0.0007731 0.0006603 -0.004291 -0.00851 -0.005198 0.004327
1305031933.100910 -0.002368 0.008469 -0.0117 -0.002942 -0.00792 -0.003231
1305031933.132910 -0.004371 0.003537 -0.005853 -0.01443 -0.0169 -0.006128
1305031933.169450 0.0006275 -0.0003917 -0.00258 -0.01059 -0.02515 -0.008872
1305031933.200950 0.001736 0.0004129 -0.005071 -0.008009 -0.02504 -0.008678
1305031933.233370 0.003358 0.0003324 -0.003573 -0.007074 -0.0216 -0.00585
1305031933.269080 -3.811e-06 0.001309 -0.004547 -0.007749 -0.01585 -0.003466
1305031933.300870 -7.164e-05 -0.00452 -0.0001156 -0.009613 -0.01604 -0.006013
1305031933.332880 -0.001554 -0.002284 -0.001198 -0.001591 -0.01369 -0.009635
1305031933.368980 -0.001722 0.001935 -0.003332 0.0003411 -0.01365 -0.008334
1305031933.400930 -0.001024 -0.005225 -0.0002523 -0.004805 -0.0137 -0.01068
1305031933.432910 -0.002594 -0.001503 -0.0008572 0.00475 -0.01225 -0.01122
1305031933.469490 -0.002694 0.001588 -0.00221 0.003216 -0.01355 -0.01099
1305031933.500810 -0.003994 -0.002087 -0.0002779 -0.002155 -0.0143 -0.0108
1305031933.533070 -0.004304 -0.00106 -0.0007297 0.000723 -0.01718 -0.008685
1305031933.568860 -0.002186 -0.001218 -0.0004469 -0.001095 -0.02098 -0.01258
1305031933.600900 -0.004647 -0.002164 -0.0003925 -0.002839 -0.02234 -0.016
1305031933.632950 -0.005564 -0.002699 0.0002441 -0.002275 -0.02674 -0.01618
1305031933.669110 -0.003959 -0.003918 0.002423 -0.001815 -0.03097 -0.01884
1305031933.700930 -0.004079 -0.003284 0.001787 -0.0004651 -0.03172 -0.01957
1305031933.732900 -0.003456 -0.00392 0.003368 0.0006918 -0.03042 -0.02015
1305031933.768930 -0.005613 -0.002555 0.001036 0.001239 -0.02764 -0.01783
1305031933.800880 -0.006167 -0.004001 0.003337 -0.0008743 -0.02705 -0.01398
1305031933.833130 -0.004773 -0.006792 0.006284 0.001159 -0.02756 -0.01153
1305031933.868860 -0.0042 -0.004055 0.003073 0.005699 -0.02506 -0.01109
1305031933.900940 -0.004316 -0.004368 0.003701 0.006106 -0.02212 -0.008509
1305031933.932930 -0.005409 -0.004264 0.004421 0.006021 -0.01968 -0.00717
1305031933.968840 -0.00306 -0.005 0.004798 0.007393 -0.0188 -0.006576
1305031934.000840 -0.004925 -0.004906 0.004143 0.007859 -0.01323 -0.004222
1305031934.033000 -0.007634 -0.005674 0.003896 0.007697 -0.01186 -0.002208
1305031934.068950 -0.007865 -0.006206 0.004339 0.006245 -0.01327 -0.00151
1305031934.100920 -0.008696 -0.007273 0.004187 0.006379 -0.01499 -0.002666
1305031934.132850 -0.009005 -0.005305 0.004523 0.007759 -0.01693 -0.005112
1305031934.169180 -0.008395 -0.005139 0.00606 0.00525 -0.01634 -0.003073
1305031934.200810 -0.009763 -0.006516 0.005416 0.006203 -0.01562 -0.002326
1305031934.232870 -0.009254 -0.003485 0.005865 0.007646 -0.01602 -0.006462
1305031934.269300 -0.008147 -0.001617 0.007302 0.006201 -0.01237 -0.00652
1305031934.300930 -0.008465 -0.0047 0.008507 0.006642 -0.008907 -0.002296
1305031934.336870 -0.009921 -0.0006343 0.005434 0.0123 -0.004248 -0.001391
1305031934.368910 -0.009558 -0.0003151 0.006555 0.006781 -0.000854 0.001968
1305031934.400930 -0.0109 -0.00192 0.006026 0.005624 0.002757 0.006141
1305031934.436870 -0.01211 0.000417 0.00461 0.00331 0.005116 0.01017
1305031934.469290 -0.01279 -0.002254 0.005742 -0.005259 0.005092 0.01895
1305031934.501240 -0.01524 -0.004971 0.005184 -0.003329 0.0006621 0.02231
1305031934.536880 -0.01416 0.001533 0.004526 0.0004403 -0.002552 0.01352
1305031934.569100 -0.01349 -0.001292 0.006209 -0.005888 -0.001956 0.00796
1305031934.600850 -0.0123 -0.00149 0.007891 -0.002614 -0.00217 0.006865
1305031934.637030 -0.01343 0.002552 0.005318 0.002754 0.004785 0.006933
1305031934.668980 -0.01553 -0.001711 0.003887 -0.008329 0.007169 0.01316
1305031934.700950 -0.01398 -0.002758 0.006247 -0.006376 0.002089 0.01341
1305031934.736900 -0.01484 0.00105 0.005403 -0.002558 0.006365 0.01201
1305031934.769120 -0.01504 -0.001741 0.005008 -0.00723 0.008226 0.0165
1305031934.801630 -0.01543 -0.001046 0.005169 -0.004253 0.006458 0.01436
1305031934.836770 -0.01603 0.0009119 0.005629 -0.004638 0.008312 0.01246
1305031934.869120 -0.01587 -0.00106 0.006467 -0.008658 0.008655 0.01706
1305031934.901010 -0.01683 0.0007373 0.005999 -0.005981 0.01162 0.01618
1305031934.937230 -0.01755 -0.0002223 0.004537 -0.01251 0.01238 0.01794
1305031934.969080 -0.01782 0.0008429 0.006104 -0.01529 0.009292 0.01974
1305031935.001270 -0.01634 -0.00144 0.00733 -0.01864 0.008032 0.01924
1305031935.036850 -0.01681 0.002061 0.006532 -0.01379 0.008059 0.01027
1305031935.069720 -0.01596 0.001096 0.0066 -0.01618 0.0107 0.006052
1305031935.100910 -0.0163 -0.001197 0.006126 -0.01204 0.008373 0.006066
1305031935.136850 -0.01622 0.002636 0.003697 -0.004668 0.003522 0.004553
1305031935.169280 -0.01432 0.004581 0.003708 -0.006734 0.004088 0.001838
1305031935.200950 -0.01377 0.0007087 0.004867 -0.008114 0.006005 -0.003651
1305031935.237100 -0.01353 0.00206 0.003373 -0.002561 0.008788 -0.007167
1305031935.268970 -0.01461 0.003749 0.001372 -0.001059 0.009878 -0.005995
1305031935.300810 -0.01589 0.001001 0.001629 -0.002714 0.004528 -0.003361
1305031935.336810 -0.01441 0.005633 0.001234 -0.000425 -0.003016 -0.007388
1305031935.368830 -0.01409 0.002528 0.002734 -0.001474 -0.006025 -0.01322
1305031935.400850 -0.01264 0.005529 0.0002206 0.0008062 -0.009842 -0.01868
1305031935.436890 -0.01129 0.005776 0.0001684 0.0001372 -0.009671 -0.02134
1305031935.468890 -0.01249 0.007523 -0.0008651 -0.0008101 -0.007013 -0.01911
1305031935.500860 -0.0125 0.01014 -0.001372 -0.006688 -0.008907 -0.01573
1305031935.536900 -0.01154 0.00776 -5.759e-06 -0.0123 -0.008435 -0.01652
1305031935.568780 -0.01313 0.0103 0.0005297 -0.01463 -0.009813 -0.01504
1305031935.600960 -0.01298 0.01133 -0.0001018 -0.01971 -0.01757 -0.01359
1305031935.636920 -0.01234 0.01206 -0.0009915 -0.02615 -0.02163 -0.01164
1305031935.669100 -0.01289 0.009452 0.001564 -0.03274 -0.02698 -0.007133
1305031935.700950 -0.01349 0.01072 0.002496 -0.03224 -0.03233 0.0008068
1305031935.736900 -0.01415 0.01182 0.001887 -0.03384 -0.03998 0.003804
1305031935.768970 -0.01139 0.007413 0.001401 -0.03382 -0.04549 0.003614
1305031935.801180 -0.01115 0.00497 -0.002314 -0.02739 -0.04091 -0.001207
1305031935.836880 -0.009677 0.005869 -0.006009 -0.02255 -0.03255 -0.003279
1305031935.869030 -0.00824 0.005592 -0.004107 -0.01989 -0.02744 -0.003695
1305031935.901140 -0.008151 0.008427 -0.005168 -0.01734 -0.02284 -0.003542
1305031935.936830 -0.009064 0.01147 -0.00615 -0.01939 -0.01858 0.001791
1305031935.969110 -0.006169 0.008288 -0.003781 -0.02144 -0.01536 0.006673
1305031936.000820 -0.005791 0.006239 -0.003497 -0.02199 -0.01426 0.00738
1305031936.036960 -0.003931 0.001514 -0.00236 -0.0226 -0.01547 0.006577
1305031936.068810 -0.001327 0.0007585 0.0004883 -0.01903 -0.01725 0.003365
1305031936.100720 -0.005707 0.002722 -0.005124 -0.01681 -0.01795 -9.415e-05
1305031936.137490 -0.0008644 0.00103 0.0007937 -0.01613 -0.01922 -0.003619
1305031936.168900 -0.0031 0.001681 -0.002868 -0.00905 -0.01518 -0.006112
1305031936.200870 -0.006853 0.006298 -0.009579 -0.01036 -0.01465 -0.007759
1305031936.237550 -0.005305 0.003815 -0.003989 -0.01533 -0.01459 -0.006793
1305031936.268980 -0.0046 0.0008011 -0.001326 -0.01461 -0.01539 -0.007565
1305031936.300820 -0.004206 0.004776 -0.003811 -0.01283 -0.01468 -0.01586
1305031936.336860 -0.004721 0.003231 -0.002599 -0.01416 -0.0115 -0.02157
1305031936.368930 -0.007224 0.000703 -0.002352 -0.01274 -0.009941 -0.0193
1305031936.400840 -0.008135 0.001534 -0.004537 -0.01152 -0.01239 -0.0165
1305031936.436780 -0.008047 0.003651 -0.005636 -0.00948 -0.01012 -0.01248
1305031936.468790 -0.006797 0.002907 -0.005711 -0.009574 -0.008801 -0.01114
1305031936.500750 -0.007756 0.001756 -0.004956 -0.01114 -0.006318 -0.01128
1305031936.536850 -0.004507 0.001429 -0.003486 -0.009057 -0.005099 -0.006535
1305031936.569450 -0.00265 0.002555 -0.004459 -0.006586 -0.002067 -0.009735
1305031936.600820 -0.005806 -0.001406 -0.004629 -0.007035 0.001392 -0.01113
1305031936.636880 -0.009219 -0.004643 -0.005424 -0.004832 0.001614 -0.004044
1305031936.668890 -0.01408 -0.003421 -0.01094 -0.004736 -0.00251 0.0004002
1305031936.700880 -0.003874 -0.001125 -0.004372 -0.006507 -0.01019 -0.004479
1305031936.737500 0.001855 -0.002663 0.001856 0.001823 -0.005895 -0.006628
1305031936.768830 -0.01229 -0.003197 -0.01169 0.00721 0.002112 -0.0001078
1305031936.800860 -0.001104 -0.001232 -0.002668 0.009334 -0.002457 -0.007554
1305031936.836840 -0.007104 -0.002807 -0.005036 0.01622 0.004983 -0.009652
1305031936.868890 -0.01043 -0.003196 -0.009106 0.02378 0.007803 -0.002596
1305031936.900830 -0.0113 -0.001025 -0.01008 0.02674 0.01184 -0.004253
1305031936.936910 -0.01111 -0.007016 -0.009827 0.02853 0.01139 0.005954
1305031936.968820 -0.007085 -0.002492 -0.01003 0.03374 0.007178 0.003169
1305031937.001120 -0.01472 0.001733 -0.01285 0.02948 0.0119 -0.002243
1305031937.036870 -0.00944 0.002125 -0.006771 0.03015 0.01531 0.0002042
1305031937.068760 -0.01029 0.000691 -0.009869 0.03467 0.02022 -0.003695
1305031937.100720 -0.01002 -0.001157 -0.01104 0.02725 0.01803 0.002158
1305031937.136840 -0.007735 -0.004969 -0.006995 0.02499 0.0116 0.002066
1305031937.168860 -0.0166 -0.001687 -0.01345 0.02991 0.01215 -0.002782
1305031937.200810 -0.01165 0.0004981 -0.009976 0.03099 0.01213 -0.004417
1305031937.236890 -0.008477 -0.004686 -0.008607 0.03066 0.0135 -0.005767
1305031937.268820 -0.009911 -0.008558 -0.01103 0.0305 0.01016 -0.002943
1305031937.300780 -0.01034 -0.001736 -0.009027 0.03141 0.0101 -0.008921
1305031937.336860 -0.008909 -0.01175 -0.0111 0.02648 0.008476 -0.001483
1305031937.368730 -0.009333 -0.01663 -0.01219 0.0201 -0.0007041 0.001166
1305031937.400800 -0.006508 -0.003657 -0.006245 0.02417 -0.003457 -0.00476
1305031937.438210 -0.006499 -0.0003939 -0.0063 0.02809 0.001516 -0.001946
1305031937.468820 -0.006876 -0.005602 -0.007905 0.0259 0.004081 0.002027
1305031937.500800 -0.005042 -0.007809 -0.007635 0.02906 0.001631 0.005463
1305031937.536930 -0.005564 -0.007815 -0.009067 0.03231 0.000556 0.002276
1305031937.568830 -0.006099 -0.006897 -0.009041 0.03259 0.001434 -0.003179
1305031937.600750 -0.005404 -0.01557 -0.009936 0.02728 -0.001575 0.0039
1305031937.636890 -0.004085 -0.0124 -0.008908 0.02403 -0.006983 0.002052
1305031937.668800 -0.00571 -0.01098 -0.008842 0.02702 -0.007666 -0.001374
1305031937.700840 -0.007147 -0.01281 -0.01015 0.01925 -0.009257 -0.000229
1305031937.736900 -0.006238 -0.002126 -0.007109 0.02295 -0.007235 -0.004268
1305031937.768920 -0.006216 -0.01429 -0.009748 0.01399 -0.00811 0.003063
1305031937.800830 -0.005643 -0.01146 -0.008801 0.007953 -0.01261 0.002883
1305031937.836880 -0.001554 0.001225 -0.002872 0.01707 -0.01432 -0.004775
1305031937.868810 -0.003831 -0.008443 -0.008136 0.01183 -0.01529 -0.004441
1305031937.900820 -0.004042 -0.006105 -0.006731 0.0105 -0.01837 -0.008154
1305031937.936960 -0.001442 -0.002109 -0.004285 0.01617 -0.02328 -0.01197
1305031937.968830 -0.006844 -0.004792 -0.01045 0.01147 -0.02286 -0.01305
1305031938.000820 -0.004448 0.0008255 -0.005189 0.013 -0.02327 -0.01314
1305031938.036950 -0.007483 -0.003368 -0.01164 0.01028 -0.02246 -0.01244
1305031938.068760 -0.005608 -0.001174 -0.005887 0.00581 -0.023 -0.01315
1305031938.100740 -0.002002 0.000617 -0.0009765 0.01135 -0.02386 -0.01271
1305031938.136890 -0.003109 -0.002146 -0.005783 0.01215 -0.02603 -0.01846
1305031938.168910 -0.004194 0.005355 -0.001858 0.01867 -0.02127 -0.02599
1305031938.200880 -0.007226 -0.000165 -0.009993 0.01784 -0.01572 -0.02165
1305031938.236880 -0.006965 -0.005619 -0.0112 0.009646 -0.0192 -0.01933
1305031938.268810 -0.00869 -0.0006261 -0.01057 0.007206 -0.02048 -0.02296
1305031938.300840 -0.009773 -0.001092 -0.007558 0.0004784 -0.02192 -0.01764
1305031938.336900 -0.00299 0.002317 -0.004423 0.001297 -0.02535 -0.01437
1305031938.368910 -0.005154 0.003513 -0.005296 0.001305 -0.02117 -0.01455
1305031938.400840 -0.004629 0.0003271 -0.004251 -0.003093 -0.02236 -0.01104
1305031938.436890 -0.002664 0.002604 -0.006576 -0.006402 -0.0247 -0.01414
1305031938.468780 -0.005394 0.005125 0.0001683 -0.006704 -0.02082 -0.01256
1305031938.501290 -0.004841 0.002779 -0.002354 -0.006304 -0.01828 -0.007326
1305031938.537030 -0.001556 0.002914 -0.003962 -0.01459 -0.02158 -0.006803
1305031938.569000 -0.006 0.004127 0.002911 -0.01886 -0.02037 -0.001417
1305031938.601010 -0.001758 0.00353 0.0003029 -0.01705 -0.02094 -0.001647
1305031938.637300 -0.003823 -0.001439 -0.001495 -0.02646 -0.0199 -0.003091
1305031938.668750 -0.005411 0.006658 0.002153 -0.02394 -0.0167 -0.002588
1305031938.700850 -0.003258 -0.003678 0.002824 -0.03118 -0.01713 0.0008319
1305031938.736860 -0.001961 -0.00826 0.003436 -0.04201 -0.021 0.0007544
1305031938.769070 -0.002191 0.008418 0.005736 -0.02783 -0.02073 0.00159
1305031938.800780 -0.001213 -0.005254 0.007378 -0.04205 -0.02221 0.002711
1305031938.836750 -0.002579 -0.002683 0.008026 -0.04021 -0.02218 0.001883
1305031938.869060 -0.001745 0.002864 0.00861 -0.03711 -0.02259 0.003906
1305031938.900980 -0.003101 0.0066 0.008461 -0.03638 -0.02453 0.002719
1305031938.936830 -0.004196 0.006676 0.006143 -0.03408 -0.02078 -0.005318
1305031938.969030 -0.006354 0.01244 0.006924 -0.02954 -0.0145 -0.007372
1305031939.001030 -0.00606 0.01085 0.007437 -0.02612 -0.01033 -0.007099
1305031939.037090 -0.003253 0.008405 0.0073 -0.02377 -0.01001 -0.003575
1305031939.069380 -0.004821 0.007799 0.006904 -0.02519 -0.008158 -0.006144
1305031939.101370 -0.002459 0.004544 0.007032 -0.02767 -0.008232 -0.01043
1305031939.137140 -0.004495 0.005064 0.006733 -0.03007 -0.007554 -0.005634
1305031939.168820 -0.005156 0.00719 0.007291 -0.03235 -0.004834 -0.005107
1305031939.200870 -0.00287 0.006047 0.007082 -0.03191 -0.005983 -0.005451
1305031939.237170 -0.003854 0.00803 0.006665 -0.0323 -0.005788 -0.006653
1305031939.268820 -0.002672 0.00437 0.006584 -0.03467 -0.006414 -0.001513
1305031939.300840 -0.001881 0.008696 0.006012 -0.03548 -0.009183 -0.0007067
1305031939.336730 -0.001031 0.0004474 0.005413 -0.04491 -0.01102 -0.002159
1305031939.368970 -0.00213 0.007781 0.006311 -0.04756 -0.009854 -0.001749
1305031939.400850 -9.671e-05 -0.001987 0.005901 -0.0479 -0.008543 -0.003835
1305031939.436850 -0.002178 0.005889 0.00595 -0.03258 -0.003071 -0.004938
1305031939.468850 -0.002254 -2.628e-05 0.005719 -0.03117 -0.0009899 -0.004213
1305031939.500840 -0.001782 0.005994 0.004914 -0.02213 0.001174 -0.005621
1305031939.536760 -0.001917 0.01012 0.005674 -0.01652 -0.002614 -0.0029
1305031939.568770 -0.002119 0.004236 0.00562 -0.01929 -0.007045 -0.003735
1305031939.600840 -0.002196 0.005074 0.005607 -0.01483 -0.006726 -0.004766
1305031939.636790 -0.003906 0.003404 0.005707 -0.01211 -0.006 -0.005638
1305031939.668870 -0.005112 0.002342 0.006043 -0.008348 -0.003828 -0.008881
1305031939.700830 -0.005557 0.003325 0.005729 -0.0009137 -0.004996 -0.008193
1305031939.736750 -0.003982 0.004252 0.001984 0.001259 -0.01078 -0.008744
1305031939.768920 -0.006602 0.00288 0.004446 0.0007706 -0.0107 -0.008519
1305031939.803670 -0.005686 0.004296 0.004515 0.004913 -0.0166 -0.006039
1305031939.837150 -0.001088 -0.0009561 0.0005178 0.003307 -0.02625 -0.008356
1305031939.869220 -0.006672 9.879e-05 0.0008304 0.00377 -0.02451 -0.008533
1305031939.903630 -0.006869 -0.00121 0.003384 0.005658 -0.02472 -0.008035
1305031939.937190 -0.0104 -0.00186 0.004892 0.01392 -0.02228 -0.008501
1305031939.968900 -0.007218 -0.0014 -0.00133 0.02223 -0.02515 -0.003977
1305031940.005580 -0.001334 0.000663 -0.006671 0.02511 -0.03192 -0.003452
1305031940.037090 -0.0006685 0.001069 -0.007413 0.02232 -0.03372 -0.002352
1305031940.068780 0.0001106 0.0003205 -0.01236 0.01679 -0.03548 0.00336
1305031940.104270 0.0003984 -0.0005559 -0.01101 0.006537 -0.03611 0.004338
1305031940.136750 0.001974 -0.002022 -0.008374 0.002787 -0.03413 0.001405
1305031940.168740 0.00251 -0.003981 -0.009453 -0.0003804 -0.03106 -0.002042
1305031940.200830 0.0006368 -0.006777 -0.00689 -0.0004593 -0.02394 -0.008187
1305031940.236740 0.0007665 -0.0009462 -0.008311 0.007135 -0.02039 -0.009753
1305031940.269040 0.001776 0.001418 -0.008621 0.01082 -0.02456 -0.01016
1305031940.301150 0.003473 0.003611 -0.01028 0.01232 -0.03082 -0.01198
1305031940.336730 0.0002473 0.0003726 -0.005903 0.01012 -0.03582 -0.009101
1305031940.369240 -0.0006338 -0.003602 -0.005141 0.01862 -0.04017 -0.01277
1305031940.403670 0.005391 -0.0038 -0.01142 0.02061 -0.04444 -0.01779
1305031940.436760 0.005627 -0.004824 -0.009959 0.01784 -0.04247 -0.01984
1305031940.468750 0.004059 -0.006999 -0.008926 0.01692 -0.03705 -0.01969
1305031940.503800 0.01057 -0.005523 -0.02052 0.01266 -0.0354 -0.01515
1305031940.536720 0.003208 -0.008972 -0.009183 0.007133 -0.02654 -0.01398
1305031940.568760 0.002808 -0.006616 -0.008477 0.01039 -0.02257 -0.01037
1305031940.603360 0.008474 -0.001115 -0.01616 0.009392 -0.02472 -0.002563
1305031940.636760 0.001995 -0.001414 -0.008709 0.001582 -0.02632 -0.005323
1305031940.668760 -0.0009237 -0.005763 -0.004597 0.003076 -0.02513 -0.00749
1305031940.703220 0.003186 -0.001854 -0.009727 0.00633 -0.02417 0.002615
1305031940.736950 0.002221 -0.003717 -0.008768 0.004174 -0.02308 -0.001176
1305031940.768770 0.0009364 -0.002914 -0.007722 0.00654 -0.0202 -0.003396
1305031940.803050 0.0009089 -0.00326 -0.008674 0.009579 -0.01937 -0.0009588
1305031940.836760 0.003062 -0.002284 -0.01078 0.009927 -0.01813 0.0006761
1305031940.869690 0.0006802 -0.003479 -0.00973 0.01291 -0.01511 0.003877
1305031940.903310 0.001669 -0.003321 -0.01259 0.01674 -0.01636 0.00679
1305031940.937030 0.003079 -0.002509 -0.01399 0.01591 -0.01679 0.005541
1305031940.968760 0.002072 -0.002343 -0.01438 0.01577 -0.01644 0.004818
1305031941.003160 0.001263 -0.002899 -0.01763 0.01342 -0.01509 0.00417
1305031941.036780 0.003314 -0.0006445 -0.01551 0.0106 -0.01302 0.006975
1305031941.071060 0.003896 -0.002989 -0.01642 0.00962 -0.01047 0.004275
1305031941.103420 0.002531 -0.000477 -0.01773 0.01037 -0.008971 0.003757
1305031941.136770 0.002697 -0.0004121 -0.01688 0.009425 -0.01165 0.001434
1305031941.171140 0.002686 -6.858e-05 -0.01896 0.008807 -0.01292 -0.006849
1305031941.203510 -0.000507 0.004077 -0.02057 0.005507 -0.0125 -0.007236
1305031941.236710 0.003747 0.001113 -0.01644 0.003786 -0.01841 -0.006365
1305031941.271130 0.00362 0.001738 -0.01799 0.004344 -0.0187 -0.009926
1305031941.303360 0.0005046 0.003949 -0.02018 0.002622 -0.01894 -0.01092
1305031941.336730 0.006822 0.003776 -0.01346 0.00234 -0.02422 -0.01621
1305031941.371610 0.008597 0.002105 -0.01161 0.005371 -0.01923 -0.02168
1305031941.403850 0.005459 0.002451 -0.01497 0.01015 -0.01191 -0.02536
1305031941.436800 0.003214 0.006993 -0.01764 0.01308 -0.009357 -0.03348
1305031941.469610 0.00386 0.004209 -0.0146 0.006959 -0.005677 -0.03842
1305031941.501460 0.002676 -0.0004941 -0.01596 0.006044 -0.00605 -0.0256
1305031941.537220 -0.001156 0.004507 -0.02025 0.00623 -0.01199 -0.01355
1305031941.570290 0.00288 0.00296 -0.01401 0.002025 -0.02303 -0.01163
1305031941.603050 0.005989 0.0001656 -0.009473 0.004659 -0.02886 -0.01243
1305031941.636820 0.007248 0.002461 -0.01036 0.01158 -0.02841 -0.01027
1305031941.671550 0.005191 0.005325 -0.01665 0.01192 -0.02517 -0.01599
1305031941.703760 0.006094 0.00445 -0.01376 0.000791 -0.02202 -0.01313
1305031941.736870 0.009089 -0.001448 -0.007172 -0.002384 -0.02068 -0.003945
1305031941.768820 0.01006 0.001418 -0.01043 0.003401 -0.01875 -0.0008071
1305031941.800820 0.009582 0.00248 -0.01261 0.0007102 -0.01505 0.00373
1305031941.836850 0.01204 0.002339 -0.01135 -0.003756 -0.01469 0.003061
1305031941.871810 0.01179 -0.0001063 -0.01081 -0.005535 -0.01154 0.001358
1305031941.902980 0.01163 0.004444 -0.01378 -0.009518 -0.01033 -0.0004398
1305031941.936760 0.01365 -0.002379 -0.006811 -0.01545 -0.011 -0.0003684
1305031941.971060 0.01179 -5.199e-05 -0.011 -0.01281 -0.009397 -0.004436
1305031942.003140 0.01496 -0.002304 -0.005251 -0.01507 -0.01048 -0.003896
1305031942.036730 0.01583 0.001776 -0.009425 -0.009762 -0.004513 -0.002704
1305031942.071080 0.01458 -0.00708 -0.001627 -0.01372 0.002121 0.0004394
1305031942.100690 0.0114 -0.01084 -0.004669 0.006534 0.0005735 0.00439
1305031942.136760 0.009021 -0.0005108 -0.01646 0.01556 -0.001301 0.005678
1305031942.170750 0.01168 -0.002402 -0.008959 0.002097 -0.005378 0.006766
1305031942.203110 0.01147 -0.007641 -0.005551 0.007351 -0.005867 0.003773
1305031942.238990 0.007597 -0.0001192 -0.01552 0.01055 -0.005497 0.005306
1305031942.271110 0.01315 -0.005005 -0.001957 0.006749 -0.01058 -0.001018
1305031942.303260 0.006822 -0.005341 -0.01062 0.01929 -0.00331 -0.00389
1305031942.337050 0.007573 -0.001483 -0.01085 0.01463 -0.001611 -0.004388
1305031942.370760 0.007028 -0.004188 -0.007616 0.01654 0.001106 -0.006358
1305031942.402940 0.003073 -0.001909 -0.0144 0.01472 0.007515 0.001779
1305031942.439260 0.002526 0.004002 -0.02008 0.006469 0.00808 0.006904
1305031942.471960 0.004727 0.0004488 -0.008385 -0.005991 0.001507 0.004095
1305031942.503550 0.007117 -0.0008286 -0.004085 0.0001817 -0.001011 -0.001978
1305031942.539450 0.003064 0.004156 -0.01356 0.0004199 0.006123 -0.0009499
1305031942.571870 0.005164 0.0006262 -0.005494 -0.005503 0.007415 0.003401
1305031942.601450 0.003649 0.0007831 -0.008574 -0.002258 0.009408 0.002912
1305031942.639940 0.003456 0.0004953 -0.006962 -0.00151 0.008115 0.005045
1305031942.669010 0.005956 -0.0004105 -0.003585 0.005006 0.008381 0.007458
1305031942.704020 -0.0003623 0.000637 -0.01369 0.007755 0.01294 0.01125
1305031942.739810 0.001696 0.001274 -0.009472 0.006801 0.005906 0.01097
1305031942.771710 -0.0009397 0.001804 -0.01317 0.006421 0.004643 0.002734
1305031942.801560 -0.002583 0.002821 -0.01215 0.001588 0.001948 0.00595
1305031942.841040 0.004805 0.003707 -0.006746 0.004382 -0.001954 0.003528
1305031942.868830 0.002015 0.003795 -0.01113 0.003305 0.006809 0.002843
1305031942.903960 0.002499 0.0037 -0.006102 0.004356 0.00702 0.004026
1305031942.936820 -0.002652 0.0009677 -0.01262 0.002735 0.009472 0.0032
1305031942.970940 -0.003246 0.004001 -0.008638 -0.0008951 0.003681 0.006045
1305031943.001100 0.001363 0.002755 -0.008036 -0.001036 0.0005276 0.003132
1305031943.039960 -0.0008192 0.004285 -0.006716 -0.005679 0.008748 0.00834
1305031943.071740 0.001639 0.003174 -0.002839 -0.001872 0.007022 0.008025
1305031943.104180 -0.002001 0.003247 -0.009048 0.001242 0.00637 0.004152
1305031943.139520 -0.00527 0.006495 -0.008007 -0.001335 0.004799 -0.001117
1305031943.171910 -0.003095 0.004271 -0.006271 -0.002903 0.0018 -0.004604
1305031943.201560 -0.005688 0.002867 -0.007201 -0.005109 0.002631 -0.00238
1305031943.240000 -0.002862 0.003384 -0.004787 -0.006945 -0.001109 -0.001271
1305031943.271810 -0.002736 0.003612 -0.006751 -0.007858 -0.0009537 -0.004248
1305031943.303970 -0.004246 -0.001333 -0.005779 -0.01932 0.001958 -0.001909
1305031943.339940 -0.003983 0.001446 -0.00334 -0.02231 0.0018 0.001066
1305031943.371770 -0.002659 0.002602 -0.002162 -0.02256 -0.0003654 -0.000733
1305031943.404250 -0.00443 0.002918 -0.002835 -0.02207 0.0009298 -0.00407
1305031943.440150 -0.004331 0.003697 -0.002134 -0.02499 0.0003754 -0.0002272
1305031943.471430 0.000194 0.003665 0.002082 -0.02167 -0.0049 0.004345
1305031943.501110 -0.003939 0.007344 -0.002209 -0.01323 -0.003363 -0.001238
1305031943.539530 -0.003639 0.006238 -0.000559 -0.01903 -0.00364 -6.784e-05
1305031943.570020 0.0008974 0.004015 0.00352 -0.01679 -0.00722 -0.001078
1305031943.607470 4.942e-05 0.004765 0.004028 -0.007212 -0.005818 -0.002013
1305031943.638030 -0.005341 0.006206 -0.001351 0.0001806 -0.004114 0.001079
1305031943.671500 -0.009362 0.006925 -0.004661 -0.0104 -0.003695 0.001322
1305031943.707250 -0.004408 0.006801 5.549e-05 -0.02475 -0.004117 0.003299
1305031943.739430 0.001874 0.002816 0.005133 -0.02731 -0.006619 0.006814
1305031943.771330 -0.002194 0.005993 0.001014 -0.01593 -0.001935 0.006884
1305031943.806820 -0.001266 0.004529 0.001683 -0.01607 1.417e-05 0.007778
1305031943.837750 -0.002348 0.005707 -0.0005337 -0.01238 0.001692 0.00639
1305031943.868870 -0.005547 0.007529 -0.002131 -0.01994 0.006607 0.008092
1305031943.907220 0.0006328 0.002144 0.002097 -0.02538 0.002872 0.006977
1305031943.936770 -0.004515 0.008603 -0.002603 -0.01972 0.00868 0.001306
1305031943.971280 -0.004547 0.004526 0.001887 -0.03279 0.005881 0.003736
1305031944.007760 -0.001553 0.001688 0.004277 -0.02221 -0.006205 0.001804
1305031944.040490 -0.006385 0.01113 -0.003424 -0.01778 -0.01088 -0.007345
1305031944.070890 -0.004058 0.004274 0.001776 -0.02612 -0.01749 -0.005067
1305031944.107390 0.001181 0.004118 0.002357 -0.02176 -0.0216 -0.008639
1305031944.139660 0.002464 0.001328 0.004596 -0.02094 -0.01737 -0.0113
1305031944.171370 -0.0009632 0.002607 0.003733 -0.01585 -0.01161 -0.009152
1305031944.207000 0.002654 -0.003774 0.005562 -0.01544 -0.01142 -0.007532
1305031944.239330 -0.002039 0.002671 0.003682 -0.006761 -0.006497 -0.007433
1305031944.270960 -0.004666 -0.002136 0.005005 -0.00794 -0.009144 -0.006814
1305031944.306930 -0.002749 0.003132 0.003961 -0.003614 -0.0142 -0.009336
1305031944.339310 -0.003722 -0.002035 0.005693 -0.006299 -0.01763 -0.008516
1305031944.370750 0.001789 -0.00205 0.006269 -0.003145 -0.02231 -0.01303
1305031944.406230 -0.00628 -0.002603 0.005341 -0.0008704 -0.01823 -0.01627
1305031944.438720 -0.01005 -0.0114 0.008542 0.0004978 -0.0239 -0.01756
1305031944.471300 -0.006286 0.00658 0.0006744 0.01311 -0.03225 -0.02267
1305031944.506950 -0.006729 0.002225 0.005355 0.002675 -0.03411 -0.01508
1305031944.539070 0.001452 -0.005071 0.009716 0.003934 -0.03702 -0.01052
1305031944.571530 -0.0002088 -0.001629 0.004732 0.009007 -0.0284 -0.01053
1305031944.607230 -0.002132 -6.457e-05 0.007607 0.01429 -0.02442 -0.007038
1305031944.639630 -0.004779 0.0004757 0.005617 0.01663 -0.02317 -0.004236
1305031944.671780 -0.00861 -0.001507 0.008318 0.0171 -0.02384 -0.0003651
1305031944.707770 -0.002501 0.0007291 0.00379 0.02446 -0.03362 -0.002059
1305031944.739940 -0.004204 0.006464 -0.003675 0.01759 -0.03249 -0.006891
1305031944.769060 -0.004868 -0.0008805 0.005975 0.006082 -0.03017 -0.002643
1305031944.807920 0.0008021 -2.375e-05 0.004645 0.01035 -0.02762 -0.00019
1305031944.839960 -0.0005704 -0.001923 0.004009 0.01298 -0.02002 -0.003304
1305031944.875720 -0.00499 0.00301 -0.0009849 0.01472 -0.01557 -0.007021
1305031944.904670 -0.005976 -0.0008325 0.001455 0.006852 -0.0156 -0.002659
1305031944.939700 -0.005512 3.194e-05 0.0001197 0.01094 -0.01786 0.0001456
1305031944.969080 -0.005077 0.009781 -0.006528 0.005803 -0.01778 -0.008155
1305031945.007440 -0.003933 0.01245 -0.004941 -0.01792 -0.01447 -0.01587
1305031945.039940 -0.002597 0.003114 0.00267 -0.04013 -0.01049 -0.01304
1305031945.069180 0.001422 -0.0002188 0.004722 -0.03721 -0.005399 -0.01347
1305031945.107520 -0.006989 0.007034 -0.000861 -0.03759 0.006354 -0.01072
1305031945.136770 -0.005755 0.000729 0.004096 -0.04729 0.004856 -0.002279
1305031945.168990 -0.003712 0.003859 0.002572 -0.03708 0.006012 -0.002597
1305031945.207110 -0.01123 0.001352 0.002606 -0.03663 0.008571 0.005763
1305031945.238860 -0.0099 -0.002433 0.002542 -0.02369 -0.002776 0.01338
1305031945.269070 -0.003791 0.002462 0.001679 -0.01184 -0.008536 0.008564
1305031945.306360 0.0003384 0.01033 -0.0009953 -0.01203 -0.004958 0.0006371
1305031945.338940 -0.004029 0.003743 0.0007678 -0.02423 0.003962 -0.005015
1305031945.369060 -0.004654 1.348e-05 0.001098 -0.01746 0.008532 -0.004812
1305031945.406660 -0.005538 0.008945 -0.000914 -0.01563 0.01253 -0.005817
1305031945.436820 -0.01023 0.006895 0.00131 -0.02837 0.01478 0.0004253
1305031945.469170 -0.01117 -0.003748 0.002244 -0.02486 0.008749 0.006762
1305031945.506440 -0.01063 0.001602 0.001462 -0.01029 0.00455 0.008336
1305031945.538420 -0.01108 0.01201 0.00207 -0.01228 -0.003278 0.009028
1305031945.569070 -0.01891 -0.00815 0.005782 -0.02015 -0.01083 0.002833
1305031945.606030 -0.01075 -0.006861 0.004035 -0.002743 -0.01463 -0.00235
1305031945.638300 -0.01256 -0.002983 -0.00231 0.002501 -0.006019 -0.001498
1305031945.669120 -0.01562 -0.00952 0.001238 0.004247 -0.002543 -0.001372
1305031945.706220 -0.01352 -0.004909 -0.0003746 0.01261 -0.003392 0.0008944
1305031945.738670 -0.01233 -5.997e-05 -0.0004869 0.01281 -0.007177 0.004708
1305031945.769050 -0.01745 -0.01116 0.00375 0.01438 -0.01083 -9.295e-05
1305031945.806240 -0.01145 -0.004875 0.001707 0.0257 -0.01125 -0.002077
1305031945.838270 -0.01347 -0.003559 0.002126 0.02652 -0.008737 0.001004
1305031945.869260 -0.01655 -0.01155 0.005159 0.03092 -0.009556 -0.005007
1305031945.909180 -0.01233 -0.006673 0.0004343 0.04188 -0.01165 -0.005715
1305031945.936810 -0.01076 -0.005024 -0.004228 0.03832 -0.01713 -0.003761
1305031945.969300 -0.01051 -0.006225 -0.0003649 0.0361 -0.02144 -0.003647
1305031946.005980 -0.009291 -0.006241 -0.0001836 0.03807 -0.02529 -0.004675
1305031946.037280 -0.006046 0.0001692 -0.003199 0.03894 -0.02619 -0.006596
1305031946.069060 -0.007834 0.0003086 -0.001944 0.02963 -0.02182 -0.008702
1305031946.107140 -0.006359 -0.001542 -0.0001785 0.02338 -0.02146 -0.008521
1305031946.137050 -0.005606 0.001994 -2.882e-05 0.01796 -0.01633 -0.002543
1305031946.168870 -0.006713 -0.005242 0.004724 0.009005 -0.01262 0.0001842
1305031946.207040 -0.004078 -0.00671 0.004838 0.01261 -0.01324 -0.00348
1305031946.237370 -0.00177 -0.004719 0.00499 0.01522 -0.009151 -0.003222
1305031946.268900 -0.0007351 -0.006138 0.006639 0.01529 -0.0003338 0.0006308
1305031946.306780 -0.001856 -0.0067 0.008204 0.01664 0.008833 0.006436
1305031946.337040 -0.005776 -0.005924 0.0104 0.01802 0.01259 0.006677
1305031946.369020 -0.004761 -0.007568 0.01198 0.016 0.007409 0.005551
1305031946.406520 -0.00206 -0.003839 0.01198 0.01671 0.005249 0.006201
1305031946.437150 -0.002756 -0.005327 0.01422 0.01033 0.006842 0.001205
1305031946.468960 -0.003546 -0.009309 0.01564 0.006044 0.007377 -0.001195
1305031946.506590 -0.005437 -0.008278 0.0152 0.007887 0.007106 -0.0003999
1305031946.537150 -0.005498 -0.005681 0.01533 0.006644 0.003145 -0.001488
1305031946.569240 -0.005661 -0.008801 0.01589 0.002229 -0.001258 -0.004082
1305031946.606470 -0.004778 -0.007935 0.0156 0.003948 -0.006491 -0.004803
1305031946.637160 -0.004152 -0.006777 0.01625 0.001337 -0.00967 -0.002903
1305031946.669090 -0.003687 -0.007717 0.01626 0.0009482 -0.01077 -0.000437
1305031946.706520 -0.0008515 -0.007239 0.0176 -0.0002707 -0.01331 0.003145
1305031946.737130 0.0001666 -0.01066 0.01745 0.001625 -0.00971 0.002887
1305031946.769060 -0.004793 -0.007682 0.01557 0.008153 -0.004936 0.002312
1305031946.806650 -0.002985 -0.005046 0.01492 0.009664 -0.008971 0.0003851
1305031946.837100 -0.001762 -0.004193 0.01525 0.008077 -0.007587 -0.001642
1305031946.869090 -0.0007131 -0.0016 0.01476 0.004324 -0.004389 0.001851
1305031946.906600 0.001848 -0.006307 0.01509 -0.001609 0.001278 -0.0002165
1305031946.937150 -0.006359 -0.009077 0.01436 -0.0002324 0.01015 -0.001141
1305031946.969060 -0.006811 -0.008068 0.013 0.006823 0.005675 0.0005813
1305031947.006830 -0.00225 -0.0006616 0.01147 0.01259 0.004502 0.002516
1305031947.037000 -0.00968 -0.003891 0.0102 0.005673 0.009707 0.0006449
1305031947.068970 -0.01107 -0.001996 0.008954 0.004713 0.002835 -0.0001953
1305031947.106640 -0.008974 -0.0005009 0.008904 -0.001389 -0.0007308 0.006754
1305031947.137040 -0.01089 -0.01018 0.006639 -0.005177 -0.005216 0.004636
1305031947.169120 -0.006455 -0.003881 0.005332 0.004097 -0.008834 -0.003833
1305031947.204980 -0.008236 1.672e-05 0.003965 0.002975 -0.002204 -0.001085
1305031947.237000 -0.008896 -0.00326 0.003303 0.0003109 -0.0004457 0.002945
1305031947.269080 -0.008515 -0.006489 0.001609 0.00243 0.003928 0.01052
1305031947.304950 -0.01395 -0.007121 -0.0009593 0.01109 0.007154 0.007921
1305031947.336950 -0.01038 0.004799 -0.002009 0.01789 0.005138 0.009272
1305031947.368990 -0.01336 0.002164 -0.00252 0.007251 0.009625 0.01937
1305031947.405010 -0.01331 -0.003272 -0.002045 0.00049 0.009257 0.01536
1305031947.437040 -0.01465 0.003175 -0.003382 0.003624 0.01272 0.004706
1305031947.469270 -0.01462 0.006489 -0.0005508 -0.006506 0.01478 0.006314
1305031947.504990 -0.01369 -0.003836 -0.0001418 -0.01547 0.01787 0.01402
1305031947.537020 -0.01527 -0.008524 0.000124 -0.01274 0.02076 0.01254
1305031947.568990 -0.01466 0.0008773 0.0002358 -0.0007308 0.02485 0.01199
1305031947.605180 -0.02249 -0.002398 -1.379e-05 -0.004431 0.02988 0.02567
1305031947.637080 -0.01931 0.0002894 0.001023 -0.005985 0.021 0.02313
1305031947.669010 -0.0129 0.0008753 0.003137 -0.009741 0.01992 0.01614
1305031947.705150 -0.02085 -0.001932 0.002338 -0.01529 0.03023 0.02474
1305031947.736980 -0.01929 -0.006639 0.003463 -0.01771 0.02512 0.02846
1305031947.769040 -0.02213 -0.003504 0.003958 -0.01889 0.02426 0.02439
1305031947.804940 -0.02039 -0.01634 0.005168 -0.01776 0.01468 0.01877
1305031947.837020 -0.01425 0.003551 0.002074 -0.002599 0.01341 0.01721
1305031947.868990 -0.01843 -0.01236 0.005108 -0.01767 0.01826 0.0228
1305031947.905000 -0.01296 -0.004547 0.002247 -0.001264 0.01348 0.01805
1305031947.937030 -0.01398 -0.006162 0.003272 -0.007125 0.01776 0.01757
1305031947.968980 -0.01642 -0.01093 0.002853 -0.001813 0.01638 0.01423
1305031948.004910 -0.01323 -0.0001406 0.0005928 0.007369 0.01263 0.01038
1305031948.037000 -0.01664 0.0005763 0.001087 0.0003604 0.01326 0.00696
1305031948.068970 -0.01709 -0.004913 0.001872 -0.006613 0.007054 0.004166
1305031948.104990 -0.009999 -0.002201 0.0006817 -0.004082 0.003536 0.004016
1305031948.136950 -0.01257 -0.003199 -6.847e-05 -0.00319 0.01097 0.002426
1305031948.168950 -0.01422 0.001084 -0.001426 -0.003057 0.015 0.006653
1305031948.204990 -0.01595 -0.004155 -0.0013 -0.006581 0.01648 0.0115
1305031948.237000 -0.01394 -0.004622 -0.002156 -0.003423 0.0144 0.0109
1305031948.269040 -0.01425 -0.000805 -0.003715 0.0002195 0.01666 0.005976
1305031948.304940 -0.02102 -0.003899 -0.003462 -0.002343 0.01835 0.0002377
1305031948.337100 -0.02575 -0.007986 -0.004854 -6.017e-05 0.009856 -0.00174
1305031948.368970 -0.01766 0.001699 -0.007645 0.00892 -0.002884 -0.001048
1305031948.404990 -0.01735 -0.003342 -0.00664 0.001358 -0.004732 0.002191
1305031948.436940 -0.01665 -0.006897 -0.008348 0.008262 -0.008354 0.001575
1305031948.469170 -0.01372 0.005027 -0.009442 0.01571 -0.006795 -0.001992
1305031948.505020 -0.01773 -0.0005574 -0.008865 0.008152 -0.001948 0.0006575
1305031948.537020 -0.01923 5.05e-05 -0.009571 0.009866 -0.004707 0.003386
1305031948.568890 -0.017 0.004412 -0.009192 0.008888 -0.009321 0.003902
1305031948.605000 -0.01644 -0.003247 -0.008209 0.001907 -0.009624 0.008998
1305031948.636910 -0.01585 0.003196 -0.008204 0.0106 -0.01018 0.009748
1305031948.669040 -0.01631 0.002611 -0.006201 0.005478 -0.008137 0.009932
1305031948.705080 -0.01666 -0.002764 -0.006227 0.006203 -0.01153 0.01194
1305031948.737060 -0.01349 0.003299 -0.007022 0.01217 -0.01425 0.004237
1305031948.768900 -0.01563 -0.002336 -0.006526 0.006554 -0.007059 -0.002648
1305031948.804980 -0.01769 -0.0009951 -0.006663 0.01277 -0.007075 -0.004043
1305031948.837070 -0.01611 -0.001954 -0.006486 0.01346 -0.007868 -0.007705
1305031948.868830 -0.0176 -0.005738 -0.007548 0.01827 -0.004758 -0.008972
1305031948.905080 -0.01366 0.001427 -0.009338 0.02768 -0.006037 -0.01073
1305031948.937000 -0.01423 -0.001843 -0.008308 0.02116 0.0003387 -0.0118
1305031948.968950 -0.015 -0.006857 -0.009101 0.0247 0.005243 -0.005142
1305031949.005010 -0.01486 -0.0009885 -0.01108 0.03542 0.007574 -0.001471
1305031949.037090 -0.01707 -0.001437 -0.01032 0.03274 0.005145 -0.001686
1305031949.069060 -0.01071 -0.001012 -0.01111 0.03479 -0.003046 -0.001091
1305031949.105080 -0.008021 -0.002735 -0.01039 0.02714 0.003485 0.0001906
1305031949.137260 -0.01098 -0.0002486 -0.01048 0.03209 0.01312 0.005565
1305031949.168950 -0.009934 0.0007 -0.009175 0.02494 0.01506 0.008236
1305031949.204940 -0.01093 -0.002002 -0.007754 0.01927 0.02025 0.01361
1305031949.237010 -0.01259 -0.0002725 -0.007097 0.02033 0.02331 0.0193
1305031949.268990 -0.01269 7.615e-05 -0.006887 0.01688 0.02236 0.01765
1305031949.305250 -0.01393 0.003031 -0.005323 0.01287 0.02045 0.01783
1305031949.337230 -0.01382 -0.003091 -0.002514 0.002945 0.01712 0.022
1305031949.368900 -0.01496 -0.001721 -0.002479 0.01071 0.01445 0.0256
1305031949.405060 -0.01372 0.003457 -0.003116 0.01292 0.005523 0.02569
1305031949.437090 -0.01134 0.002333 0.0002994 -0.002133 0.00325 0.02186
1305031949.468900 -0.01147 -0.001928 0.002732 -0.006262 0.008501 0.02001
1305031949.505000 -0.01137 0.001982 0.001953 -0.0008602 0.01095 0.01565
1305031949.537020 -0.01012 0.005055 0.002231 -0.005292 0.01025 0.01309
1305031949.568990 -0.00982 0.005823 0.005353 -0.015 0.01253 0.01529
1305031949.604800 -0.01112 0.001928 0.005948 -0.02216 0.01379 0.02022
1305031949.637170 -0.007785 0.008504 0.004171 -0.01808 0.007532 0.0172
1305031949.668960 -0.01045 0.007639 0.00652 -0.02879 0.01068 0.01304
1305031949.705000 -0.009034 0.001904 0.007312 -0.035 0.004567 0.01424
1305031949.736950 -0.007505 0.006018 0.004897 -0.02805 0.0005224 0.007572
1305031949.768990 -0.00647 0.0119 0.005919 -0.0268 -0.0004011 0.001688
1305031949.804940 -0.006938 0.007672 0.007105 -0.03562 -0.0003623 0.004635
1305031949.836960 -0.005086 0.007652 0.005901 -0.03602 -0.002514 0.008046
1305031949.868950 -0.003609 0.01197 0.005704 -0.03413 -0.001596 0.004597
1305031949.904850 -0.009506 0.008636 0.006633 -0.04235 0.002642 0.005191
1305031949.936860 -0.009518 0.004971 0.007153 -0.0428 -0.00455 0.007543
1305031949.968880 -0.008847 0.008072 0.006324 -0.03477 -0.01175 0.002992
1305031950.004950 -0.005901 0.00862 0.004701 -0.03561 -0.01779 -0.002576
1305031950.036990 -0.008239 0.01053 0.003923 -0.03549 -0.01767 -0.01014
1305031950.069080 -0.0057 0.008745 0.004124 -0.03741 -0.02084 -0.01281
1305031950.104970 -0.005248 0.01371 0.0009548 -0.03621 -0.01973 -0.01608
1305031950.137000 -0.006175 0.021 -3.329e-05 -0.04777 -0.01753 -0.01795
1305031950.168910 -0.006337 0.008167 0.001137 -0.06342 -0.01577 -0.01847
1305031950.204930 -0.00762 0.008088 0.001593 -0.06027 -0.01636 -0.01327
1305031950.237030 -0.00444 0.008041 -0.0007345 -0.06073 -0.01896 -0.006042
1305031950.269030 -0.004454 0.004504 -9.232e-05 -0.04987 -0.01595 -0.002777
1305031950.304980 -0.003394 0.005378 -0.0007772 -0.03883 -0.01532 0.0008307
1305031950.337200 -0.001993 0.0107 -0.003421 -0.03471 -0.01334 0.002971
1305031950.368910 -0.001116 0.009454 -0.003853 -0.03843 -0.008892 0.001809
1305031950.404940 -0.0002824 0.007531 -0.002709 -0.03544 -0.004158 0.002304
1305031950.436980 -0.0009304 0.009567 -0.002378 -0.03277 0.002456 0.002565
1305031950.468980 -0.003018 -0.0026 -0.001237 -0.03325 0.006157 0.0009851
1305031950.504940 -0.001211 -0.007468 0.0003764 -0.0269 0.003825 0.00029
1305031950.536890 0.001038 -0.01735 0.003147 -0.01951 -0.0003364 -0.002569
1305031950.568880 0.00226 -0.01711 0.00408 -0.01077 -0.005291 -0.002267
1305031950.604860 0.004524 -0.01652 0.001987 -0.002852 -0.009926 -0.007382
1305031950.637010 0.001337 -0.01828 0.000694 0.004496 -0.008397 -0.009866
1305031950.668910 0.001926 -0.01002 -0.002588 0.01552 -0.004676 -0.006644
1305031950.704870 0.0005384 -0.009853 -0.003281 0.01994 0.001752 -0.003875
1305031950.736890 2.593e-05 -0.02111 -0.002598 0.02277 0.005736 -4.609e-05
1305031950.768900 -0.0008386 -0.009844 -0.005101 0.03326 0.008196 -0.0003165
1305031950.804900 -0.004796 -0.0141 -0.005074 0.03308 0.009821 0.0003254
1305031950.837140 -0.003165 -0.01235 -0.004822 0.0368 0.005678 0.0009824
1305031950.869010 -0.004133 0.001091 -0.004515 0.04006 0.006267 -0.004378
1305031950.904880 -0.005908 -0.01145 -0.003122 0.03207 0.007031 -0.003382
1305031950.936970 -0.004877 -0.004642 -0.002621 0.03626 0.006405 -0.002203
1305031950.968900 -0.006997 0.001336 -0.002953 0.03426 0.009271 0.0003991
1305031951.004840 -0.008592 0.002012 -0.002273 0.02731 0.009119 0.003628
1305031951.036930 -0.008048 -0.005262 0.0002126 0.01458 0.008547 0.006677
1305031951.069010 -0.009265 -0.01264 0.002049 0.01398 0.007995 0.008217
1305031951.104800 -0.00638 -0.00533 0.001792 0.02177 0.006234 0.007606
1305031951.136890 -0.00633 -0.005418 0.002692 0.01974 0.01076 0.006891
1305031951.168910 -0.007775 -0.01131 0.004528 0.01702 0.01439 0.009868
1305031951.204910 -0.005806 -0.01691 0.005885 0.0222 0.01726 0.0122
1305031951.236960 -0.01029 -0.007078 0.004552 0.034 0.0215 0.01848
1305031951.268910 -0.0116 -0.001631 0.003631 0.03137 0.01633 0.02294
1305031951.304860 -0.009353 -0.006916 0.005049 0.01841 0.01276 0.02551
1305031951.336940 -0.01154 -0.01625 0.005852 0.01612 0.01274 0.02684
1305031951.368840 -0.01146 -0.006877 0.003046 0.02732 0.00971 0.02484
1305031951.404870 -0.01231 -0.007938 0.003933 0.02007 0.008539 0.02161
1305031951.436900 -0.01446 -0.01326 0.003763 0.01894 0.003816 0.01667
1305031951.468860 -0.01148 -0.008204 0.002129 0.02289 -0.0017 0.00782
1305031951.504920 -0.01438 -0.01115 0.002114 0.01949 0.0006833 -0.0002032
1305031951.536890 -0.01543 -0.008326 -5.061e-06 0.02233 -0.002675 -0.004719
1305031951.569010 -0.01419 -0.009184 -0.0002547 0.01899 -0.005876 -0.008735
1305031951.604930 -0.01415 -0.00679 -0.001268 0.01891 -0.003518 -0.007225
1305031951.636940 -0.01941 -0.008916 -0.00139 0.01534 0.0005495 -0.002296
1305031951.668930 -0.01705 -0.009277 -0.003931 0.0181 -0.007422 0.00142
1305031951.704880 -0.01379 -0.008155 -0.005703 0.01922 -0.008504 -0.003802
1305031951.736830 -0.01736 -0.009102 -0.005706 0.02233 -0.003166 -0.008359
1305031951.768930 -0.0161 -0.002652 -0.008183 0.02788 -0.004834 -0.005665
1305031951.804890 -0.01788 -0.004019 -0.007682 0.01991 -0.004728 -0.006386
1305031951.836930 -0.01878 -0.006479 -0.006839 0.01886 -0.006968 -0.00669
1305031951.868910 -0.01466 -0.002766 -0.00895 0.02346 -0.0105 -0.005944
1305031951.904910 -0.01521 -0.0006557 -0.009121 0.02043 -0.007694 -0.008285
1305031951.936960 -0.01508 -0.002254 -0.008511 0.01525 -0.007847 -0.007886
1305031951.968840 -0.01103 -0.002649 -0.008315 0.01085 -0.004891 -0.009115
1305031952.004840 -0.01329 0.0001467 -0.008809 0.01127 0.006965 -0.006236
1305031952.037100 -0.01388 0.002943 -0.008589 0.007633 0.01126 0.0007872
1305031952.068890 -0.01338 0.004924 -0.007448 0.0005167 0.01196 0.005771
1305031952.105140 -0.01303 0.002615 -0.00615 -0.01015 0.01288 0.01088
1305031952.136940 -0.01092 -0.004223 -0.00521 -0.02076 0.0179 0.01609
1305031952.168930 -0.0122 -0.003023 -0.004266 -0.01197 0.0292 0.01889
1305031952.204910 -0.01358 0.005409 -0.005014 0.0002703 0.03074 0.02645
1305031952.236880 -0.01043 0.007922 -0.003374 -0.004661 0.02411 0.03676
1305031952.268900 -0.01127 -0.001504 -0.001161 -0.01373 0.02465 0.02973
1305031952.304890 -0.01401 0.009607 -0.003302 0.005296 0.0223 0.02776
1305031952.336990 -0.01402 0.009502 -0.00179 -0.005783 0.0106 0.02769
1305031952.368960 -0.01432 0.0006395 -0.0007118 -0.01319 0.003526 0.01633
1305031952.404920 -0.01259 0.005889 -0.003132 -0.0006522 -0.002688 0.001171
1305031952.437050 -0.0116 0.004964 -0.00253 -0.003869 -0.003128 -0.007732
1305031952.468940 -0.0114 0.006083 -0.002938 -0.002618 -0.001414 -0.006791
1305031952.504870 -0.01191 0.004856 -0.002468 -0.005788 -0.0001633 -0.00333
1305031952.536950 -0.01064 0.006148 -0.003425 -0.004251 -0.002204 -0.002496
1305031952.568930 -0.00812 0.00734 -0.003822 -0.009336 -0.003998 -0.002376
1305031952.604930 -0.007613 0.001884 -0.002826 -0.01579 -0.0007112 -0.00123
1305031952.636990 -0.005776 0.004812 -0.004398 -0.01236 0.0005143 -0.002141
1305031952.668900 -0.004404 0.006287 -0.004416 -0.01592 0.002042 -0.0003841
1305031952.704920 -0.002499 0.002876 -0.004232 -0.02321 0.005459 -0.005054
1305031952.736940 -0.002529 0.001546 -0.003865 -0.02617 0.01071 -0.003619
1305031952.768960 -0.0009176 0.0002891 -0.002935 -0.02451 0.01648 0.00116
1305031952.804920 -0.0008155 0.00583 -0.004991 -0.02315 0.02432 0.00569
1305031952.836930 -0.002019 0.001182 -0.001621 -0.03305 0.02829 0.006554
1305031952.868990 -0.004364 0.0009466 -0.001223 -0.02742 0.03168 0.006096
1305031952.904920 -0.005613 0.009641 -0.003176 -0.02665 0.03104 0.01273
1305031952.936980 -0.004975 -0.005234 0.004551 -0.04209 0.02902 0.01613
1305031952.972900 -0.004425 -0.0009687 0.001681 -0.01503 0.03038 0.01206
1305031953.004870 -0.009544 0.01024 -0.002381 -0.009537 0.03018 0.006649
1305031953.036940 -0.009931 -0.0002028 0.001789 -0.02072 0.02188 0.01133
1305031953.073130 -0.006276 0.003037 0.002081 -0.01108 0.01375 0.01231
1305031953.104910 -0.005123 0.003912 0.002061 -0.007473 0.01363 0.009192
1305031953.137100 -0.007609 0.003938 0.0002841 -0.006166 0.01521 0.007742
1305031953.173000 -0.005991 0.004843 0.001362 -0.007734 0.009596 0.01057
1305031953.204990 -0.003811 0.003735 0.001925 -0.008616 0.008893 0.01407
1305031953.237100 -0.001223 0.003411 0.002718 -0.009969 0.00971 0.0169
1305031953.273090 -0.001913 0.004437 0.00155 -0.007999 0.01438 0.0157
1305031953.304970 -0.003818 0.004634 0.0003574 -0.009992 0.01219 0.01252
1305031953.337010 0.001074 0.004309 0.00231 -0.01185 0.007409 0.01276
1305031953.372960 0.002014 0.005259 0.002457 -0.01146 0.009944 0.007166
1305031953.404920 0.004519 0.002644 0.003048 -0.01312 0.01177 0.004825
1305031953.436880 0.004382 -0.0009489 0.002777 -0.009924 0.01576 0.002214
1305031953.473260 0.001986 0.003937 0.001188 0.0005965 0.01369 -0.00356
1305031953.504920 0.005663 0.004788 0.002895 -0.001101 0.009399 -0.008176
1305031953.536950 0.005931 -0.00361 0.003638 -0.001394 0.01078 -0.006106
1305031953.572860 0.001897 0.003511 0.001512 0.009763 0.009195 -0.002152
1305031953.604880 0.005014 -0.00228 0.004124 0.006123 0.00218 -0.0008559
1305031953.636960 0.005994 -0.0009692 0.002965 0.01666 0.00136 -0.008892
1305031953.673020 0.001282 0.004641 -0.000268 0.01483 6.696e-05 -0.01717
1305031953.704930 0.005772 -0.002621 0.003994 0.00513 -0.007476 -0.01484
1305031953.736980 0.007853 -0.003837 0.003754 0.01207 -0.006395 -0.009775
1305031953.772890 0.003176 0.00193 -3.42e-05 0.01433 -0.003326 -0.01578
1305031953.804860 0.003659 -0.00518 0.002669 0.005883 -0.007354 -0.02207
1305031953.836840 0.002936 -0.004002 0.0005607 0.01715 -0.01287 -0.02128
1305031953.872990 0.001942 0.0002879 -0.001377 0.01459 -0.01719 -0.02389
1305031953.904910 0.003941 -0.006456 0.002196 0.008824 -0.02449 -0.01955
1305031953.936920 0.003547 -0.002336 -0.0005361 0.01967 -0.03015 -0.0141
1305031953.972860 0.003026 0.001434 -0.0007994 0.01375 -0.03218 -0.01106
1305031954.004850 0.004535 -0.004869 0.003771 0.004485 -0.03733 -0.004687
1305031954.036920 0.009085 -0.002149 0.004859 0.01541 -0.04066 0.001109
1305031954.072920 0.008496 0.002432 0.001885 0.01595 -0.0335 -0.0004735
1305031954.104930 0.004815 0.0003408 0.003421 0.008676 -0.02971 -0.0007609
1305031954.136940 0.007128 0.001388 0.004326 0.00816 -0.03336 -0.000509
1305031954.173000 0.01021 0.001976 0.005423 0.006363 -0.03244 -0.002669
1305031954.204840 0.008535 0.005311 0.00564 0.003941 -0.02755 -0.00415
1305031954.237020 0.01167 0.003939 0.006233 -0.003021 -0.02627 -0.001633
1305031954.272870 0.01252 0.002691 0.00769 -0.009033 -0.02074 -0.001683
1305031954.304870 0.01175 -0.002001 0.009764 -0.01098 -0.01725 -0.004083
1305031954.336920 0.01403 -0.0005749 0.008564 -0.0016 -0.01633 -0.005852
1305031954.372870 0.01355 0.001588 0.007787 0.001807 -0.01206 -0.003685
1305031954.404710 0.01219 0.004437 0.007615 0.00133 -0.008896 0.003183
1305031954.436900 0.01213 -0.002454 0.01 -0.003443 -0.01214 0.003624
1305031954.472970 0.01631 -0.0002191 0.008422 0.006295 -0.01542 -0.00467
1305031954.504830 0.01486 0.003566 0.007564 0.009737 -0.01298 -0.01194
1305031954.536930 0.01073 -0.002654 0.009213 0.003901 -0.01144 -0.01188
1305031954.572950 0.01612 0.0003967 0.007134 0.0133 -0.0187 -0.01425
1305031954.604890 0.01749 0.01212 0.0048 0.01131 -0.01552 -0.02152
1305031954.636860 0.01105 0.005568 0.007912 -0.01037 -0.009539 -0.0117
1305031954.672890 0.01884 -0.006743 0.008202 -0.01972 -0.01277 -0.002927
1305031954.704890 0.0162 -0.005001 0.007354 -0.0104 -0.001646 -0.00169
1305031954.736940 0.01216 0.001202 0.005477 -0.001971 0.000223 0.002774
1305031954.773180 0.01555 0.002706 0.004553 -0.004824 -0.001278 0.004079
1305031954.804830 0.009543 -0.002378 0.006662 -0.007935 0.0008068 -0.00017
1305031954.836920 0.01208 -0.0004103 0.004281 -0.0002801 -0.006424 -0.003421
1305031954.873000 0.008707 0.003009 0.004641 -0.002377 -0.005624 -0.001293
1305031954.904870 0.01059 -0.006083 0.005195 -0.00328 -0.01347 -0.007124
1305031954.937020 0.01296 0.002545 0.002678 0.006335 -0.01277 -0.0106
1305031954.972930 0.005883 -0.002967 0.004333 -0.000964 -0.006663 -0.002441
1305031955.004940 0.01 -0.001896 0.0028 0.003638 -0.01292 -0.001126
1305031955.036970 0.009953 -0.001852 0.00244 0.003246 -0.01004 -0.001758
1305031955.073050 0.007214 -0.007348 0.002486 0.003322 -0.008428 0.0004677
1305031955.104930 0.01169 -0.002194 -7.354e-05 0.01158 -0.009666 -0.002294
1305031955.136880 0.007123 -0.004031 0.0002769 0.008402 -0.00237 -0.0001337
1305031955.173000 0.007229 -0.00543 -0.0005057 0.01096 -0.003273 -0.0004878
1305031955.204960 0.007614 -0.0004455 -0.001501 0.01455 -0.0005249 -0.0004963
1305031955.236860 0.002444 -0.001369 -0.0005614 0.009676 0.0026 0.006103
1305031955.272910 0.005036 -0.003348 -0.001694 0.009129 -0.003454 0.003151
1305031955.304880 0.004748 0.001655 -0.002254 0.01154 -0.002403 -0.001296
1305031955.337030 0.0008374 -0.001923 -0.0006118 0.004803 -0.001778 -0.00282
1305031955.372860 0.003208 -0.0006947 -0.002092 0.008914 -0.005944 -0.006416
1305031955.404930 0.0008817 0.000728 -0.000917 0.006497 -0.0041 -0.008973
1305031955.436910 0.001513 -0.0002608 -0.0008142 0.006057 -0.005677 -0.009156
1305031955.472930 0.001952 0.001441 -0.0004376 0.00518 -0.003668 -0.003898
1305031955.504890 0.0002135 -0.00247 0.0001496 0.001603 -0.00133 -0.001863
1305031955.536890 0.002336 0.001773 -0.001107 0.00602 -0.002529 -0.0054
1305031955.572890 -0.0008954 0.00348 0.0005176 0.001034 0.001718 -0.0009928
1305031955.604940 -0.0004036 -0.002421 0.0004021 -0.003191 -0.001477 -0.0002513
1305031955.636880 0.002019 -0.0006661 0.0003484 -0.0006569 -0.001723 -0.004703
1305031955.672840 -0.001156 -6.761e-05 0.0004126 0.0006831 0.002626 -0.002406
1305031955.704890 -0.001368 0.001654 4.225e-05 0.001167 0.0003216 -0.002383
1305031955.736900 0.0003224 -3.829e-05 0.0007627 -0.001645 -0.001308 -0.003537
1305031955.772960 -0.0003677 4.068e-05 0.0005479 -0.001185 -1.318e-05 -0.003396
1305031955.804900 -0.001018 0.0004984 0.000884 -0.00146 -0.0003187 -0.004369
1305031955.837020 -0.0001598 -0.0005542 0.0008442 -0.001471 -0.0008456 -0.002245
1305031955.872920 -3.45e-05 0.0008795 0.0009334 -0.001583 -5.204e-06 -0.002989
1305031955.904910 -0.000739 -0.003167 0.00167 -0.002587 3.74e-05 -0.00417
1305031955.937290 0.0008137 0.001896 0.0004691 0.002252 0.0004309 -0.002419
1305031955.973190 -0.001168 0.001049 0.000967 -0.00139 0.002948 -0.0009325
1305031956.004870 -0.002725 -0.0006366 0.001296 -0.00265 0.0002526 -0.001844
1305031956.036940 0.001031 0.00102 0.0009168 -0.0009821 -0.004101 -0.001676
1305031956.073040 0.0004344 0.0007758 0.0008161 -0.002974 -0.001088 -0.002301
1305031956.104900 -0.002483 -0.002219 0.001706 -0.005128 -0.0004362 -0.002758
