1305031526.707547 -0.0056 0.005329 0.003546 -0.02371 -0.0207 -0.004827
1305031526.771481 -0.008955 0.01454 0.0119 -0.06431 -0.04855 0.001825
1305031526.807455 -0.002643 0.008437 0.01119 -0.0509 -0.02448 0.002906
1305031526.871446 0.009191 -0.007829 0.02627 -0.09135 -0.0456 0.01585
1305031526.907484 0.003347 -0.004219 0.01383 -0.04694 -0.02315 0.006842
1305031526.939618 0.004665 0.0008917 0.0109 -0.03768 -0.02206 0.003557
1305031526.971510 0.004346 0.001003 0.01221 -0.04009 -0.01917 0.003929
1305031527.007595 0.002582 -0.004159 0.01098 -0.03203 -0.0152 -0.0001818
1305031527.039512 -0.0002484 0.007525 0.007895 -0.02896 -0.01332 0.002091
1305031527.071487 0.003103 -0.008976 0.01295 -0.03659 -0.01653 -0.0003134
1305031527.107498 0.001188 0.003435 0.006323 -0.01409 -0.01067 -0.003327
1305031527.139473 -0.001594 0.0007098 0.006254 -0.02354 -0.008881 0.002705
1305031527.171540 0.00466 -0.005929 0.01436 -0.01671 -0.01348 -0.00278
1305031527.207588 0.002227 0.001371 0.007914 0.002274 -0.006309 -0.001664
1305031527.271501 0.01421 -0.01028 0.02381 0.01996 -0.01228 -0.003545
1305031527.307472 0.001806 -0.004165 4.203e-05 0.01973 0.003699 -0.005698
1305031527.339636 0.001224 -0.005346 -0.002407 0.02037 0.005822 -0.008173
1305031527.371505 -0.002938 -0.00874 -0.002661 0.01785 0.005093 -0.005174
1305031527.407412 -0.001345 -0.004508 -0.003908 0.02111 0.0005188 -0.003432
1305031527.439476 -0.0001914 -0.00486 -0.002543 0.02156 -0.001274 -0.003408
1305031527.471497 0.0005692 -0.0001871 -0.004802 0.02282 0.0007121 -0.002765
1305031527.507487 0.0003562 -0.004841 -0.002768 0.01956 0.001722 8.746e-05
1305031527.539741 0.0002902 -0.008337 -0.0008823 0.01873 -0.0006313 0.0005305
1305031527.571506 0.002813 -0.008592 -0.001153 0.02327 -0.001614 0.002271
1305031527.607559 0.001903 -0.004037 -0.003797 0.02854 4.756e-05 0.002441
1305031527.671547 0.02186 -0.009589 -0.0001044 0.06454 0.003694 0.006759
1305031527.707520 -0.002271 0.007535 -0.007833 0.0327 0.02015 -0.004331
1305031527.771461 0.004971 -0.000996 -0.005674 0.03905 0.02544 -0.003908
1305031527.807581 0.004222 0.005122 -0.002218 0.02299 0.0149 -0.002554
1305031527.839601 0.005084 -0.0001113 -0.0008469 0.01115 0.02 -0.001256
1305031527.871464 0.007412 -0.005669 0.0009987 0.01237 0.0254 0.0063
1305031527.907477 0.005827 0.002942 -0.005293 0.01908 0.02806 0.008686
1305031527.939566 0.008309 0.009147 -0.009977 0.009812 0.03314 0.01666
1305031527.971502 0.005421 -0.006187 -0.0001844 -0.01161 0.03849 0.02615
1305031528.039560 0.02304 0.002336 -0.007085 -0.007808 0.0727 0.05995
1305031528.071546 0.002529 -0.003046 0.0007905 -0.01641 0.04162 0.029
1305031528.107513 0.01306 0.0002336 0.001401 -0.01254 0.03553 0.03149
1305031528.139513 0.00561 -0.003047 0.002645 -0.01455 0.04125 0.03293
1305031528.171523 0.005688 0.001166 0.0008717 -0.007849 0.03272 0.03369
1305031528.207527 0.006217 0.004603 -0.0009164 -0.01162 0.02444 0.03504
1305031528.239493 0.01248 -0.001456 0.003456 -0.02102 0.01632 0.02948
1305031528.275450 0.02194 0.0002773 -0.0007171 -0.01645 0.02093 0.02707
1305031528.307665 0.01728 0.003648 0.0002392 -0.02139 0.04162 0.02474
1305031528.339593 0.01243 -0.0003752 0.006001 -0.026 0.04862 0.01783
1305031528.375435 0.01565 0.00134 0.003257 -0.01886 0.04811 0.01106
1305031528.407459 0.01197 0.001506 0.002316 -0.02177 0.06118 0.00977
1305031528.439469 0.01374 0.001005 0.003888 -0.01898 0.0614 0.009687
1305031528.475342 0.008128 0.00102 0.006173 -0.01403 0.06324 0.004713
1305031528.539626 0.02395 0.002871 0.007804 -0.02519 0.1292 0.006591
1305031528.575449 0.007814 -0.002521 0.003944 -0.0008651 0.06276 0.003727
1305031528.607841 0.006772 0.001492 -0.004584 0.001298 0.05706 0.002588
1305031528.639487 0.00467 -0.004582 0.007315 -0.001034 0.04978 0.005581
1305031528.707447 0.01531 -0.0103 0.001989 0.02956 0.06425 0.01668
1305031528.739609 0.005732 -0.005152 -0.0005368 0.01623 0.02278 0.009075
1305031528.775443 0.008276 -0.007421 -0.0005798 0.01977 0.0122 0.008826
1305031528.807559 0.01436 -0.006737 -0.0005938 0.02593 0.007808 0.005997
1305031528.839572 0.01249 -0.003809 -0.001288 0.02695 0.01241 0.006033
1305031528.875433 0.011 -0.006903 -0.002487 0.02727 0.01266 0.004453
1305031528.907519 0.01117 -0.006346 -0.004026 0.03162 0.008994 0.001894
1305031528.939602 0.01176 0.0008618 -0.007915 0.03943 0.007112 -0.007201
1305031528.975465 0.01334 -0.003836 -0.00455 0.02245 0.006244 -0.01665
1305031529.007487 0.01591 -0.01214 -0.004503 0.02475 -3.724e-05 -0.01489
1305031529.039494 0.01352 -0.003757 -0.008397 0.03533 -0.004907 -0.01873
1305031529.075422 0.01278 -0.0009471 -0.009995 0.03102 -0.01524 -0.03285
1305031529.107523 0.01824 -0.004474 -0.005186 0.02122 -0.02525 -0.03652
1305031529.139597 0.02073 -0.005649 -0.004237 0.02145 -0.0236 -0.04626
1305031529.175411 0.02038 -0.009506 -0.004986 0.0207 -0.02119 -0.04974
1305031529.207466 0.02098 -0.01099 -0.005266 0.02713 -0.02069 -0.04273
1305031529.239515 0.01938 -0.009699 -0.007206 0.03023 -0.01983 -0.02546
1305031529.275389 0.01923 -0.007596 -0.006777 0.034 -0.02549 -0.01906
1305031529.307413 0.02202 0.0001678 -0.005758 0.03506 -0.02771 -0.02141
1305031529.339486 0.02505 -0.00764 -0.001844 0.0304 -0.02361 -0.01769
1305031529.375399 0.01988 0.006644 -0.01354 0.03571 -0.0001771 -0.01491
1305031529.407513 0.02243 -0.002448 -0.0039 0.002556 0.0007638 0.003496
1305031529.439502 0.02028 -0.0008671 -0.005046 0.001952 -0.004614 0.004063
1305031529.475403 0.02385 -0.00109 -0.001384 -0.003876 -0.01277 0.00185
1305031529.507485 0.01773 0.004241 -0.004521 -0.002729 -0.007139 0.008371
1305031529.539489 0.02089 -9.221e-05 -0.0004081 -0.01656 -0.0195 0.003544
1305031529.607479 0.04475 -0.006042 -0.001381 -0.01622 -0.03517 -0.01156
1305031529.639746 0.01653 -0.0006827 -0.004413 -0.0003178 -0.008212 -0.01473
1305031529.675618 0.01618 -0.00115 -0.004171 0.001157 -0.01035 -0.02185
1305031529.707557 0.01407 0.0009833 -0.005441 0.006109 -0.005632 -0.0217
1305031529.739568 0.01077 0.0007369 -0.005663 0.004392 -0.007612 -0.01562
1305031529.775501 0.009264 0.004668 -0.007311 0.009237 -0.01567 -0.01596
1305031529.807516 0.008632 0.01337 -0.007812 0.002671 -0.02065 -0.01515
1305031529.839505 0.01961 -0.004912 -0.003175 -0.0244 -0.03137 -0.01601
1305031529.875495 0.01697 0.002538 -0.00557 -0.006626 -0.01538 -0.02635
1305031529.939498 0.03576 0.008979 -0.004725 -0.02583 -0.01014 -0.05385
1305031529.975501 0.018 3.563e-05 -0.002069 -0.008448 -0.005271 -0.02294
1305031530.007409 0.02248 0.007589 -0.0006297 0.006413 -0.01031 -0.028
1305031530.039454 0.0208 0.009593 0.001565 0.006197 -0.002056 -0.03105
1305031530.075443 0.02143 0.004114 0.004329 0.001717 -0.001169 -0.02466
1305031530.107445 0.01721 0.01245 0.001524 0.008694 0.003257 -0.02523
1305031530.139497 0.01814 0.008043 0.007897 -0.008129 0.004451 -0.02101
1305031530.175410 0.01877 0.00566 0.008349 -0.006614 0.0004642 -0.01069
1305031530.207486 0.01336 0.01293 0.006038 -0.004607 0.004192 -0.007735
1305031530.239446 0.01702 0.006773 0.01126 -0.01899 -0.004117 -0.001029
1305031530.275407 0.01869 0.005829 0.01223 -0.01452 -0.01024 0.003507
1305031530.307544 0.01638 0.008577 0.01123 -0.009928 -0.009343 -0.0008064
1305031530.339724 0.01918 0.0008978 0.01361 -0.01533 -0.01595 0.0007606
1305031530.375386 0.01817 0.004849 0.01156 6.263e-05 -0.0168 0.0004897
1305031530.407465 0.01404 0.01654 0.01015 0.004969 -0.01088 -0.004521
1305031530.439553 0.01681 0.008131 0.01346 -0.0107 -0.01384 -0.0006424
1305031530.475439 0.01749 0.007205 0.01427 -0.008681 -0.0137 -0.003844
1305031530.507461 0.008713 0.01095 0.01346 -0.006962 -0.009816 -0.005516
1305031530.539532 0.005942 0.01891 0.01303 -0.01 -0.01818 -0.002911
1305031530.575433 0.007374 0.01916 0.01782 -0.0243 -0.0279 -0.002031
1305031530.607559 0.01055 0.003486 0.02116 -0.03811 -0.03719 -0.003563
1305031530.639507 0.00543 0.007086 0.02009 -0.03034 -0.04226 -0.00618
1305031530.675401 0.01054 0.01487 0.02077 -0.0255 -0.05361 -0.00741
1305031530.739522 0.02316 -0.00416 0.04645 -0.07812 -0.1167 -0.02985
1305031530.775437 0.01829 0.004443 0.01914 -0.02047 -0.06106 -0.02015
1305031530.807467 0.01825 -0.01353 0.02489 -0.02443 -0.05278 -0.0234
1305031530.839463 0.02319 -0.01215 0.02331 -0.00473 -0.04372 -0.02307
1305031530.875401 0.02668 0.003468 0.01686 0.01248 -0.02964 -0.01863
1305031530.939462 0.0494 -0.01485 0.0187 -0.01933 -0.001323 -0.02586
1305031530.975286 0.0221 -0.01635 0.004043 -0.002642 0.02486 -0.002787
1305031531.039689 0.04819 -0.02243 0.003195 0.02025 0.07064 -0.008412
1305031531.075325 0.01971 -0.01355 -0.006597 0.02138 0.04125 -0.004263
1305031531.139581 0.04969 0.006733 -0.01895 0.05508 0.08253 -0.01078
1305031531.175355 0.02201 -0.01057 -0.01097 0.009507 0.04051 -0.004495
1305031531.239619 0.05007 -0.0089 -0.03219 0.03738 0.07744 -0.009812
1305031531.275515 0.0104 0.004252 -0.0186 0.01122 0.04371 -0.004779
1305031531.339595 0.03102 -0.01263 -0.0353 -0.003859 0.0506 -0.004644
1305031531.375434 0.01153 0.002388 -0.02076 0.002847 0.007185 0.000505
1305031531.439644 0.03506 -0.009592 -0.03454 -0.01314 -0.02519 -0.005533
1305031531.475324 0.01953 0.01053 -0.01643 0.0006276 -0.01616 -0.01307
1305031531.507602 0.02339 -0.007618 -0.01381 -0.01342 -0.01633 -0.005108
1305031531.539487 0.02379 0.004484 -0.01584 0.002443 -0.01081 -0.009515
1305031531.575392 0.01895 0.002489 -0.01491 -0.004059 -0.00494 -0.01409
1305031531.607419 0.01686 -0.003956 -0.01337 -0.005093 -0.007462 -0.009052
1305031531.639521 0.0193 0.002987 -0.01344 0.002857 -0.01283 -0.006498
1305031531.675444 0.02317 0.004694 -0.01119 -0.003692 -0.01317 -0.01007
1305031531.707498 0.02323 -0.00536 -0.009995 -0.00737 -0.00792 -0.0004277
1305031531.739657 0.01808 0.004813 -0.01206 0.002773 -0.00525 0.0023
1305031531.775442 0.02183 -0.0005697 -0.008617 -0.008878 -0.01076 0.003932
1305031531.839545 0.04919 -0.01712 -0.01272 -0.01689 -0.01545 0.003492
1305031531.875426 0.01892 -0.007444 -0.008906 0.01775 -0.003619 -0.0007969
1305031531.907427 0.01597 0.0005723 -0.008468 0.02086 -0.004201 -0.001949
1305031531.939564 0.01489 -0.007568 -0.007159 0.01497 -0.009872 -0.004145
1305031531.975488 0.0161 -0.0009273 -0.009003 0.02162 -0.01288 -0.008483
1305031532.039675 0.03507 -0.01855 -0.01619 0.03567 -0.03204 -0.02661
1305031532.075525 0.01416 -0.007632 -0.008907 0.02842 -0.01293 -0.02145
1305031532.107398 0.01468 -0.005191 -0.008466 0.03235 -0.01264 -0.02962
1305031532.139520 0.01324 -0.003858 -0.01014 0.02769 -0.007569 -0.03678
1305031532.175563 0.01386 -0.009334 -0.008205 0.02194 -0.006391 -0.03596
1305031532.207465 0.01391 -0.004429 -0.01065 0.02766 -0.005368 -0.04098
1305031532.239966 0.01415 -0.008115 -0.009553 0.01785 -0.002537 -0.03595
1305031532.275514 0.01813 -0.01086 -0.01046 0.01797 -0.01106 -0.03034
1305031532.307481 0.02105 -0.006263 -0.008292 0.02194 -0.01491 -0.03327
1305031532.339777 0.02175 -0.002688 -0.006705 0.02859 -0.005441 -0.03396
1305031532.375496 0.02111 -0.002575 -0.007906 0.0293 0.005477 -0.02758
1305031532.407448 0.01806 0.003425 -0.01938 0.02266 0.01287 -0.02366
1305031532.439533 0.01534 -0.01553 -0.02334 -0.0367 0.01559 -0.005283
1305031532.475428 0.02037 -0.008327 -0.009504 -0.04634 0.005683 0.009363
1305031532.507415 0.02036 -0.007324 -0.005333 -0.04255 0.004488 -0.002894
1305031532.539458 0.01822 -0.004629 -0.009829 -0.03969 0.009536 -0.003507
1305031532.575435 0.02065 0.0006063 -0.005386 -0.0327 0.004119 -0.002592
1305031532.607434 0.01906 -0.00471 -0.006441 -0.01973 -0.007373 -0.002549
1305031532.639592 0.01061 -0.004848 -0.01334 -0.01494 -0.01564 -0.006223
1305031532.707308 0.03828 0.01105 -0.00885 -0.0001326 -0.06288 -0.036
1305031532.740052 0.01119 0.002407 -0.006031 0.01591 -0.0188 -0.01637
1305031532.775761 0.006974 7.92e-05 -0.01143 0.006029 -0.01171 -0.01843
1305031532.807429 0.007537 0.001515 -0.01262 -0.01045 -0.01114 -0.008958
1305031532.839717 0.009644 0.001182 -0.009281 -0.01144 -0.02248 -0.01119
1305031532.875476 0.007045 0.004509 -0.008606 -0.009218 -0.0254 -0.02096
1305031532.907577 0.01091 0.007115 -0.0002439 -0.00172 -0.02359 -0.0265
1305031532.939523 0.006571 0.00832 -0.00846 -0.00142 -0.01017 -0.03396
1305031532.975424 0.007748 0.005988 -0.008679 -0.01241 -0.007661 -0.03225
1305031533.007402 0.005897 0.004877 -0.009106 -0.01283 -0.00895 -0.03237
1305031533.039505 0.007496 0.003766 -0.008068 -0.01882 -0.01211 -0.03141
1305031533.075500 0.009218 -0.0004486 -0.0007553 -0.01096 -0.02021 -0.02879
1305031533.107480 0.002354 0.004678 -0.008219 0.003995 -0.01915 -0.02793
1305031533.139514 0.003321 0.008239 -0.006181 -0.01338 -0.01445 -0.02645
1305031533.175459 0.01194 0.008571 0.009466 -0.01381 -0.02001 -0.01315
1305031533.207507 0.006381 0.00196 0.00683 -0.002553 -0.02018 -0.007813
1305031533.239511 0.0006796 0.007194 -0.00174 -0.005934 -0.01465 -0.01412
1305031533.275405 0.005421 0.009393 0.01309 -0.01253 -0.01229 -0.009491
1305031533.307502 0.0008331 0.002998 0.00808 -0.01374 -0.005283 -0.007952
1305031533.339522 0.002598 0.007901 0.01117 -0.01958 -0.009052 -0.01069
1305031533.375654 0.006416 0.01164 0.01776 -0.01648 -0.009629 -0.01269
1305031533.407483 0.0111 0.01625 0.02034 -0.007065 -0.003428 -0.01447
1305031533.439774 0.004448 0.001951 0.01163 -0.01604 0.008362 -0.01054
1305031533.475654 0.006995 0.003782 0.01376 -0.01829 0.004012 -0.0153
1305031533.507463 0.003646 -0.00152 0.01054 -0.01376 0.002425 -0.015
1305031533.539640 0.005194 0.01028 0.01043 -0.009656 0.000256 -0.02025
1305031533.575643 0.001471 -0.001805 0.0119 -0.02199 -0.000453 -0.01353
1305031533.607639 0.001773 -0.001327 0.008442 -0.01494 -0.0144 -0.01295
1305031533.639561 0.009421 0.00409 0.0142 -0.00587 -0.02051 -0.01505
1305031533.675446 0.004299 -0.004856 0.00864 -0.004129 -0.01416 -0.01316
1305031533.707501 -0.0007633 0.0007389 0.001261 0.001218 -0.02033 -0.01168
1305031533.739555 0.005121 0.003591 0.005605 -0.002915 -0.0313 -0.007911
1305031533.775530 0.01346 -0.003922 0.01588 -0.005777 -0.03046 -0.007225
1305031533.807707 0.01767 0.003758 0.005473 0.007242 -0.02516 -0.01301
1305031533.839329 0.03746 0.00676 0.01708 -0.004021 -0.006697 -0.01158
1305031533.875471 0.03031 -0.01679 0.008937 -0.01429 0.03608 -0.004981
1305031533.907441 0.01258 0.004493 -0.003602 0.004562 0.06163 0.0009205
1305031533.939530 0.01953 -0.007243 0.00461 -0.008493 0.06638 0.005869
1305031533.975439 0.00872 -0.0004238 -0.006548 0.002404 0.07148 0.00687
1305031534.007323 0.005108 0.005624 -0.008485 -0.006514 0.06862 0.01751
1305031534.039458 0.01283 -0.002478 -0.006855 -0.02391 0.05768 0.01902
1305031534.075484 0.0101 -0.007983 -0.007011 -0.02314 0.04621 0.01359
1305031534.107442 -0.00907 0.00455 -0.01734 -0.02604 0.05418 0.009304
1305031534.139529 0.004434 -0.00562 -0.009885 -0.04461 0.0244 0.02326
1305031534.175381 0.006683 0.002073 -0.004498 -0.02695 0.006638 0.01172
1305031534.207436 0.00792 0.008061 -0.007292 -0.02634 0.01383 0.007702
1305031534.239529 0.01745 -0.005823 0.009775 -0.02732 0.006683 0.014
1305031534.275475 0.01129 0.004574 -0.00376 -0.0004808 0.0109 0.004113
1305031534.307945 -0.002138 0.004371 -0.0101 -0.005117 0.01742 0.001638
1305031534.339859 -0.001159 0.007093 -0.01075 -0.009848 0.00651 0.005258
1305031534.375478 0.001462 0.004747 -0.007968 -0.01677 0.004955 0.009479
1305031534.407595 -0.0005358 0.002166 -0.006749 -0.01901 -0.001934 0.009208
1305031534.439543 0.007651 0.01183 -0.0053 -0.01768 -0.003406 0.002763
1305031534.475605 0.008393 0.00254 0.001081 -0.02884 0.008783 0.004752
1305031534.507525 0.01149 -0.005667 0.004366 -0.01387 0.004921 0.004785
1305031534.539582 0.002145 0.006999 -0.0104 -0.0005981 0.01417 -0.004451
1305031534.575414 -0.0007814 0.004218 -0.005165 -0.0123 0.02133 -0.0008441
1305031534.607494 0.008185 -0.003511 0.00149 -0.01012 0.01514 0.004119
1305031534.639696 0.004875 -0.003604 -0.002299 0.00131 0.01976 0.002026
1305031534.675511 -0.009051 -0.002431 -0.005366 0.00519 0.0234 -0.0003679
1305031534.707481 -0.005944 0.003811 -0.007228 0.003188 0.0149 -0.001998
1305031534.739665 -0.003637 -0.0009183 -0.003927 -0.00286 0.01278 0.003941
1305031534.775491 -0.005094 -0.004847 -0.003925 0.0005717 0.009633 0.01044
1305031534.807516 0.002932 0.002623 -0.002539 -0.0001006 0.008129 0.002411
1305031534.839569 -0.00347 2.773e-05 -0.00381 -0.002492 0.01531 0.001217
1305031534.875499 -0.003078 0.006419 -0.004559 -0.005051 0.01878 0.006721
1305031534.907458 -0.01307 -0.0114 0.0006778 -0.01451 0.02012 0.01896
1305031534.939556 -0.01707 0.003491 0.00219 -0.001831 -0.002655 0.01251
1305031534.975464 0.01076 0.007197 0.0006759 -0.01539 -0.02251 0.01368
1305031535.007643 0.01551 -0.003658 0.002408 -0.02099 -0.008627 0.01385
1305031535.039655 0.01523 -0.003292 0.006233 -0.01074 0.006773 0.008119
1305031535.075490 -0.00484 -0.01125 0.007726 -0.0002224 0.01898 0.002816
1305031535.107796 0.0001499 0.005132 0.001567 0.005258 0.005179 -0.008604
1305031535.139465 0.006023 -0.005317 0.003809 -0.0007511 0.007002 -0.008979
1305031535.175406 0.0117 0.004022 0.003396 0.01202 0.01406 -0.005543
1305031535.207514 -2.667e-05 -0.006093 0.003195 0.009138 0.02797 -0.002539
1305031535.239511 0.001224 0.003779 -0.0004883 0.01673 0.0249 -0.003388
1305031535.275537 0.001566 0.003016 0.001672 0.01019 0.02504 -0.001944
1305031535.307409 -0.007694 -0.003229 0.001645 0.006429 0.02375 0.003429
1305031535.339468 0.01039 0.002873 0.002071 0.008325 0.01329 0.003143
1305031535.375492 -0.001235 -0.001742 0.001217 0.006381 0.0255 0.006806
1305031535.407712 -0.0001645 0.002506 -0.0001267 0.006655 0.01968 0.008402
1305031535.439618 0.007195 0.008245 0.0009728 0.00266 0.01791 0.01071
1305031535.475595 0.001726 0.007138 0.0007491 -0.003032 0.02166 0.01489
1305031535.507701 0.0005081 0.0006453 0.002746 -0.009625 0.02145 0.01701
1305031535.539515 -0.005849 0.006601 0.001279 -0.008947 0.0195 0.015
1305031535.575567 -0.01242 -0.02226 0.00954 -0.01835 0.01334 0.01611
1305031535.607524 -0.006441 -0.01016 0.006016 0.001941 0.003084 0.01187
1305031535.639591 0.005024 0.00647 -0.0003995 0.004031 -0.004615 0.006979
1305031535.675500 -0.001013 -0.01857 0.01106 -0.001928 0.001697 0.005515
1305031535.707524 -0.002905 -0.007676 0.003671 0.01449 -0.001128 0.0003116
1305031535.739708 -0.001581 0.0008611 -0.0003126 0.01619 -0.003917 -0.002397
1305031535.775437 -0.00774 -0.0127 0.003152 0.01103 -0.002736 0.002213
1305031535.807496 -0.0005681 0.005508 -8.08e-05 0.02201 -0.01206 -0.004582
1305031535.840053 -0.0008262 -0.0009785 0.002943 0.009306 -0.0089 -0.01127
1305031535.875502 -0.007681 -0.005687 0.001214 0.01337 -0.005052 -0.00916
1305031535.907487 -0.009942 -0.0008125 0.001495 0.009832 -0.00881 -0.006023
1305031535.939747 -0.008342 -0.006806 0.003311 0.009501 -0.01903 -0.007163
1305031535.975512 -0.003387 -0.004352 0.00557 0.01757 -0.02449 -0.005629
1305031536.007462 -0.002753 -0.002109 0.0036 0.02601 -0.02417 -0.007177
1305031536.039667 -0.007602 -0.0007337 -0.000162 0.02545 -0.02364 -0.01077
1305031536.075538 -0.005493 -0.006908 0.004697 0.02215 -0.02578 -0.01084
1305031536.107579 -0.01083 -0.003282 0.00102 0.02878 -0.02533 -0.01239
1305031536.139540 -0.009441 -0.0005344 0.0001434 0.02466 -0.03153 -0.01606
1305031536.175699 -0.008343 -0.003145 0.002603 0.0219 -0.03428 -0.01785
1305031536.207474 -0.01113 -0.004303 0.002851 0.01975 -0.03538 -0.019
1305031536.239482 -0.008926 -0.00415 0.001395 0.02133 -0.04028 -0.02244
1305031536.275618 -0.007773 -0.001973 0.0002005 0.01956 -0.04205 -0.02704
1305031536.307472 -0.006062 0.0003398 0.001662 0.01517 -0.04219 -0.02725
1305031536.339530 -0.006513 -0.00395 0.004784 0.01155 -0.0398 -0.0266
1305031536.375786 -0.007855 -0.001586 -0.001124 0.01342 -0.03886 -0.02901
1305031536.407665 -0.003421 0.0007035 0.002048 0.007699 -0.03999 -0.02764
1305031536.439546 -0.006589 -0.004099 0.005157 0.007812 -0.03792 -0.02729
1305031536.475492 -0.005363 0.0001184 0.00564 0.01323 -0.03071 -0.0212
1305031536.507648 -0.004185 0.000604 0.003485 0.01091 -0.02255 -0.01983
1305031536.539583 -0.002382 -0.002694 0.007693 0.008572 -0.0139 -0.01732
1305031536.575660 -0.006694 -0.003597 0.0006858 0.01142 -0.001871 -0.0132
1305031536.607624 -0.007444 -0.002093 -0.0002916 0.007368 -0.004689 -0.01679
1305031536.639838 -0.002704 -0.007156 0.006671 0.005603 -0.00764 -0.01581
1305031536.675456 -0.005558 -0.002675 0.002692 0.0159 0.002755 -0.01049
1305031536.707472 -0.009475 -0.004548 -0.002105 0.008415 0.005347 -0.001183
1305031536.739722 -0.01163 -0.004819 -0.003115 0.004304 -0.003884 0.001319
1305031536.775321 -0.006219 -0.0005179 0.005983 0.002418 -0.009097 0.004308
1305031536.807301 -0.004375 -0.007204 0.006479 -0.001577 9.545e-05 0.01427
1305031536.839527 -0.009651 -0.008266 0.001225 0.002931 0.003716 0.01153
1305031536.875419 -0.01204 -0.001728 0.00257 0.005981 0.003883 0.01022
1305031536.907491 -0.01339 -0.003603 0.001964 -0.003562 0.00264 0.02111
1305031536.939530 -0.01308 -0.005519 0.002841 -0.008417 -0.007356 0.0178
1305031536.975375 -0.01026 -0.002658 0.009082 -0.007017 -0.007662 0.009226
1305031537.007412 -0.01424 -0.005217 0.006252 -0.009107 0.0004919 0.01555
1305031537.039427 -0.01573 -0.004658 0.006459 -0.005468 -0.003962 0.01172
1305031537.075341 -0.01392 -0.002077 0.008989 -0.001335 -0.001293 0.0104
1305031537.107337 -0.02342 -0.001582 0.002927 -0.001515 0.005691 0.01493
1305031537.140656 -0.02109 -6.765e-05 0.005936 -0.004902 -0.002813 0.01542
1305031537.175377 -0.01569 -0.002022 0.009094 -0.007607 -0.002373 0.01858
1305031537.207445 -0.02006 -0.0002665 0.005736 -0.003656 0.005593 0.01885
1305031537.239415 -0.01907 0.0006076 0.008368 -0.005239 0.008081 0.01893
1305031537.275504 -0.02254 -0.002343 0.005858 -0.004339 0.01098 0.0197
1305031537.307646 -0.02006 0.003337 0.00831 0.0002002 0.008663 0.01895
1305031537.339718 -0.01755 0.001431 0.01024 -0.002885 0.01102 0.02142
1305031537.375388 -0.01894 0.003997 0.009394 -0.002635 0.01558 0.02305
1305031537.407396 -0.01494 -0.002152 0.01085 -0.004453 0.01511 0.02209
1305031537.439649 -0.01572 0.002477 0.009768 0.003167 0.02078 0.02034
1305031537.475520 -0.0193 0.004191 0.007764 0.002356 0.02585 0.02549
1305031537.507492 -0.01998 -0.003494 0.007668 -0.003484 0.02164 0.02698
1305031537.539497 -0.01979 -0.0003265 0.005972 0.005614 0.01489 0.02155
1305031537.575529 -0.01882 0.01003 0.005634 0.00626 0.01208 0.01415
1305031537.607507 -0.01169 0.005574 0.009681 -0.004575 0.0105 0.008621
1305031537.643442 -0.01114 0.004276 0.00816 -0.004048 0.02083 0.01367
1305031537.675306 -0.02437 0.008549 0.00271 -0.003878 0.03045 0.01496
1305031537.707483 -0.02302 0.004845 0.004871 -0.01435 0.01862 0.01557
1305031537.743426 -0.01713 0.004396 0.004493 -0.01293 0.01082 0.0201
1305031537.775469 -0.01725 0.005189 0.003825 -0.01514 0.01256 0.01944
1305031537.807576 -0.01637 0.0001782 0.003963 -0.01514 0.01235 0.01239
1305031537.843458 -0.01795 0.002941 0.001752 -0.009336 0.01738 0.01386
1305031537.875571 -0.02455 0.003835 0.001758 -0.01009 0.01924 0.01768
1305031537.907514 -0.02101 -0.001458 0.002243 -0.009618 0.01012 0.01532
1305031537.943469 -0.02008 -0.0008249 0.001387 -0.003255 0.009792 0.01387
1305031537.975426 -0.02527 0.007017 -0.001891 0.002427 0.01377 0.01323
1305031538.007529 -0.02138 -0.0005344 0.00187 -0.007849 0.008773 0.01301
1305031538.043452 -0.02092 7.191e-05 -0.0006063 0.002478 0.01124 0.007811
1305031538.075565 -0.02096 0.01547 -0.0009406 0.007207 0.01617 0.005443
1305031538.107629 -0.01518 0.00638 0.003346 -0.008127 0.0204 -0.004675
1305031538.143487 -0.02454 0.005786 0.002671 -0.0007851 0.03119 -0.007801
1305031538.175565 -0.02845 0.01995 -2.649e-05 0.003216 0.03049 0.007
1305031538.207697 -0.02582 0.01408 0.002578 -0.01643 0.0202 0.01184
1305031538.243517 -0.01829 0.004981 0.006512 -0.02358 0.01048 0.01313
1305031538.275489 -0.01567 0.009568 0.004963 -0.01706 0.0129 0.01747
1305031538.307386 -0.01665 0.01113 0.00433 -0.02212 0.01635 0.01706
1305031538.343413 -0.01388 0.002688 0.008006 -0.02689 0.0184 0.01974
1305031538.375553 -0.0198 0.004997 0.005785 -0.01984 0.02297 0.01392
1305031538.407511 -0.01793 0.003937 0.007073 -0.02137 0.01806 0.006112
1305031538.443598 -0.01446 0.002003 0.007594 -0.01836 0.02204 0.00772
1305031538.475570 -0.02024 -0.0009821 0.008582 -0.0175 0.02843 0.01041
1305031538.507548 -0.01773 -0.007662 0.0118 -0.01161 0.0251 0.007029
1305031538.543450 -0.02558 -0.008005 0.009297 -0.001753 0.02764 0.008294
1305031538.575524 -0.02342 -0.01671 0.01043 0.0003253 0.02082 0.01791
1305031538.607517 -0.02248 -0.01941 0.007481 0.01371 0.01158 0.01812
1305031538.643479 -0.02369 0.005644 0.006262 0.01748 0.00475 0.009359
1305031538.675433 -0.004988 -0.02353 0.0177 -9.716e-05 0.002083 0.01457
1305031538.707490 -0.0004716 -0.03288 0.01888 0.01872 0.009597 0.01495
1305031538.743572 -0.01776 -0.006632 0.01047 0.04242 0.02245 0.001511
1305031538.775491 -0.02049 -0.01098 0.0108 0.0312 0.01773 0.003003
1305031538.808089 -0.01832 -0.02229 0.009037 0.0336 0.008429 0.01074
1305031538.843518 -0.02365 -0.002622 0.006804 0.04567 0.004371 0.01334
1305031538.875656 -0.02369 -0.003559 0.008983 0.03039 -0.002229 0.009636
1305031538.907498 -0.01758 -0.01051 0.008281 0.0247 -0.006177 0.004879
1305031538.943414 -0.02066 -0.005797 0.005695 0.02843 -0.00241 0.0003617
1305031538.975507 -0.02217 -0.004205 0.006235 0.02236 -0.002232 0.002117
1305031539.007520 -0.0225 -0.005775 0.005123 0.01879 -0.002782 0.003187
1305031539.043445 -0.02244 -0.00388 0.005572 0.01854 -0.003848 0.005259
1305031539.075515 -0.02196 -0.004509 0.00626 0.01406 -0.00288 0.00799
1305031539.107503 -0.02228 -0.00881 0.003104 0.01654 -0.001012 0.01031
1305031539.143607 -0.02468 0.0001351 0.003499 0.0222 0.001778 0.01023
1305031539.175587 -0.02098 -0.007082 0.002876 0.01893 0.003829 0.01334
1305031539.207601 -0.01976 -0.004898 0.002461 0.02981 0.008968 0.01256
1305031539.243449 -0.02366 0.003619 0.001886 0.03966 0.0217 0.01432
1305031539.275652 -0.02875 0.0003106 0.0008068 0.03191 0.02269 0.01856
1305031539.307521 -0.0251 -0.004711 0.001183 0.03404 0.009998 0.0265
1305031539.343842 -0.02707 0.001758 0.001709 0.04424 0.004961 0.03457
1305031539.375556 -0.027 -0.00033 0.00258 0.03841 -0.002149 0.04111
1305031539.407846 -0.02556 -0.003279 0.00469 0.04049 -0.005121 0.03511
1305031539.443431 -0.0261 -0.001495 0.0006123 0.04153 -0.001548 0.03102
1305031539.475605 -0.02704 -0.002723 0.004574 0.02162 0.01431 0.02287
1305031539.507506 -0.02497 -0.003802 0.005674 0.01644 0.02345 0.01832
1305031539.543459 -0.02866 -0.005273 0.00447 0.01369 0.0241 0.01686
1305031539.575448 -0.03361 -0.004657 0.003267 0.003075 0.02251 0.02013
1305031539.607559 -0.02311 -0.0003892 0.009192 0.0008078 0.01102 0.02264
1305031539.643437 -0.0284 -0.005307 0.005572 -0.003195 0.01095 0.03324
1305031539.675458 -0.03085 -0.006666 0.003527 -0.0152 0.009138 0.03553
1305031539.707426 -0.02143 -0.003789 0.008962 -0.01515 0.004808 0.02901
1305031539.743465 -0.01998 -0.004811 0.008043 -0.0103 0.00961 0.02699
1305031539.775488 -0.02337 -0.006212 0.005976 -0.005404 0.01293 0.02443
1305031539.807653 -0.02417 -0.004153 0.001055 -0.00648 0.01594 0.02542
1305031539.843466 -0.01809 -0.006702 0.006 -0.007597 0.02081 0.02601
1305031539.875593 -0.02793 -0.007156 0.002755 0.00097 0.02725 0.02756
1305031539.907642 -0.02541 -0.007663 0.002593 0.003929 0.02175 0.03045
1305031539.943541 -0.0353 -0.01644 -0.003773 -0.0007081 0.02103 0.04084
1305031539.975883 -0.02673 -0.0151 -0.00693 -0.01384 0.001727 0.03432
1305031540.007422 -0.01923 -0.02372 -0.002687 -0.02543 -0.004939 0.03189
1305031540.043468 -0.01994 -0.02346 -0.01249 -0.02993 -0.01419 0.03019
1305031540.075632 -0.01699 -0.0145 -0.006087 -0.04016 -0.01387 0.02077
1305031540.107421 -0.01454 -0.02643 0.002262 -0.05141 -0.01516 0.01955
1305031540.143443 -0.01428 -0.01914 -0.003197 -0.04093 -0.02428 0.004961
1305031540.175595 -0.01222 -0.01791 -0.000781 -0.04682 -0.0297 0.002782
1305031540.207411 -0.01505 -0.005195 -0.002753 -0.03695 -0.02511 -0.007873
1305031540.243496 -0.009929 -0.001043 0.002699 -0.04402 -0.01042 -0.001344
1305031540.275604 -0.009865 -0.0162 0.008874 -0.0505 -0.003276 -0.003795
1305031540.307411 -0.01242 -0.004988 0.00137 -0.03305 -0.003728 -0.008213
1305031540.343456 -0.01102 -0.01423 0.007427 -0.04679 -0.0129 -0.005782
1305031540.375438 -0.01168 -0.004755 0.003125 -0.03317 -0.02508 -0.0173
1305031540.407504 -0.009736 0.003949 0.005069 -0.03374 -0.0179 -0.021
1305031540.443453 -0.01098 -0.009293 0.01036 -0.04075 -0.01022 -0.0199
1305031540.475476 -0.01513 0.00509 0.001086 -0.02898 -0.0105 -0.02565
1305031540.507525 -0.01299 -0.003368 0.00977 -0.03909 -0.009354 -0.02113
1305031540.543427 -0.01835 -0.003045 0.006648 -0.02952 -0.01073 -0.01399
1305031540.575635 -0.02032 0.006152 0.005935 -0.02895 -0.02222 -0.01114
1305031540.607508 -0.01125 -0.005534 0.01091 -0.03437 -0.03117 -0.0123
1305031540.643443 -0.01817 -0.001154 0.004411 -0.01513 -0.02542 -0.01166
1305031540.675895 -0.01849 0.00813 0.004481 -0.0143 -0.03208 -0.01467
1305031540.707442 -0.01242 -0.005242 0.006546 -0.01974 -0.03324 -0.01926
1305031540.743545 -0.02011 0.0009081 0.001699 -0.008453 -0.03196 -0.01701
1305031540.775513 -0.02213 0.007345 0.00249 -0.009689 -0.03695 -0.01588
1305031540.807495 -0.01804 -0.003816 0.003998 -0.01506 -0.04778 -0.01803
1305031540.843557 -0.01077 0.0003874 0.003025 -0.007529 -0.05521 -0.01628
1305031540.875472 -0.01058 8.177e-05 0.0004203 -0.0094 -0.04656 -0.01457
1305031540.907447 -0.01158 -0.0005103 0.002195 -0.009492 -0.04634 -0.01527
1305031540.943442 -0.004098 0.0003798 0.002425 -0.00591 -0.04798 -0.0201
1305031540.975401 -0.004744 0.004367 -0.002643 -0.005103 -0.03488 -0.02254
1305031541.007473 -0.009396 0.003573 -0.0001501 -0.01499 -0.02636 -0.01807
1305031541.043464 -0.004911 0.003301 -0.0004402 -0.01156 -0.02976 -0.02166
1305031541.075485 -0.001562 0.00304 -0.0007859 -0.01647 -0.02286 -0.0204
1305031541.107513 -0.004312 -0.0009471 -0.001394 -0.01153 -0.0113 -0.01015
1305031541.143507 -0.01024 0.001849 -0.004136 -0.00597 -0.01419 -0.008166
1305031541.175472 0.002536 0.002407 -0.0001708 -0.011 -0.02324 -0.009644
1305031541.207454 0.008632 -0.003473 0.005041 -0.001652 -0.009861 -0.001535
1305031541.243593 0.000312 0.0009347 -0.003343 0.01104 0.003616 -0.002969
1305031541.275691 0.003469 9.107e-06 -0.002638 0.0115 0.005669 -0.006839
1305031541.307436 0.001399 0.003049 -0.005936 0.01433 0.01432 -0.00472
1305031541.343493 0.004152 -0.0006913 -0.00364 0.01193 0.0209 0.00157
1305031541.375507 9.307e-05 -0.0005237 -0.005896 0.01623 0.02621 0.003129
1305031541.407707 -0.0006072 0.001696 -0.007238 0.01579 0.02436 0.007818
1305031541.443699 0.00145 0.003302 -0.006959 0.0129 0.02617 0.01308
1305031541.475389 0.003474 -0.001447 -0.003268 0.00784 0.02749 0.01972
1305031541.507656 0.00165 0.001129 -0.006728 0.01664 0.03202 0.02413
1305031541.543489 -0.0002078 0.001198 -0.005696 0.01316 0.029 0.02518
1305031541.575608 0.005367 0.002497 -0.005407 0.01596 0.02613 0.02524
1305031541.607431 0.003771 0.00491 -0.007734 0.01369 0.0337 0.0281
1305031541.643543 0.002214 0.00248 -0.00698 0.009752 0.03633 0.02808
1305031541.675424 0.00123 0.0004752 -0.005071 0.009258 0.03867 0.0338
1305031541.707418 -0.002025 0.00337 -0.007205 0.01188 0.03724 0.03929
1305031541.743439 0.002679 -0.001352 -0.006177 0.009005 0.03515 0.05065
1305031541.775415 -0.005595 0.001831 -0.00487 0.0145 0.03729 0.06457
1305031541.807470 -6.029e-06 0.0007787 -0.002947 0.01832 0.02039 0.06431
1305031541.843441 0.01467 0.008803 -0.01316 0.02137 0.02045 0.05957
1305031541.875438 0.006863 0.005617 -0.006779 0.003847 0.03317 0.04448
1305031541.907570 0.009864 0.0001735 -0.005688 0.002985 0.03711 0.02969
1305031541.943524 0.007166 0.004837 -0.01032 0.003605 0.04462 0.01673
1305031541.975524 -0.0001593 0.004551 -0.00879 -0.00351 0.04742 0.006542
1305031542.007694 0.002846 -0.0008574 -0.006719 -0.006505 0.04928 0.005073
1305031542.043489 -0.01236 0.002186 -0.004606 -0.004306 0.05341 0.008007
1305031542.075555 -0.0131 -0.0008652 -0.006321 -0.002504 0.03248 0.01493
1305031542.107416 -0.003168 -0.004242 -0.005783 0.00163 0.01663 0.02203
1305031542.143525 -0.002651 0.004399 -0.01011 0.01121 0.01564 0.02075
1305031542.175524 0.002873 0.002549 -0.006257 0.00244 0.01405 0.01031
1305031542.207368 -0.001151 -0.003557 -0.006964 0.005178 0.02842 0.006859
1305031542.244091 -0.01076 0.005382 -0.009999 0.008868 0.03317 0.008226
1305031542.275425 -0.01553 -0.008309 -0.006843 -0.0007406 0.02491 0.00601
1305031542.307528 -0.01351 -0.002885 -0.009338 0.01466 0.007659 0.01187
1305031542.343479 -0.006038 0.002831 -0.01041 0.01472 -0.008468 0.01208
1305031542.375553 -0.001564 -0.001663 -0.005397 0.007681 -0.009147 0.0002175
1305031542.407482 -0.006696 -0.0009618 -0.007387 0.01191 0.001895 -0.006354
1305031542.443447 -0.01131 0.00567 -0.009671 0.01165 0.003217 -0.006969
1305031542.475446 -0.009874 0.002126 -0.004646 -0.0003875 0.004438 -0.009051
1305031542.507447 -0.01601 -0.002768 -0.004352 -0.001644 0.009998 -0.01561
1305031542.543425 -0.01992 0.003508 -0.007694 0.002898 0.007732 -0.01226
1305031542.575428 -0.01497 0.005035 -0.003499 -0.004611 0.0001686 -0.01048
1305031542.607410 -0.01387 -0.005197 -0.0008118 -0.009667 0.0008548 -0.01573
1305031542.643424 -0.01871 0.005204 -0.00627 0.001548 0.005551 -0.01446
1305031542.675341 -0.01704 0.001142 -0.002718 -0.007283 0.002124 -0.007216
1305031542.707362 -0.01767 -0.00259 -0.001653 -0.006749 0.001541 -0.0003124
1305031542.743855 -0.01881 -0.0004909 -0.004857 0.002701 -0.002363 -0.002147
1305031542.775624 -0.01071 0.005189 -0.005642 0.003612 -0.006966 -0.0003247
1305031542.807676 -0.01474 -0.0007223 -0.002267 -0.002718 0.004669 0.003276
1305031542.843453 -0.02297 -0.001889 -0.006223 0.005346 0.005673 -0.001506
1305031542.875473 -0.01476 0.003556 -0.007346 0.00875 -0.006367 -0.0005901
1305031542.907374 -0.01437 -0.0001028 -0.005206 0.006053 -0.003686 0.0008829
1305031542.943449 -0.01209 0.006495 -0.00963 0.01108 -0.0004417 0.001295
1305031542.975416 -0.014 0.001359 -0.00483 0.001131 0.008111 -0.002268
1305031543.007462 -0.01918 0.001224 -0.008529 0.006413 0.0132 -0.005937
1305031543.043546 -0.01724 0.006106 -0.008141 0.006033 0.01147 -0.005707
1305031543.075465 -0.01981 -0.00402 -0.005966 5.581e-05 0.01307 -0.00363
1305031543.107471 -0.02008 0.002052 -0.008093 0.01024 0.009034 -0.0009606
1305031543.143424 -0.02024 0.001892 -0.006722 0.00903 0.003483 -0.0005147
1305031543.175587 -0.01404 0.007919 -0.008093 0.01162 -0.000313 -0.006691
1305031543.207464 -0.01521 0.00348 -0.004011 0.001275 0.004683 -0.01588
1305031543.243490 -0.01682 0.002554 -0.005814 0.0003501 0.006535 -0.02055
1305031543.275504 -0.01395 0.006723 -0.007065 -0.003681 0.004716 -0.01391
1305031543.307391 -0.0114 0.001762 -0.0001139 -0.01556 0.002075 -0.009243
1305031543.343502 -0.009116 0.0006995 -0.0009883 -0.01048 0.001701 -0.008232
1305031543.375520 -0.008152 0.005932 -0.001145 -0.01104 0.002616 -0.001107
1305031543.407575 -0.002515 0.0005923 0.003653 -0.01815 0.002767 0.007727
1305031543.443593 -0.004023 0.004022 0.001297 -0.01191 0.004172 0.003412
1305031543.475420 0.001246 0.001268 0.004218 -0.01144 0.0004079 0.0014
1305031543.507652 0.004032 0.004716 0.004577 -0.008347 0.007035 0.01056
1305031543.543433 0.003201 0.002018 0.002996 -0.0133 0.0111 0.01351
1305031543.575393 0.005587 0.002815 0.003605 -0.006203 0.003789 0.007011
1305031543.607524 0.01411 0.002117 0.008651 -0.008824 0.006298 0.01479
1305031543.643400 0.008657 0.00182 0.003211 0.00154 0.01808 0.01674
1305031543.675460 0.006699 0.01193 0.0008739 0.002494 0.007458 0.00419
1305031543.707478 0.01367 0.002085 0.009525 -0.01194 0.002412 0.007295
1305031543.743399 0.01217 0.007504 0.007091 1.802e-05 0.005307 0.003747
1305031543.775642 0.01384 0.0121 0.007124 -0.003321 0.003917 -0.005507
1305031543.807514 0.01617 0.001709 0.0156 -0.01123 0.005677 -0.004817
1305031543.843406 0.015 0.004693 0.01321 0.005208 0.007292 -0.008408
1305031543.875410 0.01133 0.008042 0.009586 0.006162 0.005554 -0.01495
1305031543.907459 0.01554 0.00452 0.01513 0.006213 -0.003662 -0.0157
1305031543.943413 0.01177 0.009122 0.01025 0.007818 -0.004074 -0.01148
1305031543.975473 0.01425 0.004536 0.01467 -0.0006407 -0.01366 -0.006515
1305031544.007491 0.0121 0.008617 0.01121 0.0002783 -0.02131 -0.009281
1305031544.043491 0.01501 0.003593 0.0179 -0.007886 -0.03053 -0.004405
1305031544.075509 0.01499 0.003703 0.01874 0.001161 -0.03343 -0.00683
1305031544.107376 0.01158 0.01696 0.008369 0.004627 -0.0272 -0.01865
1305031544.143795 0.02501 0.0008776 0.0213 -0.01793 -0.02591 -0.009351
1305031544.175829 0.01746 -0.0009659 0.01402 -0.009027 -0.01895 -0.007193
1305031544.207354 0.01853 0.003581 0.01345 -0.01206 -0.02704 -0.005209
1305031544.243427 0.02474 -0.004956 0.01676 -0.01138 -0.033 -0.002484
1305031544.275540 0.02015 0.0008611 0.01293 -0.006015 -0.03046 0.0006837
1305031544.307370 0.02794 0.0005691 0.0144 -0.007652 -0.03555 0.00665
1305031544.343409 0.02988 -0.003761 0.01677 -0.006719 -0.0299 0.005064
1305031544.375459 0.029 -0.01431 0.01682 -0.0006779 -0.02635 0.00522
1305031544.407333 0.02898 -0.003321 0.009381 0.02384 -0.02567 0.003577
1305031544.443375 0.03154 0.007014 0.00699 0.0194 -0.01838 -0.001749
1305031544.475427 0.03093 -0.008092 0.008168 0.0107 -0.009258 -0.001582
1305031544.507367 0.02656 0.003756 0.0003628 0.01592 0.000209 0.002002
1305031544.543416 0.02533 -0.001738 0.001573 0.007382 0.005305 0.008603
1305031544.575497 0.02323 0.0009136 0.001615 0.003695 0.007845 0.004647
1305031544.607409 0.02231 -0.0164 0.007045 0.001626 0.007815 0.002252
1305031544.643444 0.02236 -0.0001143 -0.005157 0.02229 0.009565 -0.001177
1305031544.675586 0.01767 0.005795 -0.005313 0.01164 0.01393 0.0005434
1305031544.707411 0.01994 -0.006991 -0.001834 0.00309 0.01284 0.0002654
1305031544.743438 0.007744 0.005733 -0.01045 0.008806 0.01731 -0.0001833
1305031544.775418 0.0116 0.001201 -0.006805 -0.005646 0.004974 0.006891
1305031544.807397 0.01942 -0.004449 -0.003828 -0.009581 -0.003158 0.003383
1305031544.843491 0.02009 -0.01061 -0.003483 -0.00286 -0.00191 0.0009987
1305031544.875360 0.01504 0.003522 -0.009609 0.01475 0.003739 0.003862
1305031544.907423 0.007776 0.003596 -0.008985 0.00753 0.001203 0.008127
1305031544.943434 0.01612 0.000214 -0.008158 0.00898 -0.01176 0.01231
1305031544.975537 0.02346 0.007386 -0.0105 0.0141 -0.0112 0.007437
1305031545.007393 0.0129 0.009712 -0.01006 0.009465 0.0009327 -0.003646
1305031545.043477 0.005812 0.008376 -0.0108 0.002755 -0.001815 -0.00646
1305031545.075369 0.01406 0.009854 -0.007127 -0.004181 -0.0129 -0.006867
1305031545.107399 0.01408 0.001666 -0.006026 -0.006381 -0.01257 -0.01487
1305031545.144171 0.008814 0.004681 -0.006668 -0.001558 -0.01245 -0.02428
1305031545.175406 0.009878 0.004889 -0.007113 0.000381 -0.01713 -0.02755
1305031545.207577 0.01078 0.007376 -0.00909 0.001525 -0.01765 -0.02691
1305031545.243483 0.0118 0.01713 -0.009868 -0.00221 -0.01588 -0.02582
1305031545.275369 0.01348 -0.003974 -0.003107 -0.01946 -0.01333 -0.02318
1305031545.307451 0.01185 0.001552 -0.00693 -0.004144 -0.01014 -0.02202
1305031545.343494 0.01001 0.007118 -0.008187 -0.002049 -0.01172 -0.02081
1305031545.375545 0.01318 0.00898 -0.007268 -0.006325 -0.01509 -0.02505
1305031545.407452 0.01502 0.01099 -0.006049 -0.01036 -0.01178 -0.02474
1305031545.444180 0.01096 0.003754 -0.006224 -0.01768 -0.005093 -0.01814
1305031545.475423 0.01122 0.02077 -0.009595 -0.01484 -0.007343 -0.01817
1305031545.507394 0.01479 -0.002479 -0.002002 -0.03851 -0.004885 -0.01282
1305031545.543418 0.01295 0.009123 -0.005681 -0.02251 -0.0005265 -0.0118
1305031545.578078 0.01668 0.0004488 -0.002936 -0.03316 0.004056 0.001794
1305031545.607417 0.01095 -0.003112 -0.006402 -0.02391 0.01139 0.001882
1305031545.643463 0.005065 0.002619 -0.009596 -0.02318 0.01057 0.000385
1305031545.675289 0.006338 0.004836 -0.009417 -0.02676 0.004613 0.008129
1305031545.707398 0.008444 -0.01376 -0.001742 -0.03798 0.001749 0.01018
1305031545.743570 0.01346 -0.01682 -0.002448 -0.01439 -0.00355 0.003033
1305031545.775452 0.01287 -0.005629 -0.008444 -0.0006052 0.00366 0.005733
1305031545.807404 0.008108 -0.01108 -0.006384 0.003375 0.005821 0.005015
1305031545.843376 0.005028 -0.01407 -0.006012 0.009799 0.001213 0.00336
1305031545.875537 0.004385 -0.009034 -0.009923 0.02274 -0.007827 0.001973
1305031545.907389 0.0105 -0.006835 -0.008258 0.01985 -0.01266 0.002948
1305031545.943457 0.007528 -0.0161 -0.007179 0.02297 -0.00802 0.004117
1305031545.975621 0.004809 -0.005309 -0.009246 0.03008 -0.009765 -0.004619
1305031546.007516 0.009488 -0.01446 -0.005656 0.02379 -0.008445 -0.001257
1305031546.043769 -0.003782 -0.01245 -0.00974 0.03446 -0.006393 -0.002873
1305031546.075414 0.0015 -0.004673 -0.007731 0.03802 -0.02141 -0.007284
1305031546.107395 0.001783 -0.007301 -0.006865 0.02657 -0.01798 -0.005344
1305031546.143502 0.0005971 -0.009373 -0.005781 0.02241 -0.02044 -0.01149
1305031546.175952 0.00384 -0.00909 -0.004761 0.02204 -0.01961 -0.01114
1305031546.207500 -0.005623 -0.007936 -0.008257 0.02298 -0.01272 -0.01377
1305031546.243551 -0.003539 -0.003489 -0.00881 0.01603 -0.02042 -0.01652
1305031546.276098 0.002347 -0.01481 -0.002253 0.0003517 -0.02233 -0.01866
1305031546.308110 -0.005197 -0.01186 -0.00842 0.01549 -0.01561 -0.02145
1305031546.343919 0.000249 -0.002937 -0.007656 0.01102 -0.01811 -0.01975
1305031546.376056 -0.0009251 -0.01236 -0.005617 -0.002374 -0.009266 -0.01958
1305031546.407659 -0.003575 -0.0113 -0.007743 0.002223 -0.005915 -0.0186
1305031546.443968 -0.0009492 -0.006205 -0.006443 -0.0004753 -0.00441 -0.01599
1305031546.475996 -0.006049 -0.02013 -0.006738 -0.002869 -0.0008456 -0.01122
1305031546.507967 -0.001885 -0.0003897 -0.009309 0.01426 -0.007207 -0.01071
1305031546.544068 -0.001769 -0.01454 -0.00442 -0.007336 -0.004375 -0.00918
1305031546.576412 -0.001638 -0.01321 -0.006749 0.006436 -0.007004 -0.006572
1305031546.607717 -0.0002996 -0.009795 -0.006733 0.01306 -0.004884 -0.008467
1305031546.644200 -0.004186 -0.00911 -0.008048 0.01591 -0.002798 -0.007517
1305031546.676003 -0.0007122 -0.005218 -0.008125 0.01747 -0.007787 -0.003459
1305031546.707934 -0.003596 -0.006946 -0.00748 0.01193 -0.005647 -0.003916
1305031546.743887 -0.0006569 -0.008344 -0.007214 0.01637 -0.01214 -0.002014
1305031546.775864 0.0002142 -2.053e-05 -0.008949 0.02337 -0.007683 0.001126
1305031546.807996 3.547e-05 -0.001416 -0.007716 0.01048 -0.004872 1.393e-05
1305031546.844079 0.002339 -0.003241 -0.006478 0.005526 -0.00233 -0.0008119
1305031546.876064 -0.003679 0.002678 -0.006447 0.00958 0.009107 0.002946
1305031546.907783 -0.001237 0.002891 -0.004816 -0.0003948 0.001253 0.003352
1305031546.943858 0.002535 -0.004649 -0.003134 -0.01195 -0.002176 0.00385
1305031546.975884 0.001071 -0.002154 -0.00419 -0.0003076 0.00229 0.005283
1305031547.011984 -0.0003326 0.003356 -0.003478 0.001028 0.006189 0.004021
1305031547.044214 -0.004083 -0.002202 -0.002783 -0.00589 0.004821 0.003591
1305031547.076346 -0.001553 0.003802 -0.001914 0.0002334 -0.005048 0.004427
1305031547.111991 -4.823e-05 0.001788 -0.0005745 -0.007635 -0.006335 0.002172
1305031547.144071 0.001907 -0.001449 0.001245 -0.01214 -0.006707 0.0006649
1305031547.175909 0.002953 -0.001951 0.001715 -0.007365 -0.0025 -0.003138
1305031547.211964 -0.001333 0.003691 0.001275 0.0006531 0.009038 -0.0003418
1305031547.244113 -0.002362 0.002633 0.002232 -0.00469 0.005565 0.0008149
1305031547.276546 0.001296 -0.001237 0.003054 -0.009426 -0.000507 0.001551
1305031547.312261 -9.265e-05 0.002197 0.002507 -0.002065 0.002649 0.0009061
1305031547.344192 0.00227 -0.0002728 0.003246 -0.005282 0.001091 -0.001198
1305031547.376753 6.613e-05 0.0008259 0.00175 -0.001151 0.00761 -0.001585
1305031547.412260 -0.0009757 0.00206 0.00161 -0.001491 0.007727 -0.0004945
1305031547.444472 -0.001764 0.002361 0.000758 -0.00188 0.005739 0.001537
1305031547.476347 -0.00048 0.0006807 0.001137 -0.006744 0.001194 0.002061
1305031547.512114 4.037e-05 -0.002061 0.0005487 -0.005406 -0.001341 0.001488
1305031547.544015 -0.001172 0.003389 -0.0009042 0.002696 -0.0002529 0.001434
1305031547.576437 0.0008888 -0.001348 0.0005158 -0.005966 -0.002574 -0.001613
1305031547.612296 0.0002494 -0.00144 -0.0007331 0.001032 -3.199e-05 -0.001247
1305031547.644160 -0.003124 0.005449 -0.001904 0.005791 0.003396 -0.001394
1305031547.677287 0.000917 -0.006461 0.001105 -0.008366 -0.004404 -0.001181
1305031547.712338 -0.002642 0.003376 -0.003056 0.0131 0.0006752 0.001105
1305031547.744332 -0.000871 0.003972 -0.0001454 0.0006752 -0.00223 -0.0006583
1305031547.776390 -5.488e-05 -0.003715 0.0003738 -0.005978 -0.002785 0.00173
1305031547.812317 -0.002357 0.002443 -0.001204 0.004106 -0.001083 0.001456
1305031547.844564 0.001554 -0.0006271 0.0008876 -0.002896 -0.005026 -0.0009474
1305031547.876362 -0.001019 -0.0005338 -0.0004334 0.001449 0.001147 0.0002653
1305031547.912744 -0.001557 0.002382 -0.0003422 0.002189 4.786e-05 -0.0009679
1305031547.944304 9.754e-05 -0.001041 0.0004197 -0.002216 -0.001985 -0.0005104
1305031547.976482 -0.0001631 0.0004297 4.787e-05 0.0009526 -0.0004069 8.403e-05
