1341836537.687415 0.001251 -0.003121 0.002134 0.001361 1.295e-05 -0.0004797
1341836537.723576 0.001305 0.0001284 0.0009535 0.001789 -0.00178 0.002403
1341836537.755501 0.001491 -0.0006144 0.003809 0.002103 -0.003201 0.002124
1341836537.787367 0.001317 0.0005104 0.002024 0.003035 -0.00295 -0.001385
1341836537.823375 -0.001927 0.001434 0.002564 0.002139 0.0005346 -0.0008567
1341836537.855421 0.00182 -0.003601 -0.0005915 0.0001839 -0.001881 0.005174
1341836537.887593 0.002841 0.007286 0.002367 0.002651 -0.00534 0.007121
1341836537.923463 0.005454 0.0006526 0.001738 -0.003565 -0.007356 -0.001743
1341836537.955620 -0.001615 -0.002183 0.00351 -0.002773 -0.002856 -0.007737
1341836537.987525 -0.00341 -0.004921 -0.002079 -0.001082 -0.00212 -0.001181
1341836538.023300 -0.0001248 0.001329 0.002167 0.0006497 -0.00613 0.005233
1341836538.055509 -0.00365 0.003932 0.003927 0.0005839 -0.001217 0.0003008
1341836538.087628 -0.002 -0.004276 0.0007314 -0.002444 0.005756 0.0003294
1341836538.123334 0.006225 -0.002625 -0.001635 -0.0003115 -0.0008173 0.006447
1341836538.155344 0.003826 0.005919 0.003873 0.001206 -0.003985 0.004544
1341836538.191519 0.004085 -0.002858 0.001102 -0.002522 -0.0001282 -0.003685
1341836538.223356 0.004221 -0.001285 0.001294 -0.0001213 -0.0005055 -0.002948
1341836538.255568 0.001759 0.002361 -0.0001646 -0.0008793 -0.002299 0.000302
1341836538.291700 0.004821 -0.00428 0.003021 -0.003485 -0.001225 -0.001987
1341836538.323323 0.005734 0.001185 0.0004229 0.0005989 -0.001543 -0.003839
1341836538.355402 0.003685 -9.869e-05 0.002145 -0.002785 -0.00152 -0.003635
1341836538.391298 0.006278 -0.006065 0.0003924 -0.003384 -0.002469 -0.003394
1341836538.423501 0.005408 -0.0002924 0.003305 0.001732 -0.003696 -0.002963
1341836538.456232 0.001941 -0.0003811 0.001041 0.00138 -0.0003954 -0.005563
1341836538.491425 0.003332 -0.0007153 0.001147 0.0008269 0.0003304 -0.002473
1341836538.523417 0.004297 0.0005813 0.0002594 0.0005383 -0.002612 -0.0003012
1341836538.556411 0.0001272 0.000669 0.002173 0.0008556 0.002227 -0.002167
1341836538.591453 0.006417 -0.0003368 -0.002518 -0.001074 0.001387 0.001226
1341836538.623386 0.009029 -0.0006362 0.001534 -0.001895 -0.005483 0.0002777
1341836538.659232 0.002608 -0.001355 0.002207 0.0003491 -0.00188 -0.005994
1341836538.691411 0.005374 -0.002415 -0.0008849 2.553e-05 -0.001478 -0.004975
1341836538.723365 0.005088 -0.002156 -0.0003012 0.0003005 -0.00514 -0.005555
1341836538.759383 0.002551 0.003082 0.002145 0.003264 -0.005311 -0.007913
1341836538.791663 -0.0002072 -5.967e-05 0.0006932 -0.0007357 0.001249 -0.006586
1341836538.824233 0.004041 -0.00545 -0.001369 -0.001505 0.00144 -0.001807
1341836538.859625 0.006284 0.00168 0.0006406 0.003135 -0.004532 -0.002133
1341836538.891338 -0.0007923 0.003569 0.001851 0.002144 0.002896 -0.007457
1341836538.924362 0.0002419 -0.003147 -0.004576 -0.001808 0.01097 -0.0006617
1341836538.959281 0.005015 -0.006029 -0.005359 -0.004172 -0.002088 0.007586
1341836538.992295 0.004158 0.007892 0.005963 0.002304 -0.01128 -0.003799
1341836539.028701 -0.001703 0.004547 0.002714 -0.001288 -0.0005018 -0.01269
1341836539.059493 0.004593 -0.00542 -0.005915 -0.005165 -0.001904 -0.002383
1341836539.092314 0.00432 0.001578 -0.002004 -0.002944 -0.005899 0.004654
1341836539.127236 0.003378 -0.0001191 0.0001122 -0.003492 -0.0008207 -0.000565
1341836539.159608 -0.0001322 -0.005979 -0.00328 -0.002841 0.008423 0.0002719
1341836539.195388 0.00695 -0.002727 -0.003716 0.0008451 0.002093 0.008979
1341836539.227456 0.00827 0.001239 -0.0003597 0.003494 -0.004346 0.008288
1341836539.260399 0.005625 0.005767 0.003255 0.006027 -0.003498 -0.002461
1341836539.295519 0.00292 0.0004332 -0.001402 0.002902 0.002717 -0.004821
1341836539.327434 0.005708 0.001339 -0.002165 0.001334 0.0001385 0.004731
1341836539.363371 0.00694 0.001815 0.001074 0.000489 -0.003789 0.003388
1341836539.395523 0.005799 -0.0004285 0.0004265 0.001807 -0.0001028 -0.003161
1341836539.427397 0.005686 -0.001037 -0.003454 0.0005565 0.001254 0.00088
1341836539.463424 0.006594 0.0001066 -0.001619 0.001078 -0.004839 0.004489
1341836539.495503 0.004669 0.004769 0.002454 0.001093 -0.004422 -0.0003341
1341836539.531399 0.005226 -0.00563 -0.0006001 -0.00195 0.001019 -0.003569
1341836539.563358 0.006617 0.00322 -0.00234 0.002492 -0.002662 -0.001052
1341836539.628437 0.009117 -0.0005004 0.0008745 -0.005362 -0.006381 0.0007236
1341836539.692462 0.006875 -0.002297 -0.002804 -0.002404 0.001447 -0.001686
1341836539.728498 9.824e-05 -0.002066 0.0003128 -0.0009733 -0.001537 0.005567
1341836539.760370 0.002445 0.001829 0.001834 0.001361 -0.002854 0.001342
1341836539.796542 0.003894 -0.001708 -0.0002982 -0.0001394 -0.000781 -0.0006177
1341836539.828612 0.002169 0.001044 -0.000806 0.002405 -0.001485 0.001257
1341836539.860428 0.00386 0.003186 -0.001379 0.0003687 -0.003751 0.005214
1341836539.896538 0.005914 -0.002184 0.001219 -0.001849 -0.003801 0.0001994
1341836539.928277 0.004365 0.002365 -6.995e-05 0.0009714 -0.001446 -0.004301
1341836539.967421 0.004507 -0.00294 -0.001675 -0.002318 -0.000608 -0.00267
1341836540.028550 0.00454 -0.002078 -0.0003671 -0.0008351 3.185e-05 -0.002712
1341836540.064319 0.00531 -0.0004741 -0.001328 0.00224 -0.0007804 -0.002145
1341836540.096659 0.002814 -0.000444 -0.001284 0.000924 0.0001511 -0.00138
1341836540.128316 0.004404 -0.005746 -0.004268 0.0007372 0.001771 -0.001302
1341836540.164722 -0.000334 0.002492 -0.0005932 0.003973 0.002456 0.0003861
1341836540.196409 0.000395 0.004045 0.0002051 0.002361 -0.0007376 -0.002537
1341836540.232442 0.004691 -0.003063 0.0003509 0.0006263 -0.001508 -0.008903
1341836540.264342 0.003495 0.001635 -0.003573 0.004079 0.001399 -0.005491
1341836540.296462 0.003146 0.009004 9.698e-05 0.0001502 -0.001324 0.001197
1341836540.332431 0.003723 -0.002056 0.001101 -0.005445 4.666e-05 -0.006575
1341836540.364486 0.002688 -0.007902 -0.002724 -0.003811 0.005854 -0.008044
1341836540.396559 0.0002215 0.005042 -0.002943 0.0024 0.004498 0.002259
1341836540.432557 0.0004006 0.0007473 0.000313 -0.002856 0.00338 0.004758
1341836540.464302 6.842e-05 -0.004918 -0.0006552 -0.003061 0.006975 0.0007
1341836540.500473 -0.0007936 -0.0002047 -0.001033 0.001761 0.00662 0.003426
1341836540.532753 -0.002138 0.0002151 0.001051 0.002698 0.002302 0.006718
1341836540.564528 0.0004233 0.005447 0.001801 0.004507 -0.0005764 0.003076
1341836540.600372 0.001903 -0.001641 0.0005288 0.0002219 0.0004901 -0.002556
1341836540.632355 0.0005167 0.001115 -0.001513 0.00262 -0.0006238 0.001353
1341836540.664373 0.002001 0.0002602 0.0007311 0.001145 -0.003968 0.005588
1341836540.700377 0.003312 0.001387 0.002874 0.001487 -0.002089 -0.0004037
1341836540.732431 0.001254 -0.003539 -0.000538 -0.0006673 0.003171 -0.002291
1341836540.768334 0.002561 0.0007026 -0.0004783 0.002297 -0.001422 0.002313
1341836540.800341 0.003575 0.004368 0.003677 0.002447 -0.004013 -0.001537
1341836540.832332 0.0009238 -0.007259 -0.0003246 -0.004078 0.004254 -0.002341
1341836540.868402 0.003501 -0.002318 -0.001428 -0.0005199 0.001681 0.004861
1341836540.900301 0.001766 -0.0009032 0.002477 0.001342 -0.000986 0.004046
1341836540.932326 0.005184 -0.0003795 0.002323 0.002153 -0.001643 -0.0008276
1341836540.968285 0.004903 0.003638 0.001434 0.003524 -0.002618 -0.00376
1341836541.000321 0.005135 -0.001079 0.0005397 -0.002664 -0.002987 -0.001568
1341836541.036246 0.00542 -0.003199 0.001333 -0.003615 -0.00131 -5.936e-05
1341836541.071359 0.007114 0.0002965 0.0004863 -0.001608 -0.002648 0.0001914
1341836541.103403 0.00632 -0.0008512 0.002538 -0.001598 -0.004665 -0.002362
1341836541.139243 0.004738 -0.007139 -0.0007662 -0.000393 -0.00393 -0.003015
1341836541.171340 0.005724 0.00585 0.002448 0.004274 -0.005298 0.002702
1341836541.204384 0.007782 -0.002781 0.004445 -0.003134 -0.004516 -0.003177
1341836541.239253 0.004223 -0.003265 0.002458 -0.0008011 0.000153 -0.00393
1341836541.271362 0.004492 0.0001624 0.002267 0.002073 -0.002654 0.001012
1341836541.304263 0.005997 -0.003196 8.093e-05 7.448e-05 -0.004307 0.001458
1341836541.339433 0.005529 -0.001107 0.003651 0.001967 -0.002016 0.001857
1341836541.371310 0.005681 0.001317 0.003857 0.003246 -0.004213 -0.0009165
1341836541.407187 0.004143 -0.0008783 0.00461 0.003169 -0.003661 -0.00149
1341836541.439348 0.005653 0.001336 0.003262 0.001726 -0.002064 0.002579
1341836541.472293 0.007355 -0.001168 0.003861 0.0001843 -0.002759 0.002324
1341836541.536336 0.01432 0.003124 0.007536 0.004671 -0.008781 -0.001804
1341836541.572445 0.007539 -0.00341 0.003469 0.0008194 -0.004961 -0.002786
1341836541.604378 0.006921 -0.000442 0.003135 0.002361 -0.00397 0.00017
1341836541.636347 0.008542 0.0007644 0.003625 0.001543 -0.005696 -0.001127
1341836541.707556 0.01534 -0.004098 0.005588 0.001087 -0.0086 -0.004254
1341836541.772337 0.01838 -0.002421 0.008056 0.006353 -0.00534 -0.005525
1341836541.804378 0.005938 -0.00371 0.00102 -0.002947 0.0009926 0.0009952
1341836541.840291 0.005231 -0.002802 0.004557 0.001496 -0.0005486 0.003991
1341836541.872463 0.005456 0.00874 0.005857 0.00553 -0.003749 0.008198
1341836541.904436 0.008317 0.003819 -9.357e-05 -0.004498 -0.005267 -1.17e-05
1341836541.940356 0.006444 -0.003436 0.01023 -0.008757 -0.001679 -0.00188
1341836541.972296 0.007081 -0.003302 0.005039 -0.005059 -0.001742 -0.003385
1341836542.008370 0.008963 -0.007356 0.0004449 -0.003805 -0.0007456 -0.004509
1341836542.040580 0.00545 0.003814 0.002133 -0.0006032 0.001376 0.001876
1341836542.108713 0.01174 -0.005777 0.006097 -0.01019 -0.001928 -0.0005465
1341836542.140542 0.006024 -0.0003375 0.001122 -0.00166 0.002367 -0.002225
1341836542.172392 0.004559 0.000832 0.002696 -0.00151 1.525e-05 -0.000886
1341836542.208374 0.00798 -0.006958 -8.604e-05 -0.004401 0.0003681 -0.001869
1341836542.276490 0.01112 0.004223 0.005091 0.0008021 -0.0006611 -0.003034
1341836542.308326 0.007266 -0.006005 -0.001143 -0.004657 -0.0001253 0.0005312
1341836542.340362 0.00299 0.005859 0.003075 0.001995 -0.001036 0.00311
1341836542.376345 0.005979 0.006618 0.002086 0.0009695 -0.008029 0.002198
1341836542.408921 0.008357 -0.01039 0.001419 -0.008625 -0.00574 -0.002283
1341836542.444516 0.007251 -0.01361 -0.0006436 -0.003106 -8.38e-05 -0.00332
1341836542.476425 0.004086 0.008809 0.001689 0.008277 -0.001632 0.005535
1341836542.508460 0.007167 -0.001762 0.003604 0.001366 -0.004557 0.002732
1341836542.544563 0.006319 -0.001332 -0.0004596 0.00177 0.0002031 -0.002527
1341836542.576562 0.001541 0.009624 0.004004 0.004389 -0.001749 -0.001565
1341836542.608657 0.008006 0.0004152 0.001257 1.524e-05 -0.007112 -0.00673
1341836542.644314 0.009367 -0.01708 -0.008091 -0.008058 -1.572e-05 -0.005757
1341836542.676494 0.003447 0.003701 0.0007791 0.001881 0.004575 0.003203
1341836542.712387 0.003968 0.00161 0.0006761 0.001326 0.0006896 0.001349
1341836542.744408 0.006168 -0.008026 -0.004051 -0.002848 0.00351 -0.001231
1341836542.776383 -0.0001146 0.009908 0.00324 0.004083 0.00455 0.001056
1341836542.812247 0.002159 0.005462 0.003422 0.0008998 -0.001707 -0.003217
1341836542.844426 0.007729 -0.0124 -0.004521 -0.005295 -0.0008692 -0.008716
1341836542.876340 0.004565 -0.0004515 -0.003406 1.532e-05 0.002823 -0.001637
1341836542.912372 0.003724 -0.0006139 -0.0007161 -0.000427 0.001204 0.001438
1341836542.944447 0.005929 -0.0038 -0.001953 -0.001783 0.001616 -0.001193
1341836542.980341 0.003343 0.0002074 0.0003378 -0.0006277 0.002695 0.0007482
1341836543.012422 0.003805 0.001204 0.002382 0.001862 -0.0006054 -0.0002857
1341836543.044312 0.006787 -0.002303 -0.0002453 0.0009023 -0.002465 -0.003616
1341836543.080484 0.006739 -0.003048 -0.0008404 0.001166 -0.001197 -0.003434
1341836543.112482 0.006165 0.0005464 -6.494e-05 0.00363 -0.0027 -0.0004132
1341836543.151803 0.007764 -0.002598 -0.0007608 -1.256e-05 -0.002476 0.001737
1341836543.212330 0.01267 0.01399 0.00893 0.007946 -0.008384 -0.002315
1341836543.248396 0.00966 -0.01372 -0.002696 -0.004457 -0.003756 -0.009375
1341836543.280522 0.006602 -0.002297 -0.003824 0.000809 0.001555 0.00108
1341836543.312360 0.003189 0.005815 0.003756 0.002655 -0.000917 0.009181
1341836543.348486 0.005813 0.000292 0.005156 0.001764 -0.00278 0.0006178
1341836543.380347 0.006526 0.007709 0.002369 0.004812 -0.003247 -0.005133
1341836543.416470 0.008346 -0.0006101 -0.000439 -0.0002706 -0.005581 -0.006104
1341836543.451421 0.007688 -0.007248 -0.006179 -0.004136 -0.001835 -0.001515
1341836543.483494 0.004316 0.00824 0.005503 0.0008735 -0.0007364 0.004749
1341836543.519290 0.008699 -0.001466 0.002168 -0.001009 -0.00474 -0.00459
1341836543.551512 0.005923 -0.003403 -0.003366 -3.419e-05 -0.001224 -0.003149
1341836543.583524 0.00425 0.008901 0.002933 0.003676 -0.004855 0.003491
1341836543.619354 0.008898 -0.007488 0.0002773 -0.001127 -0.006918 -0.004226
1341836543.652624 0.005926 -0.005375 -0.005085 -0.0007062 0.0002378 -0.002029
1341836543.684407 0.003672 0.00892 0.003951 0.004395 -0.002083 0.004286
1341836543.719296 0.007106 -0.001389 0.0009362 0.001401 -0.006234 -0.0007659
1341836543.751406 0.006583 -0.002487 -0.0006786 -0.0002042 -0.001879 -0.005161
1341836543.787380 0.00549 0.001454 -0.002308 0.0004458 -0.000869 -0.003511
1341836543.819690 0.005998 0.001813 -0.00128 0.0004365 -0.002583 0.001022
1341836543.851349 0.00768 -0.004496 -0.0004603 -0.001851 -0.001765 -0.001578
1341836543.887421 0.006949 -0.003869 -0.003406 -0.001404 0.002079 -0.003915
1341836543.919383 0.003455 0.003941 -0.000664 0.002473 0.002386 0.002281
1341836543.952337 0.004962 0.00647 0.002115 0.002923 -0.002776 0.003083
1341836543.987350 0.006602 -0.00312 -0.0001203 -0.001559 -0.002449 -0.005508
1341836544.019495 0.004405 0.0002625 -0.001631 0.000692 -0.0008598 -0.004557
1341836544.052246 0.004851 0.004216 -0.001082 0.00276 -0.00479 0.000812
1341836544.087492 0.006846 -0.005078 -0.001683 -0.004131 -0.003783 -0.00194
1341836544.119369 0.004997 -0.008789 -0.003843 -0.004556 0.002255 -0.003252
1341836544.155476 0.001945 0.005593 0.0001898 0.004738 -0.0001397 0.006568
1341836544.187341 0.005822 0.003885 0.002823 0.003254 -0.006255 0.006929
1341836544.220394 0.006753 -0.009736 -0.0007871 -0.003382 -0.0007477 -0.004461
1341836544.255287 0.002509 0.005669 0.002025 0.00504 0.001845 -0.001447
1341836544.287478 0.003888 0.003357 0.0007511 0.004304 -0.004074 0.002021
1341836544.323292 0.00452 -0.001453 -0.002383 -0.0009827 -0.003467 0.003654
1341836544.355325 0.005151 -0.007451 6.558e-05 -0.004399 0.0007233 0.0002066
1341836544.387392 0.002809 0.004107 -0.0003818 0.001119 0.002847 0.0007316
1341836544.423303 0.004016 0.003728 0.0009503 -0.001628 -0.001111 0.004115
1341836544.455424 0.004615 -0.01076 -0.002242 -0.006102 0.0006474 0.0006715
1341836544.491390 0.002555 0.003158 0.001752 0.001242 0.003313 0.00465
1341836544.523560 0.004491 0.000402 0.00192 -0.001194 -5.445e-05 0.001405
1341836544.555305 0.003272 -0.005164 -0.004055 -0.002532 0.002561 0.002378
1341836544.591370 0.004353 -0.001322 0.001565 4.703e-05 0.001395 0.008659
1341836544.623377 0.006215 -0.001487 -0.0004216 0.001162 -0.0004721 0.006198
1341836544.659348 0.006417 0.001302 0.002435 -0.000769 0.0004001 0.002163
1341836544.691325 0.007529 0.0002571 0.002777 0.0003675 -0.002867 -0.002339
1341836544.727518 0.004714 -0.002168 -0.0005073 -0.0002922 -3.433e-05 -0.002392
1341836544.759494 0.006353 5.76e-05 -0.001005 -4.279e-05 0.0006539 0.0002259
1341836544.791668 0.005937 -0.002236 -0.0006033 -0.001833 0.001849 0.00116
1341836544.827466 0.009045 -0.002372 -6.873e-05 -0.0006599 -0.0004721 0.0005568
1341836544.859305 0.005549 -0.0005688 -0.002426 -0.0004309 0.001692 0.00155
1341836544.895467 0.008057 0.0001164 0.001323 -0.00133 -0.001063 0.004274
1341836544.927304 0.009949 -6.908e-05 0.003553 0.0004334 -0.005814 -0.0001391
1341836544.959325 0.007255 -0.000214 9.446e-06 -0.0005599 -0.003541 -0.005938
1341836544.995539 0.005577 -0.001143 0.0001498 -0.00301 -0.000608 -0.003999
1341836545.027344 0.007504 -0.001568 0.001631 -0.0007782 -0.003201 0.0006339
1341836545.059375 0.008576 -0.003144 0.0008509 -0.0007051 -0.002764 -0.0007436
1341836545.095388 0.008435 -0.001557 0.003342 -0.0001655 -8.493e-05 -0.004512
1341836545.127468 0.008497 0.005273 0.004062 0.002479 -0.004273 -0.002826
1341836545.163386 0.00684 -0.006362 0.002492 -0.001991 -0.002895 -0.005546
1341836545.195497 0.003511 -0.002181 0.000708 0.002472 0.002496 -0.003478
1341836545.227397 0.006313 0.008033 0.002374 0.005285 -0.003337 0.007393
1341836545.263290 0.01108 -0.001693 0.003279 -0.0004662 -0.009008 0.00294
1341836545.295536 0.007213 -0.004425 -0.0008273 -0.002302 -0.002269 -0.007154
1341836545.327474 0.00641 0.001581 0.00113 -0.00151 -0.0004817 -0.00393
1341836545.363462 0.00838 -0.001507 0.003055 -0.000232 -0.004516 -0.002349
1341836545.395566 0.007701 -0.009247 0.001028 -0.001957 -0.0008825 -0.007258
1341836545.427508 0.007573 -0.0007691 0.004029 0.006058 -0.001214 -0.006938
1341836545.463411 0.007365 0.004939 0.005639 0.00982 -0.009094 -0.001818
1341836545.495417 0.004044 -0.001688 0.003498 0.004539 -0.003907 -0.004172
1341836545.531468 0.006866 -0.001088 0.0007298 0.0009855 0.0003767 -0.002978
1341836545.563294 0.01028 -0.001452 0.002889 0.0008261 -0.004488 -0.001805
1341836545.595508 0.006372 -0.005757 0.001493 0.001274 -0.0009877 -0.002375
1341836545.631269 0.007524 -0.00101 0.0009325 -0.0001321 0.002365 -0.00199
1341836545.663475 0.008562 -0.005413 0.001913 -0.00107 0.0009869 -0.001227
1341836545.695896 0.005739 -0.003586 0.001339 0.002843 0.00163 0.003058
1341836545.731477 0.007915 -0.0004956 0.002699 0.00276 0.001009 0.006617
1341836545.763607 0.01094 0.0005669 0.00514 0.001766 -0.00223 0.001118
1341836545.795383 0.006991 -0.0006421 0.003075 0.001883 -0.003125 -0.002959
1341836545.831377 0.00297 0.006408 0.003065 0.001911 -0.002944 0.001702
1341836545.863348 0.005476 -0.006512 0.001979 -0.005119 -0.002888 0.001922
1341836545.896341 0.004533 -0.005695 0.001934 -0.001384 0.0006439 0.001938
1341836545.931585 0.005197 0.001732 0.002944 0.002283 -0.0005682 0.006167
1341836545.963501 0.007873 -0.002466 0.002637 -0.001358 -0.003642 0.003896
1341836545.999215 0.006199 -0.004077 0.003447 4.637e-05 -0.001661 -0.0006382
1341836546.031467 0.005876 0.00353 0.003876 0.003268 -0.004287 3.409e-05
1341836546.063373 0.005455 -0.00244 0.003192 -0.0008046 -0.005821 -0.0007383
1341836546.099306 0.004947 -0.004686 0.002511 -0.0002198 -0.003596 -0.001706
1341836546.131834 0.005443 0.0001843 0.002366 0.001875 -0.003207 -0.002426
1341836546.164355 0.004836 0.0002743 0.002187 -0.0002824 -0.003299 -0.002634
1341836546.199264 0.005838 -0.00179 0.00243 -0.001541 -0.003308 -0.002521
1341836546.231493 0.005238 -0.004052 0.0005294 -0.002464 -0.002784 -0.003924
1341836546.264287 0.002466 -0.004013 0.0002421 -0.001888 0.002198 -0.002144
1341836546.299427 0.005305 -0.0009994 0.001087 -0.0002791 0.0004859 0.002598
1341836546.331292 0.005061 0.0009257 0.001185 0.0005207 -0.0007306 0.003918
1341836546.367416 0.004328 -0.003295 0.0009531 -0.002922 0.0008519 0.0026
1341836546.399555 0.0056 -0.001885 0.001072 -0.0009276 0.0006493 0.002585
1341836546.432297 0.004096 0.000331 0.001631 0.001366 -0.0003496 0.004572
1341836546.467482 0.005783 -0.0001867 0.0004712 -0.001197 -0.001722 0.005105
1341836546.499225 0.01019 -0.001512 0.00133 -0.001153 -0.005297 -0.0006102
1341836546.535507 0.007022 -0.0006307 0.001494 -6.57e-05 -0.006687 -0.005052
1341836546.567385 -0.001406 -0.00267 0.001738 -0.0013 0.0004304 -0.004933
1341836546.599295 -0.0009652 -9.363e-05 -0.0003235 -0.001774 0.004295 0.005105
1341836546.635406 0.01111 -0.0004064 -0.0001356 -0.001168 -0.004816 0.007914
1341836546.668046 0.008303 -0.002474 0.001228 -0.002164 -0.003183 -0.0009485
1341836546.703485 0.002495 3.975e-05 0.0007724 -0.001371 0.001458 -0.002112
1341836546.738692 0.005542 0.001545 -0.0002206 -0.0009048 -0.001593 0.003938
1341836546.803475 0.0133 -0.007378 0.0008656 -0.006028 -0.001739 0.002202
1341836546.868495 0.01697 7.307e-05 -0.000221 -0.0007672 -0.005901 -0.0003276
1341836546.900379 0.005332 -0.006758 0.001934 -0.002662 0.001521 -0.006911
1341836546.932517 0.003699 -0.002696 0.0005664 -0.0004728 0.005868 -0.004847
1341836546.971295 0.005479 -1.77e-05 0.0001608 0.001648 0.002844 0.003197
1341836547.032580 0.0193 -0.004953 0.002727 0.004683 -0.0005 -0.003279
1341836547.068622 0.01197 0.004397 -0.0004022 0.002746 -0.00311 0.0003707
1341836547.100577 0.01855 -0.0002193 -0.0002436 -0.0007738 -0.01282 8.112e-05
1341836547.136348 0.009743 -0.002756 0.00345 0.0004423 -0.008067 -0.00792
1341836547.168609 0.01015 -0.002753 0.0005002 0.002457 -0.006095 -0.009726
1341836547.200315 0.008967 0.002568 0.001676 0.005299 -0.009885 -0.00701
1341836547.236411 -0.001886 0.0002852 0.006769 0.00116 0.0007912 -0.004863
1341836547.269507 0.006817 -0.003278 0.001882 -0.0007661 0.002065 8.424e-05
1341836547.300389 0.008565 0.0005512 0.002099 0.002034 -0.001523 0.001667
1341836547.336435 0.009898 -0.002227 0.002299 0.00131 -0.002589 -3.795e-05
1341836547.368600 0.01075 -0.00114 0.00261 0.002928 -0.004537 -0.00367
1341836547.404507 0.002195 0.0004531 0.004128 0.003064 0.001045 -0.002212
1341836547.436484 0.05466 -0.08377 -0.3637 -0.03503 -0.03512 -0.01792
1341836547.475394 0.01213 -0.004608 0.0121 -0.002393 -0.002235 0.001304
1341836547.536533 -0.07156 0.05391 0.307 0.0128 0.03268 -0.003434
1341836547.568431 0.00574 -0.002792 0.002337 -0.00263 -0.0008466 -0.00226
1341836547.604254 0.001666 -0.002676 0.001824 -0.0001287 0.005436 -0.001619
1341836547.636420 0.01265 0.004704 -0.0006441 0.001343 -0.00129 0.003436
1341836547.672322 0.008522 -0.001907 0.001485 -0.002608 -0.0008527 -0.0007489
1341836547.704389 0.007414 -0.001594 0.001171 -0.001232 0.00176 -0.004596
1341836547.736516 0.007766 0.00238 0.0005836 0.0003124 -0.0002205 -0.0023
1341836547.772413 0.002704 -0.0022 0.00269 -0.001349 0.002552 -0.001765
1341836547.804409 0.007814 0.0003117 5.785e-05 0.0002104 0.001307 0.001135
1341836547.840336 0.009245 0.001964 0.0001187 0.0001924 -0.001433 -0.0009412
1341836547.872370 0.0008484 -0.000896 0.003071 -0.001517 0.004666 -0.004177
1341836547.904524 0.007078 0.0004139 -0.0004369 0.0008472 0.002553 -0.001039
1341836547.940212 0.007803 0.001716 -0.0002521 -0.0008337 -2.057e-05 -0.000257
1341836547.972282 0.007107 -0.000924 -0.000199 -0.00112 0.0001725 -0.003375
1341836548.004382 0.006136 -0.001543 -0.0005127 0.001115 -0.0008125 -0.003122
1341836548.040419 0.003279 0.002614 0.0006093 0.002106 0.0002945 -0.001998
1341836548.072298 -0.0008562 0.0006644 0.002368 -0.0009878 0.004511 -0.0003421
1341836548.108439 0.005679 0.0003385 -0.0007561 -0.0006032 0.002212 0.002653
1341836548.140411 0.007424 0.0003341 -0.001134 -0.0008407 -0.0003808 0.001136
1341836548.172332 0.001993 -0.0001136 0.0003308 -0.0003716 0.003033 -0.000661
1341836548.208477 0.003723 0.0008691 -0.000338 0.0001826 0.002111 0.002523
1341836548.240362 0.009236 -0.002399 -0.001955 -0.001518 -0.002336 0.003988
1341836548.272973 0.005184 0.001624 -0.0004938 0.001104 -0.001236 0.001084
1341836548.308412 0.003817 -0.0006763 -7.467e-05 -0.0001389 2.787e-05 -0.0001918
1341836548.340462 0.01499 -0.001755 -0.004062 -0.0001181 -0.006904 -0.001152
1341836548.376493 0.01064 0.001156 -0.001134 0.001588 -0.008317 -0.004503
1341836548.411379 -0.008547 0.003354 0.005216 0.00098 0.00462 -0.007024
1341836548.443599 0.00435 -0.001875 -0.0008362 -0.001591 0.00134 0.001003
1341836548.479367 0.01907 -0.003415 -0.004508 -0.001295 -0.01056 0.001168
1341836548.511578 -0.006263 0.006286 0.005775 0.002769 0.00443 -0.006373
1341836548.543463 0.01055 -0.002808 -0.002405 -0.004027 -0.002079 0.0007795
1341836548.579379 0.01127 -0.003532 -0.0003467 -0.002367 -0.005953 0.0001261
1341836548.611299 0.0007796 0.002659 0.00358 0.002393 0.001455 -0.002413
1341836548.644283 0.02072 -0.002905 -0.004386 -0.002642 -0.01022 -0.0009033
1341836548.679357 0.009828 -0.002935 0.001269 -0.001836 -0.008474 -0.00553
1341836548.711385 0.002027 0.00454 0.005221 0.00256 -0.003455 -0.005205
1341836548.744381 0.00496 -0.0005453 0.004169 -0.002476 -0.002739 -0.002232
1341836548.779339 0.01208 -0.004433 8.054e-05 -0.00115 -0.00738 -0.0003765
1341836548.811351 0.01085 0.002584 0.002427 0.002548 -0.008455 -0.004034
1341836548.847326 0.003206 0.000555 0.005588 -0.0002384 -0.001701 -0.008068
1341836548.879497 0.008166 -0.001262 0.001781 -0.002291 -0.004877 -0.0003152
1341836548.912408 0.003637 0.0008559 0.006787 -0.00158 -0.002023 -0.0002236
1341836548.947401 0.007948 -0.002388 0.002788 -0.0006269 -0.001074 -0.002903
1341836549.015475 0.02106 -0.003955 0.002444 -0.000994 -0.01529 0.00382
1341836549.080349 0.0128 -0.003564 0.01018 0.0001402 -0.0073 -0.009677
1341836549.115351 -0.008826 0.002465 0.01209 0.002429 0.008224 0.0002961
1341836549.147492 0.01304 -0.001238 -0.00103 -0.0001888 -0.002394 0.0102
1341836549.183418 0.01405 -0.002852 0.001175 0.0007904 -0.00606 -0.001786
1341836549.215378 0.001563 0.0008583 0.005213 0.002066 0.00134 -0.006818
1341836549.247531 0.005413 0.003492 0.002889 0.001697 -0.002178 0.003367
1341836549.283330 -0.0001963 -0.001145 0.006784 -0.002511 0.002395 0.003009
1341836549.315584 0.007216 -0.004282 0.002269 -0.001505 0.00243 -0.0008313
1341836549.348171 0.007083 0.001245 0.00154 0.002352 -0.0002997 0.001506
1341836549.383316 -0.0003867 0.003411 0.005984 0.0002975 0.003247 0.006819
1341836549.415365 0.009519 -0.001143 0.0009918 -0.002558 0.0003664 0.004533
1341836549.451370 0.01237 -0.00175 -0.0009476 -0.001384 -0.003357 0.000416
1341836549.483381 0.006484 0.0003413 0.002866 -0.00062 -0.002419 -0.0001379
1341836549.515395 0.002466 0.0008798 0.004144 -0.001646 0.0007018 0.0009861
1341836549.551462 0.01121 -0.001554 -0.0003584 -0.002788 -0.003845 0.001799
1341836549.583462 0.003634 0.001275 0.004541 -0.0009323 -0.0001522 -0.002854
1341836549.619282 0.003781 -0.0002735 0.003788 -0.001718 0.001137 -0.001574
1341836549.651473 0.009293 -0.0006597 0.0007425 -0.001374 -0.002665 0.0004451
1341836549.683367 0.002842 0.0008871 0.004221 -0.001193 0.0005194 -0.001039
1341836549.719230 0.002815 0.001426 0.003413 -0.002131 0.002539 -0.0003415
1341836549.751414 0.009738 -0.002506 -0.0004098 -0.00306 -0.00178 -0.0003073
1341836549.787507 -0.001304 -0.0003882 0.0058 -0.000685 0.004152 -0.002117
1341836549.819340 8.638e-05 0.0006519 0.004384 -0.0001382 0.006718 0.002688
1341836549.851680 0.01044 -0.002216 -0.001012 0.0002465 0.0001707 0.003602
1341836549.887374 0.0007843 0.003483 0.00479 0.002888 0.005024 -0.0001865
1341836549.919465 0.005216 0.0009999 0.001163 0.001111 0.004463 0.0004281
1341836549.955410 0.008559 0.0001235 -0.000198 -0.0002944 -0.0008825 0.001681
1341836549.987370 -0.001567 0.003161 0.003945 -0.0005802 0.005725 0.001605
1341836550.019353 0.0111 -0.006799 -0.002412 -0.002445 -0.001599 0.0009872
1341836550.055341 0.003121 -0.0004859 0.001581 0.002902 0.0005042 -0.002422
1341836550.087353 0.000285 0.004142 0.002097 0.003357 0.004293 0.00141
1341836550.119416 0.009041 -0.001927 -0.001452 -0.001536 -0.002296 0.00264
1341836550.155369 0.0006533 0.0003931 0.002523 0.0003755 0.003017 -0.0009888
1341836550.187297 0.007968 -0.001022 -0.001226 0.0009399 -0.0002862 -0.00121
1341836550.223427 0.008213 0.0005004 -0.00169 0.001549 -0.004164 -0.002396
1341836550.255383 -0.003454 0.003339 0.004715 0.0005696 0.004904 -0.001825
1341836550.320516 0.01076 0.0009525 -0.0002553 -0.001203 0.007751 0.002856
1341836550.352459 0.00636 0.0003232 -0.001172 -0.001618 9.839e-05 0.005956
1341836550.384560 0.01003 -0.00119 -0.002068 0.0003859 -0.003199 -0.003077
1341836550.420444 0.004341 -0.0009843 -0.001083 0.001247 0.000613 -0.008363
1341836550.452358 0.006741 0.0001812 -0.0008327 0.0006436 -0.002338 -0.001709
1341836550.484436 0.004907 -0.0006119 -0.002236 -0.0001242 -0.0007207 -0.0009865
1341836550.520427 0.007041 0.0003941 0.002322 0.001005 0.00178 -0.00342
1341836550.552434 0.007922 -0.000617 -0.003417 0.0006989 -0.001016 -0.001742
1341836550.588509 0.007456 0.0009558 -1.603e-05 -0.0004386 -0.001907 -0.001033
1341836550.620438 0.006012 -0.003959 -0.002346 -0.001836 0.001935 -0.002384
1341836550.652656 0.0105 -0.002021 0.0001496 0.001109 -0.003966 -0.004553
1341836550.688439 0.00671 0.002924 -0.00364 0.002529 -0.005512 -0.002818
1341836550.720423 0.003452 0.0007069 0.001482 -0.0002329 -0.0004727 -0.004555
1341836550.752434 0.004373 7.124e-05 0.0009613 -0.0004375 0.002868 -0.002396
1341836550.788573 0.007382 9.971e-05 0.0001746 -0.0003505 -0.0003957 0.002965
1341836550.820368 0.009501 -0.001666 -0.001952 0.0009357 -0.006864 0.0003916
1341836550.856414 0.002189 0.006224 0.00363 0.003243 -0.0003871 -0.001505
1341836550.888343 0.006165 -0.00134 -0.001052 -0.002294 -0.0005401 0.002472
1341836550.920432 0.009094 -0.002337 -0.002096 -0.001305 -0.006881 0.002016
1341836550.956331 0.00603 -8.204e-05 -0.0008009 0.0007674 -0.005235 -0.001325
1341836550.988524 0.006388 0.003194 0.0003753 0.001879 -0.004086 -0.004904
1341836551.020555 0.003512 0.0008959 0.001429 -0.001053 -0.0009983 -0.0008885
1341836551.056360 0.007087 -0.002506 -0.001203 -0.002585 -0.003518 0.003232
1341836551.088410 0.008709 -0.00176 -0.0006486 0.0002663 -0.006452 -0.002291
1341836551.124405 0.002131 0.001609 0.002436 0.0005692 0.0003987 -0.003462
1341836551.156413 0.006126 -0.0005646 0.001177 -0.001134 -0.002246 0.003934
1341836551.188336 0.009388 -0.001414 -0.0007651 -4.595e-06 -0.007872 0.0009439
1341836551.224358 0.004919 0.0001175 0.002861 0.001127 -0.002392 -0.007156
1341836551.256305 0.006167 0.000545 0.00066 0.0007384 -0.003952 -0.003544
1341836551.292276 0.00555 -0.0008221 0.0007621 0.0003172 -0.005756 0.001134
1341836551.326846 0.006618 5.454e-05 0.001439 8.005e-05 -0.003263 -0.002451
1341836551.356394 0.005256 -1.978e-06 0.001997 0.0002476 -0.0004722 -0.005273
1341836551.392345 0.006733 0.0008058 0.0007369 0.000648 -0.003586 0.0003012
1341836551.424392 0.006806 -0.0003901 -0.00021 -0.000364 -0.005495 -0.000249
1341836551.456321 0.00367 0.001607 0.002544 -0.0007251 0.0005398 -0.005488
1341836551.492455 0.005686 0.003287 0.000115 -0.00232 -0.001413 -0.002159
1341836551.524730 0.004199 -0.00576 0.0002124 -0.006145 -0.00142 6.003e-05
1341836551.560490 0.003111 -0.002229 0.001499 -0.002651 0.002105 0.001127
1341836551.592523 0.007452 -0.00179 0.0004782 -0.0005244 -0.00193 0.0002652
1341836551.624484 0.004067 -0.002537 0.001307 0.001507 -0.001331 -0.003313
1341836551.660534 0.001528 0.003997 0.003461 0.003888 0.002554 0.002857
1341836551.692452 0.006835 -0.0005361 6.83e-05 -0.001177 -0.001828 0.004556
1341836551.724354 0.003752 -0.002225 0.001468 0.0008245 0.001254 -0.001198
1341836551.760297 0.006152 0.003144 0.001148 0.003443 -0.001389 0.001465
1341836551.792285 0.005556 -0.001066 -0.0008187 0.00178 -0.005332 0.0005927
1341836551.828378 0.0004759 0.001506 0.0031 0.001874 0.00146 -0.0003303
1341836551.860476 0.00595 0.000561 0.0005588 0.0004728 -0.0002455 0.00109
1341836551.892485 0.005796 0.003235 -0.0009021 0.0009459 -0.002479 -0.0001663
1341836551.928290 0.004615 -0.001738 -0.0008656 -0.002774 -0.001871 0.0005452
1341836551.960486 0.005046 -0.0008114 0.0003059 -0.001597 -0.000287 -0.003153
1341836551.992344 0.003759 -0.0006888 0.0008009 -0.0008594 0.001983 -0.002245
1341836552.028600 0.006091 -0.0001224 -0.0005236 -0.001741 -0.0006703 0.00261
1341836552.060303 0.006208 -0.002704 2.941e-05 -0.0009624 -0.001643 0.0001951
1341836552.096567 0.005499 0.0001386 0.0006672 0.0008254 -0.0002268 -0.002834
1341836552.131524 0.005499 0.002525 0.00118 -0.0004468 0.000127 -0.0002514
1341836552.163502 0.007372 -0.001533 -0.0004205 -0.001548 -0.004499 0.002482
1341836552.199321 0.006149 -0.001767 -0.0007327 6.935e-05 -0.005276 -0.001821
1341836552.231433 0.004793 -0.002016 0.0007416 -0.0002701 -0.002316 -0.003856
1341836552.264218 0.006233 0.001866 4.056e-05 0.0016 -0.005047 -0.0003403
1341836552.299306 0.006234 -0.0009486 -0.001399 -0.0005584 -0.006514 -0.002037
1341836552.331302 0.003326 -0.007977 0.001379 -0.002582 -0.0006037 -0.004861
1341836552.364350 0.006416 0.00361 0.003535 0.006173 -0.002161 0.002821
1341836552.399343 0.008646 0.006038 0.001698 0.003517 -0.007081 0.006196
1341836552.431418 0.008221 -0.00408 0.0001038 -0.003143 -0.004041 -0.005163
1341836552.467415 0.006788 -2.323e-05 0.001046 0.001935 -0.003699 -0.008289
1341836552.499249 0.006211 0.003024 0.0007198 0.002077 -0.006297 -0.001627
1341836552.532418 0.005341 -0.002121 0.001011 -0.001956 -0.003086 -0.001136
1341836552.567368 0.007744 -0.001029 0.001573 -0.002335 -0.0008317 -0.004332
1341836552.599391 0.005194 -0.003246 0.001918 -0.00188 0.0009634 -0.003156
1341836552.635473 0.005573 0.002784 0.002569 8.513e-05 0.001006 0.004902
1341836552.667375 0.01146 0.001172 0.0009595 1.69e-05 -0.004876 -0.0001493
1341836552.699343 0.005948 -0.001661 0.000794 0.000512 -0.002064 -0.01051
1341836552.735425 0.002953 0.002937 0.00319 -0.0001832 0.001728 -0.002204
1341836552.768247 0.008906 0.0005403 0.0009198 -0.001734 -0.00475 0.004604
1341836552.803477 0.006325 -0.002254 0.0005301 -0.001613 -0.003316 -0.00301
1341836552.864617 0.0126 0.003617 0.004235 -0.001108 -0.006396 -0.001961
1341836552.900505 0.004563 -0.004825 0.00225 -0.002904 -0.004331 -0.0006754
1341836552.932361 0.005138 -0.002182 0.002781 -0.0002205 -0.001521 -0.005202
1341836552.964441 0.004991 0.001351 0.003177 0.002388 -0.002621 -0.0008713
1341836553.001338 0.005235 -0.0006063 0.002303 0.0001115 -0.00368 0.002386
1341836553.032376 0.003449 -0.003805 0.003403 -0.001194 0.001831 -0.0007759
1341836553.068569 0.006125 0.003744 0.002926 0.001235 0.0003414 0.00177
1341836553.100441 0.006159 0.0004508 0.002287 -0.0004044 -0.002571 0.003104
1341836553.132383 0.005844 -0.0002065 0.001686 0.0008674 -0.003402 0.0001694
1341836553.168938 0.003852 -7.516e-05 0.001648 -0.0004746 -0.001303 -0.001071
1341836553.200403 0.005712 0.0006381 0.001668 -0.000598 -0.002204 0.001217
1341836553.232423 0.005672 -0.001042 0.0008997 -0.0001853 -0.003894 0.0004903
1341836553.269564 0.003789 0.0006191 0.001391 -0.001196 -0.001338 -0.0006723
1341836553.300359 0.005026 -0.002365 0.001104 -0.002822 -0.000118 -0.0007776
1341836553.336411 0.006883 0.002816 0.0005771 0.000592 -0.004213 -0.0004026
1341836553.368474 0.003599 -0.003003 0.0008402 -0.002826 -0.001678 -0.004729
1341836553.400445 0.00263 -0.005742 0.001551 -0.004075 0.003038 -0.003556
1341836553.436421 0.005588 0.003743 0.001909 0.0009701 -0.0005013 0.003329
1341836553.468477 0.007034 -0.0025 0.0007308 -0.001751 -0.003322 0.00148
1341836553.504461 0.003402 -0.002836 0.001319 -0.0002861 0.002575 -0.004954
1341836553.536341 0.007236 0.002822 0.002794 0.00177 -0.0002574 -0.001472
1341836553.568459 0.005831 0.002874 0.0004559 0.0009951 -0.004974 -0.001167
1341836553.604432 -0.0001156 -0.002648 0.0005604 -0.00307 0.002718 -0.002524
1341836553.636456 0.0048 0.0004493 0.001707 -0.001814 0.004118 0.002071
1341836553.668714 0.008264 0.001038 0.0005568 -0.001066 -0.003621 0.003427
1341836553.704420 0.004244 -0.004977 -0.0008479 -0.0003887 -0.001978 -0.001869
1341836553.736432 0.002554 0.005775 0.001684 0.005259 0.00432 -0.003296
1341836553.772413 0.007898 0.007176 0.0006799 -0.0005607 -0.00159 0.002855
1341836553.805308 0.005312 -0.0003843 -0.003138 -0.004166 -0.001481 -0.002652
1341836553.836430 0.003666 0.001208 -0.002016 -0.003242 0.0008219 -0.007518
1341836553.872431 0.002054 -0.0003411 -0.001577 -0.004367 0.001219 -0.001817
1341836553.904605 0.002261 -0.002959 -0.00199 -0.005062 0.00166 0.004794
1341836553.936434 0.004989 -0.000653 -0.0015 -0.003293 0.002995 0.003938
1341836553.972533 0.007373 0.004862 0.001112 -0.002175 0.002478 0.003099
1341836554.004482 0.007313 -0.001342 -0.002956 -0.004302 -0.003987 0.00441
1341836554.040423 0.004855 5.859e-07 -0.002316 -0.001531 -0.004787 -0.003628
1341836554.075305 -0.0002418 -0.0006512 -0.0009368 -0.00308 0.005061 -0.00718
1341836554.140435 0.0141 -0.0009124 -0.0005556 -0.004486 -0.001394 0.003933
1341836554.172892 0.004981 0.0009442 -0.001579 7.682e-05 0.0001928 -0.00441
1341836554.209182 0.003071 0.00246 -0.001033 -0.001797 0.004628 -0.002823
1341836554.243518 0.01112 -0.002747 0.0004636 -0.003435 -0.00611 0.003253
1341836554.278265 0.003594 -0.003963 -0.003476 0.0006728 -0.007219 -0.003546
1341836554.343525 0.006144 0.004918 -0.0009683 0.001448 -0.005921 -0.01308
1341836554.408617 0.008132 -0.003023 -0.0006738 -0.005591 4.933e-05 0.005626
1341836554.476388 0.0116 -0.0004786 0.00096 0.00324 -0.00394 0.006699
1341836554.511752 0.009119 0.0003431 0.001231 -0.0005468 -0.005487 0.005276
1341836554.545324 0.005285 -0.003371 -0.00106 0.001346 -0.007519 -2.291e-05
1341836554.576365 0.004735 0.001688 0.0009245 0.004016 -0.007993 -0.005709
1341836554.611474 0.002928 0.003124 0.001588 0.003048 -0.005872 -0.005955
1341836554.643517 0.003594 -0.003005 0.0007602 -0.001312 -0.005032 -0.00137
1341836554.679301 0.006453 0.002272 0.003233 0.0026 -0.005641 -0.0007091
1341836554.711387 0.0057 0.001549 -0.0004667 0.0001138 -0.006468 -0.001107
1341836554.744294 0.004972 -0.00372 0.0005262 -0.0002593 -0.006179 -0.004309
1341836554.779243 0.001911 -0.0003797 0.001572 0.002007 -0.002064 -0.001885
1341836554.811465 0.006808 0.002833 0.001216 0.0007137 -0.00422 0.004673
1341836554.844421 0.007525 -0.001336 0.001234 0.0004897 -0.005806 -0.001967
1341836554.879285 0.003279 -0.0002626 0.001775 0.001013 -0.0002548 -0.005683
1341836554.911347 0.004327 0.001334 0.001744 -0.0007003 0.0008445 0.002518
1341836554.947423 0.008595 -0.0001144 0.001008 -0.00112 -0.003475 0.004682
1341836554.979379 0.008174 -0.0002808 0.001094 0.001583 -0.006064 -0.004504
1341836555.012388 0.002135 -0.0005648 0.0009956 0.0005884 5.207e-05 -0.006541
1341836555.047398 0.003971 -0.001005 0.001486 6.556e-05 -0.001144 0.003133
1341836555.079410 0.006235 0.004012 0.0008472 0.0006302 -0.003453 0.003971
1341836555.115333 0.006187 -0.002214 0.0004535 -0.002293 -0.001026 -0.003305
1341836555.147403 0.004188 0.002773 0.0008006 0.0009007 -0.002571 -0.003776
1341836555.179327 0.001637 -0.0002981 0.0007454 -0.000996 -0.002925 0.002615
1341836555.215254 0.003653 -0.002888 0.0006426 -0.002004 0.0009522 0.002702
1341836555.247478 0.005923 0.003665 0.0003726 0.002111 -0.0005831 0.001892
1341836555.283336 0.005757 -5.087e-05 -0.0004573 -0.0002382 -0.006078 -0.001043
1341836555.315509 0.0007692 -0.002935 0.0003965 0.0004374 3.185e-05 -0.004179
1341836555.347557 0.002989 0.003689 0.0005544 0.00241 8.802e-05 0.0003768
1341836555.383389 0.005143 0.0005211 -0.0004491 -0.0008036 -0.002172 5.332e-05
1341836555.415569 0.001882 0.000269 -6.372e-05 -0.00123 0.001581 -0.002052
1341836555.451666 0.00336 0.001048 -0.0007492 -0.0006908 -0.0007723 0.002869
1341836555.483306 0.005859 -0.001605 -0.0009929 0.0002612 -0.006675 -0.001898
1341836555.515620 0.000476 0.001276 4.644e-05 0.002664 -0.001242 -0.008563
1341836555.551593 0.0007714 0.003353 -0.001001 0.000718 -0.001183 0.0001297
1341836555.583395 0.00344 0.0002025 -0.0007052 -0.0004148 -0.005774 0.001566
1341836555.619267 0.002562 -0.001163 -0.0005119 -0.002726 1.92e-05 -0.002557
1341836555.651764 0.002665 0.001234 -0.001719 -0.0008521 0.001126 -0.001679
1341836555.683433 0.002454 0.002727 -0.001169 -0.0005055 -0.005278 -0.001118
1341836555.719341 0.002383 -0.004494 0.001044 -0.004189 -0.003395 -0.004225
1341836555.751564 0.0002626 -0.002919 -0.0009571 -0.001952 0.002448 -0.002312
1341836555.787315 0.0007955 0.003307 -0.001636 0.002264 -0.002675 0.004179
1341836555.819769 0.003486 4.541e-05 -0.0009059 0.001047 -0.007504 -0.0005668
1341836555.851679 0.001166 0.003858 0.001403 0.001016 -0.002967 -0.006684
1341836555.887393 -0.0004097 0.003657 -0.002438 -0.001142 -0.003273 -0.0005013
1341836555.919578 -9.036e-05 0.00288 -0.0008587 0.001005 -0.009935 -0.003095
1341836555.955380 -0.001672 -0.002136 0.003635 -0.002725 -0.00671 -0.007897
1341836555.989240 -0.0001931 0.0006096 -0.002106 0.0004921 -0.006912 -0.003841
1341836556.019400 -0.0001149 0.003522 -0.0001642 0.001739 -0.01171 -0.004019
1341836556.055601 -0.0005783 -0.004239 0.003993 -0.003375 -0.008429 -0.004132
1341836556.087385 -0.002267 0.0006891 -0.001727 0.002346 -0.009073 -0.0001559
1341836556.119395 -0.0006635 0.00166 0.004703 0.001916 -0.01352 -0.003446
1341836556.155460 -0.0002942 -0.002997 0.004479 -0.001635 -0.008727 -0.007474
1341836556.187386 -0.005583 0.001446 -0.001974 0.002823 -0.01124 -0.003398
1341836556.219549 0.002723 -0.001618 0.01369 0.001372 -0.01624 -0.005692
1341836556.255513 -0.001016 -0.003998 0.006529 0.0004713 -0.004875 -0.001548
1341836556.287550 -0.0008864 0.006286 -0.002157 0.005456 -0.009249 0.009434
1341836556.319460 0.0005329 -0.003952 0.006656 -0.000224 -0.01133 -0.0007804
1341836556.355470 -0.0003378 -0.00151 0.005595 -5.584e-05 -0.005328 -0.005568
1341836556.387408 -0.0002511 -0.001077 0.002994 -0.0001818 -0.004628 0.003303
1341836556.423470 0.0008798 -0.002132 0.002882 0.000452 -0.006326 0.006631
1341836556.455541 0.001418 -0.004296 0.004876 0.0002064 -0.003567 -0.000591
1341836556.487492 0.001453 0.002065 0.0008573 0.003254 -0.003371 8.931e-05
1341836556.523491 0.001961 0.002059 0.003566 0.0007404 -0.004806 0.00115
1341836556.555480 0.002416 -0.006361 0.001565 -0.002888 -0.001771 -0.001848
1341836556.587472 0.003186 -0.00156 0.001064 0.0007737 -0.0006245 -0.001508
1341836556.623447 0.003439 -0.001107 0.002452 0.001434 -0.001619 0.001021
1341836556.655577 0.003647 -0.006969 0.003223 0.0005496 0.0006373 -0.0007073
1341836556.688390 0.004128 0.0003515 0.0005299 0.003451 0.00247 0.0001491
1341836556.723474 0.004308 0.002276 -9.262e-06 0.001968 0.001799 0.001566
1341836556.755589 0.005297 -0.00371 -4.166e-05 -0.002237 0.003331 0.001042
1341836556.791502 0.003121 -0.0008977 -0.002484 -0.000299 0.005229 0.004337
1341836556.823299 0.002625 0.004874 -0.002473 0.002641 0.0004602 0.002992
1341836556.855500 0.004719 -0.0009813 0.0003502 -0.001584 -0.0009034 -0.002451
1341836556.891411 0.00495 -0.00178 -0.001721 -0.001124 0.00235 -0.002514
1341836556.923356 0.002159 0.00552 -0.004871 0.0006054 0.001437 0.003724
1341836556.956491 0.004123 -0.001718 0.0009716 -0.003489 -0.0007923 -0.0007298
1341836556.991578 0.004885 -0.002734 -0.001381 -0.00277 0.003211 -0.0005591
1341836557.023423 0.0008007 0.007534 -0.003265 0.00169 0.00111 0.00832
1341836557.056479 0.003586 -0.002618 0.002482 -0.003219 -0.001484 0.0003038
1341836557.091401 0.005126 -0.002658 -0.003187 -0.002595 0.002898 0.0007603
1341836557.123977 0.0004226 0.006144 -0.00235 0.001819 0.0003601 0.007065
1341836557.159693 0.004046 -0.0003218 0.00158 -0.002244 -0.004042 0.001023
1341836557.191367 0.003961 -0.006719 0.00293 -0.003777 0.002034 -0.003775
1341836557.224237 0.001739 0.005318 -0.002824 0.001383 0.001144 0.003104
1341836557.259428 0.003544 0.0005459 0.001525 -0.00175 -0.002929 0.002599
1341836557.291320 0.004624 -0.004232 0.004562 -0.003165 -0.0003881 -0.004966
1341836557.327336 0.004313 -0.0002164 -0.001389 -0.000564 0.001458 0.002236
1341836557.359367 0.003689 0.003141 0.001487 0.0002983 -0.002218 0.002188
1341836557.391466 0.006079 -0.008907 0.004743 -0.003715 0.000447 -0.004903
1341836557.427430 0.004558 0.004745 0.001894 0.002908 0.002154 -0.0001701
1341836557.459285 0.006918 -0.002567 0.003575 -0.0006845 -0.0003618 -0.007166
1341836557.495372 0.006242 -0.005888 -0.0005606 -0.003743 0.00598 -0.002041
1341836557.527351 0.004786 0.00159 0.001523 0.0001671 0.004025 0.005176
1341836557.559823 0.007905 -0.005595 0.005132 3.928e-05 0.001901 -0.00461
1341836557.595345 0.005239 0.0005852 -0.001041 0.00154 0.006122 -0.0002736
1341836557.627527 0.005733 0.0007593 0.0002509 0.0006434 0.00207 0.004083
1341836557.663458 0.006601 -0.002215 0.00198 -0.00107 0.001529 0.0009782
1341836557.695389 0.00592 -0.0007173 0.0013 -0.001149 0.003096 -0.001122
1341836557.727634 0.004686 0.001004 0.001848 -0.0003724 0.001841 -0.0006917
1341836557.763370 0.004414 -0.00242 0.001336 -0.003437 0.002833 0.003193
1341836557.795557 0.007283 -0.002732 0.001812 -0.003464 0.001747 0.0005234
1341836557.831402 0.0042 -0.002193 0.003228 -0.00131 0.004323 -0.003871
1341836557.863496 0.004485 0.004718 0.0005817 6.121e-05 0.00152 0.005509
1341836557.895559 0.006437 -0.001597 0.001881 -0.002447 -0.002552 -0.0004247
1341836557.931492 0.004102 -0.009569 0.003042 -0.005212 0.00342 -0.01103
1341836557.963497 0.002667 0.001675 0.002942 -0.001395 0.004657 0.001078
1341836557.999327 0.006477 0.0023 0.0004983 -0.001114 -0.001608 0.00701
1341836558.031507 0.009948 -0.004905 -0.0007076 -0.003793 -0.0006218 -0.0003211
1341836558.063409 0.007507 0.0004465 0.00136 -0.0008971 0.004044 -0.006321
1341836558.099336 0.003679 0.005268 0.002487 -0.0003734 0.002691 0.001347
1341836558.131450 0.008893 -0.000357 -0.0001374 -0.002376 -0.002621 0.004356
1341836558.167388 0.01014 -0.0059 0.001295 -0.002325 -0.0005514 -0.006704
1341836558.199275 0.002851 0.003551 0.002561 0.002123 0.003953 -0.005293
1341836558.231310 0.004891 0.004207 0.001265 -0.0002626 -0.001927 0.004657
1341836558.267380 0.008515 -0.005119 0.0006913 -0.003998 -0.002014 0.000949
1341836558.299370 0.006735 0.0007563 0.001349 -0.0003015 0.001651 -0.003653
1341836558.331340 0.003031 0.001801 0.001505 -0.0001027 0.000778 -0.001434
1341836558.367521 0.005428 -0.0008405 0.001143 -0.001405 -0.002447 0.001424
1341836558.399507 0.006692 -0.003617 0.0001825 -0.0007996 -0.001568 -0.001809
1341836558.431424 0.003222 -0.0008236 0.001583 0.003012 4.448e-06 -0.005631
1341836558.467334 0.003666 0.002689 0.001109 0.001527 -0.0005739 0.001908
1341836558.499235 0.006698 -0.004028 -0.001015 -0.002655 0.001193 0.004908
1341836558.531456 0.005579 0.002413 -0.0006955 0.001501 0.00173 0.0004417
1341836558.567430 0.003946 0.003163 -0.0004672 3.286e-05 0.0005491 -0.000719
1341836558.599261 0.003604 -0.00168 -0.0009934 -0.002158 9.643e-05 0.0007368
1341836558.635428 0.002873 -0.00228 -0.0006402 0.0003186 -5.998e-05 0.0001209
1341836558.667315 0.004446 0.001955 -0.001296 0.002368 -0.001989 -0.0003752
1341836558.699299 0.005582 -0.003814 -0.0006568 -0.001555 0.0008173 -0.0003555
1341836558.735276 0.001236 0.001208 -0.0007612 0.0007373 0.004004 0.006361
1341836558.767234 0.003635 0.001598 -0.001776 0.002555 -0.003352 0.001141
1341836558.799388 0.007106 -0.002666 -0.0008947 0.000487 -0.001579 -0.008587
1341836558.835519 0.0002852 0.003699 -0.0004042 0.002082 0.001588 -0.0001072
1341836558.867451 0.002731 0.003201 -0.001955 0.0006372 -0.005311 0.001954
1341836558.900348 0.007193 -0.001782 -0.00167 -0.0007883 -0.00653 -0.005732
1341836558.935724 0.004409 0.002201 -0.001218 -0.0007981 -0.001397 -0.008415
1341836558.967478 0.0009749 -0.001509 -0.0014 -0.002623 -0.00132 -0.001883
1341836559.000224 0.003573 -0.001448 -0.002015 -0.0005997 -0.004759 0.001616
1341836559.035306 0.006552 -0.004084 -0.002623 1.845e-06 -0.004871 -0.004248
1341836559.067396 0.004188 0.00163 -0.001365 0.00279 -0.002091 -0.007773
1341836559.100310 0.002921 5.397e-05 -0.001575 0.0006855 -0.002547 -0.0003439
1341836559.135300 0.004453 0.0005569 -0.002194 0.001386 -0.003679 0.0007495
1341836559.168365 0.006791 0.001995 -0.002574 0.0004502 -0.004628 -0.003705
1341836559.203378 0.005811 -0.004191 -0.001628 -0.002183 -0.001656 -0.006485
1341836559.235370 0.001437 0.0009245 -0.0002502 0.001753 0.0001292 0.0008054
1341836559.268241 0.004745 0.00246 -0.001589 0.001638 -0.006021 0.005061
1341836559.303359 0.01039 -0.008203 -0.001366 -0.00116 -0.003964 -0.007463
1341836559.335518 0.00218 0.004479 0.0005827 0.004467 0.003555 -0.001512
1341836559.371796 0.0005357 0.005748 -0.002152 0.004323 -0.00562 0.005459
1341836559.408276 0.01058 -0.00421 0.001076 -0.0004195 -0.008825 -0.006439
1341836559.439280 0.004069 -0.0007075 0.0006257 0.0009502 0.003617 -0.003455
1341836559.471768 0.00202 0.007489 -0.001321 0.003777 -0.00131 0.007304
1341836559.503696 0.008101 0.001149 -0.001096 -0.0008345 -0.007705 0.0003674
1341836559.539299 0.005641 -0.003899 -0.0006909 -0.002588 0.0009774 -0.004702
1341836559.571414 0.002914 0.006278 -0.001295 0.002802 -0.0009205 0.001111
1341836559.603414 0.00641 -0.002401 -0.001077 -0.001524 -0.005552 0.0007643
1341836559.639412 0.00589 -0.005473 -0.002259 0.0001632 0.001144 -4.656e-05
1341836559.672296 0.003228 0.01009 -0.0008954 0.006573 -0.001074 -0.0002892
1341836559.707411 0.004753 0.003335 -0.001884 -0.0008578 -0.005789 -0.0006666
1341836559.739469 0.005501 -0.005808 -0.001973 -0.003991 -0.002951 -0.003405
1341836559.771384 0.004798 -0.0001697 -0.001165 -8.782e-05 0.0006918 -0.002994
1341836559.807349 0.002962 -0.0005408 -0.001762 -0.0007503 0.0004687 0.004716
1341836559.839315 0.003231 -0.0003335 -0.002319 0.002354 -0.003934 0.002296
1341836559.875410 0.005288 -0.0001883 -0.001197 0.003872 -0.006106 -0.0075
1341836559.907310 0.004009 0.001502 -0.0002164 0.001142 -0.001788 -0.00523
1341836559.939497 0.002788 0.001902 -0.001735 -0.001072 -0.001471 0.005022
1341836559.975374 0.003634 -0.002451 -0.001706 -0.001246 -0.003203 0.001544
1341836560.007502 0.002766 0.001503 -0.0006733 0.0007518 -0.001298 -0.003233
1341836560.043829 0.001653 0.003242 -0.001567 0.0004956 -0.00342 0.001414
1341836560.104647 0.006715 -0.00418 -0.0009429 -0.0004467 -0.01108 -0.00522
1341836560.140480 0.0007117 0.004378 -0.0009341 0.003267 -0.00226 -0.004418
1341836560.172477 -0.0005525 0.008376 -0.001237 0.003504 -0.009629 -0.006162
1341836560.204360 0.004666 0.004153 0.004922 -0.003496 -0.01053 -0.01368
1341836560.240546 0.00134 -0.005071 0.002398 -0.006301 -0.002028 -0.0088
1341836560.272387 -0.001218 0.004868 -0.001836 -4.49e-05 -0.00422 0.004062
1341836560.304441 0.001416 0.002919 0.001237 -0.0002309 -0.01167 -0.005436
1341836560.340364 0.0009488 -0.004366 0.006993 -0.002573 -0.005245 -0.0117
1341836560.372350 -0.001182 0.003481 -0.001863 0.003099 -0.005743 0.006077
1341836560.408404 0.002126 -0.003822 0.006341 -0.002017 -0.008016 0.002157
1341836560.440483 -0.0002064 -0.00385 0.001619 -0.001036 0.0003537 0.002203
1341836560.472298 0.001203 0.0054 -0.000456 0.005255 -0.004859 0.005481
1341836560.508310 0.001863 -0.003211 0.003449 0.0001532 -0.004534 -0.0002121
1341836560.540317 0.001858 -0.00227 0.00122 0.0004746 -0.001291 0.00108
1341836560.573502 0.002558 -0.001279 0.001308 0.001499 -0.001277 0.0008942
1341836560.608340 0.002062 -0.001406 0.00111 0.0008563 -0.0001921 0.003408
1341836560.640422 0.003177 0.000526 0.0008993 0.001911 -0.001761 0.00331
1341836560.676330 0.004444 -0.00686 0.002034 -0.001506 0.0006981 -0.002227
1341836560.708409 0.002847 -0.003747 0.001653 0.001167 0.003981 0.003014
1341836560.740520 0.003348 0.003072 0.001896 0.005759 -0.0001358 0.005647
1341836560.776254 0.003806 0.002888 0.002114 0.004029 -0.002736 0.003312
1341836560.808326 0.004631 -0.003084 0.001728 0.001848 -0.003138 -0.001863
1341836560.840419 0.003954 0.001329 0.002242 0.004767 -0.003052 -0.00219
1341836560.876325 0.00495 0.003054 0.002088 0.001629 -0.004617 0.002291
1341836560.908357 0.005661 -0.005993 0.0026 -0.004028 -0.001192 -0.002118
1341836560.944404 0.005345 -0.0001751 0.001475 -0.0007636 0.001584 0.001346
1341836560.976295 0.003839 0.008958 0.001387 0.001433 -0.002537 0.007682
1341836561.008556 0.006607 -0.004383 0.001514 -0.004707 -0.004336 0.0002474
1341836561.044416 0.006021 -0.004327 0.00235 -0.003322 0.0008358 -0.003078
1341836561.076367 0.004668 0.002664 0.00216 0.000313 -0.0009069 0.007494
1341836561.112398 0.005439 0.002112 0.001474 0.002126 -0.00523 0.007355
1341836561.144333 0.007148 -0.001485 0.001449 0.002228 -0.004323 -0.005413
1341836561.176591 0.005522 0.001747 0.002001 0.002427 -0.001626 -0.005539
1341836561.212363 0.005587 0.0005324 0.001086 -0.0006813 -0.002938 0.00378
1341836561.244392 0.007573 -0.00517 -0.0009485 -0.002861 -0.0007277 -0.0002893
1341836561.276337 0.006529 -0.0002187 0.001057 0.0008753 0.002697 -0.003271
1341836561.312402 0.00512 0.00787 0.001729 0.003742 -0.0004941 0.00296
1341836561.344495 0.006042 -0.002956 -0.001061 -0.002851 -0.001599 0.005491
1341836561.380447 0.006669 -0.002534 -0.001785 -0.002874 0.002376 0.002196
1341836561.412463 0.004145 0.003426 0.001331 -0.000539 0.003372 0.003199
1341836561.444383 0.003136 0.003369 0.001573 0.0006885 -0.0003203 0.005878
1341836561.480494 0.004608 -7.942e-05 -0.0006417 -0.0003216 -0.002778 0.003334
1341836561.512334 0.005532 0.0004751 -0.0004038 0.001197 -0.001543 -0.002988
1341836561.544433 0.003265 0.002246 0.001161 0.0007134 -0.0011 -0.0004359
1341836561.580361 0.003886 0.001808 0.0005405 -0.002065 -0.00383 0.007035
1341836561.612391 0.004998 0.001295 9.19e-05 -0.0008748 -0.004009 -0.0003116
1341836561.648336 0.001914 0.000504 0.001531 -3.333e-05 -0.00203 -0.00419
1341836561.680331 0.0005153 0.004229 0.001973 0.0002143 -0.007189 0.003156
1341836561.712414 0.00793 0.001166 0.002384 -0.00141 -0.009856 -0.0008499
1341836561.748511 0.003245 -0.0009205 0.00176 -0.00197 -2.103e-05 -0.004156
1341836561.780401 0.002404 0.009694 0.001049 0.002344 -0.005324 0.003252
1341836561.812700 0.005512 -0.003691 0.0007264 -0.004455 -0.008389 -0.002324
1341836561.848579 0.003446 -0.001913 0.002906 -0.00221 -0.0007482 -0.002911
1341836561.880265 0.003426 0.006116 0.00191 0.003195 -0.004194 0.001388
1341836561.916312 0.003858 -0.0007767 0.002288 -0.0009685 -0.0057 -0.002195
1341836561.951295 0.004533 -0.002752 0.002178 -0.003868 -0.002616 -0.005616
1341836562.019341 0.00678 -0.00413 0.005189 -0.005109 4.353e-05 0.001158
1341836562.080581 0.008819 0.002168 0.005783 -0.0003276 -0.00619 -0.0007388
1341836562.116439 0.004141 -0.002721 0.002382 0.000288 -0.004926 -0.002715
1341836562.148367 0.005544 -0.001497 0.001523 -0.0002737 -0.004813 0.00317
1341836562.184511 0.006649 0.001168 0.0035 0.001634 -0.004594 -0.001472
1341836562.219290 0.005068 -0.001847 0.001356 0.0005933 -0.002818 -0.005328
1341836562.251425 0.004886 0.001729 0.001496 0.0006537 -0.004488 0.004937
1341836562.287390 0.005376 -0.001267 0.004388 0.0008532 -0.005801 -0.001494
1341836562.319250 0.004476 0.00147 0.001337 0.002266 -0.003553 -0.00837
1341836562.352232 0.004198 0.001956 0.001228 0.0009237 -0.006037 -0.002647
1341836562.387730 0.004293 -0.01219 0.001961 -0.005209 -0.002998 -0.005599
1341836562.419326 0.003997 -0.004936 0.001424 -0.001838 0.003557 0.002302
1341836562.455394 0.003632 0.009216 0.001926 0.006198 -0.001845 0.007603
1341836562.487315 0.005029 -0.000669 0.0008344 0.002047 -0.00504 -0.001375
1341836562.519469 0.004846 -0.008496 -0.0005254 -0.002461 0.001379 -0.004528
1341836562.555498 0.003089 0.003213 0.0003612 0.001616 0.003825 0.004735
1341836562.587360 0.003521 0.008277 -0.0003395 0.002581 -0.003037 0.01006
1341836562.623388 0.00421 -0.001568 -0.0004625 2.973e-07 -0.003434 -0.003513
1341836562.656832 0.001943 0.004881 -0.001098 0.003824 -0.003314 -0.003243
1341836562.687414 0.003144 0.001571 -0.00161 0.001159 -0.007462 -0.001231
1341836562.723392 0.002625 -0.004827 -0.001155 -0.003045 -0.003817 -0.003997
1341836562.755310 0.001745 0.0004962 -0.0008313 0.0005131 -0.001722 -0.001306
1341836562.787756 0.002102 0.004528 -0.001853 0.002889 -0.00446 0.002662
1341836562.823473 0.002037 0.002842 -0.001775 0.000391 -0.005962 0.001378
1341836562.855234 0.002944 -0.003235 -0.003065 -0.002335 -0.004115 -0.004443
1341836562.891396 0.001971 -0.003143 -0.001512 -0.001218 -3.84e-05 -0.004717
1341836562.923404 0.002319 0.006205 -0.0027 0.0005794 -0.002456 0.006364
1341836562.955395 0.003506 -0.001834 -0.002887 -0.002092 -0.003831 0.0009611
1341836562.991509 0.002782 -0.0007534 -0.002278 0.0006618 -0.00125 -0.005453
1341836563.023489 0.002755 0.00478 -0.002893 0.001782 -0.002842 -0.0004176
1341836563.059412 0.002764 -0.002235 -0.002144 -0.001642 -0.002694 0.0004283
1341836563.091490 0.002813 0.004979 -0.002835 0.00277 -0.003538 0.0004961
1341836563.123526 0.003372 0.002166 -0.002537 0.002002 -0.005957 -0.004705
1341836563.159903 0.003342 -0.0009038 -0.001572 -0.0007749 -0.003737 -0.006813
1341836563.192322 0.002525 -0.001387 -0.002563 -0.001791 -0.0006689 0.0001198
1341836563.227384 0.002593 0.005739 -0.002697 0.001267 -0.003431 0.001633
1341836563.259586 0.003134 -0.002244 -0.001671 -0.001702 -0.001902 -0.006165
1341836563.291784 0.001578 0.001179 -0.002646 -0.001048 0.0005712 -0.0002804
1341836563.327381 0.002251 0.004021 -0.002064 -0.0001952 -0.001826 0.001687
1341836563.359432 0.002963 0.0002878 -0.00268 -0.003517 -0.0007551 0.0005309
1341836563.395723 0.001701 -0.004373 -0.001006 -0.004644 0.001812 0.0007181
1341836563.427417 0.0001851 0.004253 -0.00051 0.001581 0.001303 0.003119
1341836563.459328 0.002342 0.006322 -0.003214 0.00203 -0.005234 0.00359
1341836563.495414 0.00292 -0.003947 0.001925 -0.001848 -0.003112 -0.008145
1341836563.527734 0.0003132 -0.001018 -0.001119 0.000248 0.001296 -0.002422
1341836563.563330 0.001732 0.002892 -0.001589 -0.0002414 -0.001294 0.007328
1341836563.595336 0.002979 0.0005328 0.0005 -0.0007082 -0.001062 0.001164
1341836563.627267 0.001574 0.000668 0.0004616 0.0008003 -0.0001332 -0.002228
1341836563.663448 0.0007804 0.001816 -0.0006416 0.002002 -0.001556 0.0005364
1341836563.695359 0.002904 -0.000668 -0.0005828 -0.001209 -0.001747 0.003341
1341836563.727466 0.002254 -0.001136 0.0009161 -0.0005412 0.0001948 0.001293
1341836563.763461 0.001502 0.003874 -0.0004343 0.004036 -0.002259 -0.000139
1341836563.795366 0.002945 0.002913 -0.0007813 0.00178 -0.006098 0.001351
1341836563.827447 0.002854 -0.005662 0.002288 -0.002397 -0.001499 -0.005152
1341836563.863324 0.001724 0.00125 -0.0008871 0.002239 0.000183 -0.002645
1341836563.895278 0.002643 0.002615 -0.0009251 0.001068 -0.003174 0.001518
1341836563.927597 0.003194 -0.0006974 0.0007716 -0.001121 -0.002122 -0.001695
1341836563.963416 0.003548 -0.0003244 0.0003417 -0.0002199 -0.0004389 -0.007332
1341836563.995418 0.001697 -0.0009109 -0.0009848 -0.001065 0.001097 -0.0003164
1341836564.031385 0.003615 0.003015 -0.0007301 -0.0001304 -0.002352 0.005929
1341836564.063489 0.0033 0.0002677 0.001385 -0.0001048 -0.00196 -0.001849
1341836564.095401 0.001886 0.001828 0.0002951 0.002942 -0.002378 -0.004907
1341836564.131464 0.002153 0.001691 -0.0002298 0.002214 -0.004995 -0.002708
1341836564.163332 0.002132 -0.001287 0.0005132 -0.0009189 -0.002892 -0.0008782
1341836564.195307 0.00351 -0.0023 0.001304 -0.0006956 -0.001039 -0.004979
1341836564.231400 0.000666 0.0007488 -0.001748 0.001287 0.001926 -0.001501
1341836564.263512 0.002402 0.005352 -0.001323 0.001394 -0.003448 0.004743
1341836564.295354 0.00294 -0.005181 0.001465 -0.003213 -0.0007666 -0.006538
1341836564.331382 0.0001533 -0.00142 -0.00176 -0.001341 0.003856 0.0006497
1341836564.363288 0.00154 0.004429 -0.0007045 0.001184 -0.001644 0.006602
1341836564.396337 0.001546 0.0004239 0.0009561 0.0008439 -0.002379 -0.001893
1341836564.431406 0.0005004 0.0003657 -0.000262 0.001252 -0.001387 -0.003074
1341836564.463308 0.0001623 -0.001078 0.000382 0.0007249 -0.00158 -0.0001394
1341836564.499232 0.000432 -0.0004985 -0.0005629 -0.0007802 -9.697e-05 0.002763
1341836564.531509 0.0009163 0.0001974 -0.000106 -0.001008 0.000949 0.002172
1341836564.564458 -0.0003924 0.004111 -0.000845 0.002118 -0.0004347 8.726e-05
1341836564.599215 -0.0004427 0.001659 -0.0004167 -0.0004251 -0.003527 0.001412
1341836564.631361 -8.411e-05 -0.00551 0.002496 -0.002997 -0.000717 -0.001228
1341836564.664403 -0.001317 -0.00127 -0.001108 0.0002046 0.003275 -0.0001034
1341836564.699246 -0.0007768 0.007126 -0.00145 0.002165 -0.001484 0.007825
1341836564.731521 0.0007616 -0.002263 0.003331 -0.001972 -0.002438 -0.0007254
1341836564.767617 -0.0001024 -0.005223 0.000893 -0.000884 0.002851 -0.007086
1341836564.799280 -0.001519 0.003484 -0.003101 0.001557 0.002525 0.005042
1341836564.832295 0.0007769 0.002441 0.00155 2.665e-05 -0.002592 0.005056
1341836564.867842 -3.383e-05 -0.005207 0.001434 -0.001688 0.001449 -0.004846
1341836564.899297 -0.0008813 0.0004732 -0.0008713 0.001482 0.002282 0.0006608
1341836564.935266 -0.0005891 0.001007 -0.0002573 0.0006978 -1.958e-05 0.005093
1341836564.967281 0.0001218 -0.0009199 4.137e-05 -0.001388 0.001203 0.003594
1341836564.999531 -1.33e-05 0.003494 -0.0003862 0.001117 0.0006644 0.0004517
1341836565.035467 -0.0001841 0.0009237 0.000303 0.0005177 -0.001823 -0.001817
