1341846092.059891 -0.0003246 0.000281 -8.482e-05 -0.002507 -0.001029 0.002978
1341846092.091861 0.0003635 1.344e-06 -0.0001562 -0.002872 -0.001205 0.0008225
1341846092.123884 -0.0009277 -0.001147 0.0007988 -0.003391 0.0002235 -0.0005669
1341846092.159881 0.0002939 0.0004497 -8.648e-05 -0.002566 -6.824e-05 -0.003113
1341846092.191824 -0.001021 -0.0002315 -4.168e-05 -0.003121 0.001261 -0.001938
1341846092.227766 -0.001771 -0.001677 0.00159 -0.002547 -0.0006191 0.001747
1341846092.259844 0.001751 -0.0004698 9.857e-05 0.001053 -0.001512 0.002095
1341846092.291754 -0.001889 0.003939 -0.002464 -0.0002348 0.001215 0.00176
1341846092.327827 -0.001066 0.002066 -0.0002673 -0.004298 -0.0002531 0.001864
1341846092.359956 0.0006641 0.001366 0.000367 -0.005279 -0.0003655 0.0018
1341846092.395855 -0.001313 0.0001706 6.686e-05 -0.005559 0.0006908 0.004101
1341846092.428016 -0.000441 0.0002387 0.0002921 -0.005161 -0.000917 0.00537
1341846092.459991 -0.001118 0.001155 -0.0006225 -0.004922 -0.0004003 0.003976
1341846092.495930 0.0002678 0.001388 0.0002393 -0.006299 -0.0008362 0.004414
1341846092.528072 -0.002818 0.001263 -0.0002389 -0.006996 0.000542 0.004914
1341846092.559842 -0.002137 0.0001398 -0.001303 -0.009081 -0.002714 0.003404
1341846092.595783 0.004077 -0.0002187 -4.885e-05 -0.009533 -0.003613 0.001584
1341846092.628121 0.0004002 0.001145 -0.0002248 -0.008822 0.001499 -0.0006939
1341846092.659797 -0.005504 -0.002033 0.001662 -0.009302 -0.0003703 0.002021
1341846092.696012 0.002979 -0.0007282 7.316e-05 -0.005578 -0.004824 0.002625
1341846092.727906 0.0007624 0.006264 -0.002032 -0.005125 -0.0006319 0.0002075
1341846092.760105 0.0009599 0.003476 0.0001382 -0.01253 -0.0001105 -0.005117
1341846092.795871 0.0003031 -0.0004626 0.0008564 -0.01028 0.002585 -0.001693
1341846092.827857 -0.006109 0.005249 0.00118 -0.009926 0.001621 0.008317
1341846092.863824 0.0003752 -0.004488 0.001939 -0.009814 -0.004929 0.01288
1341846092.895885 0.004271 0.002257 -0.001662 -0.00284 -0.001197 0.007106
1341846092.927920 -0.004444 0.00739 -0.001863 -0.007224 0.002003 -0.0009036
1341846092.963849 -0.001901 -0.002056 0.001288 -0.01272 -0.002153 -0.0006011
1341846092.995760 0.001883 0.003508 -0.001086 -0.009213 -0.00199 -0.001299
1341846093.027860 -0.00311 0.007412 -0.0006408 -0.01372 0.001298 -0.005215
1341846093.063741 -0.0008984 -0.005096 0.003002 -0.01687 -0.001402 -0.002064
1341846093.125933 -0.006016 0.004783 -0.001332 -0.01326 -0.003931 0.009113
1341846093.157795 0.005473 4.519e-05 6.431e-05 -0.01195 -0.005309 -0.004747
1341846093.189822 6.335e-06 0.002296 -0.0009216 -0.009839 0.002556 -0.008208
1341846093.225887 -0.005422 -0.0002835 0.00087 -0.0101 0.0003116 -0.002309
1341846093.257900 -0.0003721 0.00293 -0.002037 -0.008434 -0.003827 9.496e-05
1341846093.289744 0.00109 0.001433 -0.001011 -0.01064 -0.003637 -0.0004641
1341846093.325795 0.0008202 0.001491 0.0003879 -0.01155 -0.001993 -0.002275
1341846093.357904 -0.0008567 -0.0007878 0.001628 -0.009283 -0.001667 0.001522
1341846093.393841 0.000489 0.001359 -0.0008576 -0.007268 -0.002503 0.0008636
1341846093.425924 0.001581 0.006301 -0.001776 -0.01033 -0.000112 -0.006411
1341846093.457796 -0.003348 -0.001541 0.001796 -0.01317 0.001616 -0.003583
1341846093.493817 -0.002683 0.00374 -0.001217 -0.01005 -0.0009915 -0.002715
1341846093.525871 -0.001129 0.0006495 -0.0009684 -0.0124 -0.001447 -0.005957
1341846093.561833 0.0002183 0.003254 -0.0005865 -0.01286 -0.00111 -0.006777
1341846093.593995 -0.003886 -0.002949 0.001342 -0.01242 0.001254 -0.00106
1341846093.625945 0.0001508 -0.0001342 2.559e-06 -0.007729 -0.002105 0.002553
1341846093.661809 0.0005448 0.007377 -0.001626 -0.008831 0.0001656 0.001757
1341846093.693938 1.165e-06 -0.0006132 0.0005083 -0.01177 -0.0001615 0.001774
1341846093.725842 0.002919 0.002024 -0.0003631 -0.01076 0.0009789 -0.0007644
1341846093.761995 0.001717 0.008111 -0.003138 -0.01267 0.002008 -0.004798
1341846093.794228 0.003657 -0.002561 0.00198 -0.01644 0.003399 -0.009838
1341846093.829820 -0.004989 -0.002097 0.0005073 -0.01436 0.005641 -0.004098
1341846093.861841 -0.003398 -0.001674 -4.418e-05 -0.01053 -0.0006459 0.006404
1341846093.893823 0.009061 0.01229 -0.00289 -0.009761 -0.0006116 0.003485
1341846093.929912 0.0005002 -2.696e-05 -0.0005383 -0.01591 0.005117 -0.002004
1341846093.961968 -0.0048 0.003076 -0.001842 -0.01517 5.689e-05 -0.004392
1341846093.994029 0.0001149 -0.008208 0.004898 -0.01575 -0.001928 -0.0005534
1341846094.029902 -0.002372 -0.005091 0.00363 -0.009311 0.0007762 0.004211
1341846094.062046 -0.002317 0.006037 -0.004582 -0.005869 -0.002015 0.00315
1341846094.097921 0.002301 -0.001352 0.0007885 -0.00984 -0.002949 -0.001927
1341846094.129856 -0.003135 -0.003519 0.00422 -0.005965 -0.001032 0.0005672
1341846094.161786 -0.00413 0.001538 -0.003432 -0.004735 -0.002675 0.002534
1341846094.197938 -0.004 -0.003498 0.003631 -0.0003969 -0.006134 0.004698
1341846094.229967 0.01042 0.005299 -0.007917 -0.0001757 -0.00616 0.0007609
1341846094.261795 -0.006693 -0.009926 0.008406 -0.0008296 -0.0006789 -0.001513
1341846094.297927 -0.002809 0.003004 -0.00197 0.005518 -0.002855 0.004037
1341846094.329846 0.0008788 -0.003224 0.003582 0.003692 -0.003585 0.003533
1341846094.366053 0.006222 -0.001154 0.0004756 0.007201 0.000315 -0.002003
1341846094.397911 -0.003197 -0.002412 0.0008344 0.006976 0.003802 -0.003732
1341846094.429746 -0.006351 -0.01318 0.007491 0.008084 0.0001982 -0.001457
1341846094.466133 0.008396 -0.003855 0.001776 0.01373 0.0001775 -0.001922
1341846094.497922 0.002817 0.002885 -0.002694 0.01445 0.004446 -0.005876
1341846094.533970 0.0005702 -0.007034 -9.363e-05 0.01235 0.002608 -0.01005
1341846094.565945 -0.002764 -0.007503 -0.0003622 0.01376 0.003143 -0.007246
1341846094.597899 -0.0011 -0.005679 -0.001568 0.01469 0.0002102 -0.003619
1341846094.633912 0.007594 -0.005407 0.001542 0.01593 -0.0006185 -0.005617
1341846094.665844 -0.003125 0.009601 -0.00461 0.01827 0.003217 -0.007382
1341846094.697961 -0.01707 -0.01291 0.003013 0.01078 -0.0006777 -0.002649
1341846094.733999 0.00465 0.007089 -0.005292 0.01596 -0.008545 0.002747
1341846094.767923 0.007345 -0.002242 0.001495 0.01198 -0.002834 -0.01242
1341846094.801844 -0.0005856 -0.0005252 -5.945e-05 0.01171 0.005433 -0.01216
1341846094.833846 -0.01504 -0.01061 0.0004322 0.009753 0.002065 -0.00785
1341846094.866031 0.001042 -0.009598 0.002242 0.01293 -0.005528 -0.00238
1341846094.901923 0.003514 -0.009805 0.002577 0.01586 -0.0008029 -0.002012
1341846094.966365 0.001568 0.003293 -0.0025 0.03612 0.0037 -0.01264
1341846095.002198 -0.002355 -0.009048 0.0009911 0.0195 -0.002165 0.005002
1341846095.034722 -5.526e-05 0.006054 -0.002821 0.02234 -0.002529 0.001113
1341846095.075946 -0.002992 0.001194 -0.001561 0.009147 -0.001855 -0.004834
1341846095.134021 -0.002499 -0.00109 -0.0002405 0.01539 -0.007784 -0.006919
1341846095.169946 0.002916 -0.002868 0.002727 0.004095 -0.002724 -0.008199
1341846095.201911 0.0005508 -0.003322 0.001875 0.00744 0.001135 -0.005707
1341846095.233880 -0.004256 -0.002427 -0.0008412 0.01022 0.0008287 0.0001122
1341846095.269927 0.002336 -0.0009563 0.000486 0.0102 -0.002434 0.001825
1341846095.301803 0.005646 -0.004158 0.001438 0.01107 0.001845 -0.002729
1341846095.337767 -0.002897 -0.0006692 -0.0003289 0.01159 0.00467 -0.003428
1341846095.369772 -0.00398 -0.002264 -0.001153 0.01219 -0.001041 0.0009702
1341846095.401800 0.002962 0.0006247 0.0001341 0.01017 -0.00271 -0.001113
1341846095.437762 -0.0008101 -0.002466 -6.423e-05 0.008942 0.001019 -0.002985
1341846095.469900 -0.003119 0.001335 -0.001627 0.008245 -0.001231 -0.004745
1341846095.501905 0.0009616 -0.00254 0.001664 0.006606 -0.002905 -0.001657
1341846095.538219 0.0005066 -0.002925 0.0006292 0.0113 -0.002453 0.00241
1341846095.569934 -0.0005828 0.0006104 -0.0005964 0.01103 -0.00182 0.001615
1341846095.606238 -0.0005483 4.074e-05 0.000515 0.008862 -0.001162 -0.001403
1341846095.637875 0.0007178 0.0006937 -0.0001436 0.006735 -0.0004121 -0.002943
1341846095.669890 -0.0005626 -0.002858 0.001469 0.005434 -0.0005872 -0.0008252
1341846095.705878 -0.00425 -0.001465 -4.155e-05 0.007676 -0.002949 0.0006912
1341846095.737902 0.003291 0.000829 0.001954 0.007965 -0.004869 -0.002924
1341846095.773812 -6.703e-05 0.0005865 0.0007771 0.00609 -0.0005337 -0.002523
1341846095.838106 -0.002385 -0.003245 0.002768 0.01651 -0.005386 0.003767
1341846095.873871 0.001056 0.001124 0.004005 0.00931 -0.005084 0.004067
1341846095.905980 0.004542 0.0008397 0.004755 0.01237 -0.002006 -0.001742
1341846095.937932 -0.003993 0.003615 -0.0007972 0.01074 0.003167 -0.00105
1341846095.973926 -0.002998 0.000142 0.00325 0.007756 -0.002173 -0.0002805
1341846096.005891 0.003459 0.0003108 0.004806 0.01077 -0.002283 -0.001437
1341846096.041838 -0.002155 0.0006858 0.0008153 0.01035 0.002491 0.00187
1341846096.073937 -0.003042 -0.001438 0.002588 0.008601 0.0002906 0.004405
1341846096.105773 -0.0006418 -0.001369 0.0045 0.01085 -0.00159 0.004771
1341846096.141944 -0.002311 0.001362 0.001216 0.01341 0.0002263 0.001775
1341846096.173951 -0.003855 0.002841 -0.002341 0.006823 0.0034 0.001096
1341846096.205991 0.000493 0.0007895 0.001943 0.002747 -0.001157 0.0003593
1341846096.241942 0.004446 0.001578 0.003342 0.005852 -0.0004781 -0.001752
1341846096.273909 -0.001399 -7.198e-05 -6.301e-05 0.00627 0.001742 0.00175
1341846096.309891 0.002135 0.00141 0.001869 0.008724 -0.002275 0.002889
1341846096.341861 0.0001963 0.002093 -0.003027 0.007424 0.001007 -0.0006336
1341846096.374240 -0.0006236 0.0003202 -0.002501 0.001785 0.002464 0.001349
1341846096.409718 0.001012 -0.0008051 -0.0003669 0.002407 -0.002402 0.003872
1341846096.441905 0.005064 0.001401 0.0005719 0.006665 -0.003423 0.005107
1341846096.473846 0.0009117 0.0003228 -0.001786 0.006207 0.0007994 0.005336
1341846096.510050 -0.002681 0.0005598 -0.003309 0.00481 0.0003711 0.00401
1341846096.542063 0.0003021 0.0004572 -0.0002281 0.002664 -0.002222 0.0009581
1341846096.577955 0.003744 0.000307 0.002817 0.004868 -0.002575 0.001077
1341846096.609941 0.003977 0.0003201 0.003474 0.01008 -0.0008162 0.003404
1341846096.641875 -0.005203 -0.0004743 -0.004593 0.01032 0.002252 0.004735
1341846096.677902 0.0001034 0.00023 0.001233 0.005882 -0.002021 0.002108
1341846096.709906 0.003524 0.0004943 0.003812 0.01132 -0.001454 -0.0009453
1341846096.745991 -0.004117 -0.001559 -0.003869 0.01001 0.002475 0.00198
1341846096.777870 0.000583 -0.003087 0.0008019 0.006202 -0.003118 0.006294
1341846096.810244 0.0029 0.0004103 0.003031 0.01438 -0.003621 0.003597
1341846096.845763 -0.001648 -0.000887 -0.002654 0.01346 0.001628 0.001741
1341846096.878199 -0.003355 -0.001815 -0.003387 0.007327 0.0003744 0.003536
1341846096.909946 0.003644 -0.0005621 0.003833 0.008574 -0.003062 -0.0002836
1341846096.945914 0.002273 -0.001449 0.001567 0.01408 0.0003078 0.0006482
1341846096.978058 -0.001878 -0.002849 -0.002528 0.01523 -0.000692 0.005281
1341846097.014061 -5.876e-06 -0.001292 -0.0006091 0.01373 -0.003703 0.004968
1341846097.045960 0.0008218 3.455e-05 -3.732e-06 0.01667 -0.003033 0.001715
1341846097.078464 -0.000507 -0.0008634 -0.00249 0.01206 -0.001108 0.0007868
1341846097.113795 -0.001088 -0.001618 -0.002498 0.008742 -0.001829 0.004424
1341846097.146138 -0.0004167 -0.0007539 -0.001424 0.007571 -0.003368 0.002117
1341846097.178019 -0.0009413 0.001583 -5.043e-05 0.008457 -0.0008001 -0.0006889
1341846097.213933 -0.0008185 0.001794 -0.0003564 0.004023 0.004428 7.142e-05
1341846097.246080 -0.001032 -0.002484 0.001042 0.003591 0.003231 0.001935
1341846097.282030 -0.003983 0.0006411 -0.002343 0.006171 -0.0006195 -0.0005729
1341846097.313977 0.002487 -0.001446 0.002568 0.003533 -0.0005023 -0.005267
1341846097.345922 0.001972 -0.002152 0.002486 0.007096 0.003202 -0.008155
1341846097.381852 -0.003812 -0.001507 -0.004872 0.008032 -0.0006992 -0.004786
1341846097.413864 0.001886 -0.002133 0.003035 0.005848 -0.007112 0.001499
1341846097.445910 0.001649 0.0003704 0.004897 0.01609 -0.002821 0.0004021
1341846097.481979 -0.0007825 -0.002301 -0.002708 0.01661 -0.0007105 0.00321
1341846097.514061 -0.0003579 -0.001238 -0.00152 0.01374 -0.004513 0.005891
1341846097.550048 -0.0004173 -0.0007747 -0.0001143 0.01407 -0.003255 0.002155
1341846097.587812 -0.001487 -0.001231 -0.0007336 0.0163 0.000233 0.001291
1341846097.649731 -0.003618 -0.001147 -0.003452 0.0181 -0.004168 0.00966
1341846097.681970 -0.002843 0.002822 0.0005429 0.01186 0.0007434 0.0006761
1341846097.714026 0.00518 -0.007342 -0.002713 0.003141 -0.001594 -0.001998
1341846097.749749 0.0001597 0.0002264 0.001168 0.001436 -0.00102 0.003753
1341846097.782019 0.0007573 0.002739 0.002454 0.009682 -0.0004382 0.003191
1341846097.817835 0.00138 -0.003126 -0.003424 0.004336 -0.0006543 0.003554
1341846097.849998 0.001102 0.0008011 -0.0007612 -0.004993 -0.0002734 0.001425
1341846097.882032 0.0006567 0.004489 0.002839 0.0004116 0.001418 0.0009042
1341846097.917945 -1.91e-06 -0.003458 -0.001925 -0.00243 0.001767 0.002391
1341846097.949812 0.000233 -0.001368 -0.001109 -0.008409 -0.000265 0.001693
1341846097.985786 0.0001407 0.0006867 0.0009671 -0.00998 -0.001547 0.0002673
1341846098.017778 -0.0006896 -0.002713 0.0002398 -0.01271 0.0001924 0.001595
1341846098.050033 0.001296 -0.001681 0.0009505 -0.01485 -0.002095 0.005623
1341846098.085962 0.002248 0.006414 0.003444 -0.007152 -0.006926 0.01215
1341846098.117764 0.0004435 0.005261 0.003564 0.0003502 -0.01018 0.01484
1341846098.149904 9.562e-05 0.001094 0.0003587 -0.000338 -0.004405 0.004575
1341846098.185874 0.0003038 0.001448 -0.0002797 -0.00759 0.002998 -0.009675
1341846098.217722 -0.005422 -0.009218 -0.004659 -0.02071 0.003941 -0.003993
1341846098.253811 0.004054 0.001085 0.002072 -0.01745 -0.00631 -0.006545
1341846098.285939 -0.0007444 0.001932 0.001606 -0.01971 -0.001647 -0.003929
1341846098.319650 0.005626 0.001699 0.003464 -0.02192 -0.005619 -0.0008353
1341846098.353827 0.0006108 0.002787 0.002828 -0.01947 -0.006218 0.002043
1341846098.385963 0.002939 0.001481 0.003192 -0.01781 -0.006461 0.005264
1341846098.418076 0.0007852 0.001316 0.003891 -0.0151 -0.009116 0.006218
1341846098.453988 0.002148 0.001832 0.003907 -0.00707 -0.008113 0.006621
1341846098.485927 0.0008032 0.001332 -0.001849 -0.008117 -0.001887 0.002144
1341846098.521907 -0.001226 0.00126 -0.001531 -0.01379 0.002017 -0.00209
1341846098.553851 -0.001713 -0.0002649 0.000825 -0.01591 -0.0007756 -0.005751
1341846098.585937 0.00018 0.002869 0.00114 -0.01286 0.0005156 -0.008642
1341846098.621830 -0.001025 0.00191 0.0007196 -0.01684 0.002644 -0.006883
1341846098.653874 -0.0007201 0.003207 0.00286 -0.01531 0.0001213 -0.005555
1341846098.685832 -0.0006192 0.001488 0.0008021 -0.01568 0.002436 -0.00554
1341846098.721860 -0.002448 0.001253 0.0005718 -0.0192 0.003279 -0.006415
1341846098.753828 -0.0007029 0.001681 0.002182 -0.02214 0.004726 -0.006408
1341846098.789998 -0.003395 -0.0004305 -0.0003695 -0.0246 0.002869 -0.005968
1341846098.827945 0.0005121 0.003101 0.003688 -0.02419 0.0007851 -0.007305
1341846098.889904 -0.001858 -0.001241 0.00347 -0.0476 0.0088 -0.01131
1341846098.921923 -0.00257 0.001349 0.001529 -0.02722 0.002665 -0.004914
1341846098.957887 0.004386 0.001833 0.006195 -0.02119 -0.0001928 -0.003838
1341846098.990630 0.000419 0.000894 0.001329 -0.01739 0.006519 0.001252
1341846099.022028 -0.006876 0.00902 -0.003616 -0.01991 0.004974 0.002975
1341846099.058015 0.001606 -0.002285 0.003641 -0.02379 -0.0004546 -0.0005049
1341846099.089878 -0.001523 0.0008091 -0.0003405 -0.0177 0.003136 0.0001731
1341846099.121774 -0.001101 0.003745 0.0001134 -0.01889 0.001896 -0.002499
1341846099.157775 0.0005704 -0.005566 0.002275 -0.01685 0.001187 -0.0005467
1341846099.189822 -0.002375 0.001058 -0.001693 -0.01116 0.001515 0.003459
1341846099.226178 0.0004466 0.0004815 -6.454e-05 -0.01231 -0.000995 -0.001302
1341846099.264156 0.002552 -0.001742 0.001163 -0.01003 0.0008653 -0.003219
1341846099.300270 -0.005581 -0.004474 -0.001344 -0.009109 0.002164 -0.003269
1341846099.332076 -0.001872 -0.002455 -0.000211 -0.004505 -0.003603 -0.003126
1341846099.363831 0.001677 -0.003319 0.00115 -0.002694 -0.004515 -0.001843
1341846099.399799 -0.004441 -0.002401 -0.001002 0.001642 -0.00352 0.00153
1341846099.432113 -0.005284 0.00015 -0.002779 0.002071 -0.007973 0.001741
1341846099.463909 -0.00141 0.002548 -0.002754 0.0003647 -0.01066 -0.0001356
1341846099.499765 -0.006686 -0.001238 -0.001003 -0.001348 -0.01148 -1.888e-06
1341846099.564678 -0.007992 0.004745 -0.006724 -0.005282 -0.04025 0.006519
1341846099.626222 0.002107 -0.007026 -0.0008293 -0.006741 -0.04023 0.00709
1341846099.657825 -0.004497 0.0005987 -0.004626 0.001117 -0.01932 0.008153
1341846099.693870 -0.002579 0.002518 -0.004954 0.0001407 -0.0214 0.006167
1341846099.725881 -0.002165 0.002219 -0.003575 -0.002274 -0.02106 -0.0004557
1341846099.761986 -0.0005368 0.001999 -0.01097 -0.004111 -0.01952 -0.0136
1341846099.793945 -0.002235 -0.0005728 0.000397 -0.00732 -0.02136 -0.01404
1341846099.825926 -0.001455 -0.00482 0.0004868 -0.002973 -0.02186 -0.005438
1341846099.862065 -0.002546 0.002039 -0.005589 -1.353e-05 -0.02218 -0.001098
1341846099.894034 0.001136 0.002867 -0.0003875 -0.003224 -0.01864 -0.004739
1341846099.925860 -0.003221 -0.00105 -0.002107 -0.002808 -0.01489 -0.00644
1341846099.961831 -0.005816 0.0001336 0.0002138 -0.004211 -0.01982 0.001547
1341846099.993861 0.0008383 -0.001737 0.001306 -0.002035 -0.02122 0.001713
1341846100.029846 0.0005651 7.762e-06 -0.01009 -0.001498 -0.01908 -0.0006003
1341846100.069920 -0.0009207 0.0007189 -0.001769 -0.003999 -0.0232 -0.0001021
1341846100.099862 0.006413 -0.001433 0.0006092 -0.003175 -0.02241 -0.003959
1341846100.132811 0.001861 -0.0002344 -0.002595 -0.002757 -0.01374 -0.005729
1341846100.168188 -0.004795 -8.059e-05 0.004609 -0.003768 -0.01472 -0.005072
1341846100.199801 0.001793 -0.00228 0.003579 -0.0009602 -0.01554 -0.003314
1341846100.235866 -0.001699 9.549e-06 0.00116 -0.0004221 -0.01246 -0.0007786
1341846100.267868 -0.001682 0.0009362 0.0006442 0.0002208 -0.01449 -3.48e-06
1341846100.299821 0.001274 0.0006718 0.001684 0.0008313 -0.01266 -0.005
1341846100.335884 -0.004629 0.000654 0.003798 -0.0008202 -0.01105 -0.002684
1341846100.367898 0.000944 -0.0006361 0.006333 0.0004261 -0.01259 -0.0002948
1341846100.400000 -0.000377 -0.0006161 0.0005579 -0.0003098 -0.005046 0.001228
1341846100.435828 -0.004537 0.003268 -0.007475 -0.001807 -0.008663 0.003644
1341846100.467678 0.001199 -0.002815 0.005575 -0.004297 -0.01422 0.00304
1341846100.503838 0.001329 0.0008141 -0.007288 -0.002451 -0.008528 0.002859
1341846100.535834 -0.005745 0.002677 0.0005855 -0.006178 -0.01339 0.005577
1341846100.568004 0.000545 -0.00183 0.002612 -0.006515 -0.01596 0.004226
1341846100.604545 -0.00567 0.001814 -0.001398 -0.004572 -0.01499 0.0064
1341846100.635826 -2.276e-05 -0.0007625 0.005372 -0.005476 -0.01952 0.005628
1341846100.672445 0.00198 -0.001636 -0.001342 0.002582 -0.006465 -0.006814
1341846100.733981 -0.009472 -4.463e-06 0.004157 -0.003757 -0.01381 -0.009618
1341846100.765776 -0.001406 0.001789 0.003368 0.001892 -0.0129 0.004599
1341846100.798442 0.004192 -0.0007543 -0.007596 3.583e-05 -0.01049 -0.001804
1341846100.833838 0.0003959 -0.003169 0.002008 -0.0001552 -0.006417 -0.004214
1341846100.866041 0.003433 -0.003265 -0.00362 0.00285 0.002402 -0.001713
1341846100.897858 -0.000508 0.00353 -0.004698 0.001291 -0.0006024 -0.0005637
1341846100.933895 0.001303 -0.001905 0.003856 -0.001586 -0.002779 -0.005915
1341846100.965736 0.001206 -0.00162 -0.0008518 0.001796 0.007141 -0.003896
1341846101.001817 -0.003636 0.002217 0.002023 -0.0006531 0.0004918 0.0008454
1341846101.033901 0.002967 -0.003467 0.001918 -0.0004179 -1.7e-05 -0.00205
1341846101.065947 0.001875 -0.001314 -0.003787 0.004151 0.01003 -0.001747
1341846101.102829 -0.002839 0.002858 0.002844 -0.0004361 0.003293 0.002058
1341846101.134613 0.001347 -0.004937 0.007058 0.0007139 0.004126 0.0007013
1341846101.169743 0.00293 0.0006161 -0.006938 0.005723 0.01278 0.006363
1341846101.202171 -0.002621 0.002868 0.005109 0.000297 0.006807 0.005853
1341846101.234098 0.002024 -0.001329 0.00395 0.0008785 0.00653 0.003888
1341846101.269940 0.003712 0.0009383 -0.004628 0.003988 0.01232 0.003925
1341846101.301837 -0.001813 0.002411 0.004465 0.0004512 0.009598 0.003349
1341846101.333884 0.0005494 -0.001597 0.003276 0.001577 0.009725 0.0009274
1341846101.369943 0.00101 0.002159 -0.001793 0.002594 0.01067 0.007364
1341846101.402755 0.002581 -0.001183 0.003618 0.002105 0.01212 0.00294
1341846101.437821 -0.001939 0.003127 7.288e-05 0.00206 0.01202 0.003813
1341846101.469768 0.001282 -0.0001657 0.002119 0.002038 0.01249 0.001087
1341846101.501812 0.0001575 0.002287 -0.005782 0.0005184 0.01425 0.000712
1341846101.537892 -0.003241 0.0005632 0.009137 -0.001364 0.007155 0.001437
1341846101.569873 0.003441 -0.003812 0.00747 0.0009383 0.008733 0.001996
1341846101.601955 0.002001 -0.0008806 -0.0004337 0.005412 0.01727 0.0003099
1341846101.637841 0.001348 0.001101 -0.001602 0.003274 0.01097 0.004503
1341846101.670644 0.006676 0.001354 -0.003299 0.0007562 0.01311 -0.002395
1341846101.705786 0.001809 0.0004428 -0.003871 -0.0002982 0.01669 -0.008274
1341846101.738127 0.0005959 0.001329 0.003036 -0.002191 0.009915 -0.005341
1341846101.769786 0.000296 -0.000245 0.01294 -0.001416 0.0115 -0.004479
1341846101.805816 -0.001555 -0.0003825 -0.003388 0.0001519 0.0144 -0.0008147
1341846101.837808 0.00104 -8.09e-05 0.004791 -0.000242 0.006939 -3.717e-06
1341846101.869834 0.004826 -0.0003394 0.005797 0.0004276 0.009153 -0.003794
1341846101.905918 -0.0003113 -0.0007814 0.002793 0.002811 0.01611 -0.002152
1341846101.937872 0.001265 0.002247 -0.0009702 0.0004742 0.01097 0.001855
1341846101.973942 0.005393 0.002455 0.005723 -0.001375 0.01204 -0.002696
1341846102.005947 0.003834 -0.002936 0.01089 0.0001253 0.02277 -0.008842
1341846102.037846 -0.004431 0.00373 -0.01013 0.001605 0.01953 -0.004389
1341846102.073879 0.006279 -0.002546 0.02128 -0.003392 0.01334 -0.00197
1341846102.105961 0.001408 -0.003467 0.009196 0.005922 0.02565 -0.000784
1341846102.137878 -0.00797 0.004173 -0.002546 0.00746 0.01726 0.002438
1341846102.173907 0.005341 0.0003262 0.006597 0.002932 0.01076 0.003651
1341846102.205896 0.003616 -0.002861 0.008622 0.004195 0.0208 0.004296
1341846102.242018 0.004149 0.001537 0.001003 0.008091 0.02526 0.0009444
1341846102.274144 -0.005622 0.002662 -0.005737 0.003671 0.0241 0.00314
1341846102.305875 0.008051 -0.00339 0.01277 0.001521 0.01827 0.0093
1341846102.341821 0.004651 0.0009624 -0.003343 0.007444 0.02937 0.002371
1341846102.374024 -0.007822 0.003484 -0.01151 0.001087 0.02702 0.0004916
1341846102.409984 -0.0004341 0.001671 0.003802 -0.004383 0.01821 0.002753
1341846102.441952 0.009026 -0.00683 0.01579 8.28e-05 0.02055 0.004607
1341846102.473881 -0.01064 0.006809 -0.01433 0.003352 0.02206 -0.0008605
1341846102.509959 -0.008512 0.001737 -0.001737 -0.004621 0.006782 0.0002106
1341846102.541996 0.01413 -0.006344 0.01409 -0.003992 0.001121 0.005165
1341846102.574361 -0.001134 -0.000552 0.001746 0.007608 0.01639 -0.002185
1341846102.610654 -0.007244 0.01019 -0.006027 -0.0003431 0.009006 -0.01321
1341846102.642222 0.006905 -0.003339 0.007471 -0.008421 0.00662 -0.008395
1341846102.677806 0.01241 -0.006412 0.01484 -0.0001687 0.01697 -0.0008495
1341846102.709968 -0.005041 0.003865 -0.009253 0.005193 0.02642 -0.007666
1341846102.741857 -0.002756 -0.001786 0.002194 -0.0009429 0.01402 -0.008647
1341846102.777720 0.004194 -0.004146 0.004352 0.002395 0.01493 -0.002828
1341846102.809783 -0.001951 0.01003 -0.008358 0.005227 0.0161 -0.002133
1341846102.841828 -0.004173 0.0003909 0.001128 -0.0114 0.01602 -0.008709
1341846102.877813 -0.001745 -0.01196 0.004506 -0.002262 0.005817 -0.005102
1341846102.909875 0.01001 0.003674 0.0002679 0.006716 0.008927 -0.0004506
1341846102.945843 -0.00051 0.004081 -0.003058 0.001041 0.02011 -0.002667
1341846102.977815 0.0009657 -0.00823 0.007435 -0.002152 0.01799 -0.007059
1341846103.009867 0.005031 -0.002822 0.003091 0.008407 0.01971 -0.006259
1341846103.045829 -0.0004409 0.005236 -0.003007 0.009061 0.0243 -0.002516
1341846103.077786 0.002364 0.004551 -0.0006799 0.001094 0.02381 -0.004313
1341846103.110039 -0.002551 -0.001346 0.002655 -0.001995 0.02548 -0.01023
1341846103.145830 -0.003062 0.0001871 0.002885 0.0002123 0.02226 -0.005886
1341846103.177933 -0.009009 0.002893 -0.001073 0.001189 0.02018 0.004404
1341846103.213980 0.00923 0.00112 0.002981 -0.00247 0.01177 0.008111
1341846103.246103 0.009412 -0.006428 0.008123 -0.0008556 0.02735 0.005213
1341846103.277869 -0.02214 0.004337 -0.0004959 0.006606 0.02646 0.006637
1341846103.314495 0.01355 -0.0007375 0.001266 0.002721 0.01041 0.01165
1341846103.345951 0.02825 -0.0009613 0.001319 0.004756 0.03035 0.002205
1341846103.382135 -0.03643 -0.0002417 0.005457 0.007734 0.04999 0.002259
1341846103.413791 -0.00778 0.007768 -0.005001 0.005636 0.01994 0.01007
1341846103.445861 0.02706 -0.001156 0.005589 -0.001151 0.01915 0.0004232
1341846103.482382 0.01205 -0.008029 0.005407 0.005145 0.04157 -0.01117
1341846103.513968 -0.0219 0.007375 -0.008603 0.008197 0.03784 -0.005137
1341846103.545990 0.0003308 0.006583 -0.004836 -0.002595 0.01592 -0.0002162
1341846103.582021 0.02095 -0.004509 0.01539 -0.004329 0.02039 -0.001168
1341846103.614121 -0.007328 -0.003324 -0.009534 0.002301 0.03594 -0.0073
1341846103.650229 -0.01299 0.006081 -0.01451 -0.005984 0.03081 -0.01182
1341846103.714025 0.01906 -0.01857 0.0299 -0.002956 0.04537 -0.01605
1341846103.749741 -0.01375 0.008399 -0.0209 0.007502 0.03484 -0.009734
1341846103.813998 3.011e-05 -0.004815 0.02166 -0.008612 0.0437 -0.01534
1341846103.849900 0.01032 -0.003894 -0.0002839 0.007989 0.02766 -0.003501
1341846103.883046 -0.0168 0.004498 -0.01198 0.007243 0.03461 -0.00424
1341846103.917830 -0.006621 -8.125e-05 -0.0003591 0.001763 0.01858 -0.003635
1341846103.949988 0.02172 -0.003831 0.01046 0.00295 0.0158 -0.0001624
1341846103.981996 -0.005788 -0.0005585 0.003119 0.009264 0.02926 0.002575
1341846104.017780 -0.01344 0.00505 -0.01495 0.004052 0.02017 0.00076
1341846104.049832 0.01377 0.0005947 0.001482 0.0008956 0.01501 0.003915
1341846104.082120 0.01196 -0.00565 0.01398 0.005743 0.02417 0.01007
1341846104.117792 -0.01192 0.003265 -0.004328 0.007133 0.02235 -0.0003234
1341846104.150184 0.004531 -0.0001065 0.009383 0.002177 0.01643 0.0007277
1341846104.185757 0.007016 -0.005228 0.01291 0.009459 0.01142 0.004524
1341846104.217842 -0.004743 0.005479 -0.01375 0.008719 0.01584 -0.004501
1341846104.250204 -0.01452 0.00607 -0.01448 0.001088 0.01375 -0.001678
1341846104.286035 0.0209 -0.008815 0.01223 -0.002058 0.007538 0.001813
1341846104.317813 0.006357 -0.005379 0.01071 0.007111 0.01712 0.0004802
1341846104.349826 -0.003389 0.01864 -0.01874 0.006715 0.01642 -0.00321
1341846104.385800 -0.00368 -0.01505 0.01165 -0.003444 0.02028 0.003484
1341846104.417992 -0.004601 -0.004582 0.003686 0.00645 0.0131 -0.001315
1341846104.453901 0.005895 0.02791 -0.009006 0.005081 0.01148 -0.003251
1341846104.485845 -0.05459 -0.005201 0.01806 0.0002519 0.008227 0.001796
1341846104.517786 0.03077 -0.001013 -0.008989 0.002769 -0.009283 -0.001552
1341846104.553687 0.01641 0.02195 -0.005163 0.001888 0.003595 -0.002554
1341846104.585769 -0.03718 -0.01843 0.009395 -0.005211 0.00466 -0.0003505
1341846104.621999 0.006518 0.00211 -0.0009251 0.001838 -0.006183 0.005353
1341846104.653963 -0.001473 0.001505 -0.0001547 0.001427 -0.003703 -0.0008178
1341846104.691974 -0.02045 0.001532 0.003012 0.001384 -0.00742 -0.0006172
1341846104.754029 -0.01217 0.01915 -0.007568 4.386e-05 -0.04851 0.009347
1341846104.785861 0.002083 -0.0009974 0.002238 -0.004888 -0.03141 0.002527
1341846104.822207 0.001241 0.0004426 -0.004867 -0.004448 -0.03012 0.0005192
1341846104.889952 -0.0002672 -0.002414 -0.005516 -0.004382 -0.04715 0.001411
1341846104.921931 -0.01424 -0.003538 -0.01299 -0.006186 -0.0239 0.000823
1341846104.954032 -0.0006284 0.0005817 0.009907 -0.002545 -0.03567 0.006153
1341846104.989984 0.0008654 0.001673 -0.009443 -0.005127 -0.03124 0.0004032
1341846105.021966 -0.009194 -0.0007205 0.003012 -0.006429 -0.03168 -0.005358
1341846105.053992 -0.01436 0.002397 -0.02547 -0.008753 -0.03624 -0.0008154
1341846105.089855 -0.002383 -0.0003481 0.0002527 -0.01121 -0.03172 0.0009263
1341846105.121922 -0.0067 0.001313 0.006249 -0.01044 -0.03885 -0.003678
1341846105.158015 0.006985 -0.0007674 0.006709 -0.01032 -0.03933 0.002544
1341846105.189943 0.0009751 -0.004894 0.01977 -0.003687 -0.03293 0.00458
1341846105.222089 -0.004061 0.005725 -0.01802 -0.001319 -0.03381 -0.00256
1341846105.258397 0.0005065 0.0014 0.0006614 -0.008091 -0.02086 -0.007524
1341846105.289917 0.006491 -0.005958 0.01429 -0.005263 -0.01947 -0.009957
1341846105.321831 -0.002814 -0.003331 0.0004795 0.001369 -0.01323 -0.005791
1341846105.357830 -0.005908 0.00982 -0.01087 -6.413e-05 -0.01515 -0.006173
1341846105.389824 -0.001694 -0.004124 0.008116 -0.006633 -0.01735 -0.002715
1341846105.425915 -0.002982 -0.001081 -0.002791 -0.001307 -0.02385 0.0008162
1341846105.457863 -0.002048 0.003174 -0.0006915 -0.003661 -0.02109 0.004724
1341846105.489902 -0.004434 -0.001679 0.003505 -0.003119 -0.02314 0.003369
1341846105.525969 -0.001357 0.005825 -0.00624 -0.003526 -0.02929 0.003526
1341846105.557770 0.001308 -0.005254 0.01008 -0.006579 -0.02351 0.001853
1341846105.594012 -0.003085 -0.0007207 -0.001202 -0.0002418 -0.02256 -0.0001764
1341846105.626122 -0.003759 0.007257 -0.008276 -0.003881 -0.02486 0.001294
1341846105.657815 -0.0004235 -0.005961 0.01103 -0.008577 -0.02354 0.001678
1341846105.693879 -0.0001773 0.00162 -0.005866 -0.001453 -0.0264 -5.552e-05
1341846105.726045 0.001818 0.002571 -0.004365 -0.005889 -0.01992 0.0002165
1341846105.758468 -0.003705 -0.003148 0.007546 -0.005472 -0.01706 0.00228
1341846105.793970 -0.003978 -0.0007791 0.003001 -0.001244 -0.02539 0.00753
1341846105.825903 0.005598 0.004827 -0.01057 -0.001677 -0.02585 0.002564
1341846105.861764 -0.003633 -0.0006479 0.006768 -0.006983 -0.01847 -0.0007897
1341846105.893922 -0.004247 0.0003266 -0.002137 -0.003671 -0.02897 0.0001887
1341846105.925960 0.004405 0.00273 -0.002523 -0.007911 -0.02944 0.00173
1341846105.963745 0.006818 -0.009469 0.009104 -0.006538 -0.02257 0.001436
1341846106.025952 -0.0006762 0.003775 -0.00257 0.01285 -0.03468 0.03328
1341846106.061758 0.01404 -0.001196 0.00219 -0.0003759 -0.01059 0.007431
1341846106.093961 -0.006615 0.001268 -0.0009606 0.001238 -0.0003235 0.007784
1341846106.130133 -0.01023 0.001777 -0.001272 3.173e-05 -0.01073 0.01072
1341846106.161819 0.007863 -0.002447 0.001864 -0.001897 -0.01485 0.00441
1341846106.193968 0.001448 -0.0006083 0.0002602 0.0006263 -0.005071 -0.002038
1341846106.229889 -0.01298 -0.001468 0.0007559 -0.0003579 -0.005181 -0.001242
1341846106.261942 -0.0007423 -0.002962 0.001294 0.00218 -0.01698 0.0006749
1341846106.293939 0.01126 0.002205 0.0007822 0.003575 -0.008608 0.002402
1341846106.329961 0.002171 0.0001906 0.0003059 0.004376 0.0004341 0.01168
1341846106.361877 0.003327 -0.00173 0.0002536 0.007589 0.001143 0.0241
1341846106.398046 0.003891 -5.831e-06 -0.001013 0.01109 0.003451 0.02494
1341846106.429938 0.00487 0.003459 -0.001855 0.01017 0.008599 0.02372
1341846106.461886 -0.004407 -0.004437 0.001739 0.008062 0.01423 0.02317
1341846106.497910 -0.0141 0.005489 -0.002372 0.009554 0.004238 0.01908
1341846106.529979 0.006974 0.007546 -0.00128 -0.0005388 -0.005119 0.01729
1341846106.561925 -0.0005556 -0.006482 0.005499 -0.002324 0.004795 0.02576
1341846106.597815 -0.006323 0.0009165 0.002761 0.006614 0.002039 0.03852
1341846106.632234 -0.002615 0.000806 -0.000229 0.005574 -0.002828 0.03818
1341846106.665869 0.004997 0.002872 -0.000201 0.002306 -0.001739 0.02798
1341846106.697883 -0.004657 -0.0009955 0.002896 0.001687 0.003025 0.02952
1341846106.729896 -0.004808 0.002165 0.0009746 0.002812 -0.002506 0.03154
1341846106.766032 0.00645 0.0008244 -0.00188 0.001114 -0.004116 0.02656
1341846106.797963 0.006743 -0.001952 0.001785 0.002014 0.004061 0.02492
1341846106.834113 -0.008318 -0.001097 0.004023 0.00618 0.0113 0.02898
1341846106.865869 -0.003039 0.004309 -0.001371 0.004995 -0.00083 0.02183
1341846106.897921 0.003867 0.00235 -0.0008647 -0.0002954 0.001042 0.01529
1341846106.933929 -0.004029 -0.0008558 0.004446 -0.001208 0.002669 0.01612
1341846106.967484 0.0004214 -0.0009996 0.00395 0.00253 0.0002687 0.02093
1341846106.999098 0.004792 0.00277 -0.0044 0.00535 -0.0003307 0.02516
1341846107.033909 0.003958 0.003289 -0.004687 -0.000151 0.006875 0.02696
1341846107.065762 -0.00685 -0.006775 0.01034 -0.0001144 0.005739 0.02937
1341846107.101921 0.01132 -0.001718 -0.009566 0.006791 -0.001518 0.02478
1341846107.133974 0.0006861 0.002416 -0.002199 0.005252 0.01159 0.02416
1341846107.166082 -0.00299 -0.0007476 0.004305 0.003203 0.006297 0.03012
1341846107.202100 0.007455 -0.00174 -0.0039 0.004507 0.0012 0.02604
1341846107.233799 0.006395 0.0002433 -0.004516 0.003901 0.007366 0.02059
1341846107.265874 0.0003681 0.002953 -0.001319 0.002133 0.00997 0.02447
1341846107.301965 0.004628 -0.001429 -0.000667 -0.0005674 0.005964 0.02156
1341846107.334002 0.002202 -0.001804 8.52e-05 0.001646 0.009884 0.02215
1341846107.369797 -0.004918 0.002918 0.002564 0.003161 0.007873 0.02993
1341846107.401899 0.003303 -0.002793 -0.00114 -9.199e-05 -0.0009076 0.02872
1341846107.434304 0.00517 -0.007554 -0.0008831 0.002767 0.004422 0.02056
1341846107.469787 0.0005636 -0.0008234 -0.0007665 0.006037 0.006526 0.0139
1341846107.502174 -0.002519 0.002951 0.003932 0.006065 0.002255 0.01449
1341846107.533946 0.006642 -0.0006538 -0.00551 0.005051 -0.001936 0.01767
1341846107.601911 0.001903 0.00195 -0.001028 0.007162 0.01873 0.03352
1341846107.637876 0.0009368 0.001207 0.001083 0.002436 -0.0005061 0.02168
1341846107.669757 0.002759 -0.005847 0.003146 0.003417 0.00232 0.0258
1341846107.701892 0.006606 -0.0006989 -0.005784 0.006183 0.001772 0.01962
1341846107.737797 0.002097 -0.00208 0.001257 0.002202 0.006135 0.008489
1341846107.769837 -0.003744 0.001942 0.006269 0.006977 0.004848 0.01833
1341846107.805959 0.003725 0.0004744 -0.002589 0.004622 -0.0005344 0.01961
1341846107.837955 -0.002206 -0.008962 0.01032 0.00538 0.00451 0.02206
1341846107.870011 -0.002106 0.00239 0.004606 0.01666 -0.0009931 0.02829
1341846107.905926 0.001878 0.007205 -0.005534 0.01264 -0.007387 0.0342
1341846107.938092 -0.003522 -0.01406 0.01212 0.005482 -0.006054 0.03192
1341846107.969943 0.00646 -0.003226 -0.004179 0.02103 -0.005596 0.02574
1341846108.006614 0.002145 -0.001842 -0.0008958 0.0145 0.003364 0.02181
1341846108.073927 0.004232 0.006267 -0.005705 0.04102 -0.001555 0.04658
1341846108.106110 0.001636 -0.003967 0.002328 0.003517 -0.001629 0.01324
1341846108.137977 0.003476 0.0008086 -0.005457 0.005515 -0.001539 0.002933
1341846108.173901 -0.003616 -0.0006556 0.003256 0.001619 0.002947 0.008635
1341846108.205882 -0.003621 -0.004454 0.007715 0.006038 -0.004745 0.01194
1341846108.237836 0.003977 0.0008132 -0.006217 0.008862 -0.004517 0.01098
1341846108.273872 -0.004625 -0.009893 0.01006 0.00693 0.004226 0.01581
1341846108.305866 0.0004148 0.004912 -0.0008479 0.02049 -0.005427 0.02292
1341846108.341858 0.004982 0.000451 -0.008445 0.008276 -0.005139 0.01278
1341846108.373928 -0.002664 -0.007555 0.006526 0.005708 0.002554 0.004879
1341846108.406059 0.001302 0.003963 -0.003459 0.01417 -0.001769 0.008027
1341846108.441881 0.0004484 0.002787 -0.005866 0.003331 -0.0006575 0.003785
1341846108.473918 -0.0038 0.001076 0.003338 -0.0001854 -0.003776 -0.004529
1341846108.506142 0.0001463 -0.005235 9.224e-05 -0.002157 -0.005845 -0.007364
1341846108.541923 -0.002632 -0.000811 0.003323 0.004239 -0.001456 0.002749
1341846108.573967 -0.0092 0.002279 0.01276 0.008556 -0.007256 0.01135
1341846108.609979 0.007652 0.004575 -0.0112 0.01019 -0.02142 0.001696
1341846108.641701 0.004707 -0.002723 -0.01038 -0.006408 -0.003659 -0.01727
1341846108.673868 -0.0119 0.0006017 0.02151 0.001901 0.001387 -0.0103
1341846108.710024 -0.0009256 0.002707 -0.01285 0.003292 -0.02149 -0.004301
1341846108.742835 0.0004596 -0.007125 0.001674 -0.004097 -0.01134 -0.007814
1341846108.773793 -0.004906 0.004645 0.0009259 0.005159 -0.01108 -0.001428
1341846108.810032 -0.001769 -0.001592 -0.004592 -0.002218 -0.01693 -0.0001032
1341846108.841885 0.0027 -0.005127 -0.005539 -0.002506 -0.008749 -0.005356
1341846108.877944 -0.001188 0.002534 -0.003127 -0.001131 -0.002001 -0.004233
1341846108.909950 -0.005131 0.003147 0.007768 -0.003107 -0.007598 -0.004719
1341846108.941882 0.003842 -0.00946 -0.004809 -0.003979 -0.006655 -0.01537
1341846108.977902 -0.00281 0.001571 3.694e-05 0.00184 0.005618 -0.006197
1341846109.009916 -0.006463 0.005664 0.008433 0.001697 -0.005653 -0.001578
1341846109.045986 0.002605 -0.00677 -0.006121 -0.002578 -0.007619 -0.01364
1341846109.077854 -0.003179 -0.001187 0.002458 0.001412 0.001245 -0.00464
1341846109.109839 -0.001503 0.006292 -0.002326 0.002982 -0.004577 0.001971
1341846109.145865 0.001103 0.002563 -0.006565 -0.006627 -0.007664 -0.009627
1341846109.178396 0.0009383 -0.001849 -0.002794 -0.0105 -0.001789 -0.01764
1341846109.209809 -0.001872 0.006066 0.001107 -0.008038 -0.0006919 -0.007893
1341846109.245810 0.001517 0.002871 -0.006763 -0.01901 -0.007568 -0.01815
1341846109.277797 0.001082 -0.002881 -0.002775 -0.02664 0.0004523 -0.03881
1341846109.313909 -0.003225 0.00783 0.00362 -0.02188 0.001534 -0.02507
1341846109.345968 -0.0007615 -0.002263 0.004156 -0.01808 -0.003312 -0.02798
1341846109.377812 0.001141 -0.0004497 -0.003774 -0.01501 0.002951 -0.03151
1341846109.413820 -0.002193 -0.000446 0.003213 -0.01523 0.006617 -0.03243
1341846109.445954 -0.006837 -0.004858 0.01193 -0.008106 0.001993 -0.02666
1341846109.490348 -0.0009221 -0.003347 -0.001114 0.002174 -0.0008744 -0.01987
1341846109.545959 0.001766 0.01044 -0.006677 -0.00602 0.005174 -0.04158
1341846109.581855 0.0004981 0.003596 -0.001587 -0.006281 0.0005137 -0.03235
1341846109.613999 0.005209 0.005582 -0.005491 -0.01333 0.00632 -0.04281
1341846109.645963 -0.00157 0.003063 0.004361 -0.01643 0.01218 -0.04835
1341846109.681808 -0.003224 0.002827 0.005223 -0.01424 0.005757 -0.04257
1341846109.713847 -0.003933 -0.004261 0.008191 -0.009445 0.004404 -0.0376
1341846109.745831 -0.00102 0.002309 0.0003903 -0.002723 0.002008 -0.0271
1341846109.781814 -0.002848 0.0002486 0.004178 -0.002707 0.001473 -0.02749
1341846109.813956 -0.0005804 0.002496 -0.0004906 -0.001289 -0.001894 -0.02053
1341846109.850256 0.003864 0.002579 -0.005453 -0.003526 0.000646 -0.02038
1341846109.913863 -0.005229 0.003039 0.007965 -0.01303 0.005905 -0.02931
1341846109.949976 -0.002614 -0.000828 0.00479 -0.001127 0.002065 -0.003641
1341846109.981998 0.002444 0.006793 -0.004946 -0.0005531 -0.0007829 0.002627
1341846110.017884 0.000461 -0.001341 0.001058 -0.006149 0.0006517 -0.00613
1341846110.049982 -0.001795 0.004302 -0.0006412 -0.004835 -0.0009216 -0.008651
1341846110.117943 0.001839 -0.003339 -0.0005806 -0.01435 -0.001096 -0.02998
1341846110.150254 -0.004764 0.001925 0.001064 -0.002117 0.002704 -0.01603
1341846110.181980 -0.0001443 -0.0007754 -0.0001931 -0.004093 -0.001501 -0.01937
1341846110.217907 -0.0001281 -0.002055 0.0007853 -0.001126 0.00218 -0.01596
1341846110.249883 0.0007332 0.001341 -0.003776 0.0007773 0.003505 -0.01867
1341846110.286020 -0.003032 0.003766 0.001163 -0.004858 0.002681 -0.0237
1341846110.356025 -0.001241 -0.008735 0.008706 -0.00376 0.0008197 -0.04425
1341846110.417989 -2.595e-05 0.00563 0.0003007 0.001339 0.0003846 -0.02139
1341846110.449878 0.002549 0.0008974 0.0009544 -0.002404 0.001577 -0.01198
1341846110.485899 -0.003242 -0.0009463 0.005309 -0.002227 0.00348 -0.006991
1341846110.517949 -0.0006033 -5.208e-05 0.001398 0.0002093 0.0003395 -0.002883
1341846110.554149 0.004836 0.001906 -0.002877 0.0006575 0.00139 -0.006355
1341846110.585896 -0.001326 -1.9e-05 0.002714 -0.001507 0.006079 -0.007452
1341846110.617933 -0.003181 -0.002627 0.003056 0.001023 0.003445 -0.01004
1341846110.653885 0.003509 0.003169 -0.006174 0.002932 0.001236 -0.01536
1341846110.686533 -0.001204 0.00215 0.001484 -0.003392 0.005095 -0.02184
1341846110.717831 -0.01055 -0.005992 0.007815 -0.002424 0.0005097 -0.02299
1341846110.753826 0.002847 0.001839 -0.003541 0.003642 -0.007376 -0.02291
1341846110.785789 0.001212 0.003424 -0.002411 -0.001123 -0.003406 -0.02394
1341846110.821828 -0.0006687 -0.003644 0.00223 -0.002679 -0.001762 -0.0253
1341846110.853855 -0.003553 0.001542 0.0003605 0.001168 -0.002832 -0.02169
1341846110.885864 0.001703 0.004105 -0.002892 -0.001261 -0.005393 -0.01741
1341846110.921999 0.001495 -0.002632 0.00187 -0.002898 -0.0007157 -0.01615
1341846110.953861 -0.00639 0.001505 0.001858 0.001159 0.0001076 -0.01229
1341846110.985986 -0.0006345 0.001678 -0.0003531 -0.0003284 -0.005393 -0.006088
1341846111.021940 0.004463 -0.005547 0.001398 0.001937 -0.0022 -0.004563
1341846111.053945 -5.823e-05 0.003082 -0.001781 0.007373 0.002615 -0.005162
1341846111.089856 0.0008277 0.001925 -0.001306 0.002179 0.001857 -0.00994
1341846111.121811 0.003329 -0.0004738 -0.0003247 0.001853 0.003922 -0.01634
1341846111.153919 -0.001473 0.006422 -9.405e-05 -0.0003631 0.006155 -0.01405
1341846111.189911 -0.001588 -0.005713 0.004147 -0.002963 0.004224 -0.01447
1341846111.221870 -0.00013 -0.001994 0.002204 0.005802 0.001923 -0.01399
1341846111.258571 -0.0004441 0.003305 -7.983e-05 0.006323 0.001773 -0.006505
1341846111.289825 -0.00063 0.002282 -0.0009267 0.004349 0.001342 -0.005899
1341846111.321895 -0.001711 0.005199 -0.001893 -0.0007894 0.0005953 -0.007156
1341846111.357890 0.005073 -0.005835 0.002805 -0.003228 -0.0002737 -0.01065
1341846111.390567 -0.002282 0.002609 -0.001195 0.003057 0.004416 -0.009646
1341846111.421924 -0.006432 -0.0003038 -0.0002939 -0.002978 0.0002511 -0.007908
1341846111.457975 0.006469 -0.005592 0.000842 -0.0009554 -0.003611 -0.01287
1341846111.490354 0.0009321 0.003494 -0.001857 0.001434 0.004086 -0.01798
1341846111.525824 -0.007667 0.0001983 -0.0003731 -0.00439 0.003704 -0.01997
1341846111.557829 0.003691 -0.005851 0.002588 -0.002449 -0.002562 -0.02008
1341846111.589761 0.0001316 -0.0003447 0.0002608 0.003653 0.002946 -0.02121
1341846111.625966 -0.007184 0.001996 -0.001164 0.001554 0.001283 -0.02582
1341846111.658029 -0.001073 0.001836 -0.0008035 -0.000472 -0.004107 -0.0261
1341846111.689871 0.001731 -0.003043 0.002416 -0.001323 -0.002784 -0.02285
1341846111.725851 -0.002065 0.0004161 -0.0004882 0.002242 -0.000918 -0.02528
1341846111.757957 -0.004468 0.003262 -0.002133 -0.000369 -0.00306 -0.02454
1341846111.793921 0.005095 -0.00056 0.002414 -0.002021 -0.0042 -0.0222
1341846111.825999 0.002141 0.0005815 0.0009252 5.993e-05 0.001709 -0.02378
1341846111.857852 -0.005667 0.005974 -0.003382 -0.001464 0.002623 -0.01775
1341846111.893939 0.00379 -0.002006 0.003699 -0.00507 -0.002446 -0.01095
1341846111.925817 0.008787 0.001357 0.004236 0.002255 0.002811 -0.01496
1341846111.957857 -0.007465 0.009077 -0.005956 -0.001323 0.01048 -0.01536
1341846111.993917 -0.0005561 -0.003893 0.00199 -0.005793 0.001884 -0.01271
1341846112.025975 0.0003641 0.001635 -0.0001772 -6.093e-05 0.001958 -0.01823
1341846112.061964 -0.003073 0.004873 -0.00182 -0.002701 0.002658 -0.02269
1341846112.094004 -0.001884 0.0001636 -0.0001446 -0.004885 0.0007039 -0.02534
1341846112.125857 6.787e-05 0.004968 0.0002322 -0.004392 0.0009394 -0.02852
1341846112.161882 -0.002059 0.004477 -0.001397 -0.007106 0.003451 -0.02932
1341846112.193903 0.0004369 0.002495 0.00104 -0.009625 0.00371 -0.02787
1341846112.230507 -0.00156 0.0009708 -0.002206 -0.00762 0.004005 -0.01979
1341846112.261848 -0.0009767 -0.002927 0.0005513 -0.005452 -0.001941 -0.01281
1341846112.293912 0.0003715 0.008504 -0.0007984 -0.002007 -0.0007537 -0.02294
1341846112.329892 -0.003283 0.005703 -0.004975 -0.01149 0.004016 -0.02471
1341846112.361751 0.002796 -0.00244 0.002843 -0.01138 -0.0004253 -0.01594
1341846112.393853 -0.0002671 -0.0014 -0.001366 -0.00525 -0.001424 -0.00907
1341846112.429940 0.001509 0.00337 0.0007168 -0.004397 -0.002394 -0.01132
1341846112.461839 0.001174 0.00333 0.001021 -0.005416 0.000736 -0.01609
1341846112.498139 0.0012 -0.001913 0.000838 -0.004922 -1.242e-05 -0.009647
1341846112.530069 0.004301 -0.00183 0.006647 -0.0007502 -0.0002845 -0.005843
1341846112.562160 0.001565 0.002411 0.001685 0.003711 0.002437 -0.01503
1341846112.597968 -0.00152 0.005548 -0.002764 -0.0003391 0.004059 -0.02395
1341846112.630702 0.00217 -0.0045 0.003445 -0.00243 0.002045 -0.01503
1341846112.661861 -0.0004184 -0.003786 0.0008831 0.003043 -0.001986 -0.01479
1341846112.698170 -0.0002894 0.00451 -0.000828 0.004659 -0.00376 -0.02038
1341846112.729995 -0.0001478 0.004334 -0.001053 -0.0005706 -0.0009752 -0.02496
1341846112.765875 -0.00715 -0.001639 -0.006171 -0.00401 -0.004472 -0.01975
1341846112.798043 -0.004642 0.003525 -0.00419 -0.008092 -0.01395 -0.02209
1341846112.829969 0.005995 -2.217e-05 0.01221 -0.008741 -0.01201 -0.01971
1341846112.865900 0.004039 -0.001863 0.01096 -0.0008537 -0.005217 -0.01793
1341846112.897929 -0.006129 0.003918 -0.007959 0.001407 -0.002621 -0.01912
1341846112.935783 0.0004512 0.002381 5.173e-05 -0.005113 -0.005822 -0.01516
1341846112.998277 0.002079 0.003371 0.004865 0.0008068 -0.003378 -0.03681
1341846113.033814 -0.002687 -0.001451 -0.003417 -0.004831 -0.003704 -0.0125
1341846113.072059 0.0008069 0.000259 0.003364 -0.003887 -0.009018 -0.01544
1341846113.139948 -0.0034 0.00681 -0.002241 -0.005995 -0.00778 -0.04083
1341846113.198174 0.002034 -0.0005804 0.009279 -0.01051 -0.01781 -0.04223
1341846113.233852 -0.001941 0.00142 -0.003761 -0.00274 -0.003476 -0.01947
1341846113.265850 -0.005824 0.001925 -0.00613 -0.005193 -0.00522 -0.01747
1341846113.301938 0.0005707 0.001797 0.003237 -0.007327 -0.008854 -0.02546
1341846113.333866 0.004825 -0.002632 0.01082 -0.005197 -0.007464 -0.02357
1341846113.366028 -0.002812 0.001726 -0.005633 -0.0007845 -0.003356 -0.02634
1341846113.401917 -0.003818 0.0009318 -0.006747 -0.005665 -0.003874 -0.02338
1341846113.433895 0.003702 0.0006013 0.01009 -0.002971 -0.004474 -0.02274
1341846113.469984 -0.002074 0.001735 -0.005626 0.0002361 -0.0003799 -0.02193
1341846113.501829 -0.003239 0.002191 -0.007204 -0.004596 -0.001609 -0.01664
1341846113.533888 0.004431 0.001869 0.01447 -0.0007339 -0.002041 -0.01777
1341846113.569800 -0.002663 0.005592 -0.005838 0.002971 0.002245 -0.02356
1341846113.601892 -0.0007227 -0.001999 -0.004264 -0.00244 0.001076 -0.01128
1341846113.634488 0.004107 -0.002017 0.00994 -0.001365 -0.005792 -0.01509
1341846113.669776 -0.001501 0.005999 -0.002909 0.002608 -0.003296 -0.02796
1341846113.701823 -0.004074 0.005324 -0.01104 -0.002395 0.0008353 -0.02845
1341846113.737952 0.0047 -0.002194 0.01321 -0.003909 -0.0002763 -0.01551
1341846113.769790 0.003674 -0.002333 0.01104 0.00522 -0.002238 -0.01541
1341846113.801808 -0.006567 0.002883 -0.01671 0.003228 0.0002203 -0.0169
1341846113.837973 0.002186 -0.001369 0.00717 -0.002356 -0.003171 -0.01124
1341846113.869842 -0.001106 0.005578 -0.0004484 0.002865 -0.0006861 -0.02079
1341846113.901753 -0.001905 -0.001488 -0.005262 -0.002681 0.0003466 -0.01661
1341846113.937955 0.002067 -0.003502 0.007752 -0.00502 -0.00566 -0.0171
1341846113.969840 0.001484 0.003622 0.009149 0.004627 -0.004598 -0.01955
1341846114.005912 -0.004167 -0.0006276 -0.01053 0.002265 -0.001795 -0.01594
1341846114.043864 -0.001991 -0.002392 -0.0003975 -0.003855 -0.006707 -0.02019
1341846114.106082 -0.001258 0.01107 0.001147 0.004134 -0.0008421 -0.04219
1341846114.137798 -0.001767 -0.007765 -0.004673 -0.001906 0.0003717 -0.005028
1341846114.170101 -0.000697 0.001257 0.002077 -0.0009595 -0.005008 -0.009644
1341846114.205882 0.0002162 0.005008 0.002891 0.004839 -0.0003199 -0.007098
1341846114.237814 -0.001584 6.93e-05 -0.005989 0.002831 0.002437 -0.002588
1341846114.273904 0.001104 -0.0006829 0.002397 -0.0005946 0.001825 -0.005823
1341846114.305813 0.000304 0.0002175 0.002507 0.002077 0.001819 -0.01125
1341846114.337919 -0.002337 -0.002665 -0.006502 -0.0001779 0.001711 -0.002489
1341846114.374059 0.001516 7.764e-05 0.004113 -0.0005954 -0.0003834 -0.004778
1341846114.406296 0.0005815 0.003993 0.003011 0.003264 0.002094 -0.01274
1341846114.441861 -0.002003 -0.0008479 -0.006227 0.0021 0.005141 -0.00359
1341846114.473886 0.002263 -0.005074 0.004988 -0.0007328 0.001126 -0.0001968
1341846114.506009 0.0005239 0.004052 0.001256 0.004077 -0.0002763 -0.01329
1341846114.541924 -0.00426 0.0006508 -0.01028 0.001888 0.005775 -0.003691
1341846114.573824 0.001581 -0.008979 0.004812 -0.002068 -0.000119 0.01337
1341846114.605897 0.002564 0.0004842 0.01021 0.004635 -0.005746 0.003079
1341846114.641888 -0.005885 0.006577 -0.01521 0.006409 0.002154 -0.005139
1341846114.673974 -0.001881 -0.005295 -0.002323 -0.005636 0.002309 0.003195
1341846114.709730 0.004141 -0.007099 0.01616 0.000844 -0.003958 0.01079
1341846114.741795 -0.003166 0.001571 -0.007558 0.007343 -0.001139 0.01004
1341846114.773917 -0.004012 -0.0001657 -0.009881 0.001157 0.001324 0.01498
1341846114.810044 0.000113 -0.002883 0.002066 0.000144 0.0003677 0.02847
1341846114.841856 0.001127 -0.001033 0.004647 0.005113 -0.0001374 0.03384
1341846114.873982 -0.003876 0.003327 -0.01452 0.003322 0.003001 0.03044
1341846114.909807 -0.003057 0.003334 -0.009842 -0.005852 0.005088 0.02636
1341846114.941865 0.0002335 0.004017 0.0003855 -0.01053 0.006967 0.01522
1341846114.977980 0.00336 -0.009276 0.01477 -0.01056 0.005634 0.01676
1341846115.009784 0.0009608 -0.01163 0.007484 -0.005722 -0.0008734 0.02605
1341846115.041927 0.0006889 -0.001021 0.0068 0.001917 -0.003818 0.02254
1341846115.077974 -0.0006088 0.005359 0.0002269 0.005438 0.002513 0.01317
1341846115.109710 -0.001332 -0.005615 -0.003968 0.001877 0.004326 0.0233
1341846115.177979 0.007613 -0.01168 0.0198 0.01282 -0.006101 0.06049
1341846115.209893 0.001906 -0.004586 0.00365 0.01465 -0.0008054 0.02545
1341846115.245960 -0.001692 -0.006593 -0.007952 0.01057 -0.007693 0.02252
1341846115.277850 -0.0009792 -0.00161 0.001384 0.009704 -0.01043 0.018
1341846115.309821 0.0006795 -0.002245 0.00555 0.01336 -0.006313 0.02313
1341846115.345985 -0.006366 -0.0003974 -0.01419 0.01235 -0.003904 0.02785
1341846115.377811 -0.000902 -0.001898 -0.001517 0.007193 -0.004959 0.03608
1341846115.409843 0.004695 -0.01019 0.01207 0.0093 -0.006949 0.04476
1341846115.445793 -0.004096 -0.001015 -0.008074 0.01454 -0.005453 0.04001
1341846115.478059 -0.008289 0.012 -0.01562 0.005655 -0.0007771 0.02243
1341846115.513951 0.003484 -0.00489 0.01116 -0.004772 0.0002154 0.02419
1341846115.545891 0.004478 -0.008369 0.01077 0.003912 3.198e-05 0.0267
1341846115.577954 -0.002296 -0.005897 -0.007722 0.005826 -0.001053 0.02714
1341846115.613954 -0.001988 7.811e-05 -0.0009973 0.003644 -0.001658 0.0264
1341846115.645824 0.003543 -0.002772 0.009614 0.005342 0.002247 0.03137
1341846115.681882 0.002121 -0.008886 -0.002863 0.007649 -0.0005166 0.0351
1341846115.714384 -0.001047 -0.002567 -0.007781 0.005106 -0.006233 0.03439
1341846115.746144 0.001752 0.002072 0.006381 0.00416 -0.005874 0.02636
1341846115.781725 0.001824 -0.001245 0.003678 0.005626 -0.001164 0.02022
1341846115.813812 -0.002525 -0.00361 -0.008516 0.003522 -0.0051 0.02384
1341846115.848050 -0.001002 0.001503 -4.909e-05 2.931e-06 -0.009106 0.02533
1341846115.881857 0.007745 -0.001843 0.01223 0.003515 -0.008143 0.0185
1341846115.913919 -0.001075 -0.002254 -0.0009136 0.007802 -0.002344 0.0141
1341846115.950006 -0.007831 0.002595 -0.01044 0.002808 -0.003808 0.01913
1341846115.982063 0.002177 0.0008024 0.004311 -0.001113 -0.009089 0.01629
1341846116.014067 0.004251 0.001136 0.006358 0.002167 -0.002671 0.006514
1341846116.050272 -0.004886 0.0006722 -0.007213 -0.0004196 0.003751 0.009963
1341846116.081984 -0.0001369 -0.003996 -0.001025 -0.005257 -0.003615 0.02076
1341846116.113928 0.005949 -0.001669 0.007318 0.001805 -0.006496 0.01583
1341846116.149901 -0.002281 0.006136 -0.004145 0.003775 0.005077 0.009034
1341846116.181797 -0.005651 -0.00133 -0.006271 -0.006103 0.003396 0.02002
1341846116.219755 0.005391 -0.004887 0.007074 -0.001635 -0.006997 0.02002
1341846116.252587 -0.00334 0.006197 -0.004157 0.004358 0.0006803 0.009661
1341846116.282014 -0.004237 0.002709 -0.003984 -0.00468 0.0009697 0.01007
1341846116.319031 0.005209 -0.006551 0.007407 -0.004717 -0.004415 0.01067
1341846116.381987 -0.004117 7.984e-05 -0.003364 0.001912 -0.002885 0.01402
1341846116.417962 0.00257 -0.001641 0.003764 -0.0003969 -0.003819 0.01052
1341846116.449943 -0.0001034 -0.002048 -0.0001347 0.001942 -0.0006694 0.01526
1341846116.486079 -0.0026 -0.000108 -0.001855 0.0006945 -0.002516 0.02086
1341846116.517901 0.004698 -0.0006463 0.005323 0.002808 -0.003551 0.01924
1341846116.549851 8.985e-05 0.0002651 -0.0004143 0.004006 0.002346 0.01959
1341846116.585719 -0.002626 -0.003171 -0.002583 0.002377 6.833e-05 0.02264
1341846116.617985 -0.001443 0.0002705 -4.515e-05 0.003979 -0.004431 0.01376
1341846116.653901 0.002353 0.001879 0.00179 0.003116 -9.616e-05 0.002061
1341846116.686079 -0.006025 -0.0003971 -0.005913 -0.0004923 0.003342 0.001692
1341846116.717942 0.000592 -0.003742 0.001971 -0.003902 -0.005699 0.006432
1341846116.753865 0.00661 -0.001318 0.004801 0.002166 -0.004642 0.004752
1341846116.785839 -0.0003054 0.004156 -0.004463 0.0008674 0.005653 0.005379
1341846116.818815 -0.002577 -0.006488 4.232e-05 -0.006232 0.001909 0.01857
1341846116.853902 0.006556 -0.002664 0.004612 0.002646 -0.003816 0.01588
1341846116.886435 -0.001789 0.005589 -0.005158 0.0026 0.005924 0.01204
1341846116.921838 -0.001947 -0.001476 -0.001078 -0.003613 0.002825 0.01601
1341846116.953941 0.003473 -0.001662 0.001941 -0.001223 -0.0002061 0.01541
1341846116.985759 0.003405 0.001031 0.0008469 5.481e-05 0.002592 0.01322
1341846117.021816 -0.0008484 0.0006526 -0.002001 -0.0009724 0.004783 0.01376
1341846117.054055 0.003036 -0.001423 0.001879 -0.001499 0.002529 0.01502
1341846117.085953 0.001392 -0.0002861 -0.0007549 0.00105 0.003557 0.01421
1341846117.121840 0.0004322 0.002305 -0.001843 -0.0002689 0.004569 0.01151
1341846117.154178 -0.0002322 -7.933e-05 -0.001226 -0.002006 0.003987 0.009039
1341846117.190028 0.001281 0.0005614 8.219e-05 -0.002392 0.002696 0.007348
1341846117.221812 -0.002944 -0.002973 -0.0005719 -0.001871 0.002383 0.01057
1341846117.253848 -0.0002351 0.0009355 0.0001343 0.0004815 -0.00229 0.009035
1341846117.289976 0.008113 0.001191 0.003086 0.0006878 0.0008818 0.002824
1341846117.321956 -0.007219 0.001024 -0.003142 -0.0009158 0.007946 0.00304
1341846117.354004 -0.007635 0.0005149 0.00193 -0.002921 -0.002464 0.008644
1341846117.389874 0.0115 -0.003027 0.005333 0.0001837 -0.006584 0.005837
1341846117.421707 0.0004119 0.004021 -0.002913 0.002206 0.006483 0.002085
1341846117.457914 -0.00649 -0.001167 0.0005524 -0.004392 0.002693 0.006129
1341846117.490067 0.006129 -0.004161 0.003546 -0.000187 -0.004202 0.007011
1341846117.521746 0.004423 0.003151 -0.002458 0.004127 0.003873 0.002301
1341846117.557896 -0.004922 0.001769 -0.00309 -0.003136 0.006514 0.00358
1341846117.590027 0.0008512 -0.003804 0.000696 -0.002193 0.0006601 0.003035
1341846117.621818 0.002083 0.004183 -0.002831 8.808e-05 0.003102 -0.001553
1341846117.658054 -0.003265 0.002164 -0.001833 -0.005372 0.006127 -0.001494
1341846117.689984 -0.003541 -0.0003677 0.0004089 -0.005258 0.001439 0.001931
1341846117.725898 0.00207 0.004678 -0.0007629 -0.003446 0.0007397 0.001323
1341846117.757737 0.001011 0.003534 0.002341 -0.007353 0.003782 0.001962
1341846117.790023 0.0001782 -0.00152 0.002507 -0.004099 0.003981 0.004159
1341846117.825949 -0.005323 0.00428 -0.000807 -0.002366 0.003301 0.003507
1341846117.857847 -0.0005768 -0.0001537 0.002923 -0.004031 -0.001692 0.000393
1341846117.893987 0.005882 -0.0003589 0.003718 -0.000852 -0.0007489 -0.005675
1341846117.925908 -0.005518 0.001424 -0.001175 -2.771e-05 0.004631 -0.005656
1341846117.958141 -0.006018 -0.001161 0.0009698 -0.002053 -0.002256 -0.002488
1341846117.993978 0.006618 -0.002846 0.002634 0.001159 -0.005823 -0.004602
1341846118.025852 0.0009849 0.0006523 -0.001327 0.002773 0.001981 -0.006461
1341846118.058362 -0.006844 0.0008475 -0.003091 0.0001619 0.001614 -0.003893
1341846118.093970 0.001063 -0.0006734 0.001238 -0.0008914 -0.003615 -0.001172
1341846118.125943 0.00467 -6.947e-05 0.001056 0.001927 -0.0007428 -0.001922
1341846118.161827 -0.005277 0.004334 -0.003284 0.0009228 0.003787 -0.001471
1341846118.194750 -0.004475 0.0006741 0.001045 -0.003262 -0.00214 0.00181
1341846118.226048 0.004673 -2.073e-05 0.001726 -0.0001855 -0.003741 -0.0004613
1341846118.261772 -0.003479 0.00388 -0.001654 -0.001126 0.001595 -0.001817
1341846118.294053 -0.002492 0.0008194 0.0007033 -0.003549 -0.001466 -0.0008804
1341846118.336123 0.00288 -0.001735 0.003264 -0.002329 -0.003143 6.041e-05
1341846118.362053 0.000631 -0.0006708 0.0006272 0.001495 -5.043e-05 0.0003112
1341846118.393906 -0.00653 0.002394 -0.001876 0.000282 -0.0001991 0.001579
1341846118.429882 0.005545 -0.001734 0.003482 -0.001644 -0.005519 0.0005806
1341846118.461821 0.004615 -0.00168 0.002204 0.00188 0.0006826 -0.000765
1341846118.509152 -0.005633 -1.868e-05 -0.003299 0.001289 0.002973 -0.0003484
1341846118.535838 3.299e-05 5.374e-05 0.0008709 -0.001413 -0.002183 -0.0001369
1341846118.567808 0.007005 -0.002865 0.003422 0.001196 -0.001101 -0.002284
1341846118.603991 -0.007568 0.004488 -0.004073 0.001913 0.005276 -0.00168
1341846118.635802 -0.00428 0.0007488 0.001732 -0.004466 -0.003081 0.0008809
1341846118.667919 0.007956 -0.003113 0.004431 -0.0003292 -0.004336 -0.000747
1341846118.703956 -0.003411 0.004198 -0.001853 0.001435 0.003467 -0.00301
1341846118.735837 -0.006023 -0.0004658 0.001462 -0.003781 -0.001011 4.603e-06
1341846118.772013 0.00676 -0.003718 0.004173 -0.0005255 -0.005623 -0.0003992
1341846118.804343 -0.0009985 0.00299 -0.001988 0.001807 0.001539 -0.0024
1341846118.835817 -0.002449 -0.0007714 0.0005066 -0.003309 -0.0002236 -0.0001227
1341846118.872045 0.003198 -0.003449 0.002184 -0.000634 -0.002525 0.0003106
1341846118.903860 0.0005918 0.0009947 -0.0005134 0.001313 0.00128 0.00125
1341846118.935809 -0.005116 6.159e-05 -0.001733 -0.0006964 0.000646 0.002669
1341846118.971870 0.001627 0.0001564 0.0009326 -0.001475 -0.002781 0.000132
1341846119.003949 -5.57e-06 0.001114 -0.0007857 -0.0003733 0.00116 -0.003549
1341846119.035768 -0.01082 0.005589 -0.002028 -0.004963 0.001004 -0.00444
1341846119.071829 0.00273 -0.002672 0.003469 -0.007977 -0.007631 -0.003127
1341846119.103837 0.006599 -0.001014 0.004199 -0.002333 -0.002963 -0.001339
1341846119.136478 -0.004961 0.00241 -0.0004284 -0.0006051 0.002173 0.0003489
1341846119.171928 -0.004685 0.002719 0.0004042 -0.004067 -0.001764 -0.0006801
1341846119.203919 0.005143 -0.00146 0.003439 -0.004085 -0.004105 -0.002565
1341846119.266059 0.001228 0.002495 0.0002008 -0.00256 0.009005 -0.01275
1341846119.297817 -0.001284 -0.004235 0.001158 -0.00248 0.001339 -0.001731
1341846119.334095 0.004328 0.001452 -0.0006567 0.002821 0.001717 -0.002208
1341846119.365757 -0.0048 0.003423 -0.003439 -0.001835 0.006405 -0.004456
1341846119.401815 -0.002907 -0.002158 -0.0003232 -0.004156 0.002303 -0.001689
1341846119.434863 -0.002023 -0.001996 -0.0001981 -0.0008383 -0.0009984 0.003126
1341846119.465868 -0.0006732 0.002603 -0.00152 0.0006216 -0.001611 0.002094
1341846119.501761 -0.0008481 0.002342 -0.0006423 -0.002332 -0.001077 -0.0006785
1341846119.533772 0.002161 -0.001481 0.001494 -0.002813 -0.001201 0.0001559
1341846119.565854 -0.002105 -0.0009839 -0.0004152 -0.0004127 0.0006868 0.002676
