1311876800.430058 -2.008e-05 0.0001067 0.0001385 3.961e-05 -5.956e-06 4.637e-05
1311876800.467526 2.053e-05 6.483e-06 5.25e-05 2.718e-06 -6.223e-05 -4.806e-05
1311876800.499177 -5.002e-06 -8.914e-06 -1.142e-05 -9.647e-06 4.629e-06 5.684e-06
1311876800.584578 2.419e-05 -2.761e-05 -9.562e-05 2.312e-06 4.984e-05 6.464e-06
1311876800.626767 3.033e-05 -1.535e-05 -3.302e-05 -9.174e-06 3.076e-05 -1.158e-06
1311876800.669072 9.182e-06 2.002e-06 2.484e-05 9.987e-06 6.837e-06 -1.86e-05
1311876800.699136 -2.728e-05 -6.288e-06 1.425e-05 3.677e-06 -9.099e-06 4.321e-05
1311876800.730907 -7.893e-06 -1.165e-05 -1.059e-05 6.23e-06 -1.766e-05 -4.114e-05
1311876800.767879 1.231e-05 2.456e-05 4.731e-05 -4.134e-07 7.289e-07 3.968e-05
1311876800.819443 2.631e-05 -1.918e-05 -3.8e-05 -8.433e-06 -4.991e-05 2.071e-07
1311876800.862919 -1.821e-05 8.752e-05 8.328e-05 3.261e-05 2.686e-05 -3.953e-05
1311876800.894672 -6.054e-05 -4.205e-05 0.0001179 -8.615e-06 2.813e-05 9.504e-06
1311876800.930094 -1.638e-05 -5.308e-05 -6.99e-05 -1.668e-05 5.907e-06 -3.127e-05
1311876800.965940 4.866e-05 1.046e-05 -3.574e-05 1.328e-06 3.881e-06 5.59e-05
1311876801.000625 6.383e-05 -9.076e-05 -5.481e-05 -1.92e-05 -2.733e-05 -2.296e-05
1311876801.030613 -3.841e-05 3.217e-05 -7.71e-06 7.856e-06 1.823e-05 3.604e-05
1311876801.094705 -8.85e-06 4.243e-05 3.134e-05 1.703e-05 -2.187e-06 -8.171e-06
1311876801.131759 -1.639e-05 -0.0001004 1.474e-05 -2.449e-05 1.751e-05 -1.843e-05
1311876801.167161 1.355e-05 4.304e-05 -3.968e-05 1.963e-05 6.008e-06 -2.647e-06
1311876801.226755 -2.29e-05 -3.384e-05 6.354e-05 -8.674e-06 -3.955e-06 1.35e-05
1311876801.269894 4.395e-05 8.472e-05 -8.927e-05 2.254e-05 -6.856e-06 -2.957e-05
1311876801.299344 2.179e-05 -4.9e-05 -3.753e-05 -1.416e-05 3.005e-06 5.921e-05
1311876801.387394 -1.159e-05 5.872e-05 0.0001148 1.327e-05 1.011e-05 -1.469e-05
1311876801.432714 -2.957e-05 -4.848e-05 2.936e-05 -8.007e-06 8.255e-07 -1.401e-05
1311876801.495114 6.579e-05 -8.771e-05 -0.0002199 -3.126e-05 -1.002e-05 -1.86e-05
1311876801.587561 0.0001147 -0.0002453 -0.0001736 -0.0001401 0.0001754 1.75e-06
1311876801.630278 -0.0001267 0.0003432 0.0002035 0.0002319 5.692e-05 3.459e-06
1311876801.688018 2.305e-05 -6.389e-05 7.769e-05 -5.658e-05 -5.898e-05 -2.316e-05
1311876801.763774 0.0003641 -0.0002747 -0.0005703 4.036e-05 0.000441 1.37e-05
1311876801.799465 0.0005272 -0.0006706 -0.001076 -0.0003519 0.000797 -0.0005566
1311876801.830965 0.0002487 -0.0002531 0.0004427 -0.0002088 0.00267 0.0002808
1311876801.867700 -0.0002449 0.000181 0.001097 0.0002791 0.002773 0.0006667
1311876801.919866 0.000171 0.001269 1.323e-05 -0.000129 0.00216 -0.0004
1311876801.987874 0.0005148 0.000381 -0.0005368 -0.001956 0.006702 0.0005735
1311876802.151775 0.001206 0.000854 -0.006219 0.003435 0.02618 0.002934
1311876802.201191 0.0008929 0.0017 -0.00449 0.001095 0.01321 0.001431
1311876802.251654 0.0005898 0.001179 -0.001452 -0.0018 0.007169 0.001324
1311876802.319528 0.00112 -0.0008726 -0.00287 -0.003379 0.01558 0.002391
1311876802.433363 -0.0007658 0.0008498 -0.01064 0.002063 0.03705 0.003881
1311876802.494648 0.001503 0.005384 -0.01165 0.003047 0.01721 0.00228
1311876802.587849 0.000782 0.00223 -0.009311 0.0001499 0.01511 0.002042
1311876802.694713 0.001459 0.002715 -0.01593 -0.001995 0.02765 0.00416
1311876802.755016 -0.0001605 0.0001978 -0.003468 -0.0003564 0.007507 0.0005814
1311876802.819205 -0.0003234 0.001395 -0.008846 -0.0008074 0.01482 0.000599
1311876802.883942 0.0005138 0.001741 -0.007879 0.0004571 0.01546 0.001612
1311876802.916598 0.0005086 0.0009197 -0.003768 -0.0004981 0.007428 0.00113
1311876802.988212 0.0009414 0.004867 -0.008852 -0.006706 0.01561 0.00191
1311876803.054696 -0.0004264 -0.004125 -0.005253 -0.001986 0.01497 0.0006496
1311876803.084170 -0.0003661 0.002959 -0.00533 0.004507 0.008919 0.000235
1311876803.153709 0.0007601 -5.054e-05 -0.01306 -0.00116 0.01412 0.002149
1311876803.231775 0.0005339 0.005147 -0.01716 0.002116 0.02145 0.002183
1311876803.301791 -0.0001111 0.001265 -0.01144 -0.002029 0.01365 0.001689
1311876803.362647 0.0004438 0.001835 -0.01193 0.0008232 0.01389 0.001917
1311876803.419612 1.633e-05 0.00129 -0.006566 0.000446 0.007021 0.0008794
1311876803.462684 0.000916 0.002185 -0.01292 0.002306 0.01434 0.002076
1311876803.494765 0.000123 0.002115 -0.006771 -0.002096 0.008218 0.001998
1311876803.530164 0.000698 -0.00283 -0.005211 -0.002462 0.006997 0.001942
1311876803.565720 0.0001889 0.001503 -0.007073 0.001347 0.006933 0.001166
1311876803.619383 0.0003911 0.001616 -0.005768 0.001106 0.007179 0.001711
1311876803.701165 0.001638 0.003937 -0.01985 0.004893 0.02124 0.003874
1311876803.727658 6.179e-05 0.001744 -0.008075 -0.001904 0.008378 0.001213
1311876803.768974 0.0006134 -0.002984 -0.005751 0.0002171 0.00703 0.00135
1311876803.799699 -0.0006694 0.006728 -0.006679 0.002992 0.008252 0.0006634
1311876803.854887 6.873e-06 0.0009281 -0.005936 -0.002202 0.007378 0.001471
1311876803.920070 0.0003204 0.001719 -0.01359 -0.007083 0.01472 0.001943
1311876804.033986 0.003496 0.003802 -0.03268 0.006113 0.03867 0.005398
1311876804.066072 -0.001039 0.001051 -0.01243 -0.0001501 0.01101 0.001637
1311876804.123566 -0.001056 0.004166 -0.01048 -0.0004911 0.01156 0.001071
1311876804.754802 0.1209 0.3469 0.4716 0.06041 -0.0198 -0.01396
1311876804.887607 0.006815 -0.01036 -0.03162 0.0001874 0.03636 0.01057
1311876804.955344 0.002351 0.00516 -0.01388 0.001679 0.02257 0.003515
1311876805.154541 -0.001907 0.009294 -0.05858 0.0001222 0.07183 0.003498
1311876805.222317 0.000902 0.003521 -0.02124 0.00783 0.02199 0.001708
1311876805.289126 0.0001296 -0.001251 -0.02086 0.002517 0.02287 0.005313
1311876805.651934 -0.9055 -0.101 0.2288 -0.02877 0.2561 0.03202
1311876805.752786 -0.0219 -0.116 -0.03738 0.01722 0.03139 0.0145
1311876805.888938 0.01701 0.02994 -0.01952 -0.008082 0.05241 0.005554
1311876805.920134 0.001744 0.001122 -0.01583 -0.009676 0.02566 0.007654
1311876806.188453 -0.2645 -0.1718 -0.2042 -0.03682 0.1386 0.02962
1311876806.258302 0.000871 -0.006027 -0.02075 0.002197 0.02767 0.006342
1311876806.321453 -0.003197 0.1587 0.006967 0.03033 0.03031 -0.01261
1311876806.355687 -0.0006772 0.01041 -0.01443 0.002333 0.02494 -0.0024
1311876806.387744 0.0002178 -0.01659 -0.005254 -0.006739 0.01003 0.004093
1311876806.457917 0.001705 0.01655 -0.01752 0.00773 0.01267 -0.004718
1311876806.487278 0.0003122 -0.003987 -0.01383 0.000219 0.02567 0.002059
1311876806.587473 0.001633 0.00747 -0.02159 -0.006009 0.03943 0.005702
1311876806.658065 -0.001817 -0.005274 0.00046 -0.002143 0.01482 0.002451
1311876806.755702 0.01707 0.2134 -0.02187 0.03589 0.05374 -0.01807
1311876806.855642 -0.002599 -0.003416 -0.005222 -0.005928 0.04074 0.005861
1311876806.955975 -0.00132 0.00587 -0.03243 0.01303 0.04074 0.003072
1311876807.088849 0.001714 0.006603 -0.03374 0.0001382 0.03506 0.006184
1311876807.220439 0.0007719 0.005536 -0.0323 -0.003345 0.0448 0.005131
1311876807.288850 -0.0001971 -0.00123 -0.01572 -0.001966 0.04425 0.002672
1311876807.389007 0.00585 0.1666 -0.05044 0.02414 0.0285 -0.02184
1311876807.423021 0.002389 -0.08683 0.007302 -0.01685 0.02646 0.01187
1311876807.488789 -0.0002887 -0.001341 -0.007228 -0.001754 0.01337 0.001853
1311876807.556724 0.001032 0.006685 -0.01481 0.001587 0.02517 0.003189
1311876807.587013 0.001554 0.003163 -0.01406 0.005098 0.02827 0.004737
1311876807.722791 6.577e-05 0.002553 -0.02252 -6.198e-05 0.03887 0.003536
1311876807.788131 -0.04171 0.1639 -0.1418 0.01753 0.02529 -0.02291
1311876807.823106 0.0005889 0.002378 -0.01328 0.0009515 0.026 0.00377
1311876807.855114 -0.0003836 7.793e-05 -0.004792 -0.001862 0.01388 0.002298
1311876807.955190 -2.981e-05 0.006808 -0.01741 0.004169 0.03786 0.004127
1311876807.986941 -0.001666 0.002429 -0.007307 -0.004774 0.01573 0.0006275
1311876808.022922 -0.0004518 -0.001919 -0.007732 0.0005392 0.01239 0.001152
1311876808.088456 0.001529 0.005356 -0.008291 0.003929 0.01281 0.001426
1311876808.156335 -0.0003975 0.004844 -0.01394 7.137e-05 0.02527 0.002304
1311876808.225394 0.0006156 -0.001414 -0.01353 -0.007782 0.02788 0.004551
1311876808.287989 0.0004661 -0.002779 -0.0181 0.0001281 0.02544 0.002442
1311876808.323447 -0.0003813 0.001657 -0.01733 0.003647 0.0278 0.0008504
1311876808.388632 -0.00125 0.007868 -0.0109 0.008684 0.01247 6.415e-05
1311876808.457250 0.001945 -0.003503 -0.01602 -0.002434 0.02256 0.001636
1311876808.487179 -0.004394 0.003776 -0.01764 -0.008635 0.02914 0.00389
1311876808.622357 0.004714 0.03161 -0.03796 0.01844 0.03906 0.00402
1311876808.692502 0.005959 -0.06013 -0.0002697 -0.009382 0.01922 -0.0141
1311876808.722853 -0.01406 0.03108 -0.00556 -0.01095 0.0294 0.008122
1311876808.793360 0.007102 -0.01943 -0.01215 -0.006016 0.01873 0.00135
1311876808.955234 -0.008664 0.007024 -0.06809 0.01597 0.07114 0.003835
1311876809.055328 0.005322 0.008671 -0.03211 0.006153 0.02919 0.007041
1311876809.093309 0.002798 0.02097 -0.007352 -0.006262 0.01106 0.004747
1311876809.123380 -0.005431 -0.02266 -0.01 -0.006192 0.01054 -0.00406
1311876809.193311 0.003553 0.0126 -0.00697 0.005185 0.01079 0.005171
1311876809.292889 -0.01298 0.0003689 -0.04419 -0.0006316 0.002673 -0.002072
1311876809.455256 0.003193 0.01032 -0.0502 -5.732e-05 -0.01345 0.003946
1311876809.491197 -0.002151 -0.00308 -0.008364 0.0001675 -0.0006574 -0.001926
1311876809.556037 -0.001183 0.0124 -0.0116 0.002544 -0.001875 -0.0006758
1311876809.624594 -0.002055 -0.005973 -0.01864 -0.003249 -0.007392 -0.003623
1311876809.693070 -0.002715 -0.000877 -0.02112 0.000246 -0.005161 0.001158
1311876809.892015 -0.00447 0.01177 -0.07198 0.001218 -0.0398 -0.00513
1311876809.990838 -0.0004792 0.01002 -0.03125 0.0008646 -0.02062 -0.0008544
1311876810.060792 -0.001636 -0.00783 -0.006387 -0.007099 -0.007496 -0.0004954
1311876810.125333 0.0007145 0.008053 -0.02245 0.004419 -0.01323 -0.002128
1311876810.193100 -0.001907 0.001042 -0.02032 -6.351e-05 -0.0125 -0.003196
1311876810.259494 -0.003716 0.0001658 -0.02119 0.003371 -0.01219 -0.003347
1311876810.322953 -0.001267 0.005277 -0.02035 0.0004162 -0.01472 -0.001696
1311876810.461204 -0.001464 0.004574 -0.04895 -0.004904 -0.03591 -0.0006633
1311876810.559339 -0.002183 0.003356 -0.02992 -0.002545 -0.0202 -0.005575
1311876810.660169 -0.004832 0.008936 -0.02919 -0.0007284 -0.01626 -0.003205
1311876810.724214 -0.0002763 -0.0005916 -0.01894 -0.003664 -0.01493 -0.000789
1311876810.792436 0.00045 -0.003382 -0.009485 0.0002967 -0.007597 -9.773e-05
1311876810.822783 -0.001221 -0.00349 -0.01895 -0.01116 -0.01613 0.000399
1311876810.860238 0.003468 0.007867 -0.01114 0.006996 -0.006433 -0.0005016
1311876810.959917 -0.00382 0.0103 -0.03346 0.006461 -0.01665 -0.003749
1311876811.058858 -0.008043 -0.004156 -0.02864 -0.002814 -0.01685 -0.003585
1311876811.091062 0.004625 0.002315 -0.01167 0.004958 -0.0136 -0.0009656
1311876811.160044 0.0005191 0.001601 -0.009309 -0.001232 -0.003859 0.0008265
1311876811.192260 0.000295 0.002972 -0.02156 0.003715 -0.01746 -0.001326
1311876811.359774 -0.006722 0.01584 -0.03993 -0.0153 -0.02565 -0.004268
1311876811.391608 0.00352 -0.01421 -0.01625 0.001137 -0.01681 0.000147
1311876811.459864 0.002748 0.01076 -0.01361 0.007264 -0.004063 -0.0003457
1311876811.792077 -0.0005737 0.01044 -0.09908 0.002156 0.001857 0.003152
1311876812.026777 -0.003303 0.00973 -0.08044 0.00125 -0.02436 -0.00323
1311876812.161300 -0.002195 0.001764 -0.02975 -0.00156 -0.01548 0.0002316
1311876812.229314 -0.002071 0.007652 -0.02069 0.0007579 -0.01541 -0.00215
1311876812.329061 -0.004882 0.003266 -0.02896 -0.004746 -0.0272 -0.006268
1311876812.529686 0.04482 -0.1374 -0.05797 -0.08636 -0.03618 0.1482
1311876812.559129 0.001307 -0.003032 -0.009327 -0.0008293 -0.01388 0.0002467
1311876812.629523 0.0004633 0.003844 -0.009674 -0.0009193 -0.01255 -0.001018
1311876812.659573 0.1507 -0.2872 0.05134 -0.04674 -0.04667 0.01158
1311876812.698203 -0.002536 0.003048 -0.01869 -0.002239 -0.02488 -0.004494
1311876813.097188 -0.09443 -0.0373 0.4949 -0.05354 0.04732 -0.02321
1311876813.161662 -0.001731 0.003766 -0.03679 -0.0004873 -0.03994 -0.006646
1311876813.262804 -0.004395 -0.003924 -0.03557 -0.01359 -0.04086 -0.002292
1311876813.330603 0.0006236 0.003443 -0.01979 0.009975 -0.0228 -0.003983
1311876813.398967 -0.003063 0.007213 -0.008064 0.004339 -0.01682 -0.001975
1311876813.461799 -0.002213 0.007965 -0.02719 0.002508 -0.04055 -0.01008
1311876813.497616 0.002804 -0.006362 -0.00343 -0.005997 -0.01169 0.000131
1311876813.561890 0.02241 -0.03878 0.009912 -0.000214 -0.03091 0.002993
1311876813.629992 0.001786 -0.004834 -0.008111 -0.007395 -0.01224 -0.0001227
1311876813.697882 -0.007891 0.006743 -0.0291 0.002854 -0.02725 -0.003322
1311876813.766032 -0.00149 0.003373 -0.02016 0.0008821 -0.0265 -0.004036
1311876814.230993 0.07966 0.5845 1.834 0.1616 0.08496 -0.02468
1311876814.263555 -0.001026 0.007071 -0.00793 0.009701 -0.01106 -0.005203
1311876814.297333 -0.003266 -0.0004516 -0.01388 -0.003045 -0.004752 0.0005317
1311876814.398237 -0.0005032 0.001187 -0.0158 -0.003451 -0.02385 -0.003829
1311876814.466784 -0.001964 0.009239 -0.02468 0.004508 -0.01769 -0.001272
1311876814.496017 0.002365 -0.004434 -0.01223 -0.001786 -0.01657 -0.002024
1311876814.566816 4.682e-06 0.006312 -0.02092 -0.0005588 -0.007623 4.421e-05
1311876814.630351 -0.0003772 0.002502 -0.008462 -0.001815 -0.003666 -0.002345
1311876814.903039 0.002052 0.01803 -0.08778 0.005242 0.01745 0.00125
1311876815.134040 0.003253 0.003785 -0.03876 -0.003766 0.04628 0.003069
1311876815.198058 -0.01164 0.008208 -0.03674 0.005086 0.02838 0.001516
1311876815.498137 0.3439 0.0508 0.7846 0.02319 -0.09019 -0.09743
1311876815.566491 -2.424e-05 0.001965 -0.01133 0.002055 0.02504 0.002479
1311876815.797973 0.168 0.7154 0.2618 0.04643 0.09444 -0.3372
1311876815.865742 0.001496 0.0008124 -0.008227 0.002188 0.02803 0.002227
1311876815.933554 0.0004284 0.0004474 -0.00476 0.0009417 0.01275 0.001363
1311876816.102108 0.5515 0.4991 -0.3453 0.03603 -0.06021 -0.2361
1311876816.165608 0.0009675 0.001892 -0.007575 0.001716 0.02648 0.002801
1311876816.201250 6.495e-05 0.0004347 -0.002742 0.0003863 0.01353 0.001315
1311876816.365847 -0.0006945 0.005789 -0.006188 0.002312 0.05326 0.006902
1311876816.400017 -0.0008062 0.0005007 -0.002884 -0.0009167 0.02776 0.003328
1311876816.465009 0.0009927 0.0008858 -0.00356 0.001786 0.0126 0.001659
1311876816.533151 0.001447 0.1281 -0.06513 0.01932 0.02349 -0.01587
1311876816.600822 -0.03445 -0.09954 0.06692 -0.01401 0.03807 0.02003
1311876816.864973 0.01358 0.2147 -0.1123 0.02288 -0.05387 -0.01033
1311876817.233331 0.3027 -0.3627 -0.076 -0.05545 -0.08034 0.06996
1311876817.301716 0.000106 0.002326 -0.003975 0.0003939 0.0272 0.003014
1311876817.468954 0.0009903 0.003303 -0.0115 0.00211 0.05352 0.004774
1311876817.566764 0.0009779 0.003557 -0.0112 -0.0009358 0.05285 0.005704
1311876817.599626 -0.001573 -0.0001754 -0.003642 0.0007392 0.01342 0.0004615
1311876817.932941 0.1491 0.03533 0.2318 -0.005583 -0.01939 -0.06298
1311876818.033258 -0.000111 0.001012 -0.006705 0.00114 0.02619 0.001961
1311876818.066746 0.003176 0.002627 -0.008413 0.001289 0.04006 0.005234
1311876818.133259 -2.334e-05 0.0013 -0.002148 0.001043 0.01247 0.001602
1311876818.433567 -0.5914 0.2044 0.4852 0.03204 0.1482 0.02952
1311876818.501299 0.0002247 0.001586 -0.006722 0.0006333 0.0265 0.002975
1311876818.566813 0.001508 0.002636 -0.004195 -0.0001864 0.0135 0.00217
1311876818.600789 0.003807 -0.0005083 -0.002916 -0.002349 0.0296 0.004089
1311876818.636339 -0.002116 0.00328 -0.007158 -0.001998 0.01734 0.002279
1311876818.666847 -0.004644 0.001831 -0.01034 -0.002774 0.01455 0.0009052
1311876818.737792 -0.0004507 0.0003804 -0.008308 -0.003096 0.01353 0.0005329
1311876818.799603 -0.001136 0.0009758 -0.02734 0.004179 0.04424 0.00323
1311876818.869326 -0.0008424 0.0009651 -0.0222 0.003071 0.02561 0.00326
1311876818.938568 -0.001109 -0.004339 -0.02101 0.003312 0.0251 0.003596
1311876819.199388 -0.7707 0.2186 0.3103 0.03078 0.1679 0.03583
1311876819.235577 -0.0009609 -0.01568 -0.006803 -0.003421 0.01228 0.001408
1311876819.302566 -0.0002811 0.02086 -0.02272 0.009105 0.02758 0.004626
1311876819.335257 0.001545 -0.006887 -0.006 -0.008027 0.01024 0.001669
1311876819.401922 0.001047 0.006273 -0.01215 0.002855 0.01273 0.0001339
1311876819.468978 0.0009225 0.00352 -0.01761 0.002602 0.02897 0.003979
1311876819.538616 -0.006283 -0.07779 -0.03325 -0.01423 0.04197 0.0003171
1311876819.601979 0.0009009 0.001912 -0.01974 -0.002588 0.02686 0.003019
1311876819.670536 0.0009968 0.002853 -0.02038 0.001936 0.02692 0.004144
1311876819.738574 -0.001989 0.005213 -0.01991 0.001852 0.02388 0.002656
1311876819.767927 -0.003302 0.004069 -0.01939 0.002259 0.01435 -0.0007224
1311876819.838451 -0.002304 -0.002716 -0.008782 0.0008644 0.005705 -0.0006343
1311876819.905197 0.002592 0.007385 -0.02073 -0.002053 0.009955 0.003282
1311876819.936481 0.001859 -0.004942 -0.01484 -0.008575 0.00942 0.004623
1311876820.006400 -0.001221 0.005892 -0.01959 0.0001995 0.01341 0.002145
1311876820.070966 -0.0004267 0.002079 -0.02127 0.001484 0.007779 -0.002357
1311876820.170480 -0.002337 0.00474 -0.02047 0.004183 0.005863 0.001243
1311876820.237034 -0.0002282 0.00307 -0.0199 -0.0008384 -0.001375 0.003582
1311876820.306669 0.002291 0.002526 -0.01942 -0.001996 -0.004805 0.00365
1311876820.367749 -0.002755 0.004863 -0.0305 -0.001749 -0.007142 -0.001025
1311876820.438217 -0.001937 -0.003596 -0.008344 -0.003278 -0.003328 -0.003913
1311876820.505077 -0.004636 0.006989 -0.0234 0.006061 -0.008213 -0.004885
1311876820.537045 -0.0049 -0.003305 -0.01596 -0.002476 -0.01456 -0.003231
1311876820.638640 -0.0002384 0.009094 -0.02334 -0.001964 -0.01732 -0.0002609
1311876820.704911 -0.002078 0.001103 -0.01519 -0.01046 -0.01952 0.00244
1311876820.768296 0.002309 0.001048 -0.02027 2.756e-05 -0.02104 -0.002924
1311876820.837832 -0.003463 -0.004634 -0.03232 0.003644 -0.02686 -0.005327
1311876820.868597 8.561e-05 0.006521 -0.01239 0.00433 -0.007442 -2.107e-05
1311876820.937449 -0.00261 0.001714 -0.01009 -0.001651 -0.008841 0.0003994
1311876821.006295 -0.001741 0.002388 -0.01978 -0.002527 -0.02112 -0.001791
1311876821.035439 -0.00288 0.001198 -0.01644 -0.003182 -0.02469 -0.002079
1311876821.072549 0.0006724 0.002933 -0.008333 0.001354 -0.01422 -0.001528
1311876821.137758 5.065e-05 0.006173 -0.01136 -0.0001505 -0.01277 -8.792e-05
1311876821.205013 0.001116 0.01056 -0.02526 -0.0003873 -0.03798 0.001446
1311876821.371074 0.003053 -0.008042 -0.02766 -0.01387 -0.04871 -0.006448
1311876821.403570 0.0009885 -0.004316 -0.01572 -0.006384 -0.0128 -0.0008428
1311876821.435172 0.000436 0.01118 -0.01279 0.01118 -0.008079 -0.002099
1311876821.505586 6.44e-05 0.00869 -0.01175 0.006792 -0.006891 -0.0008483
1311876821.571169 -0.002487 -0.009048 -0.02036 -0.007144 -0.01867 -0.001313
1311876821.603022 0.004391 0.006587 -0.01207 0.004686 -0.008164 0.001529
1311876821.673480 -0.01779 0.01632 -0.0408 0.01885 -0.005982 0.001433
1311876821.737890 0.003559 -0.004599 -0.01551 -0.004691 -1.746e-05 -0.0005496
1311876821.804768 -0.01201 0.01265 -0.01826 -0.00749 0.004307 -0.008784
1311876821.836158 -0.00199 -0.007328 -0.01195 -0.01296 0.0001057 -0.01263
1311876821.871301 0.002817 0.002313 -0.006601 0.004888 0.00691 -0.0007187
1311876821.934555 -0.0003245 0.1813 0.005294 -0.000908 0.01023 0.007745
1311876822.004624 0.009239 -0.05429 -0.01401 0.03965 -0.002666 -0.001268
1311876822.073411 0.01051 -0.05152 -0.005361 -0.07225 -0.02194 -0.000543
1311876822.137715 -0.02133 0.08687 -0.02806 0.06084 0.0049 0.009241
1311876822.205708 -0.0001711 -0.06373 -0.02022 -0.03331 0.006542 -0.006597
1311876822.274024 -0.001116 0.02138 -0.02141 0.01974 0.004416 -0.003999
1311876822.341173 4.904e-05 0.001639 -0.01798 -0.002589 -0.00587 -0.001107
1311876822.405635 -0.00418 0.001165 -0.02256 -0.001691 0.0004568 0.001349
1311876822.473455 0.00178 -0.001071 -0.01988 0.0002348 -0.0005343 0.0002825
1311876822.541855 0.0003011 0.005141 -0.0199 0.003938 -0.001888 0.0008058
1311876822.605520 0.0005206 0.005781 -0.02256 0.004695 -0.0005481 0.002705
1311876822.640013 0.005942 -0.008612 -0.01866 0.005239 -0.004069 0.003716
1311876822.705520 -0.004412 0.01331 -0.015 0.004995 0.004844 0.001552
1311876822.739152 0.006985 -0.003564 -0.01285 -0.002694 -0.005793 -0.0004332
1311876822.772840 -0.006639 0.01046 -0.0147 0.001762 0.007298 0.001091
1311876822.842077 -0.002894 -0.000296 -0.009691 -0.006954 -0.003085 -0.0006518
1311876822.904715 0.002752 -0.001412 -0.01214 -0.005465 0.001208 -0.001793
1311876822.970991 -0.001373 2.81e-05 -0.02041 -0.003466 -0.0005032 0.0009022
1311876823.003344 0.001606 0.0044 -0.0196 0.00272 -0.0006379 0.001867
1311876823.040825 0.0007033 0.0003497 -0.01011 0.003296 -0.001159 0.0002249
1311876823.173108 -0.0009902 0.007611 -0.02817 0.002527 -3.326e-06 -0.001042
1311876823.241664 -0.0006501 0.001653 -0.01968 -0.002875 0.0009817 0.0007783
1311876823.305941 0.001002 0.007077 -0.03048 0.003785 -0.001328 0.003383
1311876823.403179 0.003022 0.0006437 -0.01933 0.004721 -0.001394 0.002936
1311876823.473732 0.0007995 0.002049 -0.02026 -0.0003491 -0.001366 0.003586
1311876823.541365 0.001522 0.007743 -0.0196 0.002789 0.00153 0.003216
1311876823.571250 0.003771 0.002245 -0.01706 -0.0002451 0.002863 0.00167
1311876823.608392 -0.002128 0.001048 -0.00988 -0.004046 0.004442 0.0009787
1311876823.640286 0.0007128 -0.0002919 -0.007632 0.001389 0.0009791 0.0001582
1311876823.740011 -0.003354 0.001695 -0.0297 0.000362 0.01298 -0.002239
1311876823.807147 -0.00046 -0.0007286 -0.01025 0.003236 0.003433 -0.002061
1311876823.840589 -0.003025 0.002749 -0.01891 -0.003709 0.005698 -0.0004094
1311876823.909357 0.003183 0.006773 -0.01963 0.001865 0.01201 0.00453
1311876823.974333 -0.0002489 0.001695 -0.008371 0.0007378 0.004394 0.001663
1311876824.039354 0.0009493 0.00282 -0.01841 -0.002107 0.009481 0.00153
1311876824.109974 0.0005542 0.001905 -0.01751 0.001336 0.01506 0.0005398
1311876824.244384 -0.003145 0.003812 -0.04738 0.006451 0.03589 -0.001903
1311876824.307250 0.00092 0.0181 -0.01536 0.004475 0.02071 0.00345
1311876824.372907 -0.004514 -0.005006 -0.003519 -0.02172 0.008288 0.005874
1311876824.407373 0.01855 0.01073 -0.002013 0.01874 0.008082 -0.002682
1311876824.474272 -0.008472 0.01178 -0.004353 -0.01908 0.01597 0.005351
1311876824.542706 0.00788 -0.0327 -0.006281 0.01407 0.03895 0.0007208
1311876824.617044 0.003569 0.02068 -0.006133 0.01556 0.007087 0.009033
1311876824.678891 0.001213 -0.006466 -0.005613 -0.002778 0.03094 0.0007135
1311876824.739557 -0.002203 0.006353 -0.001757 -0.0004745 0.03182 0.004401
1311876825.311160 -0.007692 0.02688 -0.1092 -0.001523 0.0149 -0.007535
1311876825.379202 0.002639 -0.002047 -0.00246 -0.004567 0.02319 0.002208
1311876825.443001 0.002569 -0.002392 -0.002817 0.002658 0.02839 0.004506
1311876825.511318 0.003362 0.002537 -0.00788 0.009171 0.02932 0.003912
1311876825.578755 0.002185 0.004828 -0.009398 -0.002071 0.03192 0.003933
1311876825.608336 0.003746 -0.0009067 -0.002918 -0.004495 0.0324 0.003741
1311876825.679433 -0.002319 0.00348 -0.005631 -0.002364 0.01846 0.001697
1311876825.743788 0.002295 -0.005449 -0.009617 0.0006552 0.03691 0.002422
1311876825.911335 0.001571 0.002922 -0.02262 0.009279 0.05144 0.00807
1311876825.943821 0.001912 0.004527 -0.01253 0.001022 0.02567 0.004451
1311876826.010922 0.002242 0.001096 -0.01128 -0.003279 0.02631 0.003726
1311876826.079837 0.0003497 -0.0004486 -0.004128 0.002626 0.01167 0.001111
1311876826.146339 0.002054 0.00102 -0.01493 0.001861 0.02862 0.003246
1311876826.347083 0.003857 0.008605 -0.03425 0.00528 0.07673 0.009645
1311876826.411962 0.003153 -0.0006783 -0.009416 -0.0005758 0.02405 0.002986
1311876826.444175 -0.0001048 0.001904 -0.01044 0.0006218 0.0276 0.004526
1311876826.510393 0.001552 0.002835 -0.004972 0.0008477 0.01236 0.001508
1311876826.544142 -0.0002723 0.0001182 -0.009565 0.001131 0.02727 0.002423
1311876826.611600 0.0004232 0.003889 -0.004763 0.001103 0.01338 0.0009985
1311876826.643909 1.385e-05 0.002047 -0.008461 0.0008625 0.02706 0.002351
1311876826.711604 -0.0006365 0.0005901 -0.005736 -0.0004069 0.01346 0.001426
1311876826.779027 3.165e-05 0.001564 -0.008494 -0.00102 0.02538 0.002893
1311876826.808383 0.001501 0.004938 -0.007748 -0.002935 0.0246 0.003952
1311876826.946959 0.002628 0.006337 -0.01193 -0.001388 0.04991 0.007826
1311876826.976088 0.001221 -7.276e-05 -0.003396 -0.001966 0.01288 0.001494
1311876827.147419 0.0005733 0.008678 -0.02288 -0.0106 0.05523 0.005717
1311876827.347425 0.001056 0.006342 -0.05287 0.009728 0.08268 0.009531
1311876827.376114 0.002782 0.0007105 -0.01696 -0.002524 0.02304 0.003661
1311876827.415464 0.000479 0.001695 -0.01032 0.0008579 0.01238 0.001031
1311876827.512142 0.0009162 0.003341 -0.02872 0.001034 0.03922 0.003817
1311876827.545558 0.00114 0.0003746 -0.008951 0.001516 0.01236 0.001643
1311876827.576094 -0.000411 0.007183 -0.0119 0.002116 0.01349 0.0009267
1311876827.855201 0.003133 0.004451 -0.06482 -0.003819 0.09148 0.01103
1311876827.915041 -0.001197 0.004672 -0.02192 0.0006015 0.02739 0.002437
1311876828.012929 -0.001692 0.01525 -0.04285 0.002652 0.04638 0.005391
1311876828.079003 0.003006 -0.01943 -0.00728 -0.006762 0.008238 0.004052
1311876828.214514 0.001161 0.01355 -0.0431 0.00852 0.04793 0.002713
1311876828.375770 -0.006995 0.01245 -0.06175 -0.002111 0.02985 0.003426
1311876828.412337 0.001625 -0.01148 -0.01002 -0.005638 0.002482 0.002764
1311876828.614645 -0.002025 0.01667 -0.05025 0.007172 0.007488 -0.0006128
1311876828.644487 -0.001316 0.00106 -0.02014 -0.0006146 0.001351 0.002039
1311876828.711214 0.001088 0.005878 -0.01095 1.075e-05 -0.0006575 0.001833
1311876828.983144 -0.0027 0.007036 -0.07681 -0.004727 -0.01277 0.001986
1311876829.114189 -0.005795 0.007356 -0.05172 -0.000444 -0.03627 -0.0001093
1311876829.245910 -0.001382 0.004771 -0.02907 0.001911 -0.03049 -0.002046
1311876829.314543 -0.001116 0.005565 -0.02007 -6.652e-05 -0.02031 -0.003111
1311876829.343898 -0.001113 -0.0006019 -0.01708 -0.003721 -0.01961 -0.003129
1311876829.414782 -0.001911 0.005168 -0.01014 0.0008723 -0.008749 -0.001951
1311876829.483385 -0.001714 0.005423 -0.01885 -0.002756 -0.01915 -0.00202
1311876829.580003 0.001365 0.0008973 -0.03665 -0.00403 -0.03991 -0.001101
1311876829.715270 0.001091 0.003252 -0.02802 -0.001836 -0.02157 -0.004976
1311876829.915125 -0.00656 0.005727 -0.0627 0.001666 -0.03068 -0.007672
1311876829.948768 0.002608 -0.0007295 -0.01932 0.001404 -0.009746 -0.001507
1311876829.980008 -0.0009893 0.006393 -0.01175 0.002416 -0.0025 -0.001471
1311876830.012707 -7.832e-06 -0.0002571 -0.01028 -0.001875 -0.003388 -0.0006021
1311876830.050411 -0.0003814 0.001934 -0.009436 0.001188 -0.003853 -0.002224
1311876830.183368 -0.002455 0.00223 -0.04217 0.003055 -0.01177 -0.003261
1311876830.315118 0.002574 -0.002868 -0.03178 0.00489 -0.006959 0.002218
1311876830.482671 -0.001812 0.01111 -0.05774 0.009065 -0.006809 -0.00179
1311876830.682875 -0.007023 0.01049 -0.06628 0.008314 -0.0172 -0.006202
1311876830.750625 -6.556e-05 0.001712 -0.01991 -0.001014 -0.008981 0.001428
1311876830.781545 0.001121 -0.0004315 -0.01819 -0.002108 -0.01069 0.0004093
1311876830.812157 0.001144 -0.0004218 -0.007618 0.0001438 -0.004673 0.0002641
1311876830.848273 -0.00186 0.002756 -0.01066 0.001924 -0.003812 -0.001433
1311876830.983467 -0.004097 0.001595 -0.03008 0.0001743 -0.01781 -0.003906
1311876831.051517 -0.002824 0.007778 -0.01981 0.0005998 -0.01308 -0.001305
1311876831.080323 -0.001123 0.004696 -0.01829 -0.001348 -0.01546 -0.003277
1311876831.150778 -2.192e-05 -0.004577 -0.006445 -0.004668 -0.006504 0.0003345
1311876831.219111 -0.00467 0.008111 -0.02164 -0.0002178 -0.01524 -0.002832
1311876831.419530 -0.00736 0.003555 -0.05354 -0.005561 -0.06806 -0.007343
1311876831.448298 0.0003438 0.0007256 -0.008264 -0.004669 -0.02679 -0.00406
1311876831.519307 -0.005559 0.004397 -0.02089 0.0004792 -0.01198 -0.004104
1311876831.619334 0.001714 0.003892 -0.03528 0.004503 -0.05465 -0.002546
1311876831.750770 0.0005718 0.003777 -0.03063 0.0002704 -0.04265 -0.002645
1311876831.818456 -0.001991 0.002205 -0.02112 -0.001183 -0.02633 -0.00416
1311876832.147726 0.2629 -0.1839 -0.4106 -0.0569 -0.09463 -0.006437
1311876832.183676 -0.0004621 0.002439 -0.02084 -0.001272 -0.02723 -0.004389
1311876832.318316 -0.002414 -0.004168 -0.02743 -0.006382 -0.03867 -0.004255
1311876832.415602 -0.002254 0.01142 -0.03971 0.00224 -0.05273 -0.005123
1311876832.447942 -0.001754 -0.004842 -0.007066 -0.003962 -0.01377 -0.0002641
1311876832.483927 0.0007055 0.005362 -0.01174 0.002642 -0.0138 -0.002312
1311876832.517325 0.0006158 -0.002448 -0.009105 -0.0008389 -0.01241 0.0001963
1311876832.683787 -0.002093 0.009398 -0.05033 0.003453 -0.05437 -0.004609
1311876832.751428 -0.001212 -0.001449 -0.007052 0.0002675 -0.01013 -0.0009115
1311876832.818449 -0.002531 0.006002 -0.01998 0.0009839 -0.01982 -0.003087
1311876832.884226 -0.002017 3.014e-05 -0.0277 0.002185 -0.03068 -0.00539
1311876832.987081 -0.001091 0.005546 -0.03267 0.003205 -0.02012 -0.005271
1311876833.118121 -0.0002099 0.005127 -0.02955 -0.008273 -0.01302 -0.00345
1311876833.249876 0.0009191 0.001308 -0.0366 -0.00103 -0.006891 -0.001414
1311876833.352535 0.0001579 0.003755 -0.04052 -0.001133 0.01748 -0.003071
1311876833.617011 0.0067 0.006106 -0.07248 -0.005296 0.05635 0.002372
1311876833.684380 -0.0002486 0.0008252 -0.01575 0.0001199 0.02347 0.001978
1311876833.717606 0.001012 0.00259 -0.01933 0.00228 0.02707 0.003667
1311876833.788166 0.0004577 -0.00159 -0.009038 -0.0009157 0.0134 0.002607
1311876833.918246 0.007032 0.008219 -0.04145 -0.001746 0.0499 0.01166
1311876834.115924 -0.0003011 0.005777 -0.05926 0.004714 0.07985 0.006685
1311876834.151762 0.001889 0.002172 -0.02142 -0.002478 0.0271 0.004101
1311876834.286773 0.00135 0.00308 -0.02839 -0.001674 0.03727 0.005843
1311876834.451832 -3.411e-05 0.006921 -0.0618 0.00639 0.07981 0.007568
1311876834.519657 -6.389e-05 0.001744 -0.01129 -0.0007252 0.01396 0.00234
1311876834.621245 -0.0009756 0.0006131 -0.02775 0.002413 0.03941 0.003679
1311876834.651623 -0.001129 0.004237 -0.02027 0.002617 0.02547 0.0009434
1311876834.722807 0.0005301 0.00516 -0.01162 0.001802 0.01234 0.001415
1311876834.751968 0.002285 0.001299 -0.01821 -0.001709 0.02566 0.005606
1311876834.823310 0.001635 -0.0004056 -0.01399 -0.001725 0.02587 0.004485
1311876834.952931 -9.953e-05 0.00518 -0.03253 0.004801 0.04039 0.002099
1311876834.983986 0.0004404 0.001375 -0.01773 0.000299 0.02717 0.002653
1311876835.019946 -0.001716 0.006202 -0.01774 -0.001664 0.01381 0.001791
1311876835.083898 0.002063 -0.002857 -0.002782 -0.002058 0.0116 0.001555
1311876835.155540 0.001855 0.001484 -0.01972 -0.001878 0.0259 0.003063
1311876835.251682 -0.00204 0.00675 -0.05215 0.009409 0.05354 0.002927
1311876835.322923 0.004178 -0.0006142 -0.001208 0.001835 0.01246 0.0005988
1311876835.419867 0.001107 0.006355 -0.04127 -0.00325 0.05187 0.007331
1311876835.583797 0.003118 0.00766 -0.04961 0.0006372 0.06358 0.0076
1311876835.622782 0.001599 0.0006927 -0.01079 0.0002292 0.01285 0.001863
1311876835.652936 -0.0003314 0.002963 -0.01246 0.0019 0.01305 0.001894
1311876835.754370 0.002592 0.002165 -0.02156 -0.0008637 0.02615 0.00395
1311876835.783625 0.0008956 0.0004875 -0.02094 -0.0007451 0.02646 0.003422
1311876835.854693 6.478e-05 0.003657 -0.01198 0.0009734 0.0131 0.001378
1311876835.887979 0.000605 0.002423 -0.02008 -0.0007677 0.02672 0.002033
1311876835.920645 -0.0006015 0.0001526 -0.01027 0.0008951 0.01317 0.0009256
1311876835.954148 0.0002302 0.003031 -0.01074 -0.0007081 0.01306 0.001086
1311876836.022210 0.001964 0.003693 -0.01893 -0.001768 0.02627 0.004379
1311876836.151774 0.001315 0.002863 -0.03018 -0.0008068 0.03992 0.005903
1311876836.255202 -0.000783 0.006588 -0.03497 0.001943 0.05245 0.001433
1311876836.352795 0.003191 8.692e-05 -0.02904 -0.002957 0.03781 0.009423
1311876836.453447 0.0006426 0.005249 -0.03165 -0.0003896 0.03698 0.004063
1311876836.489051 0.001063 -0.001116 -0.01032 -0.001184 0.01376 0.000573
1311876836.621202 -0.002611 0.005484 -0.03065 0.001932 0.043 0.003155
1311876836.652213 3.279e-05 0.001818 -0.01915 -0.000817 0.02561 0.002533
1311876836.790543 -0.002389 0.002817 -0.02984 -0.0005225 0.03447 0.003688
1311876836.855230 9.861e-05 0.003684 -0.01893 0.0005911 0.02004 0.002282
1311876836.887657 0.001931 -0.0009655 -0.01744 0.0008766 0.0202 0.003727
1311876837.090694 0.0004458 0.007654 -0.05223 0.002429 0.05243 0.006456
1311876837.119886 -0.001926 0.0008187 -0.02134 0.001366 0.01699 0.001689
1311876837.322918 0.004033 0.01165 -0.05878 -0.004157 0.01776 0.01502
1311876837.390707 -0.0002921 0.001932 -0.009558 -0.002155 0.001216 0.001386
1311876837.591280 -0.00601 0.004334 -0.0651 0.007052 -0.009504 -0.004315
1311876837.690738 -0.00224 0.00369 -0.03378 0.004219 -0.01807 -0.001281
1311876837.828893 0.0005323 0.005549 -0.03806 0.004888 -0.01862 -0.0009827
1311876837.987366 -0.004377 0.0239 -0.04557 0.005832 0.003552 -0.007055
1311876838.058848 0.001415 -0.02106 0.001915 -0.01728 -0.005022 0.001913
1311876838.087736 0.0046 0.005667 -0.003417 0.009746 0.0007665 0.0002096
1311876838.158818 -0.0003907 -0.00253 -0.002318 -0.001737 -0.001166 0.001377
1311876838.188212 0.0002304 0.0002648 -0.001206 -0.0005387 0.0001612 -8.821e-05
1311876838.259327 0.001245 0.002317 0.000928 -2.407e-05 -0.001219 -0.00127
1311876838.491253 0.002086 0.001822 0.0009416 -0.01564 0.001517 0.0005904
1311876838.523433 -0.001023 -0.001073 -0.007966 -0.002624 0.0007037 0.0007737
1311876838.591497 -0.000503 0.0006404 -0.004286 0.0003377 0.001725 -0.0005289
1311876838.658875 -0.0007271 0.00362 -0.01076 0.0004196 0.002294 -3.857e-05
1311876838.927475 0.005104 0.004642 -0.06915 0.01051 0.02492 -0.000641
1311876839.161470 0.001571 0.01297 -0.08432 0.008782 0.08994 0.004532
1311876839.256977 -0.0005465 0.004255 -0.02748 6.175e-05 0.04094 0.002174
1311876839.327293 -0.0002381 0.001996 -0.009589 0.0005392 0.01385 0.0006912
1311876839.558065 0.002589 0.006585 -0.0853 -0.003785 0.1053 0.01281
1311876839.627172 0.002108 0.00169 -0.009726 0.004005 0.01121 0.00282
1311876839.655735 0.001731 0.006661 -0.02054 -0.003752 0.02605 0.004361
1311876839.695293 0.001294 -0.003538 -0.007516 7.316e-05 0.01252 0.002825
1311876839.758810 -1.483e-05 0.0208 -0.0106 0.002523 0.01369 0.0006187
1311876839.859812 -0.002832 -0.006877 -0.03989 -0.00898 0.05639 0.005189
1311876840.026827 0.007719 0.001657 -0.03937 0.00706 0.05019 0.006494
1311876840.095299 -0.001306 0.003467 -0.01728 -0.0008837 0.02648 0.004962
1311876840.194715 0.0006193 0.001731 -0.02796 0.008178 0.03888 0.0003121
1311876840.259263 0.002284 -0.001298 -0.01843 -0.000484 0.02796 0.001263
1311876840.326455 0.008625 0.045 -0.02154 -0.003872 0.02641 0.009026
1311876840.394576 -0.004725 -0.03186 -0.007386 -0.004151 0.02069 0.003371
1311876840.558754 1.648 0.1203 0.05721 -0.004721 -0.1791 -0.03682
1311876840.827096 -0.0008936 0.02109 -0.06495 0.02697 0.03613 0.0118
1311876841.024251 0.001678 0.02595 -0.07254 0.00779 0.003106 -0.00153
1311876841.061571 0.003708 -0.01292 -0.01221 -0.01372 -0.005691 -0.0001127
1311876841.160910 -0.001375 0.003195 -0.02877 0.007177 0.002776 -6.771e-05
1311876841.194533 0.002772 0.008408 -0.009427 0.003317 -0.001328 -0.00247
1311876841.262922 -0.004015 -0.01979 -0.009883 -0.008216 0.001978 0.001053
1311876841.391903 0.004333 0.02782 -0.04775 0.005465 0.003531 0.005203
1311876841.563014 0.001344 0.002265 -0.03946 -0.003932 0.0002119 -0.0004203
1311876841.663394 0.001116 0.001187 -0.03394 0.00815 0.009363 -0.001383
1311876841.692947 -0.0009655 0.002254 -0.01943 -0.01313 0.003033 0.002465
1311876841.724190 0.006311 0.001156 -0.009314 0.008444 0.001394 -0.001589
1311876841.795458 -0.0009754 -0.001917 -0.01101 0.002094 0.01034 0.003332
1311876841.863854 0.001853 -0.0005186 -0.01777 -0.009527 0.008763 0.001642
1311876841.894458 -0.002003 -0.0004218 -0.02158 0.003134 0.02084 -0.001249
1311876841.995490 0.003126 0.01048 -0.02485 0.008071 0.02454 0.001094
1311876842.095665 0.00774 0.0152 -0.04199 0.005519 0.04891 0.01111
1311876842.195307 -7.904e-05 -0.01148 -0.01631 -0.003865 0.02622 0.004555
1311876842.227674 -0.003241 0.005632 -0.01776 -0.008364 0.02578 0.003035
1311876842.463217 0.002496 0.01015 -0.06424 0.00849 0.08449 0.005901
1311876842.561297 0.004872 -0.004565 -0.03952 7.911e-05 0.04414 0.0108
1311876842.660602 -0.00166 0.01231 -0.0226 0.00399 0.02281 0.003998
1311876842.828441 -0.0144 0.03594 -0.0564 -0.04434 0.05532 -0.005839
1311876842.859715 0.009599 -0.1019 -0.002562 -0.02603 -0.01008 0.005885
1311876842.891709 0.006763 0.1182 0.003596 0.0853 -0.00333 -0.005981
1311876842.927402 -0.01824 -0.01881 -0.02775 -0.03755 0.006048 0.004089
1311876842.959227 0.02925 -0.0293 0.007792 -0.04271 -0.02283 0.01138
1311876842.991425 -0.0008568 -0.001276 -0.01368 0.06658 0.01076 -0.009623
1311876843.028317 -0.02452 0.04935 -0.01351 -0.002683 0.002155 0.002288
1311876843.094543 0.01973 0.01644 0.0007806 -0.01981 -0.01805 -0.005595
1311876843.398607 -0.01207 -0.02546 -0.1076 0.008951 0.01785 0.001549
1311876843.431438 0.003768 0.0001455 -0.009991 -0.01065 -0.004914 -0.001294
1311876843.459717 0.003974 -0.003309 -0.006742 0.00561 0.002664 0.001461
1311876843.496963 -0.004484 0.002839 -0.0119 0.002125 0.003517 0.002943
1311876843.563112 0.0007841 0.001978 -0.0113 0.002364 -0.003698 -0.001019
1311876843.595414 -0.004478 0.01108 -0.02221 -0.008579 0.002446 -0.001355
1311876843.628163 0.006603 -0.01711 -0.002785 -0.0005423 -0.004577 -0.002761
1311876843.828774 -0.008821 0.01054 -0.06732 -0.001017 0.008124 -0.001275
1311876844.059758 -0.0143 0.02327 -0.08083 -0.003937 0.03355 -0.003125
1311876844.159693 -0.002335 0.02427 -0.02951 0.01244 0.0206 -0.0009803
1311876844.195860 5.045e-05 -0.03469 -0.00427 -0.02039 -0.001793 0.001301
1311876844.231225 0.0141 -0.005409 -0.01035 0.00866 0.005616 0.0003052
1311876844.296922 -0.006034 0.01496 -0.01204 0.02521 0.01758 0.001884
1311876844.327395 -0.002008 -0.003947 -0.02352 0.0002458 0.0142 -0.0007503
1311876844.397581 -0.0006516 0.0154 -0.01061 0.0144 0.008517 0.001451
1311876844.465041 0.0002096 -0.01739 -0.01883 -0.0264 0.01321 0.003788
1311876844.566201 0.001817 0.01599 -0.03557 0.007746 0.0298 0.004382
1311876844.767830 0.001038 0.01207 -0.05234 0.001119 0.04025 0.009217
1311876844.830166 -0.001286 -0.001939 -0.01845 -0.001709 0.01815 0.001588
1311876844.929990 -0.008259 0.006604 -0.03517 -0.02427 0.02835 0.0002592
1311876845.029583 0.003853 0.004552 -0.02352 0.01309 0.0249 0.004678
1311876845.065309 0.00279 -0.006187 -0.02026 -0.002913 0.01097 0.002964
1311876845.130145 0.001605 0.009124 -0.00735 0.009411 0.00784 -0.00122
1311876845.163110 -0.004527 -0.01029 -0.02423 -0.001571 0.01768 -0.003222
1311876845.395473 -0.0002679 0.01086 -0.07563 -0.0009264 0.05675 0.005552
1311876845.495295 -0.00225 -0.00824 -0.03192 0.002062 0.02648 -0.0005096
1311876845.566229 0.003673 0.01617 -0.01677 0.01718 0.005633 -0.001182
1311876845.665781 -0.0004587 0.0009782 -0.03986 -0.01068 0.03192 0.008763
1311876845.766257 0.001555 0.01211 -0.02473 -0.001133 0.01645 -0.000447
1311876845.833490 0.004696 -0.009412 -0.01963 0.002217 0.01335 0.001677
1311876845.932752 -0.001818 0.004811 -0.04026 0.004 0.03469 0.003922
1311876846.034688 0.001427 0.0009868 -0.01832 -0.008374 0.01476 0.001676
1311876846.595264 0.008093 -0.03334 -0.1778 -0.006523 0.03648 0.01304
1311876846.695140 0.001071 0.007523 -0.03685 -0.005167 -0.0001471 0.002484
1311876846.732539 -0.0009845 8.94e-05 -0.007075 -0.00532 -0.0007559 -0.002172
1311876846.763049 -0.001173 -0.001221 -0.005432 -0.002204 -0.001073 -0.002222
1311876846.834162 -0.004905 0.004086 -0.0162 -0.006098 0.002965 -0.001132
1311876846.863269 0.0008902 -0.002009 -0.008884 -0.0002437 -0.006628 0.003968
1311876846.934546 0.005709 0.005508 -0.0102 1.7e-05 -0.00399 0.005931
1311876847.067005 0.005121 0.003805 -0.04202 -0.003891 -0.012 0.01055
1311876847.137919 -0.01117 0.002416 -0.03284 0.01878 0.008599 -0.02165
1311876847.202083 -0.002371 0.0004344 -0.02108 -0.00576 0.005731 0.0005192
1311876847.465862 -0.001701 0.01034 -0.09113 0.003057 -0.02756 0.001848
1311876847.506796 -0.0006786 0.00136 -0.009154 0.003217 -0.002354 0.0007725
1311876847.536993 0.0007025 0.003003 -0.01201 -0.0026 -0.0007672 -0.0001107
1311876847.569130 -6.57e-05 0.007342 -0.009939 0.001043 -0.001997 0.001469
1311876847.633685 0.001056 -0.008544 -0.02392 0.02151 -0.003006 -0.001126
1311876847.701652 0.0001643 0.05477 -0.001914 0.01193 0.006932 -0.007019
1311876847.764899 -0.02504 -0.07822 0.003116 -0.05499 -0.01123 0.005228
1311876847.833646 0.00548 0.005638 -0.03523 0.007888 -0.005401 0.01845
1311876848.001994 -0.0005394 0.008277 -0.03306 0.02548 -0.0006328 -0.006381
1311876848.099157 0.001356 0.01056 -0.03626 0.000981 -0.00456 -0.003769
1311876848.234415 -0.0064 0.07746 -0.02763 0.01574 -0.0003722 -0.006191
1311876848.302357 6.212e-05 -0.0002694 -0.01938 -0.00244 -0.0002319 0.001121
1311876848.370376 0.002335 0.008088 -0.01126 0.008578 -0.0006997 0.0001441
1311876848.534934 -0.0038 0.002765 -0.05572 -0.02879 -0.008657 -0.004434
1311876848.602463 0.004335 -0.0005761 -0.02466 0.01658 -0.0006493 0.003858
1311876848.670580 0.00406 -0.001038 -0.01853 0.00702 0.008949 0.002712
1311876848.802866 0.001133 -0.002309 -0.03225 -0.003124 0.00137 -0.001662
1311876848.901982 -0.00343 -0.001702 -0.0267 -0.004393 -0.002251 -0.001107
1311876848.970179 -0.001227 0.000188 -0.01691 -0.01018 -0.001874 -0.001666
1311876848.999333 -0.001009 0.01185 -0.01858 0.008699 0.01176 -0.00464
1311876849.134760 -0.00663 0.007021 -0.02915 -0.02923 0.01149 -0.02045
1311876849.202528 0.001142 -0.005216 -0.005562 -0.006871 0.007631 -0.0002141
1311876849.371023 0.02628 0.01043 -0.05783 0.01547 -0.0003651 0.05003
1311876849.438105 -0.002039 0.004786 -0.005957 -0.007887 -0.002822 -0.003263
1311876849.601825 -0.009738 -0.002592 -0.07406 0.03057 0.01501 -0.0174
1311876849.671478 0.006334 0.004758 -0.0137 0.0004952 -0.01123 0.003758
1311876849.770426 -0.000637 0.006811 -0.03735 -0.01286 -0.01103 -0.001097
1311876849.840247 -0.007751 0.01218 -0.009201 0.007735 0.002461 -0.005719
1311876850.007562 0.00463 -0.004288 -0.04029 0.0003636 -0.01646 -0.00141
1311876850.070552 0.01226 0.07227 -0.02705 0.05067 0.003714 0.01639
1311876850.270196 0.02228 -0.4086 -0.06949 -0.07605 -0.004267 0.03351
1311876850.570090 0.008002 0.01663 -0.1022 -0.004661 0.00812 0.005409
1311876850.670332 -0.0004595 -0.0002022 -0.02614 -0.002015 0.01051 0.001729
1311876850.769666 0.001274 0.004053 -0.03369 0.00615 0.01632 0.0001521
1311876850.806661 -0.003019 0.002011 -0.01753 0.001444 0.0118 -0.002192
1311876851.135830 0.002732 0.0155 -0.09944 -0.0005181 0.04949 0.004437
1311876851.270876 -0.002715 0.008227 -0.02114 0.001233 0.01554 0.003603
1311876851.338544 0.004137 0.006735 -0.03063 -0.001614 0.01309 0.005071
1311876851.506443 -0.001799 0.007974 -0.04402 0.00016 0.02425 0.002699
1311876852.039562 -0.01258 0.03133 -0.1473 0.01869 0.08503 0.0005492
1311876852.239443 -0.006376 0.007012 -0.04592 -0.00813 0.03211 0.002195
1311876852.306716 0.004636 0.009175 -0.03176 0.01153 0.008841 0.002611
1311876852.374664 0.002988 0.004197 -0.02133 -0.00163 0.007255 0.003571
1311876852.674397 -0.003989 0.02074 -0.07006 -0.001631 0.05006 0.006842
1311876852.739144 0.0007406 0.00138 -0.01971 -0.001159 0.01016 0.002893
1311876853.080784 -0.002604 0.02366 -0.07728 0.003772 0.0447 0.00464
1311876853.105035 0.002115 0.0006744 -0.01363 -0.000848 0.009892 0.005274
1311876853.171852 0.001156 0.006875 -0.0205 0.005984 0.009288 0.001342
1311876853.507892 -0.001188 0.01214 -0.08001 0.01271 0.01602 -0.0007246
1311876853.573340 0.002601 0.008604 -0.01019 0.001327 0.002708 0.003231
1311876853.642747 -0.001137 0.00412 -0.006097 0.007606 0.003645 -0.003213
1311876853.974425 -0.0004236 -0.0103 0.00257 -0.01223 -0.001545 0.001289
1311876854.074383 0.0003513 -9.631e-05 0.001066 -0.0005358 -0.0006734 0.0004425
1311876854.142288 -0.0002809 -0.0002914 -0.000248 0.0002301 0.0004439 -0.0005033
1311876854.274107 0.0002469 -1.544e-05 1.389e-05 -0.0001684 -0.0001785 0.0003914
1311876854.342671 -0.0002348 -5.364e-05 8.884e-05 0.0001032 0.0001212 -0.0003083
1311876854.410197 -9.651e-05 -1.864e-05 -1.97e-05 8.961e-05 2.762e-05 -0.0001409
1311876854.441567 0.0001871 0.0002104 5.714e-05 -5.536e-05 -0.0001286 0.0002605
1311876854.540143 -0.000126 -5.041e-05 0.0001602 0.0001164 -1.955e-05 -0.0002648
1311876854.640374 0.0001388 -2.099e-05 -8.448e-05 -6.102e-05 1.084e-06 0.0002057
1311876854.711030 -8.66e-05 5.424e-05 0.0001731 2.979e-05 4.373e-05 -9.333e-05
1311876854.774641 5.455e-06 -3.866e-05 -4.63e-05 6.354e-05 -3.497e-05 -7.134e-05
1311876854.942654 6.256e-05 -0.0001955 4.92e-05 -7.537e-05 -1.609e-05 7.267e-05
1311876854.971459 -5.223e-05 7.996e-05 -0.0001676 7.612e-05 2.349e-05 -7.77e-05
1311876855.010905 2.115e-05 -8.99e-05 4.58e-05 1.661e-05 1.604e-05 -1.348e-06
1311876855.041049 -2.597e-05 0.0001543 0.000185 8.971e-06 -1.991e-05 -1.323e-05
1311876855.071619 6.419e-05 -1.776e-05 -0.0003062 -3.464e-05 1.752e-05 6.333e-05
1311876855.242653 -6.596e-05 3.286e-05 0.0002866 6.876e-05 -1.407e-05 -4.974e-05
1311876855.310197 2.168e-05 -0.0002551 -7.239e-05 -7.437e-05 2.289e-07 -1.977e-05
1311876855.411518 -5.42e-05 0.0001386 2.906e-05 7.246e-05 2.224e-05 -2.51e-05
1311876855.474041 0.0001111 -6.448e-05 -3.459e-05 -7.216e-06 -0.0001382 3.617e-06
1311876855.542633 -1.86e-05 0.0001068 9.977e-05 6.858e-05 -3.226e-05 -3.466e-05
1311876855.678995 3.784e-05 -4.574e-05 -0.0001492 3.859e-06 -0.000101 -6.775e-05
1311876855.742040 -8.584e-05 -1.618e-05 0.0001738 -4.828e-06 -3.751e-06 -2.141e-05
1311876855.810710 4.3e-05 -4.151e-05 -4.208e-05 1.382e-05 -6.14e-05 -1.111e-05
1311876855.839122 2.44e-05 3.623e-05 0.0001029 3.09e-05 -1.991e-05 -1.122e-05
1311876855.978639 4.249e-05 0.000121 -0.0001504 4.827e-05 -0.0001602 -5.939e-05
1311876856.079088 -1.917e-05 -0.0001173 0.0003354 1.144e-05 -6.938e-05 -3.248e-05
1311876856.142181 2.157e-05 0.0001148 3.979e-05 8.578e-06 -3.907e-05 2.488e-05
1311876856.310274 6.368e-05 -0.0003782 -0.0002249 0.0001949 -0.002017 -0.0002331
1311876856.340464 -0.0002019 7.211e-05 0.0001792 0.0003679 -0.004004 -0.000562
1311876856.375995 0.0001396 -0.0002782 4.724e-05 0.0002729 -0.002729 -0.0001395
1311876856.441504 0.0006029 0.002134 -0.001911 -0.0007386 -0.003538 -7.687e-07
1311876856.510859 -0.002103 -0.001447 0.002765 -0.004463 -0.01106 -0.001735
1311876856.608950 0.0002256 0.006048 -0.009572 -0.00202 -0.007473 -0.001002
1311876856.678185 -0.0002532 -0.001092 -0.001725 -0.005589 -0.00306 -0.0008277
1311876856.810757 -0.0006483 0.003469 -0.0191 -0.001872 -0.004153 0.0003478
1311876856.910157 -0.001626 0.004184 -0.02113 -0.003704 -0.0001207 -0.001299
1311876856.944746 -0.002536 0.001897 -0.01558 0.008503 0.0003115 -0.001756
1311876857.010538 0.0002547 0.003494 -0.01172 0.003089 0.001782 0.0006318
1311876857.078875 0.0004945 0.005403 -0.01846 0.00751 0.0006837 0.001804
1311876857.145927 0.002032 0.01176 -0.02186 -0.01422 -0.0005266 1.779e-05
1311876857.210212 -0.004723 -0.005116 -0.00565 -0.001609 -0.002361 -0.004921
1311876857.410310 -0.004618 0.001957 -0.04527 -0.01152 -0.0362 -0.004701
1311876857.478223 0.002881 0.01595 -0.02552 0.01041 -0.02163 -0.001012
1311876857.507932 -0.01455 -0.0185 0.01441 0.001795 -0.01465 -0.006109
1311876857.578396 0.0111 0.01547 -0.03427 0.01245 -0.009563 0.0007299
1311876857.646130 -0.007785 -0.003595 0.0006228 -0.003219 -0.02855 -0.005699
1311876857.675924 -0.0007722 0.004482 -0.008666 0.004498 -0.02512 -0.0001939
1311876857.709018 -0.0006204 -0.002762 -0.002852 -0.001251 -0.008628 -0.00214
1311876857.744937 0.001073 0.001147 -0.003149 0.001613 -0.009423 -0.0008781
1311876857.778187 2.556e-05 -0.004366 -0.00183 -0.001407 -0.003006 -0.003231
1311876857.846362 0.0008223 0.001388 -0.0014 0.001103 0.001278 0.0008419
1311876857.876062 -0.0009715 0.0002364 0.002205 -0.001935 -0.0008425 -0.0008245
1311876857.945964 0.0002409 0.000912 0.0009085 -0.001053 -0.001016 -0.0006031
1311876858.079010 -0.002225 -0.004834 0.005851 -0.005078 -0.004816 0.0009942
1311876858.145958 0.004226 0.005031 -0.007834 0.003679 0.001628 -0.001739
1311876858.279263 0.0001225 6.278e-05 0.001968 4.797e-05 0.003138 0.002605
1311876858.414276 -0.0007122 -0.003606 0.001549 -0.002267 0.003949 -0.0001669
1311876858.479515 0.0002075 0.0001868 -0.0005421 0.0009599 0.001824 0.0002806
1311876858.512991 0.000286 -0.000197 0.0008455 -0.0004937 0.004338 0.0007716
1311876858.545283 -0.0003117 -0.0007573 0.001243 0.001118 0.001388 -0.0004045
1311876858.575458 0.003318 0.0008649 -0.006005 -0.001011 0.004304 -0.0008805
1311876858.614856 -0.001078 -0.002251 0.004021 -0.002834 0.009925 0.001944
1311876858.778778 0.002339 -7.002e-06 -0.0006471 0.002376 0.04162 0.00243
1311876858.847145 0.0002352 -0.0005683 0.005459 -0.0004102 0.02713 0.003577
1311876858.914881 0.002421 0.000965 -0.001391 0.0006466 0.02511 0.002144
1311876859.011597 0.002296 -0.002431 0.00381 -0.0004358 0.04699 0.004877
1311876859.078696 0.0007279 0.001105 0.0007267 0.003023 0.0123 0.001247
1311876859.146710 0.001869 0.0005385 0.0025 -0.001072 0.02511 0.002637
1311876859.214656 0.001016 0.0002542 0.007372 -0.0004693 0.04022 0.00384
1311876859.380353 -0.2835 0.3882 0.02336 0.06241 0.06777 0.01284
1311876859.411647 -0.0007899 -0.0002416 -0.001475 -0.002109 0.009126 -0.001009
1311876859.482807 0.0004617 0.002501 0.003385 -0.003381 0.005646 -0.0006495
1311876859.546487 0.002854 -0.005658 0.008885 -0.00857 0.01906 0.006753
1311876859.578973 0.002661 -0.000975 0.004471 0.009742 0.02398 0.004807
1311876859.682826 -6.354e-05 0.005251 -0.002635 0.006542 0.03018 0.003475
1311876859.814738 0.002542 -0.0002072 0.01092 -0.003713 0.06195 0.006625
1311876859.843623 0.01484 -0.0182 0.02325 -0.004635 0.02324 0.003265
1311876859.913945 0.005125 -0.00221 0.01069 -0.0009014 0.02301 0.003564
1311876859.982243 0.001853 -0.001838 0.002984 -0.000329 0.0104 0.001172
1311876860.011157 0.0008783 0.001771 0.002629 -0.001968 0.01966 0.0008272
1311876860.082196 0.004123 -0.003312 0.006506 -0.001458 0.01139 0.002867
1311876860.146788 0.003588 0.0009477 0.0002516 0.008033 0.03983 0.006238
1311876860.212932 -0.0002747 0.001834 -0.0003938 0.0007718 0.01344 0.0009609
1311876860.282185 0.001049 -0.0001943 0.001662 -0.002488 0.02653 0.002074
1311876860.346047 0.001368 7.319e-05 0.001639 -0.004033 0.02275 0.001858
1311876860.414273 0.007461 -0.001876 0.01015 1.765e-05 0.02376 0.003455
1311876860.482217 -0.0006797 0.001668 -0.003402 0.006405 0.02905 0.003236
1311876860.550197 -0.0003681 0.0003559 -0.0005555 0.001096 0.0411 0.003994
1311876860.681293 0.0004439 0.0002679 0.0009193 -0.0007669 0.03952 0.004951
1311876860.779283 0.003635 0.0003672 0.001015 0.00104 0.05164 0.006114
1311876860.849732 1.195e-05 -0.0001311 -0.00116 -0.0001647 0.01333 0.001445
1311876860.913768 0.002076 -0.0003964 0.0004005 0.001148 0.02519 0.002831
1311876861.011741 0.001426 0.001164 -0.000635 0.001451 0.05325 0.005661
1311876861.081508 0.0001675 -0.0004346 0.0007849 -0.0004589 0.01286 0.001054
1311876861.149463 0.001116 0.0003823 0.001125 0.0002862 0.02661 0.002423
1311876861.213429 0.0009853 0.0001724 1.677e-06 0.0006578 0.02652 0.002894
1311876861.246251 0.0002704 0.001175 -9.767e-05 0.0001594 0.02645 0.002563
1311876861.313164 0.0009257 0.0005037 0.002871 0.0004071 0.02599 0.002695
1311876861.348623 0.001095 -0.0004898 0.0004727 -0.0001779 0.01281 0.001348
1311876861.413024 0.001106 0.0008219 0.001239 0.0009209 0.01357 0.001784
1311876861.481014 0.0003599 0.001384 0.001891 -0.0001059 0.02844 0.003045
1311876861.546103 0.0002796 0.0002837 0.001299 -0.0008565 0.02531 0.00229
1311876861.610298 0.001314 -0.001906 -0.000574 -0.0009763 0.02547 0.002526
1311876861.679735 0.0006044 -0.001031 -0.001306 0.0003985 0.02587 0.003082
1311876861.710418 0.0008348 -0.0002971 -0.0007418 0.0004058 0.0247 0.002141
1311876861.848267 0.001004 0.001028 0.003189 0.0006413 0.03942 0.003362
1311876861.916645 0.000805 0.0005992 0.0005063 0.0007082 0.02697 0.002961
1311876861.980341 0.0005939 8.77e-05 0.0001348 -0.0005755 0.0253 0.002034
1311876862.047268 0.001843 -0.00127 -0.0008833 -0.001085 0.02582 0.003047
1311876862.116338 0.001278 0.0002642 -0.001262 0.0002332 0.02651 0.00291
1311876862.180485 -0.01348 0.3227 -0.005909 0.03869 0.02971 -0.03435
1311876862.248152 0.008303 0.1576 -0.05614 0.01862 0.02144 -0.01403
1311876862.315936 0.00278 0.0002539 0.0003814 0.002303 0.02578 0.003672
1311876862.347808 0.002867 -0.0005041 -0.0009755 0.0003869 0.02875 0.003699
1311876862.416120 -0.0003783 9.682e-05 -0.002409 0.000537 0.01562 0.001326
1311876862.449567 -0.07153 0.1291 -0.1697 0.01264 0.03057 -0.00804
1311876862.479667 0.001535 -0.000274 0.0005952 -6.538e-05 0.01162 0.001862
1311876862.579624 0.004278 -0.0003922 -0.0008307 0.001042 0.03897 0.007124
1311876862.715050 0.003198 -0.0002737 -0.001222 0.00345 0.03847 0.00459
1311876862.777911 -0.07015 0.06949 -0.08854 0.006737 0.03711 0.0005652
1311876862.849418 0.002832 0.001129 0.000748 -0.0009938 0.03053 0.003565
1311876862.914851 -0.002036 -0.001264 -0.005083 -0.004646 0.02937 0.00263
1311876862.984320 0.003889 -0.001724 -0.002904 0.003842 0.02641 0.003409
1311876863.013979 -0.002619 0.004818 -0.009154 0.004823 0.0311 0.002608
1311876863.045871 -0.01082 0.1195 -0.1762 0.0198 0.001987 0.01791
1311876863.187463 -0.004272 0.001689 -0.01331 -0.005966 0.03572 0.00232
1311876863.281806 0.0005664 0.007374 -0.02736 -0.01101 0.0274 0.00205
1311876863.315616 -0.001018 -0.004123 -0.009924 -0.004281 0.005122 0.002312
1311876863.345746 0.002515 -0.001675 -0.01193 0.001008 0.004725 0.0007724
1311876863.381947 0.0005377 0.002078 -0.01606 0.005906 0.005687 -0.0002132
1311876863.448204 -0.001205 -0.007574 -0.01198 0.007011 0.003849 0.001891
1311876863.515836 -0.03159 0.0457 0.01268 0.01893 0.0161 0.004354
1311876863.583982 0.1094 -0.05649 -0.1109 -0.004627 -0.01494 -0.01281
1311876863.613847 -0.0003918 -0.01581 -0.02035 -0.02184 0.000151 0.01002
1311876863.682520 0.001914 0.003509 -0.01208 0.004092 0.0007959 0.002392
1311876863.748458 -0.003956 -0.003308 -0.02357 0.007267 -0.01289 -0.003878
1311876863.814439 -0.003931 0.009569 -0.03149 0.000499 -0.008703 -0.005076
1311876863.845816 0.0008839 -0.001941 -0.01135 0.001635 -0.005836 -0.0003606
1311876863.983840 -0.006657 0.00102 -0.03482 0.004285 -0.02195 -0.003066
1311876864.048295 -0.002583 0.0102 -0.02251 -0.001086 -0.02333 -0.002528
1311876864.114348 -0.0004411 0.003091 -0.03227 0.01375 -0.04057 -0.00276
1311876864.182286 -0.002027 -0.01079 -0.007401 -0.001673 -0.01705 -0.004058
1311876864.251318 -0.0004975 0.006837 -0.01919 -0.003667 -0.02703 -0.003603
1311876864.316233 -0.001508 0.008473 -0.01946 -0.003043 -0.02407 -0.004463
1311876864.683894 -0.6352 0.08046 1.896 0.01489 0.1311 -0.08048
1311876864.714409 -0.0007704 -0.002905 -0.006697 -0.0001051 -0.008885 -0.001551
1311876864.851565 -0.00501 0.006274 -0.03184 0.00633 -0.02614 -0.008283
1311876864.882633 -0.003004 0.005483 -0.02503 0.003338 -0.01667 -0.00408
1311876865.016308 0.002713 0.003525 -0.02274 -0.001601 -0.009895 -0.0004729
1311876865.083866 -0.00078 0.002438 -0.01455 -0.003704 0.001223 -0.001158
1311876865.115507 -0.001793 0.004748 -0.01985 -0.001954 0.002517 -0.003298
1311876865.184147 -0.001391 -0.0006178 -0.007392 -0.002125 0.001902 0.0001404
1311876865.251649 -0.001782 0.004933 -0.02148 0.002638 0.001227 0.0001701
1311876865.314565 0.000153 0.002759 -0.01953 0.001026 -0.002758 0.0004874
1311876865.414585 0.00197 0.004259 -0.02639 -0.001014 -0.003029 0.004204
1311876865.482884 -2.96e-05 0.004101 -0.01689 -0.001813 0.0006115 0.001302
1311876865.551010 -0.0005888 0.003822 -0.01932 -0.001364 0.000387 -0.0004815
1311876865.651502 -0.001583 0.004997 -0.03073 -0.002392 -0.0001144 0.002269
1311876865.720034 0.0003683 0.002966 -0.01627 -0.0004914 -0.0002881 0.0003722
1311876865.783571 0.001244 0.002041 -0.01511 -0.004227 -0.002923 0.002975
1311876865.882062 0.0005578 0.01 -0.04197 -0.001085 0.0007571 0.003298
1311876865.950807 0.0005228 0.003586 -0.01248 0.003298 -0.002366 -0.0006588
1311876866.018051 0.0007567 0.00133 -0.01883 -0.0006408 -0.00145 0.002729
1311876866.150629 -0.001164 0.002929 -0.03337 -0.002126 0.001026 -0.001202
1311876866.217864 0.0005364 0.001182 -0.02032 0.001719 0.001782 0.002597
1311876866.282206 -0.002086 0.003826 -0.01851 -0.001934 0.001491 0.0005318
1311876866.318747 -0.0006585 0.002093 -0.0177 -0.006297 -0.001185 -0.0008747
1311876866.551995 0.001011 0.008868 -0.05583 0.00157 -0.000261 0.002915
1311876866.582051 -0.0001531 0.003418 -0.01708 -0.002186 0.0004295 0.000583
1311876866.649886 -0.0003875 0.00121 -0.01019 -0.001834 0.001683 -0.0009931
1311876866.851196 0.002602 0.003456 -0.05597 0.001885 0.01898 0.005199
1311876866.919899 0.0002176 0.005344 -0.02365 0.0006012 0.009177 0.001823
1311876866.988231 0.001783 0.00361 -0.01955 -0.006621 0.008646 0.003948
1311876867.123047 0.004308 0.00513 -0.03095 0.0009888 0.0277 0.005162
1311876867.317708 0.00204 0.008578 -0.05361 -0.0001233 0.04467 0.009227
1311876867.388199 -0.003733 0.007088 -0.03443 0.001891 0.02353 -0.00203
1311876867.418227 -0.001608 -0.005563 -0.004319 -0.002435 0.008131 0.001133
1311876867.488300 0.005226 0.001508 -0.01267 0.01116 0.005135 -0.002664
1311876867.788205 0.755 0.1943 -0.1436 -0.01982 -0.1621 0.03085
1311876867.850249 0.0009641 0.01127 -0.01888 -0.002912 0.01458 0.00179
1311876867.920305 0.0004002 0.002779 -0.02036 0.004396 0.01545 0.002092
1311876867.988252 -0.001506 -0.001948 -0.01869 -0.005511 0.0146 0.001435
1311876868.056492 0.001469 0.007136 -0.0276 0.002681 0.02313 0.002654
1311876868.086285 -0.0005659 0.00202 -0.009847 0.002547 0.007674 0.001195
1311876868.118520 -0.3619 0.5716 0.1068 0.1014 0.06387 0.009742
1311876868.153782 2.121e-05 0.006525 -0.009548 -0.0004493 0.007512 0.0007532
1311876868.220531 -0.002159 -0.008414 -0.008021 -0.003199 0.007408 -0.001669
1311876868.288345 0.00113 0.01066 -0.01846 0.003388 0.01646 0.0004785
1311876868.355815 0.002913 0.01179 -0.01918 0.008909 0.01569 0.002152
1311876868.455750 -0.003072 -0.02207 -0.02353 -0.007815 0.01869 -0.001495
1311876868.520546 -0.008905 0.0179 -0.02112 -0.001605 0.02155 -0.000932
1311876868.685913 0.001746 0.008218 -0.06126 0.01321 0.04349 0.004598
1311876868.717973 -0.0006728 -0.003668 -0.007667 -0.006531 0.004634 0.001053
1311876868.819158 0.0008912 0.004159 -0.0303 0.001688 0.009807 4.245e-06
1311876868.920404 0.0002716 0.005928 -0.0311 0.003166 0.01122 0.001178
1311876868.956445 -0.0009784 0.003067 -0.01121 0.001788 0.005111 -0.0005684
1311876869.020160 -0.001732 -0.006058 -0.008569 -0.004097 0.003606 0.0006956
1311876869.054791 -0.001097 0.005203 -0.02147 0.002442 0.006881 -0.0003724
1311876869.086043 -0.0009045 0.004599 -0.01151 0.002314 0.001848 -0.00108
1311876869.118788 -0.002309 -0.0007744 -0.008883 -0.001451 0.0009774 -0.0008695
1311876869.185601 -0.001058 0.004292 -0.01079 4.169e-05 -0.0007169 -0.0004948
1311876869.224112 -0.001409 -0.007008 -0.0184 -0.0006255 -0.005078 -0.0005746
1311876869.288014 -0.0008474 0.016 -0.01503 0.009388 -0.003161 -5.35e-05
1311876869.424283 -0.004323 0.0001486 -0.04995 -0.009876 -0.03676 -0.0001434
1311876869.524311 0.001107 -0.0007319 -0.01975 0.0009792 -0.01993 -0.0008071
1311876869.824216 0.1689 0.009906 0.05005 -0.03602 -0.03457 0.0828
1311876870.023939 0.3824 -0.03497 0.7183 -0.007867 -0.07118 -0.03525
1311876870.088441 -0.002307 0.01122 -0.02291 0.0105 -0.003629 -0.00259
1311876870.122324 -0.003901 -0.009422 -0.01692 -0.0192 -0.01093 -0.005826
1311876870.154541 0.002772 0.0004338 -0.01173 0.008879 -0.001495 -0.001274
1311876870.224154 -0.006874 0.007058 -0.01017 0.002218 0.0004826 -0.0001506
1311876870.253875 0.002743 0.001984 -0.01846 -0.002913 -0.01257 -0.0003624
1311876870.287658 -0.0007679 -0.003268 -0.01006 0.0007073 -0.003419 0.001469
1311876870.490934 0.004875 0.01142 -0.06677 0.0142 0.004579 -0.003198
1311876870.592832 -0.001532 -0.001551 -0.03045 0.0001963 0.01838 -0.001176
1311876870.754494 0.004445 0.00993 -0.0473 -0.002347 0.04192 0.007353
1311876870.824185 0.001593 0.004813 -0.01114 0.002642 0.01109 0.0005314
1311876870.891887 -0.0005061 0.002652 -0.01721 -0.005077 0.02635 0.0005964
1311876870.921734 -0.005854 -0.003099 -0.01733 -0.02175 0.02462 -0.004176
1311876871.056270 0.001859 0.01441 -0.0252 0.04035 0.04468 0.01349
1311876871.089984 -0.1336 0.5085 -0.1825 0.06986 0.01333 -0.01804
1311876871.156239 0.001976 -0.009211 -0.007186 0.006258 -0.00623 -0.002628
1311876871.292499 0.001817 -0.0044 -0.02021 0.004429 0.0003118 -0.003134
1311876871.521907 -0.001512 0.01663 -0.001493 -0.001429 0.003696 0.002183
1311876871.591747 -0.001299 -0.003518 -0.0005657 -0.000612 0.000761 6.307e-05
1311876871.689806 0.0005652 0.002232 -0.0007899 0.001478 -0.0001305 -0.0001604
1311876871.760180 8.759e-05 7.868e-05 0.0003467 -0.0003324 -7.698e-05 9.349e-05
1311876871.823864 0.0001014 -0.0005642 -0.0002362 0.0002271 -0.0002666 -0.0001857
1311876871.892506 -0.0002689 0.0002668 -0.0003672 0.0004762 4.66e-05 -1.019e-05
1311876872.060374 2.065e-05 3.14e-05 -4.359e-05 -8.664e-05 0.0001196 4.149e-05
1311876872.123899 -0.0002339 -4.658e-06 -2.825e-05 -9.649e-05 9.77e-05 -3.027e-05
1311876872.159852 -4.132e-06 -0.0001626 0.0001552 -0.0001637 3.369e-05 -1.935e-05
1311876872.360270 6.479e-05 8.778e-05 -0.000101 5.032e-05 -5.219e-05 3.544e-05
1311876872.492280 0.0001811 3.553e-05 -1.509e-05 8.52e-05 9.085e-05 0.0001799
