1341845948.779817 -0.00323 0.003287 -0.0008465 -0.004221 -0.008322 -0.002231
1341845948.811832 0.0006104 0.003159 -0.0006223 -0.004095 -0.008549 -0.002317
1341845948.847804 -0.0001221 0.0005176 0.001896 -0.00297 -0.005575 -0.002898
1341845948.879918 -0.001417 -0.0005594 0.002735 0.00294 -0.007494 0.002136
1341845948.911866 0.0015 0.003669 -0.0005234 0.009308 -0.007135 0.001218
1341845948.947808 0.002547 0.004536 -0.0004351 0.0101 -0.001718 -0.001526
1341845948.979787 -0.001854 0.003674 -0.002895 0.01178 -0.0008569 0.001112
1341845949.011787 -0.002488 0.006525 -0.005728 0.01287 -0.005229 0.001959
1341845949.047774 0.0003018 0.011 -0.008341 0.009041 -0.003254 -0.006173
1341845949.079745 -0.0007237 0.008107 -0.005139 0.001244 0.0006518 -0.008744
1341845949.115941 -0.00111 0.003981 -0.0005046 0.001265 -0.003892 -0.003389
1341845949.147691 -0.001088 0.005653 -0.004 0.004759 -0.006701 -0.003141
1341845949.179815 0.0003215 0.007887 -0.004984 0.004809 -0.005686 -0.005705
1341845949.215795 -0.001329 0.006255 -0.002114 0.002685 -0.004464 -0.001981
1341845949.247763 -0.002078 0.004128 -0.001764 0.005811 -0.007414 -0.000741
1341845949.283892 -0.003284 0.008413 -0.009833 0.007049 -0.008163 -0.0007477
1341845949.315792 -0.002153 0.01062 -0.008529 0.001877 -0.00713 -0.002327
1341845949.347811 -0.000738 0.005254 -0.002338 -0.00268 -0.00589 0.0009606
1341845949.383752 0.0005327 0.003553 -0.001336 7.752e-05 -0.007824 0.004475
1341845949.415733 0.002082 0.004017 -0.002275 0.00309 -0.003782 0.001648
1341845949.451907 0.0002765 0.00351 -0.004151 0.004539 -0.0002686 0.0009211
1341845949.483823 -0.00108 0.001614 -0.002366 0.00681 -0.002305 0.00482
1341845949.515817 0.001017 0.004905 -0.002191 0.01358 -0.001659 0.001863
1341845949.551896 0.0005178 0.005445 -0.004906 0.0132 0.004438 0.004034
1341845949.583736 -0.003251 0.002737 -0.004814 0.008401 0.003473 0.004114
1341845949.619753 -0.001064 0.003594 -0.003844 0.009527 -0.0005502 0.004185
1341845949.651764 0.0005572 0.008116 -0.008217 0.004788 0.004326 0.0008311
1341845949.683707 -0.0006225 -0.0008686 0.00129 -0.001864 0.00718 0.002499
1341845949.719890 0.001348 -0.001884 0.001758 0.008743 -0.002247 0.006141
1341845949.751778 0.001108 0.004942 -0.004389 0.01635 -0.001776 0.001177
1341845949.787857 0.002792 0.005686 -0.003772 0.0113 0.004537 -0.004375
1341845949.819784 0.001748 -0.0003063 0.001051 0.01155 0.004879 0.001118
1341845949.851908 0.001674 -0.0001946 -0.001595 0.02056 -0.0009812 0.006242
1341845949.887758 0.001977 0.01006 -0.00529 0.02281 0.003502 -0.0006937
1341845949.920013 0.0006075 0.004912 -0.005748 0.00943 0.009003 0.001608
1341845949.955673 0.0008944 0.001688 -0.00156 0.005995 0.002868 0.002671
1341845949.987737 0.00226 0.007027 -0.003282 0.009896 -0.0001463 0.003127
1341845950.019789 0.002906 0.007225 -0.00308 0.006564 0.003448 0.003552
1341845950.055847 0.001467 0.003686 -0.001236 0.004456 0.002985 0.0045
1341845950.087728 0.001561 0.003309 3.379e-05 0.009357 -0.002187 0.004259
1341845950.124078 0.001923 0.007158 -0.003883 0.0114 -0.0008222 0.002645
1341845950.155757 0.0005252 0.004917 -0.003104 0.005071 0.001271 0.00293
1341845950.187677 -0.0009877 0.002713 -0.002602 0.00562 -0.002807 0.004833
1341845950.223782 0.001807 0.007007 -0.0001624 0.01214 -0.006873 0.00497
1341845950.255885 0.0003378 0.008605 -0.006057 0.007631 0.001761 0.001569
1341845950.287784 0.0002731 0.001298 -0.0004501 0.001585 0.0002216 0.001486
1341845950.323864 0.00396 0.00164 0.005043 0.01607 -0.008392 0.003123
1341845950.355780 0.0008748 0.005589 -0.002278 0.02628 -0.00356 0.005242
1341845950.387911 -0.001719 0.00798 -0.007097 0.01508 0.00311 0.005188
1341845950.424265 -0.004205 0.008575 -0.007886 0.002325 0.0002341 0.002967
1341845950.455762 0.001663 0.01011 0.0003872 -0.002356 -0.00308 0.00268
1341845950.487870 0.001779 0.006645 0.002796 -0.002314 0.0009188 0.002536
1341845950.523880 0.001307 0.0007757 0.005908 0.0015 -0.0006728 0.002349
1341845950.555793 0.002234 0.002027 0.006661 0.01858 -0.0059 0.00393
1341845950.587742 -0.0003369 0.007864 0.001246 0.02856 0.00083 0.001415
1341845950.623823 -0.0004858 0.007654 0.0003383 0.02161 0.001788 0.001177
1341845950.655770 0.0007113 0.009193 0.001069 0.01804 0.001474 0.002073
1341845950.691815 -0.0007596 0.01032 -0.00372 0.01211 0.002959 0.002164
1341845950.756034 -0.0001923 0.01419 -0.0002754 0.007234 -0.002462 -0.003873
1341845950.817895 -0.003154 0.01773 -0.0004385 0.009889 -0.001714 -0.001514
1341845950.853851 -0.0002225 0.005878 0.002635 0.002139 -0.003744 0.002287
1341845950.885881 -0.002565 0.01063 -0.003508 0.005054 -0.003259 0.004028
1341845950.917771 -0.00263 0.01167 -0.005757 0.0004468 -0.001844 -0.0008603
1341845950.953822 -0.0001641 0.006893 -0.000729 -0.003747 -0.00477 -0.00198
1341845950.985908 0.001478 0.006311 0.002945 -0.0006833 -0.005707 0.001839
1341845951.017817 0.0007821 0.00679 0.002792 0.005309 -0.0037 0.004416
1341845951.053777 -0.002117 0.007892 -0.004078 0.007389 -0.0009788 -0.003221
1341845951.085819 -0.0007177 0.01015 -0.0004337 0.00673 -0.001981 -0.008959
1341845951.121819 -0.0008479 0.00742 -0.001387 0.007873 0.001248 -0.005822
1341845951.153788 -0.002709 0.009902 -0.006126 0.00511 0.001636 -0.005532
1341845951.185690 5.127e-05 0.009697 -0.0006284 0.00126 0.002699 -0.004141
1341845951.221846 -0.001187 0.008192 -0.002769 -0.001287 0.006919 -0.003984
1341845951.253677 -0.001451 0.007626 -0.002548 -0.00282 0.01041 -0.004232
1341845951.289833 -0.002764 0.002026 -0.009327 -0.01537 0.0119 -0.005289
1341845951.321746 -0.0018 0.001547 0.006566 -0.008108 0.0007449 -0.001777
1341845951.353781 0.0001063 0.006368 -0.0003604 0.004262 0.001594 -0.003526
1341845951.389710 -0.002406 0.01387 -0.007697 -0.000186 0.007593 -0.003348
1341845951.421759 -0.001996 0.005939 -0.0001189 -0.01228 0.006127 -0.001467
1341845951.453714 -0.001596 0.003723 0.0008294 -0.007514 0.003492 -0.003946
1341845951.489750 0.0005628 0.005077 0.0002826 -0.002328 0.002427 -0.001829
1341845951.521791 -0.004688 0.003213 -0.003937 -0.003031 0.001698 0.004661
1341845951.557734 0.002774 0.005882 0.003013 0.003725 -0.005095 0.002404
1341845951.621927 0.0003314 0.01649 -0.005498 0.003076 0.01148 0.002858
1341845951.657740 0.0009066 0.0031 0.000858 0.004307 0.003556 0.004208
1341845951.689997 -0.002587 0.009777 -0.007698 0.006371 0.007138 -0.0003152
1341845951.721802 -0.0005625 0.01166 -0.003614 -0.00288 0.008681 -0.0005267
1341845951.757837 -0.004952 -0.004432 0.005853 -0.004526 0.006631 0.003475
1341845951.789992 -0.003189 0.003689 -0.002567 0.01308 -0.002167 0.004903
1341845951.825880 -0.002372 0.009769 -0.005249 0.009283 0.00207 -0.001278
1341845951.857655 -0.004469 0.003347 -0.003239 0.001533 0.004126 0.001664
1341845951.889934 -0.0005574 0.0009022 0.001936 0.004903 -0.0002276 0.00104
1341845951.925973 -0.0004582 0.005261 -0.00391 0.01107 0.004417 -0.0003343
1341845951.957775 -0.002482 0.003248 -0.002997 0.005008 0.005222 -0.001435
1341845951.989866 0.001034 0.000606 0.0005257 0.01117 0.001719 0.005066
1341845952.026044 -0.0007366 0.006978 -0.00767 0.01292 0.005809 0.001883
1341845952.057894 -0.001256 0.004373 -0.004047 0.002913 0.005568 0.0003402
1341845952.125827 0.0001963 0.009438 -0.00382 0.00453 0.001636 0.008797
1341845952.157796 -0.001195 0.004028 -0.001749 -0.001462 0.002216 0.001122
1341845952.193712 0.0007415 0.001306 0.00207 -0.0007956 -0.0005983 0.001419
1341845952.225758 -0.003607 0.003584 -0.003683 0.0002338 0.0008196 0.00158
1341845952.261888 -0.001635 0.005064 -0.001484 -0.003626 -0.001532 -0.003885
1341845952.293773 0.0002578 -0.001722 0.004502 -0.007157 -0.004648 0.0006296
1341845952.325830 0.001354 -0.0006627 0.004922 0.002847 -0.008084 0.001232
1341845952.361889 -0.001268 0.002393 -0.002313 0.003286 -0.005161 0.005072
1341845952.393746 -0.000326 -0.0005691 0.002204 7.191e-05 -0.008627 0.002501
1341845952.425943 0.0006196 0.002504 0.001294 0.005265 -0.008112 0.001855
1341845952.461990 0.0005752 0.004189 -0.0004139 0.00266 -0.002624 0.002289
1341845952.493879 -0.0005304 -0.003006 0.0008342 0.0004593 -0.002534 0.001528
1341845952.529859 -0.001074 0.001134 -0.003336 0.003753 -0.005758 0.0002742
1341845952.561728 0.00153 -3.917e-06 0.001583 0.001485 -0.006153 -0.0006676
1341845952.593773 0.001811 -0.001802 0.00222 0.004413 -0.002966 -0.001965
1341845952.629782 -0.001109 -0.001606 -0.001971 0.004023 -0.00357 -0.00135
1341845952.661822 0.0008549 0.003194 -0.001829 0.002874 -0.0009872 -0.002153
1341845952.694133 0.002101 -0.003868 0.004119 -0.002948 0.003578 -0.003361
1341845952.729992 -0.001131 -0.002705 -0.002039 0.00306 0.003645 0.0007344
1341845952.761932 -0.002864 0.003011 -0.005811 -0.003253 0.001125 0.001434
1341845952.835955 0.005042 -0.01177 0.00912 -0.01339 -0.00932 -0.0005518
1341845952.897807 0.006224 -0.002579 0.0008882 -0.001006 -0.01043 0.009045
1341845952.929858 0.002194 -0.005432 -0.000146 -0.006573 0.0003808 -0.000884
1341845952.962152 0.002838 -0.006987 0.001792 -0.00548 -0.002059 0.004975
1341845952.997732 0.0046 -0.007875 0.00262 -0.0007269 -0.0008328 0.002605
1341845953.029881 0.00212 -0.003087 -0.004563 0.00183 0.005036 -0.003996
1341845953.065883 -0.0004717 -0.003952 -0.004063 -0.00625 0.005234 -0.002716
1341845953.097744 0.004488 -0.009078 0.005938 -0.004972 0.00194 -0.001016
1341845953.130426 0.002367 -0.005221 -0.002451 0.003887 0.007607 -0.00399
1341845953.165700 -0.001783 -0.001518 -0.007227 -0.006708 0.004469 0.000223
1341845953.197916 0.005087 -0.0104 0.006871 -0.01234 -0.0003971 0.002996
1341845953.230076 0.001595 -0.01343 0.002606 -0.0009414 -0.003726 0.004006
1341845953.265747 0.002261 -0.0009204 -0.003562 0.006362 -0.006265 0.002201
1341845953.297823 0.003289 -0.0006111 -0.002064 -0.002576 -0.0004846 -0.0002007
1341845953.333820 -0.0003127 -0.006355 -0.001937 -0.0118 -0.001676 0.006649
1341845953.398118 0.004957 -0.01261 0.000811 -0.01525 -0.01453 0.01047
1341845953.433817 -0.001446 -3.276e-05 -0.004606 -0.01379 -0.004534 0.0002849
1341845953.465793 0.00404 -0.003582 0.00478 -0.01903 -0.003322 -0.0006257
1341845953.501850 0.0005013 -0.008499 0.003149 -0.0165 -0.002077 0.0004049
1341845953.533841 -0.001563 -0.003887 -0.00267 -0.01635 -0.007294 0.0006922
1341845953.565884 0.002778 -0.00336 0.004135 -0.02203 -0.007645 -0.00316
1341845953.601851 0.002682 -0.008495 0.008845 -0.01729 -0.005932 -0.0004494
1341845953.633727 -0.0008911 -0.005255 0.0002052 -0.01428 -0.007694 -0.001637
1341845953.665877 0.003927 -0.003526 0.006981 -0.01465 -0.008339 -0.00704
1341845953.701988 0.006125 -0.004867 0.01258 -0.007629 -0.003482 -0.004674
1341845953.733959 0.002651 -0.008956 0.005845 -0.0008089 -0.001256 0.001785
1341845953.769755 -0.0005749 -0.00588 -0.002569 0.001599 -0.002042 0.004498
1341845953.801776 0.003199 -0.002812 0.002408 -0.002028 -0.004227 -0.001658
1341845953.833838 0.004221 -0.005466 0.00208 -0.002677 0.0002672 0.002387
1341845953.869932 0.001302 -0.006955 0.0004802 -0.005316 2.554e-05 0.008215
1341845953.901831 0.004959 -0.005216 0.002827 -0.001367 -0.0022 0.004379
1341845953.933922 0.004155 -0.001164 -0.004654 -0.002729 0.002818 0.001193
1341845953.969955 0.002997 -0.002739 -0.003552 -0.01299 0.004091 0.006007
1341845954.001752 0.00484 -0.009708 0.00991 -0.009385 0.001418 0.004022
1341845954.037754 0.005132 -0.00629 0.001112 0.003908 0.0004444 0.003396
1341845954.069971 0.006069 -0.001983 -0.003776 0.002453 0.003604 0.0004252
1341845954.101821 0.006166 -0.005468 0.002888 -0.001743 0.006738 -0.0067
1341845954.137723 0.004091 -0.006085 0.001227 0.003067 0.008697 -0.004706
1341845954.169776 0.001491 -0.004617 -0.004001 0.003673 0.006611 -0.00172
1341845954.201769 0.003003 -0.001852 -0.0001236 0.0008571 0.003928 -0.00457
1341845954.237931 0.002657 -0.002633 -0.000514 0.0002546 0.004525 -0.003911
1341845954.269821 3.795e-05 -0.004298 -0.002285 -0.002274 0.003595 -0.000791
1341845954.305896 0.002651 -0.002797 0.001771 -0.0002828 -0.001577 0.0007999
1341845954.337899 0.004956 -0.001841 0.002536 0.00361 -0.0005484 -0.001039
1341845954.370323 0.0006523 -0.00251 -0.003824 0.001032 0.00483 -0.001814
1341845954.405781 0.0005481 -0.003862 -9.281e-05 -0.00308 0.002368 -0.0001405
1341845954.437770 0.009205 -0.002886 0.006723 0.002471 0.001601 -0.004124
1341845954.473700 -0.002177 -0.00166 -0.009258 -0.0001806 0.0123 -0.004266
1341845954.505685 -0.001864 -0.004208 -0.003011 -0.01283 0.005955 -0.002057
1341845954.537884 0.007123 -0.007013 0.01155 -0.004456 -0.001399 -0.001797
1341845954.574129 0.003671 -0.003122 -0.0002336 0.006922 0.005234 -0.0028
1341845954.605772 -0.007155 -0.0002629 -0.01031 -0.007959 0.008523 -0.001686
1341845954.637774 0.004755 -0.003316 0.008641 -0.01415 6.836e-05 -0.00469
1341845954.673990 0.005596 -0.004164 0.009309 -0.003075 -0.0003435 -0.00383
1341845954.705864 -0.005463 -0.00251 -0.005929 -0.003448 0.004035 0.001276
1341845954.741959 -0.002171 0.0002576 -0.0007246 -0.008086 -0.002016 0.002942
1341845954.779824 0.006486 -0.0001441 0.007107 -0.005439 -0.004404 -0.0005672
1341845954.815761 -0.001089 -0.0009053 -0.003788 -0.003983 0.001901 0.0002727
1341845954.847702 -0.000416 0.0008567 -0.002247 -0.009592 -0.00177 0.0008711
1341845954.879857 0.01121 -0.0003433 0.009141 -0.007201 -0.005412 -0.004946
1341845954.915883 0.007272 -0.003022 0.006529 0.0001425 -1.724e-05 -0.002035
1341845954.947742 -0.0029 -0.001907 -0.004974 0.001298 0.002537 -0.0003337
1341845954.979793 -0.0003539 0.002392 -0.003041 -0.003881 -0.001438 -0.005194
1341845955.015775 0.007142 0.0004895 0.005145 -0.006851 -0.001049 -0.009362
1341845955.047748 -0.001855 -0.002726 -0.002862 -0.008999 0.00596 -0.005536
1341845955.079963 -0.001939 -0.006154 0.001589 -0.009431 -0.0006968 0.000734
1341845955.115765 0.003908 -0.003135 0.004819 -0.001307 -0.007455 -0.0006312
1341845955.147819 0.0002139 9.228e-05 -0.002647 0.0004184 -0.001993 0.0004234
1341845955.179771 0.0003595 -0.002445 -0.0003184 -0.00466 -0.0003272 0.0001906
1341845955.215834 1.926e-05 -0.003258 0.001121 -0.004245 -0.002116 -0.002388
1341845955.247700 0.001951 -0.001036 -7.256e-05 -0.001964 -0.001588 -0.001524
1341845955.283796 -0.001553 -0.002143 -0.001771 -0.005048 0.0004192 0.002295
1341845955.315766 0.002375 -0.003497 0.002903 -0.005044 -0.002601 0.001213
1341845955.347689 -0.001027 -0.003943 -0.0006101 -0.001864 -0.002428 0.002786
1341845955.383825 0.0002456 0.00105 -0.001591 -0.002376 -0.00271 0.0006614
1341845955.415689 0.002777 -0.001313 0.001919 -0.005439 -0.0006767 -0.0002635
1341845955.447780 -0.004718 -0.003449 -0.003096 -0.007627 0.002188 0.005896
1341845955.483775 -0.0003773 -0.001866 0.0008326 -0.008141 -0.005852 0.003052
1341845955.515995 0.006306 0.0003011 0.003995 -0.005839 -0.004754 -0.0004426
1341845955.547652 -0.001849 -0.0009412 -0.002642 -0.007938 0.002859 0.002789
1341845955.583803 0.003216 -0.0063 0.00553 -0.009695 -0.00193 0.003926
1341845955.645874 0.001078 -0.00467 -0.002462 -0.004744 0.0003977 0.003048
1341845955.677690 -0.001072 -0.002781 -0.001811 -0.008707 -0.000363 0.0009459
1341845955.713997 0.00673 -0.002282 0.004844 -0.007035 -0.003919 -0.0002602
1341845955.745913 0.004485 -0.003136 0.001487 -0.003974 0.002292 -0.001399
1341845955.777825 -0.006342 -0.005874 -0.004767 -0.006842 0.005486 -0.00264
1341845955.814143 0.001681 -0.003998 0.001044 -0.006182 -0.004395 -0.002856
1341845955.845690 0.006219 -0.003122 0.002767 -0.003771 -0.000803 -0.00637
1341845955.877977 -0.00814 -0.001967 -0.007919 -0.006973 0.006859 -0.005993
1341845955.913787 -0.003094 -0.003533 -0.0006652 -0.01625 -0.002759 -0.004276
1341845955.945707 0.005151 -0.002794 0.005549 -0.01148 -0.005954 -0.003765
1341845955.981865 0.001394 -0.004712 0.003309 -0.008995 -0.0007825 -0.0006143
1341845956.013788 -0.002184 -0.009997 0.003302 -0.006638 -0.003551 0.001966
1341845956.045763 0.003626 -0.007265 0.004006 0.0007821 -0.006035 -0.0006855
1341845956.081817 -0.002454 -0.001663 -0.003971 0.002238 -0.0006228 -0.005307
1341845956.113872 -0.003004 -0.001579 -0.002126 -0.006054 -0.0008682 -0.009511
1341845956.145853 0.003283 -0.0118 0.00704 -0.008007 -0.003992 -0.007341
1341845956.181712 -0.002005 -0.007959 1.381e-06 0.001843 -0.003248 -0.005083
1341845956.213966 -0.002169 -0.0003942 -0.004487 0.0003762 -0.003692 -0.004981
1341845956.249720 0.00407 -0.00735 0.004879 -0.005287 -0.004692 -0.003544
1341845956.281792 0.004653 -0.01027 0.004285 0.002796 -0.001712 -0.002408
1341845956.313799 -0.0008978 -0.004317 -0.002545 0.008227 0.0001032 0.001677
1341845956.349790 0.001825 -0.003301 -0.001733 0.007029 0.0003043 0.000204
1341845956.381671 0.003927 -0.005154 0.0001741 0.005608 0.003037 -0.004103
1341845956.414041 -0.0009545 -0.004593 -0.004743 0.00659 0.006737 -0.001625
1341845956.449886 -0.003289 -0.002033 -0.007542 0.003033 0.002623 0.001019
1341845956.481751 0.00471 -0.002174 -0.001475 -0.001828 0.000866 -0.002437
1341845956.517751 0.004585 -0.007308 0.001867 -0.002067 0.004087 -0.003025
1341845956.550178 -0.004075 -0.004086 -0.008756 0.0006588 0.005098 0.0003444
1341845956.581882 -0.0006835 -0.0002017 -0.006153 -0.005499 0.002183 -0.001826
1341845956.617921 0.001844 -0.004195 -0.002738 -0.01264 0.001731 -0.004877
1341845956.649823 0.001133 -0.006024 -0.001129 -0.01294 -0.0008741 -0.002277
1341845956.686207 0.007381 -0.005505 0.003769 -0.007976 -0.005863 0.006367
1341845956.717815 0.007697 -0.006174 0.002342 -0.002765 -0.00192 0.009337
1341845956.749871 0.000344 -0.001015 -0.006253 -0.002492 0.005039 0.0034
1341845956.785882 -0.003078 -0.003047 -0.005293 -0.01015 0.002327 0.004051
1341845956.817915 0.006306 -0.008254 0.00272 -0.00947 -0.003592 0.002717
1341845956.849925 0.002693 -0.00433 -0.002709 -0.004825 0.002536 -0.003814
1341845956.885848 -0.004411 -0.0007419 -0.006709 -0.009414 0.002643 -0.005351
1341845956.953936 0.009995 -0.02062 0.004622 -0.01487 -0.005394 -0.00918
1341845956.985677 -0.001979 -0.007776 -0.002759 0.001715 -0.0009035 0.003351
1341845957.017739 0.002928 -0.005963 -0.0005309 0.007282 -0.004631 -0.0009665
1341845957.053817 -0.00197 0.002318 -0.008535 0.002848 0.00245 -0.01206
1341845957.085894 -0.003351 -0.008172 -0.002985 -0.007673 -0.001442 -0.003668
1341845957.118069 0.0018 -0.006814 -0.0009316 -0.00181 -0.006822 -0.002699
1341845957.153924 -0.001849 0.0005251 -0.006205 -0.002284 -0.002074 -0.00547
1341845957.185730 -0.001658 -0.004651 -0.002336 -0.01143 -0.004797 -0.001814
1341845957.222219 0.006208 -0.0125 0.007355 -0.006543 -0.00943 0.003768
1341845957.253784 -0.001092 -0.003692 -0.004013 0.003135 -0.003218 0.003083
1341845957.285979 -0.001309 -0.002057 -0.00172 -0.003567 -0.002897 0.003961
1341845957.321826 0.002597 -0.007028 0.003383 -0.002802 -0.004529 0.0006286
1341845957.353642 -0.002625 -0.003595 -0.003728 -0.0009003 -0.0007396 0.0007179
1341845957.385918 -0.003626 -0.003198 -0.003524 -0.003469 -0.004669 0.003875
1341845957.421801 0.002931 -0.0002189 0.0006472 -0.005525 -0.005297 -0.002998
1341845957.453856 0.001484 -0.004487 -0.0003315 -0.009164 0.001842 -0.002915
1341845957.490017 -0.002202 -0.007002 -0.001456 -0.00885 0.0006129 0.00774
1341845957.521783 0.004037 -0.005044 0.002508 -0.004275 -0.003225 0.0105
1341845957.553863 0.004337 -0.001431 -0.0007064 -0.001618 0.003213 0.005973
1341845957.589817 -0.004934 -0.003937 -0.00683 -0.007344 0.007035 0.007481
1341845957.621927 0.001729 -0.006527 0.0009458 -0.007565 -0.002993 0.009801
1341845957.690210 0.0003598 -0.00502 -0.005259 -0.01169 0.005576 0.0004631
1341845957.721718 -0.003152 -0.009691 -0.0004849 -0.01398 -0.0002457 0.003308
1341845957.757797 0.002007 -0.007467 0.002991 -0.004585 -0.005133 0.003338
1341845957.790095 -0.001258 -0.002596 -0.003771 -0.004496 -7.16e-06 -0.003083
1341845957.821762 -0.005057 -0.003543 -0.005272 -0.0161 0.003199 -0.009814
1341845957.858271 -0.0008745 -0.008495 0.001723 -0.01762 -0.0026 -0.005119
1341845957.890302 -0.001971 -0.006012 -0.001456 -0.01449 -0.002044 -0.006372
1341845957.926548 -0.002913 -0.006896 -0.00157 -0.01772 -0.0006331 -0.008213
1341845957.963818 -0.00247 -0.007757 0.0003102 -0.0194 -0.002671 -0.004029
1341845957.996582 0.0004886 -0.01201 0.00454 -0.01252 -0.009082 0.005546
1341845958.028437 0.0011 -0.005699 -0.0002993 -0.006086 -0.006185 -0.002751
1341845958.064063 -0.005701 -0.005513 -0.006565 -0.01354 0.003371 -0.01055
1341845958.096285 -0.003092 -0.01328 0.00145 -0.01659 -0.006187 0.003224
1341845958.163750 0.002977 -0.01229 -0.002967 -0.01372 -0.007955 -0.01044
1341845958.225916 -0.001862 -0.01938 -0.00174 -0.02026 0.0004753 0.0003089
1341845958.257855 -0.0001776 -0.003009 -0.004023 -0.005862 0.002453 -0.004727
1341845958.293941 -0.001561 -0.00721 -0.001262 -0.01225 0.00622 -0.004594
1341845958.325982 -0.004644 -0.007741 -0.002952 -0.009456 5.937e-05 -0.0001166
1341845958.357886 0.001542 -0.004904 0.0004946 -0.00903 -0.003803 -0.003884
1341845958.393794 -0.0008729 -0.003746 -0.002158 -0.01418 0.004771 -0.01474
1341845958.425833 -0.0007131 -0.008682 0.002219 -0.01628 0.003562 -0.006628
1341845958.461910 0.002556 -0.009614 0.005745 -0.007678 -0.006568 0.001578
1341845958.493906 -0.000324 -0.002803 -0.002574 -0.007362 0.0006341 -0.01357
1341845958.525948 0.001062 -0.006693 0.001574 -0.01483 0.007585 -0.01248
1341845958.561735 0.004677 -0.01357 0.01026 -0.008531 -0.0025 0.007378
1341845958.593854 0.003731 -0.01107 0.006481 0.006001 -0.005069 0.01062
1341845958.625936 -0.002431 0.0008638 -0.008781 0.000209 0.0059 -0.01228
1341845958.661751 0.001315 -0.01404 0.006051 -0.01496 0.003922 -0.0003313
1341845958.693866 0.004681 -0.01493 0.00903 0.001106 -0.004962 0.00672
1341845958.729747 -0.0008365 -0.004413 -0.002317 0.005606 0.002198 -0.003477
1341845958.761798 -0.004077 -0.004823 -0.005104 -0.00463 0.003473 -0.01547
1341845958.793976 -0.0008287 -0.006653 0.0005617 -0.01068 0.0005267 -0.0126
1341845958.836099 0.004528 -0.01137 0.009028 -0.006403 -0.005018 0.004371
1341845958.872548 -0.001542 -0.003365 -0.001654 0.002291 -0.0005736 -0.00365
1341845958.905812 -0.001901 -0.003492 -0.001018 -0.007907 0.00439 -0.008289
1341845958.936045 0.001034 -0.009161 0.004713 -0.008327 0.00103 0.003019
1341845958.967857 0.002038 -0.009865 0.006091 0.0003371 -0.002014 0.01036
1341845959.003881 -0.002545 -0.002651 -0.003552 0.003469 0.002052 0.0001607
1341845959.035807 -0.0001458 -0.006951 0.0007412 -0.003717 0.002058 -0.002209
1341845959.067708 -0.000349 -0.01289 0.003206 8.321e-05 -0.003944 0.006065
1341845959.103767 3.552e-05 -0.003211 -0.0006216 0.006496 -0.004337 -0.0002267
1341845959.135750 -0.002592 -0.0004466 -0.005875 -0.004289 0.003611 -0.01426
1341845959.172042 0.001622 -0.009904 0.002671 -0.01278 0.001043 -0.001551
1341845959.203734 0.0031 -0.01149 0.005145 -0.003969 -0.0062 0.01029
1341845959.235702 0.005129 -0.001784 0.003559 0.002972 -0.001735 0.005312
1341845959.271710 0.0006736 -0.004032 -0.002538 -0.003589 0.009285 -0.002999
1341845959.303719 -0.004064 -0.009215 -0.004759 -0.005901 0.00219 0.006792
1341845959.339991 0.0003977 -0.002601 -0.0009685 -0.003072 -0.005979 0.005241
1341845959.371830 0.00319 0.0005799 0.001534 -0.01282 0.005048 -0.01603
1341845959.403707 -0.001404 -0.008088 -0.001955 -0.01846 0.007713 -0.007301
1341845959.440061 0.001188 -0.009191 0.003549 -0.01241 -0.006231 0.005768
1341845959.471779 0.00469 -0.003376 0.005496 -0.005315 -0.005495 -0.002
1341845959.507756 0.0009024 -0.001526 -0.001257 -0.007321 0.00349 -0.01108
1341845959.539837 0.0006256 -0.007398 0.00199 -0.01097 0.000447 -0.000532
1341845959.571785 0.005036 -0.006702 0.00693 -0.004889 -0.003357 0.002121
1341845959.607783 -0.001669 0.0004497 -0.005987 -0.003917 0.004779 -0.008591
1341845959.639762 0.0005425 -0.006499 0.0007033 -0.01072 0.002113 -0.0008888
1341845959.671901 0.002015 -0.006532 0.002546 -0.006752 -0.002074 0.003677
1341845959.707824 0.0009557 -0.002949 -0.001059 -0.006021 0.0005848 -0.003512
1341845959.740041 0.00176 -0.006508 0.001314 -0.008754 0.002174 -0.003959
1341845959.776084 -0.001242 -0.004647 -0.002706 -0.00875 0.001931 -0.00678
1341845959.807848 -8.949e-05 -0.007724 0.0006226 -0.01162 0.0003996 -0.007621
1341845959.839796 0.002577 -0.009502 0.005411 -0.009294 -0.002267 -0.003661
1341845959.875965 0.0005282 -0.008231 0.002434 -0.002461 -0.003084 2.741e-05
1341845959.907911 5.68e-06 -0.004842 0.001219 -0.004246 -0.0002801 -0.004901
1341845959.939861 0.00122 -0.01026 0.004475 -0.004533 -0.0005192 -0.005385
1341845959.975710 0.001784 -0.009672 0.005048 0.0003528 -0.002846 -0.0004463
1341845960.007688 -0.0001611 -0.007726 0.001425 0.004868 -0.001828 0.003012
1341845960.039963 -0.002718 -0.002922 -0.005588 0.001455 0.001201 -0.008524
1341845960.075794 -0.002526 -0.007507 -0.001201 -0.006455 -0.001322 -0.00443
1341845960.107770 0.004471 -0.01023 0.009728 -0.00383 -0.006278 0.002052
1341845960.144033 0.0003067 -0.005942 -0.000173 0.002614 -5.917e-05 -0.001977
1341845960.175727 -0.00617 -0.002443 -0.009018 -0.003485 0.003252 -0.004531
1341845960.207727 0.003052 -0.01306 0.008994 -0.005141 -0.003857 0.006927
1341845960.243768 -0.000954 -0.004139 -0.004369 0.006539 -0.0006486 0.001257
1341845960.275774 -0.006111 -0.001142 -0.01086 -0.003112 0.001224 -0.006917
1341845960.307922 0.005086 -0.009206 0.009908 -0.007991 -0.005111 0.001755
1341845960.343783 0.002398 -0.00653 0.002962 0.003682 -0.00204 0.002328
1341845960.375748 -0.006671 6.791e-05 -0.01116 0.0008011 0.003227 -0.004068
1341845960.407669 -0.001809 -0.00514 0.0002643 -0.007103 -0.003368 -0.002792
1341845960.443816 0.002295 -0.003827 0.002932 -0.003743 -0.00283 -0.002391
1341845960.475859 -0.001615 -0.003688 -0.002301 -0.003314 0.0001215 0.0007084
1341845960.507864 -0.005371 -0.001686 -0.007884 -0.003466 -0.00117 0.0009466
1341845960.543808 0.001161 -0.001909 0.003595 -0.0071 -0.002348 -0.0001957
1341845960.575920 0.002303 -0.003968 0.005829 -0.003468 0.005062 -0.0001129
1341845960.611822 -0.006297 -0.002494 -0.005224 -0.0019 0.008566 0.001308
1341845960.675868 -0.00688 -0.0007029 -0.002625 -0.007388 0.009186 -0.001736
1341845960.738006 -0.0001802 -0.005346 0.001532 0.007028 0.002255 0.01501
1341845960.773767 0.004599 0.00165 0.003572 0.001452 -0.0006167 -0.002305
1341845960.805854 0.003054 -0.0005564 0.0009334 0.002189 3.936e-05 -0.003407
1341845960.837918 0.005074 0.0008557 0.003164 0.001957 -0.004103 0.003375
1341845960.873825 0.002673 0.001405 0.001086 0.004349 -0.003333 0.0007857
1341845960.905884 -0.003759 0.005661 -0.007409 -3.265e-05 -0.0007838 -0.006019
1341845960.941780 0.006632 -0.0001744 0.00906 -0.005736 -0.006897 0.002964
1341845960.973838 0.004703 0.001759 0.006081 0.004062 -0.001017 0.0011
1341845961.006150 -0.008953 0.01019 -0.01541 0.00319 0.00537 -0.005664
1341845961.041828 -0.001963 0.004595 -0.00181 -0.007329 -0.00239 0.001118
1341845961.073796 0.001471 0.001705 0.0004395 -0.004546 -0.0001766 -0.001249
1341845961.110987 -0.003282 0.004792 -0.006928 -0.00385 0.004261 -0.0002046
1341845961.141834 -0.003217 0.00321 -0.004217 -0.004426 0.001293 0.007654
1341845961.173863 -0.002048 0.005165 -0.00388 -0.001826 0.002499 0.002534
1341845961.209891 -0.009631 0.00763 -0.01343 -0.005531 0.006612 -0.004083
1341845961.242098 -0.004091 0.003351 -0.00219 -0.009803 0.001579 0.001753
1341845961.273933 -0.0001035 -0.0002233 0.002298 -0.001558 0.0009797 0.006855
1341845961.310022 -0.005764 0.008214 -0.008632 0.006355 0.00392 0.003579
1341845961.341758 -0.001973 0.005869 -0.0009269 0.00424 0.001271 0.003486
1341845961.378106 -0.001272 0.00352 0.0009987 0.01297 0.0004861 0.004098
1341845961.409796 -0.003541 0.01123 -0.006284 0.01816 0.004198 -8.573e-05
1341845961.441821 -0.0009063 0.006111 0.0001905 0.0155 0.001912 0.001783
1341845961.477824 -0.003951 0.009452 -0.007972 0.02011 0.00191 0.002623
1341845961.509791 -0.002731 0.01377 -0.008844 0.01463 0.00302 -0.006018
1341845961.541896 -8e-06 0.01014 -0.003675 0.01178 0.00427 -0.006789
1341845961.577897 -0.003098 0.01583 -0.009471 0.01136 0.002615 -0.006243
1341845961.609802 0.007888 0.00922 0.01031 0.00952 -0.0009095 0.001147
1341845961.645986 0.0001643 0.01169 -0.004645 0.01801 0.004616 0.001567
1341845961.677834 -0.007836 0.02254 -0.01989 0.01482 0.004317 -0.00525
1341845961.709764 0.009482 0.01144 0.01253 0.00583 -0.003602 0.001583
1341845961.745888 0.003012 0.01075 0.0004382 0.01389 0.0008663 0.000888
1341845961.778055 -0.0008432 0.01783 -0.008662 0.01232 0.0005164 -0.004342
1341845961.809850 0.005207 0.01266 0.004336 0.007605 -0.00377 0.00135
1341845961.845697 0.003791 0.0123 -0.001191 0.009371 -0.002059 -0.003757
1341845961.877872 0.006164 0.01426 0.001787 0.007593 -0.001041 -0.005167
1341845961.913718 0.007357 0.00928 0.006149 0.009885 -0.004613 0.006227
1341845961.945896 0.006154 0.0149 -0.001588 0.01386 -0.000579 0.0007442
1341845961.977939 0.003657 0.018 -0.006336 0.009678 0.006791 -0.006608
1341845962.013984 -0.001343 0.01136 -0.001623 0.005425 0.002162 0.002559
1341845962.046683 0.007052 0.01484 0.002762 0.008197 -0.003899 0.00547
1341845962.078169 0.004841 0.01662 -0.0004819 0.008864 0.002102 0.001083
1341845962.114007 -0.000947 0.0203 -0.007318 0.006232 -0.0006297 -0.001214
1341845962.145797 0.00841 0.01583 0.004674 -0.0001037 -0.005354 -0.001026
1341845962.182026 0.006546 0.01209 0.003537 0.004515 -0.001918 0.003735
1341845962.214096 0.006233 0.0159 0.001208 0.007805 -0.003118 0.005669
1341845962.245784 0.007804 0.01291 0.004137 0.008139 -0.00312 0.004857
1341845962.281938 0.005017 0.01773 -0.002239 0.01014 -0.002806 0.001476
1341845962.313944 0.007592 0.01567 0.003797 0.007166 -0.005076 0.00602
1341845962.349929 0.008608 0.01069 0.004006 0.009713 -0.007049 0.007807
1341845962.381891 0.01342 0.0296 -0.008578 0.01313 -0.005092 -0.003484
1341845962.413742 0.01031 0.01535 0.004684 0.0005149 0.0007289 -0.0002043
1341845962.449828 0.01245 0.01341 0.002685 0.006565 -0.0002746 0.0048
1341845962.487817 0.008109 0.01519 0.0005292 0.008708 0.002357 0.005745
1341845962.549874 0.01882 0.03039 -0.0008422 0.0186 -0.007665 0.006529
1341845962.581942 0.008461 0.01796 -0.003785 0.004848 -0.005243 -0.003369
1341845962.617866 0.01126 0.01247 0.001271 0.0006639 -0.007885 0.0003387
1341845962.649869 0.009852 0.0117 0.0008611 0.0007621 -0.005768 0.0009927
1341845962.682115 0.01005 0.009013 0.002801 0.004414 -0.004174 0.004542
1341845962.717940 0.006143 0.01549 -0.003116 0.005623 -0.002878 0.005223
1341845962.749929 0.009543 0.008442 0.004803 0.0033 -0.003893 0.01057
1341845962.781986 0.006718 0.012 0.000381 0.005947 -0.0009206 0.003565
1341845962.817763 0.002616 0.008793 0.002075 0.004457 -0.002492 0.005142
1341845962.849755 0.005338 0.01026 -0.001306 0.004039 -0.006664 0.003612
1341845962.885818 0.009664 0.006935 0.004101 0.002086 -0.003249 -0.001423
1341845962.918631 0.004558 0.005454 0.002291 0.0047 0.0008493 0.0007742
1341845962.964414 0.002722 0.001695 0.002102 0.009963 -0.005792 0.008122
1341845963.017793 0.01791 0.01088 0.000905 0.02848 -0.008911 -0.0002925
1341845963.085942 0.001708 0.004823 0.001898 0.02565 -0.003669 0.009999
1341845963.117888 0.004561 0.01144 -0.001536 0.01808 -0.005028 0.0004102
1341845963.154202 0.0004062 0.009901 -0.002448 0.008145 -0.0005568 -0.00214
1341845963.185770 0.001655 0.002801 0.0009771 0.006083 -0.00535 0.004743
1341845963.217782 0.004423 0.00531 1.769e-05 0.008426 -0.006275 0.006505
1341845963.253885 0.003028 0.005774 -0.001997 0.008351 -0.003216 0.001802
1341845963.285844 -0.0009249 0.007854 -0.004284 0.005917 -0.001446 0.002464
1341845963.321913 0.0007689 -0.0001449 0.003155 0.004965 -0.006626 0.009431
1341845963.353695 0.006505 -0.001436 0.003993 0.01439 -0.008351 0.005257
1341845963.385792 -0.001006 0.0108 -0.007055 0.01824 -0.001585 -0.00322
1341845963.421875 -0.00489 0.003197 -0.005672 0.008447 -0.004617 0.0001431
1341845963.453923 -0.0001987 0.00247 -0.003947 0.01109 -0.01073 -0.001222
1341845963.485900 -0.004568 0.008324 -0.01469 0.007735 -0.009352 -0.009787
1341845963.521709 -0.00401 0.004382 -0.006301 -0.002554 -0.01528 -0.00478
1341845963.553742 0.00272 -0.0002235 -0.003005 -0.002489 -0.02218 -0.001999
1341845963.589977 0.002973 0.002792 -0.006723 -0.0009363 -0.02165 -0.001253
1341845963.621850 0.006685 -0.0002948 0.0008209 -0.002714 -0.0237 0.002671
1341845963.654421 0.008571 -0.002412 -0.003369 0.001743 -0.02159 0.001948
1341845963.690029 0.008562 0.003459 -0.007371 0.002871 -0.01557 -0.004376
1341845963.721864 0.007158 -0.0004634 -0.002097 -0.0001598 -0.01514 -0.001961
1341845963.753762 0.009594 -0.00417 0.00353 0.003795 -0.01662 -0.0002644
1341845963.790051 0.00893 -0.0001292 -0.002832 0.01148 -0.01293 -0.002754
1341845963.821840 0.007346 0.002339 -0.005576 0.008289 -0.01022 -0.001306
1341845963.857878 0.007987 -0.0001549 -0.002329 0.005639 -0.01134 -0.0002345
1341845963.891494 0.008676 0.001388 -0.003958 0.005567 -0.009138 -0.002382
1341845963.922038 0.006347 -0.001615 -0.0009201 0.00262 -0.007976 0.003202
1341845963.957711 0.007091 -0.002755 3.242e-05 0.007776 -0.01195 0.007384
1341845963.989918 0.008074 0.00407 -0.005993 0.005603 -0.009534 -0.002199
1341845964.021882 0.005563 0.002755 -0.004735 -0.006693 -0.008461 -0.007756
1341845964.057871 0.007613 -0.007634 0.009658 -0.007061 -0.0125 -0.001489
1341845964.089943 0.003807 -0.006764 0.002299 0.006376 -0.01382 0.002112
1341845964.125808 0.004403 0.01034 -0.0143 0.007381 -0.01512 -0.003971
1341845964.157672 0.008485 -0.000827 0.0002713 -0.01418 -0.0147 -0.00393
1341845964.189845 0.006036 -0.007435 0.009936 -0.005856 -0.0136 0.0005274
1341845964.225746 0.007396 0.0001907 -0.005546 0.003822 -0.01793 0.0004888
1341845964.257798 0.007471 0.0003214 -0.002632 -0.003437 -0.01173 -0.001323
1341845964.290067 0.008856 -0.004858 0.005755 -0.002258 -0.008905 -0.004736
1341845964.325751 0.005218 -0.0009353 -0.004967 0.003655 -0.004033 -0.004564
1341845964.357836 0.004339 0.002136 -0.003045 -0.001856 -0.01034 -0.002062
1341845964.399837 0.007246 -0.001712 0.003029 -0.003385 -0.01206 -0.005232
1341845964.458009 0.006356 -0.001457 0.002212 0.003326 -0.01761 -0.00456
1341845964.493690 0.006904 0.003448 -0.0009324 0.001648 -0.0143 -0.0008944
1341845964.525868 0.004807 0.00395 -0.001201 -0.005083 -0.008359 -0.01038
1341845964.561820 0.001459 -0.0009212 0.01408 -0.007204 -0.012 -0.006846
1341845964.593698 0.005732 -0.002246 0.01414 0.002148 -0.01559 0.002253
1341845964.625703 0.01042 0.00203 0.002277 0.007398 -0.01103 0.000902
1341845964.661788 0.005851 0.005636 -0.002209 0.0008321 -0.005845 -0.002766
1341845964.693836 0.004621 -0.0008024 0.007259 -0.005196 -0.0152 -0.0006655
1341845964.725966 0.01157 0.0002542 -0.001988 -0.001747 -0.01782 -0.0006117
1341845964.761841 0.00936 0.002126 -0.005612 -0.005203 -0.01093 -0.003964
1341845964.793975 0.006275 -0.002395 0.004946 -0.007547 -0.01272 -0.002737
1341845964.829971 0.009581 -0.0006749 -0.0003673 0.0001928 -0.01471 0.0002737
1341845964.861928 0.01061 -0.0008168 -0.0001941 -0.0005683 -0.007035 0.002323
1341845964.893679 0.00867 -0.001013 0.001017 0.00437 -0.001364 -4.106e-05
1341845964.929863 0.006483 0.003507 -0.008701 0.003495 -0.0006873 -0.00175
1341845964.961832 0.008106 0.0001966 0.002673 -0.001376 -0.007564 -0.0002873
1341845965.029810 0.01483 0.006404 -0.007484 -0.002273 -0.006446 -0.006865
1341845965.061873 0.005612 -0.0006556 0.007113 -0.008951 -0.01063 -0.001943
1341845965.097818 0.007642 -0.0003086 0.002247 -0.001534 -0.00939 0.001449
1341845965.130110 0.00626 0.001728 -0.002204 -0.0009489 -0.0067 0.001999
1341845965.162645 0.005833 0.001921 0.00515 -0.001289 -0.01143 0.00224
1341845965.198514 0.008003 0.0004324 0.00302 0.00115 -0.01446 0.0006096
1341845965.230304 0.009573 0.0008126 -8.186e-05 0.00253 -0.01128 -0.001637
1341845965.298444 0.01323 0.0006832 -0.0009059 0.00345 -0.02729 -0.002383
1341845965.331043 0.01061 -0.0001479 0.001025 0.0005062 -0.0151 -0.006103
1341845965.366018 0.005807 -0.0007609 0.0002904 0.002233 -0.0124 -0.004723
1341845965.398649 0.008175 0.001363 -0.003714 0.002645 -0.01723 -0.001879
1341845965.431881 0.01129 0.0009193 -0.0004522 -0.0007487 -0.01819 -0.003684
1341845965.466122 0.01002 -0.001781 0.004843 0.001013 -0.01297 -0.005089
1341845965.498735 0.007045 -0.000552 -0.0004476 0.00474 -0.01217 -0.003687
1341845965.538924 0.01135 -0.001206 0.0003967 0.004383 -0.01503 -0.005231
1341845965.574497 0.01074 -0.0001811 -0.002018 0.00577 -0.01005 -0.0105
1341845965.604085 0.00695 0.0009262 -0.001316 0.002412 -0.009167 -0.01095
1341845965.640215 0.006856 -0.0005716 0.002703 0.001085 -0.01458 -0.006559
1341845965.671775 0.01161 -0.0001143 -0.004471 0.001074 -0.01412 -0.006642
1341845965.703769 0.007079 -0.0008543 0.001926 -0.002335 -0.01055 -0.008185
1341845965.739932 0.007412 -0.001761 0.003903 -0.000173 -0.01159 -0.00445
1341845965.771986 0.006618 -0.001349 0.002486 0.002044 -0.0108 -0.0001777
1341845965.803746 0.01031 -0.001175 -0.001851 0.002078 -0.008909 0.001228
1341845965.840020 0.01015 0.0002457 -0.004506 -0.0003903 -0.003969 -0.003434
1341845965.871716 0.002578 -0.002429 0.005075 -0.001709 -0.001112 -0.002067
1341845965.907848 0.004828 -0.002561 0.002705 0.002767 -0.005145 0.002438
1341845965.939897 0.01248 0.0009642 -0.005795 0.001881 -0.002671 -0.001263
1341845965.971777 0.002895 -0.0006803 0.001034 -0.001732 0.004008 -0.004331
1341845966.007712 0.0001209 -0.002471 0.004937 -0.0008252 -0.001288 0.0004319
1341845966.039925 0.008263 -0.002826 0.003325 0.004788 -0.001829 0.002747
1341845966.071842 0.00749 0.0007702 -0.005359 0.004896 0.006283 -1.132e-05
1341845966.107724 -0.001838 -0.0007225 0.001951 0.001911 0.006145 -0.0003399
1341845966.139710 0.00338 -0.0004897 -0.001351 0.001595 -0.0004059 0.001603
1341845966.171793 0.004485 -0.001846 0.004712 0.001026 0.004919 0.00135
1341845966.207829 -0.002442 -0.0003733 0.0002816 0.003875 0.009974 0.002475
1341845966.239904 -0.0006181 0.0006146 -0.002008 0.001397 0.003489 0.002591
1341845966.275869 0.001794 -0.003589 0.007832 0.001474 0.006699 -8.162e-05
1341845966.307882 -0.004645 -0.0007758 0.0004937 0.007783 0.01361 -0.001561
1341845966.339897 -0.004963 -0.0006535 -0.002383 0.004319 0.008804 0.0002116
1341845966.375773 0.005678 -0.002315 0.0009925 0.003525 0.009637 -0.00487
1341845966.408401 -0.006016 0.0005282 0.004092 0.006488 0.02377 -0.00399
1341845966.470009 -0.01809 0.0006259 -0.003619 0.006461 0.01713 0.01315
1341845966.502100 -0.006143 0.002032 -0.001556 -0.00347 0.01274 -0.003161
1341845966.537769 -0.01471 -5.601e-05 0.008166 -0.002938 0.009646 0.002542
1341845966.570051 -0.007746 0.0003205 0.0007834 0.0007979 0.001244 0.006963
1341845966.605694 -0.003958 0.002103 -0.004243 -0.001673 0.01145 0.00295
1341845966.637893 -0.01468 0.000121 0.004642 -0.003279 0.01779 0.003502
1341845966.669930 -0.01276 0.0005966 0.006546 0.0009838 0.006835 0.01204
1341845966.705984 -0.006049 0.000178 -0.002266 0.001536 0.008013 0.01083
1341845966.737793 -0.01052 0.0009789 -0.00075 -0.0004653 0.01799 0.005991
1341845966.773893 -0.01448 -0.0008814 0.004585 -0.001149 0.01145 0.008126
1341845966.806068 -0.006496 -0.002369 0.00523 0.001361 0.007332 0.01092
1341845966.837941 -0.007376 -0.001433 0.001034 0.002444 0.01868 0.006456
1341845966.873813 -0.01352 -0.002723 0.005334 0.005057 0.01904 0.007843
1341845966.905683 -0.0083 0.001302 -0.002261 0.005611 0.01117 0.009535
1341845966.937810 -0.005045 0.0004461 0.0007064 0.0008429 0.01566 0.006135
1341845966.973800 -0.01096 9.005e-05 -0.0008452 -0.001072 0.01842 0.002218
1341845967.005805 -0.00838 -0.0007589 0.002106 -0.001644 0.01035 0.003731
1341845967.042225 -0.003401 -0.002953 0.005844 -2.456e-05 0.0125 0.001592
1341845967.073828 -0.007677 -0.001041 0.0007982 0.004765 0.0194 -0.002316
1341845967.105887 -0.009156 0.0003539 -0.002497 0.003434 0.01366 0.0007004
1341845967.141740 -0.002508 -0.0008949 0.001007 0.001193 0.01192 0.002682
1341845967.173814 -0.005104 -0.002767 0.003961 0.002529 0.02051 0.001383
1341845967.205958 -0.009631 -0.0005657 -8.855e-05 0.006119 0.01826 0.003128
1341845967.241684 -0.005245 -0.0004782 -0.001665 0.004106 0.01039 0.006429
1341845967.273869 -0.004573 0.000244 -0.002511 0.002772 0.01609 0.0005185
1341845967.310009 -0.008659 0.0001906 -0.003515 -9.098e-05 0.0158 -0.001375
1341845967.341721 -0.00592 -0.002782 0.002956 -0.001785 0.00948 0.003333
1341845967.373873 -0.004631 -0.002821 0.0008306 0.002973 0.01156 0.002718
1341845967.409855 -0.007483 -5.437e-05 -0.004145 0.003858 0.01407 0.0007436
1341845967.441891 -0.009032 -0.00245 -0.0004194 0.001986 0.008859 0.007336
1341845967.473782 -0.007616 -0.001086 -0.003189 0.003542 0.003971 0.005055
1341845967.509844 -0.006207 -0.0006758 -0.002996 0.0009462 0.007764 -0.002252
1341845967.541835 -0.01073 -0.002814 -0.0009578 -0.001021 0.008956 0.001217
1341845967.583843 -0.0107 -0.002076 -0.001587 0.002616 -2.323e-05 0.006962
1341845967.641865 -0.01484 -0.006123 0.0005075 0.003874 0.009215 0.01102
1341845967.677848 -0.01017 -0.002512 -0.001832 0.01471 0.003864 0.01525
1341845967.709875 -0.008132 0.002107 -0.007601 0.01099 0.000461 0.008342
1341845967.745878 -0.00723 0.001042 -0.005796 -0.0007486 0.005384 -0.004353
1341845967.778746 -0.01006 -0.002096 0.001318 -0.004347 0.00709 -0.002933
1341845967.809778 -0.008132 -0.003402 0.003448 0.003186 0.0007051 0.005517
1341845967.845933 -0.005541 0.0002839 -0.003408 0.005601 0.006767 -0.0008597
1341845967.878439 -0.008166 -0.0001782 -0.0007443 0.002355 0.01187 -0.002018
1341845967.910100 -0.009994 0.0004915 -0.00119 0.005161 0.005562 0.009567
1341845967.945831 -0.005542 -0.0004807 -0.001208 0.003386 0.003952 0.006866
1341845967.977896 -0.008376 0.0005407 -0.004377 -0.0004973 0.01356 -0.001121
1341845968.013873 -0.009752 0.0009059 -0.00242 -0.003564 0.01035 0.002807
1341845968.046014 -0.006992 -0.00138 0.002398 -0.003811 0.007473 0.006403
1341845968.077840 -0.00663 -0.001683 0.002964 0.0004405 0.009841 0.001809
1341845968.113779 -0.007162 -0.0002575 0.0007739 0.003012 0.01242 0.003143
1341845968.146343 -0.007825 -0.001739 0.002365 0.004337 0.01173 0.01109
1341845968.178020 -0.00675 -0.002704 0.001417 0.008152 0.01255 0.007695
1341845968.213838 -0.009417 0.001192 -0.005469 0.006255 0.01674 0.003013
1341845968.245986 -0.01018 -0.001093 -0.0007289 0.0001318 0.01524 0.00702
1341845968.281755 -0.01001 -0.002134 0.001772 0.0008232 0.01288 0.007963
1341845968.313859 -0.01054 0.0001317 -0.002202 0.001233 0.01238 0.005486
1341845968.381845 -0.01857 -0.002167 0.007926 -0.01611 0.03033 0.01003
1341845968.413829 -0.009083 -0.004211 0.007747 0.0005944 0.01632 0.01133
1341845968.445783 -0.01343 -0.001171 -0.00314 0.002697 0.0158 0.01246
1341845968.481950 -0.01054 0.002475 -0.001868 -0.003797 0.01562 0.001882
1341845968.513880 -0.009002 -0.001909 0.005156 -0.009841 0.02034 0.00158
1341845968.549874 -0.008298 -0.007948 0.01062 -0.00382 0.01305 0.01654
1341845968.581797 -0.01124 -0.00093 0.00111 0.009341 0.01013 0.01586
1341845968.613836 -0.01344 0.005159 -0.006332 0.001836 0.01587 -5.117e-05
1341845968.649866 -0.01288 -0.002859 0.004573 -0.01001 0.01427 0.003007
1341845968.681800 -0.01056 -0.00652 0.009831 -0.0007596 0.001608 0.01037
1341845968.713888 -0.01243 0.001501 -0.002425 0.005824 0.004314 0.002038
1341845968.749871 -0.01528 0.0005867 -0.001795 -0.002708 0.008054 -0.002751
1341845968.781921 -0.009819 -0.0049 0.008036 -0.003891 0.0007619 0.002367
1341845968.817754 -0.01112 -0.002117 0.003344 0.006209 -0.0002407 0.007886
1341845968.850259 -0.01403 0.002922 -0.00527 0.004479 0.005022 -0.0002024
1341845968.881826 -0.01292 -0.001889 0.001216 -0.005906 0.004488 0.0004719
1341845968.917722 -0.008815 -0.004083 0.007495 -0.0006043 -0.0006883 0.00545
1341845968.949889 -0.01182 -0.001337 -0.00133 0.005372 0.003107 0.003509
1341845968.985958 -0.01381 0.0005349 -0.004834 0.0009931 0.005191 0.0008332
1341845969.017732 -0.01063 -0.002593 0.002163 -0.001846 0.002031 0.004976
1341845969.049916 -0.009392 -0.001896 0.002368 0.003772 0.002049 0.005876
1341845969.085845 -0.01339 -0.001757 -0.005246 0.004756 0.006078 0.006463
1341845969.117802 -0.01489 -0.000254 -0.006749 0.0004106 0.003512 0.004392
1341845969.149856 -0.01189 -0.0009077 -0.001875 -0.004349 0.0009132 0.002476
1341845969.185864 -0.01148 -0.003392 -0.0006836 -0.002501 0.002641 0.001118
1341845969.217819 -0.01408 -0.001675 -0.005495 -0.00108 0.001483 0.00429
1341845969.254025 -0.01359 -0.0007428 -0.005501 -0.003766 -0.0007073 0.003607
1341845969.317925 -0.02354 -0.005069 -0.004564 -0.006942 0.002905 0.008174
1341845969.353755 -0.00967 -0.002709 -3.038e-06 0.004292 0.002546 0.0118
1341845969.386150 -0.01001 0.0009042 -0.005724 0.007538 0.008188 0.009067
1341845969.417886 -0.01138 0.00129 -0.005825 0.0005477 0.00863 0.00895
1341845969.453876 -0.01004 0.000588 -0.0009775 -0.002188 0.001688 0.009405
1341845969.485873 -0.006956 0.0008709 -0.001756 -0.001658 0.001459 0.006002
1341845969.521785 -0.004341 0.001078 0.0002035 -0.002753 0.009353 -0.001442
1341845969.553864 -0.007278 -0.002148 0.005393 -0.0004879 0.01023 0.003411
1341845969.585920 -0.006475 -0.001276 0.001848 0.006972 0.003881 0.006572
1341845969.621808 -0.007438 0.002777 -0.007377 0.003343 0.006539 -0.005463
1341845969.653912 -0.00817 0.001624 -0.003206 -0.009566 0.009917 -0.01228
1341845969.685996 -0.007306 -0.001924 0.007005 -0.009202 0.001966 -0.00279
1341845969.721838 -0.004941 -0.002792 0.004583 0.001133 0.002085 -0.001458
1341845969.753718 -0.008393 0.000334 -0.004329 0.00324 0.009767 -0.0003451
1341845969.789954 -0.008774 -0.001262 0.001953 -0.0004958 0.006286 0.005339
1341845969.821781 -0.007925 -0.003253 0.003339 0.003297 0.004926 0.00572
1341845969.853649 -0.008409 -0.0008121 -0.002642 0.005481 0.008858 0.001691
1341845969.889965 -0.01017 -0.0003193 -0.003278 -1e-05 0.01289 0.001123
1341845969.922004 -0.008794 -0.001359 0.004048 -0.001015 0.01009 0.001221
1341845969.957892 -0.007371 0.000196 0.001513 0.001815 0.01472 0.0005828
1341845969.989937 -0.009212 -0.001036 0.0004104 -0.0001749 0.01762 0.0002642
1341845970.021841 -0.009813 -0.001249 0.005105 0.001235 0.009918 0.006606
1341845970.057886 -0.009915 0.000413 -0.001407 0.002274 0.009742 0.003826
1341845970.089962 -0.01203 0.000662 -0.002845 -0.005261 0.01643 0.0003496
1341845970.121869 -0.01173 -0.001885 0.007574 -0.007657 0.01199 0.005365
1341845970.158120 -0.0115 -0.001935 0.008271 -0.0009485 0.007625 0.008072
1341845970.189970 -0.01292 -0.002195 0.001413 0.003086 0.01064 0.006682
1341845970.225844 -0.01405 -0.001267 -0.001354 -8.533e-05 0.009719 0.008359
1341845970.258244 -0.01165 -0.0009928 0.00119 -0.002879 0.01224 0.00778
1341845970.289882 -0.01039 -0.002813 0.01008 -0.0009842 0.01566 0.0015
1341845970.325836 -0.01051 -0.003423 0.007913 0.006625 0.00842 0.01039
1341845970.357771 -0.0087 -0.0007364 -0.002959 0.007248 0.006574 0.01308
1341845970.400198 -0.006462 -0.0009195 0.0008171 0.003269 0.02178 0.001013
1341845970.432233 -0.009809 -0.003647 0.008268 0.004166 0.024 -0.0007179
1341845970.464489 -0.009737 -0.0025 -0.000247 0.005879 0.007353 0.01154
1341845970.500675 -0.007053 0.002959 -0.00743 -0.001097 0.01061 0.002997
1341845970.532407 -0.01034 -0.001128 -0.002479 -0.01879 0.0221 -0.01346
1341845970.567803 -0.009043 -0.00454 0.0087 -0.01406 0.004592 -0.002963
1341845970.600041 -0.00784 0.001241 -0.003652 -0.005459 0.002109 -0.001015
1341845970.631820 -0.007212 -0.0003559 0.002311 -0.0132 0.01353 -0.01244
1341845970.667826 -0.006654 -0.004768 0.01149 -0.003434 0.005656 -0.002291
1341845970.699966 -0.007965 -0.0006086 -0.004676 0.007419 0.002809 0.007417
1341845970.735804 -0.009852 0.002236 -0.009375 -0.003405 0.0101 -0.001134
1341845970.767731 -0.007647 -0.001262 0.002919 -0.01125 0.01046 -0.006104
1341845970.799873 -0.007087 -0.002254 0.004275 -0.001077 0.003402 0.004481
1341845970.835874 -0.006552 -7.713e-07 -0.001502 0.004849 0.006277 0.00413
1341845970.867820 -0.007863 -0.001696 0.000255 0.003726 0.007203 0.002574
1341845970.899906 -0.009885 -0.001058 -0.005623 0.003895 0.003361 0.006518
1341845970.935978 -0.009226 0.003787 -0.01031 -0.003821 0.009363 0.004578
1341845970.967783 -0.01017 -0.002297 0.002297 -0.01371 0.009358 -0.001196
1341845970.999794 -0.01006 -0.00205 -0.001061 -0.006388 -0.001519 0.005039
1341845971.035783 -0.007151 0.004554 -0.00713 -0.00566 0.005869 0.001253
1341845971.067826 -0.008586 -0.00254 0.007038 -0.008719 0.01127 -0.001665
1341845971.099725 -0.009311 -0.003651 0.000814 0.002841 0.002241 0.006622
1341845971.135748 -0.009511 0.001691 -0.00782 0.004163 0.005824 0.006349
1341845971.167793 -0.008157 -0.002271 0.003034 0.001144 0.00834 -0.003341
1341845971.203833 -0.009523 -0.004772 -0.0009057 0.008639 0.00582 0.003546
1341845971.235879 -0.009952 0.002602 -0.01128 0.005511 0.007593 0.001203
1341845971.267817 -0.008578 -0.0004284 0.001157 -0.00619 0.01469 -0.009283
1341845971.303920 -0.009452 -0.005629 0.007146 0.0005142 0.004899 0.002156
1341845971.335818 -0.0103 0.001488 -0.005827 0.008548 4.717e-05 0.01353
1341845971.367721 -0.008346 0.003489 -0.004583 -0.003057 0.01157 -0.002245
1341845971.403863 -0.008225 -0.004815 0.01379 -0.002936 0.007817 0.002148
1341845971.436064 -0.008877 -0.001091 -0.001023 0.01167 -0.0009277 0.01398
1341845971.467656 -0.008689 0.004107 -0.006998 0.002641 0.01287 0.001779
1341845971.503829 -0.007781 -0.004339 0.01222 -0.00242 0.009756 -0.002393
1341845971.535782 -0.01179 -0.002294 -0.003781 0.007801 -0.001671 0.01532
1341845971.567956 -0.009895 0.006075 -0.01055 -0.005037 0.00227 -0.006391
1341845971.603941 -0.005844 -0.003438 0.01325 -0.009838 0.00768 -0.01138
1341845971.636365 -0.01075 -0.006258 0.002445 0.009028 -0.002809 0.011
1341845971.671762 -0.008475 0.005647 -0.01454 0.001992 -0.001229 0.001019
1341845971.703863 -0.006677 -0.001932 0.007488 -0.0139 0.003799 -0.0135
1341845971.735710 -0.008627 -0.004172 0.007463 -0.0008695 -0.005996 0.001717
1341845971.771695 -0.008375 0.003317 -0.01411 -0.002964 -0.008868 -0.002276
1341845971.803762 -0.004806 0.001556 0.001505 -0.01517 0.0001193 -0.01601
1341845971.835834 -0.004999 -0.003907 0.014 -0.002163 -0.001221 -0.003029
1341845971.871793 -0.005001 0.002099 -0.008389 0.008404 -0.003019 0.005039
1341845971.903763 -0.003123 0.003251 -0.004573 -0.008796 0.003725 -0.008637
1341845971.939872 -0.003003 -0.002906 0.0117 -0.005975 0.0009464 -0.0006194
1341845971.971790 -0.001982 -0.0002653 -0.001274 0.007779 -0.001881 0.006103
1341845972.003888 -0.000512 0.004206 -0.00788 -8.389e-05 0.002085 -0.001207
1341845972.039793 0.0001771 -2.784e-05 0.004229 -0.007971 0.001704 -0.00236
1341845972.071849 0.0006395 -0.0006551 0.004677 -0.000167 -0.003281 0.002746
1341845972.107796 0.0028 0.004691 -0.008303 8.759e-05 -0.003612 0.000327
1341845972.139775 0.004245 0.002606 0.001096 -0.009752 0.0007682 -0.002864
1341845972.171696 0.004248 -0.002079 0.008644 -0.0009795 -0.001928 0.001157
1341845972.207893 0.005802 0.002275 -0.006221 0.00698 -0.004041 0.004427
1341845972.270076 0.01338 0.0039 -0.005583 -0.01592 -0.001947 -0.01647
1341845972.301845 0.006974 -0.000631 -3.925e-05 -0.001962 -0.005332 -0.004705
1341845972.334234 0.008819 0.002552 -0.009603 -0.003055 -0.004987 -0.007761
1341845972.369757 0.008648 0.00119 -0.003482 -0.01152 -0.003854 -0.008931
1341845972.401738 0.009865 -0.0002306 -0.0003019 -0.007899 -0.007154 -0.006289
1341845972.437788 0.01047 0.001365 -0.004635 -0.002364 -0.005778 -0.003604
1341845972.469777 0.009907 0.001925 -0.003348 -0.003995 -0.004182 -0.005497
1341845972.501817 0.008995 0.001201 -0.004022 -0.003134 -0.009114 -0.002682
1341845972.537909 0.01027 0.003665 -0.007697 -0.006324 -0.008887 -0.006927
1341845972.569894 0.009499 0.0005897 -0.00208 -0.01084 -0.008563 -0.009009
1341845972.601946 0.008339 0.000445 -0.002003 -0.006971 -0.01499 -0.002203
1341845972.637827 0.01134 0.002879 -0.006166 -0.005084 -0.01622 -0.00281
1341845972.669939 0.01044 0.004424 -0.006652 -0.009935 -0.01006 -0.006081
1341845972.705766 0.01036 0.001531 0.0001069 -0.01417 -0.01522 -0.003275
1341845972.737731 0.01327 0.001482 -0.0008998 -0.005743 -0.0156 0.0004971
1341845972.770011 0.01225 0.002029 -0.003601 -0.004269 -0.01171 -0.00497
1341845972.805697 0.01185 0.00137 -0.003201 -0.003808 -0.01064 -0.005859
1341845972.837902 0.01144 0.002589 -0.005852 -0.004045 -0.008502 -0.003725
1341845972.869858 0.01296 0.0001276 -0.00108 -0.005362 -0.005991 -0.008239
1341845972.905813 0.01056 0.0007994 -0.003256 1.01e-05 -0.00273 -0.003667
1341845972.937837 0.008456 0.001466 -0.004287 -0.001451 -0.005286 0.0001315
1341845973.006643 0.02314 0.0008826 -0.002919 -0.0006596 -0.003676 -0.001335
1341845973.037797 0.006188 -0.0005181 -0.00287 0.002805 -0.002961 0.003391
1341845973.073733 0.008717 0.003101 -0.005274 0.0008579 -0.006144 0.001059
1341845973.106021 0.008897 0.00153 -0.001043 -0.007409 -0.005481 -0.0007048
1341845973.137862 0.01023 -0.002 0.003209 -0.005935 -0.007697 -0.0003397
1341845973.173821 0.01033 0.0001635 -0.00102 -0.0001567 -0.007191 0.003192
1341845973.205866 0.008836 0.002641 -0.003254 -0.003679 -0.003701 -1.791e-05
1341845973.241913 0.007979 -0.001133 0.002457 -0.008274 -0.007339 -0.002225
1341845973.273972 0.01154 -0.0005603 0.001276 -0.001696 -0.008561 0.002341
1341845973.306456 0.009505 0.0005891 -0.0004767 -0.001628 -0.003061 0.0006441
1341845973.341851 0.008077 -4.673e-05 0.0002761 -0.004123 -0.005411 -0.003701
1341845973.373892 0.009625 0.001542 -0.001794 -0.005312 -0.007659 -0.003022
1341845973.409787 0.01174 -0.0002987 0.00292 -0.009566 -0.006364 -0.004876
1341845973.441766 0.01012 -0.003456 0.006272 -0.003683 -0.007257 -0.003206
1341845973.474155 0.009476 0.001582 -0.001571 0.002406 -0.01148 -0.001092
1341845973.509824 0.01136 0.002456 0.0008073 -0.007064 -0.01074 -0.004832
1341845973.541876 0.01136 -0.001447 0.005935 -0.009036 -0.0132 -0.006592
1341845973.573858 0.0122 3.633e-05 0.001608 -0.004899 -0.0138 -0.001897
1341845973.609706 0.01231 0.0007009 0.001491 -0.008464 -0.01194 -0.003501
1341845973.641832 0.01433 -0.003896 0.008218 -0.008485 -0.01002 -0.004015
1341845973.677783 0.01191 -0.004629 0.007309 0.002321 -0.01276 0.001788
1341845973.709911 0.01381 0.004185 -0.002111 0.003039 -0.01061 -0.001485
1341845973.741811 0.01237 -0.001582 0.006866 -0.006073 -0.00675 -0.005742
1341845973.777893 0.01157 -0.001874 0.006992 -0.001045 -0.01269 -0.00138
1341845973.810234 0.01336 -0.001482 0.004773 0.001601 -0.01445 0.002132
1341845973.841682 0.01148 0.003211 0.002115 -0.002224 -0.01192 -0.00886
1341845973.877808 0.01202 0.0003914 0.01092 -0.006577 -0.01444 -0.00271
1341845973.909935 0.01453 -0.004394 0.01193 -0.0001418 -0.01775 0.00118
1341845973.946008 0.01154 0.0006442 0.00391 0.005169 -0.01495 -0.007038
1341845973.977874 0.01044 0.00418 0.002369 0.001143 -0.01311 -0.007023
1341845974.009966 0.0129 0.0001417 0.007485 -0.004953 -0.0102 -0.005911
1341845974.045762 0.01073 -0.003042 0.01165 -0.0002232 -0.01038 -0.0003009
1341845974.077904 0.009609 0.00123 0.00807 0.007425 -0.01395 0.00819
1341845974.109840 0.01085 0.002072 0.005937 0.007256 -0.01241 0.009874
1341845974.145742 0.008012 0.005215 0.002535 0.003848 -0.008852 -0.0008917
1341845974.177833 0.007731 0.004728 0.005223 -0.00244 -0.01169 0.003233
1341845974.213769 0.008375 0.0001319 0.007217 -0.003834 -0.01555 0.003682
1341845974.245781 0.007674 0.004642 -0.0006975 -0.002385 -0.01544 -0.006186
1341845974.278874 0.009196 0.002598 0.00698 -0.01045 -0.01205 0.0006359
1341845974.313829 0.01576 -0.003549 0.01026 -0.004716 -0.007898 0.0008216
1341845974.345963 0.009605 0.001199 0.001876 0.0004185 0.003669 -0.006522
1341845974.381701 0.004089 0.002282 0.0007523 -0.003553 0.001306 -0.002403
1341845974.413828 0.01092 -0.006719 0.006886 -0.002435 -0.001039 0.002741
1341845974.445772 0.009565 -0.000753 -0.0008545 0.00492 0.004324 -0.0005463
1341845974.481775 0.003233 0.00158 -0.00156 0.004462 0.003787 0.006016
1341845974.513798 0.006495 0.001325 -0.001965 0.002286 -0.003392 0.01362
1341845974.545930 0.01226 -0.004171 0.002089 0.002813 0.001242 0.01499
1341845974.581793 0.000545 -0.001652 0.0001053 0.01016 0.004725 0.02174
1341845974.613863 -4.924e-05 0.002638 -0.007308 0.01041 -0.008904 0.02645
1341845974.649867 0.0103 0.001219 0.0005215 0.00332 -0.004085 0.01669
1341845974.681899 0.001984 -0.000147 -0.002139 0.003358 0.002997 0.01312
1341845974.713894 -0.00208 0.0006479 -0.0008209 0.004199 -0.004105 0.01812
1341845974.749846 0.004712 0.0009092 -0.004361 0.004862 -0.01059 0.01367
1341845974.783846 0.009097 0.008592 -0.003686 -3.46e-05 -0.001583 -0.002316
1341845974.815998 -0.0005324 -0.002197 0.003517 -0.007058 0.003994 0.00647
1341845974.850024 0.003286 -0.005715 0.00214 0.007677 -0.007345 0.02104
1341845974.882164 0.008828 0.008954 -0.004931 0.01239 -0.001019 0.009289
1341845974.918337 0.002191 0.005217 -0.00372 0.0002482 0.007832 0.01146
1341845974.982668 0.008865 -0.003473 -0.002953 0.01816 0.001394 0.04391
1341845975.017979 0.001947 0.007893 -0.004846 0.007918 0.004062 0.01729
1341845975.051071 0.002547 0.001002 0.001407 0.001788 0.00136 0.02154
1341845975.081985 0.001395 0.003926 -0.001515 0.005753 -0.001483 0.01945
1341845975.124057 0.001892 0.01029 -0.004113 0.0009628 -0.004043 0.0168
1341845975.149794 0.005882 0.004298 0.001671 -0.009375 -0.002326 0.01623
1341845975.186157 0.00382 -0.004487 0.006588 -0.0046 0.0001757 0.01603
1341845975.249885 0.009596 0.01087 -0.001226 0.009557 0.002759 0.04532
1341845975.285858 0.004021 0.0003427 0.002773 -0.002057 0.006602 0.01793
1341845975.318226 -0.001935 0.005254 0.001447 0.001405 0.006224 0.02028
1341845975.349820 0.005771 0.009004 -0.002313 -0.003217 0.002184 0.02577
1341845975.385748 0.006436 -0.002237 0.006712 -0.01229 0.01001 0.01486
1341845975.418586 -0.002977 -0.003491 0.01436 0.004975 0.00784 0.02452
1341845975.453683 0.003545 0.00582 -0.006807 0.01452 0.002288 0.03889
1341845975.485815 0.008963 0.006047 -0.004733 -0.002975 0.01084 0.02218
1341845975.518370 -0.005553 -0.002139 0.01048 -0.005042 0.01462 0.01566
1341845975.553830 -0.0005332 -0.004694 0.009835 0.009566 0.004539 0.03625
1341845975.585815 0.007287 0.002433 -0.01052 0.01491 0.005658 0.03451
1341845975.621790 7.132e-05 0.003987 -0.002806 0.001696 0.01149 0.02071
1341845975.653892 -0.001781 -0.0002949 0.00646 -0.0009538 0.006133 0.02606
1341845975.685822 0.005894 -0.003626 2.869e-05 0.004242 0.003108 0.02506
1341845975.721839 0.002257 0.002738 -0.003689 0.004182 0.009674 0.01906
1341845975.753916 -0.002582 0.0009309 0.004127 0.001399 0.005215 0.02075
1341845975.785898 0.00471 -0.0004313 -0.001634 0.002229 0.001158 0.01901
1341845975.822033 0.0003526 0.0007921 0.0007925 0.001993 0.005848 0.01694
1341845975.853847 -0.002424 0.002968 0.002197 0.001992 0.000188 0.02366
1341845975.889898 0.003803 0.002082 -0.001081 -0.001982 -0.004849 0.02001
1341845975.921738 -0.0005164 -0.0008632 0.005179 -0.001454 -0.001206 0.01548
1341845975.953818 -0.001994 0.0006505 0.002521 0.002646 -0.004597 0.02697
1341845975.990225 0.003576 -0.001463 -0.0002358 0.001697 -0.005863 0.02867
1341845976.021756 0.001885 -0.0006809 -0.0009206 0.003809 0.0009578 0.02439
1341845976.053955 -0.001049 0.002524 -0.000485 0.00102 0.001383 0.0323
1341845976.089793 0.002762 -0.002062 0.005245 0.002244 -0.001022 0.03385
1341845976.121752 0.002664 0.001568 -0.003191 0.006299 0.006449 0.03181
1341845976.157709 -0.001629 0.003799 0.004655 0.004207 0.005506 0.03906
1341845976.189850 0.0007471 0.001358 0.001603 0.003978 -0.003055 0.04176
1341845976.221929 0.007052 0.004176 -0.007159 0.000941 -0.0005596 0.02932
1341845976.257665 -0.0001923 0.000831 0.003258 -0.004526 0.007035 0.02639
1341845976.289829 -0.0009247 0.001778 0.007925 0.001905 0.0009215 0.03179
1341845976.321779 0.004332 0.000824 -0.00487 0.003599 -0.002142 0.02511
1341845976.357875 0.003653 0.003073 -0.005549 -0.003492 0.00388 0.01113
1341845976.389787 -0.003783 -0.0017 0.0128 -0.002742 0.004631 0.01551
1341845976.425771 0.000954 0.0007737 -1.959e-05 0.007063 -0.004007 0.02359
1341845976.457783 0.005651 0.006874 -0.009273 0.001772 -0.005036 0.01263
1341845976.490566 -0.0002076 -0.001706 0.002766 -0.01043 -0.001491 0.005638
1341845976.525853 -0.0007289 -0.00413 0.008039 -0.001665 -0.002178 0.01194
1341845976.557683 0.002245 0.0001591 -0.002106 0.004371 -0.00172 0.01977
1341845976.593985 0.001666 -0.0002195 0.0003837 0.001426 0.001332 0.02171
1341845976.625785 -0.0004805 -4.704e-05 0.007588 0.005015 0.002036 0.02583
1341845976.657816 4.096e-05 0.0001689 0.007248 0.01433 -0.002071 0.03756
1341845976.693834 0.004449 -0.001344 -0.00912 0.01198 -0.0004652 0.03094
1341845976.725744 0.001178 0.002107 -0.0006918 0.006348 0.003649 0.02233
1341845976.757761 0.0009404 0.001424 -0.001196 0.004805 -6.38e-05 0.01984
1341845976.793836 0.0006458 0.0009077 -7.483e-05 0.001817 -0.001106 0.01144
1341845976.826300 -0.0005723 0.0006488 0.0007212 0.001635 -0.001958 0.008452
1341845976.861779 -0.001276 0.00227 -0.001193 -0.0008087 -0.005639 0.008635
1341845976.893752 -0.0002937 -0.004886 0.004274 -0.001907 -0.005143 -0.0002468
1341845976.925967 -2.259e-06 -0.0007091 -0.003914 0.002694 -0.0007891 0.003585
1341845976.961807 -0.001061 0.0008276 0.0009189 -0.0004691 -0.002538 0.005896
1341845976.993832 -0.000571 -0.002995 0.00259 0.001478 -0.002041 0.0005652
1341845977.025851 -0.0008294 -0.001188 0.001541 0.004971 0.001588 0.001223
1341845977.061870 -0.002172 0.004354 -0.001636 0.006381 -0.004002 0.008805
1341845977.093926 0.001617 0.0002292 -0.0119 -0.004813 -0.01066 -0.002382
1341845977.129845 -0.0004354 -0.004366 0.001369 -0.01116 -0.00498 -0.01516
1341845977.161883 -0.004846 -0.0002434 0.01177 0.0004001 -0.000864 -0.001628
1341845977.193791 0.0004985 0.0006463 -0.006144 0.003065 -0.004234 0.001421
1341845977.229795 -0.001004 -0.0005449 -0.002239 -0.001504 -0.003516 -0.013
1341845977.261832 -0.002482 0.001394 -0.0005226 -0.00114 -0.005107 -0.02019
1341845977.293884 -0.003139 0.0004534 -0.00132 -0.004961 -0.01039 -0.02891
1341845977.329839 -0.002623 -0.002481 0.001055 -0.005477 -0.01099 -0.03556
1341845977.361782 -0.0007451 -0.001482 -0.007475 -0.009508 -0.008024 -0.04093
1341845977.397810 -0.005838 -0.0004881 0.01345 -0.006772 -0.006589 -0.0327
1341845977.429761 3.486e-05 -0.001733 -0.004771 -0.002351 -0.006565 -0.02818
1341845977.461824 -0.0008278 0.0008206 -0.004091 -0.005015 -0.003918 -0.02887
1341845977.498015 -0.00124 0.0001973 0.0002488 -0.008636 -0.003785 -0.02945
1341845977.529931 -0.004438 -0.001492 0.01069 -0.002591 -0.0009852 -0.02225
1341845977.562577 -0.0002311 0.003735 -0.005091 0.0025 -0.003271 -0.01503
1341845977.597887 -0.001045 0.001741 -0.001536 -0.004467 -0.005316 -0.02529
1341845977.634076 -0.0018 -0.001367 0.002775 -0.004613 -0.005481 -0.03327
1341845977.666205 -0.002553 -0.0003369 0.002299 -0.001489 -0.004999 -0.03395
1341845977.704065 -0.001004 0.001104 -0.003566 -0.002737 -0.008334 -0.03523
1341845977.737376 0.0003311 -0.0008418 -0.003339 -0.008081 -0.008783 -0.04437
1341845977.803839 -0.006019 -0.006648 0.01145 -0.004644 -0.009989 -0.07685
1341845977.865926 0.001339 -0.001164 -0.004219 -0.008969 -0.009404 -0.07724
1341845977.897857 -0.001784 -0.004405 0.005489 0.001614 -0.005613 -0.03503
1341845977.933745 0.002114 0.0004931 -0.00895 0.002776 -0.005048 -0.0332
1341845977.965785 -0.001107 -2.239e-05 -0.0003626 -0.004249 -0.005349 -0.038
1341845977.997875 -0.001695 -0.003379 0.00526 -0.0006158 -0.006664 -0.03612
1341845978.033893 0.002148 -0.0003574 -0.008275 0.001001 -0.006418 -0.03684
1341845978.065776 -0.001052 9.235e-06 -0.0006802 -0.002755 -0.005267 -0.03873
1341845978.101685 -0.000649 0.000665 -0.002949 -0.002484 -0.007416 -0.03935
1341845978.133916 0.0008101 0.000702 -0.004363 -0.00565 -0.009032 -0.04171
1341845978.166013 0.001644 -0.003496 0.003283 -0.004762 -0.007775 -0.04049
1341845978.201775 0.001342 -0.001368 -0.00252 0.002225 -0.006978 -0.03986
1341845978.233774 -3.196e-05 0.0002974 -0.002653 0.002808 -0.008314 -0.03641
1341845978.266075 0.003388 -0.0001109 -0.005791 0.001422 -0.00831 -0.03821
1341845978.301839 0.001384 0.001227 -0.007205 -0.0004679 -0.006649 -0.04936
1341845978.333873 0.001316 0.002538 -0.006101 -0.006602 -0.008228 -0.05476
1341845978.369922 0.002563 -0.003234 0.001346 -0.007254 -0.01051 -0.04972
1341845978.401825 0.005325 -0.003237 -0.001443 -0.0005262 -0.008752 -0.04561
1341845978.433846 0.000363 0.005269 -0.007099 -8.318e-05 -0.005507 -0.04202
1341845978.469873 0.001622 0.0004361 -0.002078 -0.006743 -0.008643 -0.03516
1341845978.501917 0.009635 -0.006897 0.006459 -0.002724 -0.007607 -0.03165
1341845978.533810 0.001553 -0.0005881 -0.004472 0.006445 -0.0003185 -0.03002
1341845978.569963 -0.002103 0.005269 -0.00805 0.0009299 -0.005355 -0.02579
1341845978.602229 0.003167 0.0009567 -0.003231 -0.005899 -0.007277 -0.03341
1341845978.638563 0.002152 -0.0002275 -0.0006307 -0.007258 -0.003406 -0.03624
1341845978.677613 0.0004693 -0.004354 0.001966 -0.004488 -0.005821 -0.02621
1341845978.711940 0.003148 -0.0001364 -0.0003789 0.001913 -0.006833 -0.02224
1341845978.744132 0.001113 0.002717 -0.003492 0.001211 -0.003921 -0.02554
1341845978.776002 -7.13e-06 0.002664 -0.003307 -0.004432 -0.002672 -0.0265
1341845978.813431 0.001701 -0.004778 0.003327 -0.004197 -0.005407 -0.01827
1341845978.871942 -0.002599 0.008932 -0.01113 -0.004731 -0.01325 -0.06931
1341845978.906198 -0.0005361 -0.005391 0.003279 -0.01436 -0.01079 -0.03842
1341845978.938406 0.0005031 0.001255 -0.002774 -0.005145 -0.01058 -0.04123
1341845978.970707 -0.0006584 -0.0008692 0.002324 -0.007853 -0.008779 -0.03262
1341845979.008922 -0.0008139 -0.0023 -0.001963 -0.002747 -0.01165 -0.03364
1341845979.038481 -0.0008622 0.003247 -0.005783 -0.002797 -0.01209 -0.03787
1341845979.106609 -0.001145 0.001841 -0.005911 -0.01186 -0.01904 -0.07112
1341845979.138100 -0.002741 0.004101 -0.001037 -0.01334 -0.00892 -0.03894
1341845979.174196 -0.002208 -0.004483 0.004491 -0.009078 -0.01131 -0.02631
1341845979.207845 -0.001188 -0.001254 -0.001116 0.002747 -0.0122 -0.02711
1341845979.238051 -0.001666 0.009199 -0.008358 -0.001157 -0.009752 -0.03105
1341845979.275090 -0.003289 -0.001177 0.003598 -0.01408 -0.009251 -0.03192
1341845979.306155 -0.00271 -0.004164 0.001328 -0.004249 -0.01329 -0.03469
1341845979.341682 -0.001109 0.01041 -0.01058 -0.002607 -0.01744 -0.04788
1341845979.373833 -0.0005222 -0.0003731 0.002104 -0.01869 -0.01146 -0.04363
1341845979.405940 0.000326 -0.002996 0.004251 -0.004407 -0.008829 -0.03462
1341845979.441794 -0.004998 0.001873 -0.004138 0.003521 -0.01019 -0.0355
1341845979.506448 0.003837 0.004814 -0.002286 -0.02139 -0.01918 -0.07948
1341845979.541810 -0.003635 -0.00177 0.003627 0.003115 -0.00234 -0.03408
1341845979.573970 -0.004188 0.001132 -0.004655 0.004007 -0.01095 -0.02838
1341845979.610159 0.002729 0.0006543 -8.05e-05 0.0008762 -0.01243 -0.04015
1341845979.641873 0.000404 0.002263 0.002435 0.0006014 -0.003464 -0.03813
1341845979.673902 -0.007538 -0.005524 -0.003845 0.007189 -0.008714 -0.01917
1341845979.709834 0.003453 0.002642 -0.001235 0.009975 -0.01642 -0.03024
1341845979.741768 0.001161 0.008507 -0.006397 0.000674 -0.002471 -0.04537
1341845979.773945 -0.005776 -0.0006552 0.0001819 -0.008993 -0.002889 -0.0384
1341845979.809735 0.001033 -0.004624 0.00622 -0.0007866 -0.01172 -0.03148
1341845979.841996 -0.0005246 0.001015 0.001827 0.009393 -0.008142 -0.02485
1341845979.877871 -0.003528 0.001315 -0.002894 0.009419 -0.008608 -0.02501
1341845979.909740 -0.001734 0.002186 -0.001419 0.003332 -0.009733 -0.02924
1341845979.942014 -0.0009116 -0.002058 0.00226 0.005092 -0.01037 -0.02242
1341845979.977959 -0.001574 0.002428 -0.002124 0.007049 -0.007006 -0.02619
1341845980.009881 -0.003928 0.002317 -0.003544 0.002345 -0.005165 -0.02189
1341845980.045974 0.003013 -0.005269 0.006915 0.001238 -0.007957 -0.01777
1341845980.077990 -0.004041 0.00332 -0.00499 0.01121 -0.003577 -0.0188
1341845980.109753 -0.0008818 0.0007722 0.0008815 0.001034 -0.006065 -0.01744
1341845980.145844 0.0007698 -0.001215 0.002675 0.006585 -0.002925 -0.01901
1341845980.177822 -0.004904 0.00547 -0.00555 0.004069 -0.0003795 -0.0167
1341845980.209884 0.002383 -0.003229 0.005422 -0.004515 -0.006783 -0.01683
1341845980.246566 0.002767 6.42e-05 0.004616 0.01323 -0.0001645 -0.01385
1341845980.277813 -0.004997 0.00914 -0.009442 0.01039 0.006067 -0.01799
1341845980.313780 0.001106 0.000165 0.0006772 -0.01195 0.001791 -0.0145
1341845980.345768 0.003728 -0.004644 0.0062 0.006285 0.0005593 0.004793
1341845980.377905 -0.002793 0.009738 -0.008025 0.01576 0.004788 0.003627
1341845980.413651 4.136e-05 0.0007757 -0.0002446 -0.0101 -0.0007547 0.003986
1341845980.445742 0.005068 -0.003124 0.008105 0.002691 -0.0006618 0.006208
1341845980.478245 -0.005901 0.006398 -0.009224 0.007112 0.005603 -0.001309
1341845980.513799 0.001056 -0.00112 0.004588 -0.01067 -0.003902 -0.005614
1341845980.546985 0.003892 -0.002444 0.00671 0.004644 0.002974 -0.002
1341845980.581857 -0.003873 0.001529 -0.005106 0.005622 0.002543 0.006004
1341845980.614011 0.003335 -0.001821 0.004747 -0.001869 -0.004022 0.0114
1341845980.646075 0.001701 -0.001429 0.0003733 0.004914 0.00511 0.02853
1341845980.681743 -0.000626 0.006678 -0.005298 0.002791 0.007218 0.03444
1341845980.713878 0.00066 0.001842 -0.0007779 -0.01756 0.00613 0.04965
1341845980.745857 0.003632 -0.008332 0.006693 -0.006325 0.004393 0.06204
1341845980.781789 -0.002806 0.001719 -0.00525 0.005879 0.00255 0.06246
1341845980.813856 -0.005087 0.002988 -0.004561 -0.01184 -0.00357 0.05747
1341845980.849947 0.006054 -0.003085 0.006992 -0.01094 -0.006502 0.04145
1341845980.881654 0.00119 0.001678 -0.001575 -0.0139 0.007384 0.02515
1341845980.913789 -0.0003523 -0.005674 0.003033 -0.01724 0.00794 0.02071
1341845980.949937 0.004825 -0.002315 0.00641 -0.008588 0.006534 0.01457
1341845980.981906 0.003046 -0.003115 0.002849 -0.001988 0.01335 0.02108
1341845981.017867 -7.788e-05 0.0002244 -0.0003617 0.00148 0.0128 0.0262
1341845981.049727 0.001795 0.0005987 -0.000647 0.002197 0.009852 0.03222
1341845981.081877 0.00425 0.002214 0.0001358 0.002641 0.0132 0.04103
1341845981.117941 3.081e-05 -0.001978 0.003955 0.004481 0.01675 0.05014
1341845981.150069 -0.003243 0.0009902 -0.0008065 0.01093 0.008635 0.05815
1341845981.181996 0.004724 0.001577 -0.001897 0.006273 0.00719 0.0585
1341845981.217830 0.004991 -0.001509 0.002698 0.003579 0.01618 0.05498
1341845981.249922 -0.01243 0.0003787 -0.001358 0.004484 0.01588 0.05531
1341845981.285840 0.006685 -0.004033 0.003128 0.0009997 0.006224 0.06885
1341845981.317832 0.00144 -0.006651 0.008401 0.007238 0.01588 0.06462
1341845981.349932 -0.004163 -0.003111 0.003124 0.01771 0.0117 0.06663
1341845981.385812 0.001263 -1.036e-05 -0.005695 0.01509 0.001584 0.06419
1341845981.417735 0.0059 0.005821 -0.002776 0.002684 0.00457 0.03979
1341845981.449800 -0.002527 -0.001877 0.007609 -0.00742 0.01122 0.03625
1341845981.485916 -0.003913 -0.007047 0.01123 0.00435 -0.0008093 0.04677
1341845981.517844 0.00751 0.004534 0.0006572 0.007994 0.001006 0.03214
1341845981.553971 7.616e-05 -0.003483 0.004803 0.0002838 0.01306 0.03083
1341845981.585866 -0.003227 -0.007094 0.005913 0.01014 0.00582 0.03536
1341845981.617907 0.004673 0.003748 -0.005324 0.009066 0.002814 0.0248
1341845981.653938 0.002781 0.0005014 -0.0005557 -0.003369 0.008964 0.01342
1341845981.685889 -0.0007548 -0.009561 0.006936 -0.002526 0.005906 0.01765
1341845981.718038 0.0009038 0.000846 -0.00624 0.004296 -0.0005549 0.01736
1341845981.753884 0.004806 0.00285 -0.001948 -0.003983 0.0006397 0.008551
1341845981.785897 0.0046 -0.00418 0.005443 -0.006749 0.006312 0.004698
1341845981.822013 -0.001689 -0.0008548 0.004528 -0.00155 0.002875 0.01683
1341845981.853820 0.002428 0.0007921 -0.00076 -6.73e-05 -0.003267 0.02304
1341845981.885838 0.002815 0.006398 -0.005157 -0.002457 0.002141 0.006079
1341845981.922032 -0.001005 0.006901 -0.001677 -0.01643 0.003402 0.006392
1341845981.953799 0.001057 -0.008509 0.007238 -0.01779 -0.001761 0.01178
1341845981.986027 0.005097 -0.0046 0.007447 -0.00483 0.0008397 0.007801
1341845982.022212 0.0002175 -0.004294 0.007456 0.002409 0.005643 0.007469
1341845982.053889 -0.0008161 -0.001597 0.002107 0.008281 0.002831 0.007117
1341845982.089857 -0.003632 0.0003992 -0.0007686 0.008681 0.003204 0.002579
1341845982.121719 -0.001062 0.004496 -0.001222 0.005581 0.002082 -0.002572
1341845982.153770 -0.00701 0.002415 -0.001275 -0.001391 0.007511 -0.006086
1341845982.190068 -0.00652 -0.000215 0.004322 -0.003082 -0.001378 -0.0004476
1341845982.222482 0.002345 0.002626 0.008002 -0.002801 -0.001607 0.001194
1341845982.259008 -0.0006857 -0.00686 0.01594 -0.0008991 0.005436 0.004288
1341845982.291023 -0.00544 7.686e-05 0.005789 0.01142 0.002149 0.005814
1341845982.327843 -0.001506 0.001466 0.004847 0.007414 -0.0002261 0.004133
1341845982.421902 -0.01088 -0.007711 0.01598 0.03284 0.01202 -0.007853
1341845982.457800 -0.001876 0.0001181 0.00369 0.001579 6.641e-05 -0.009448
1341845982.490452 -0.000906 -0.007792 0.01154 -0.0007586 0.002134 -0.01028
1341845982.526007 -0.007211 -0.007853 0.008374 0.006668 -0.0002597 0.0002543
1341845982.592787 0.0005271 -0.002034 0.01468 0.01694 0.00816 -0.01132
1341845982.626246 -0.008732 -0.004646 0.003772 0.007361 0.003546 -0.003969
1341845982.689935 0.004419 -0.01393 0.02304 0.03232 0.006678 0.00048
1341845982.731856 -0.004929 -0.004739 0.0003679 0.02045 0.009395 -0.002649
1341845982.763845 -0.004707 -0.005227 0.003886 0.02013 -0.0003553 0.003919
1341845982.796143 0.001385 0.003655 0.005063 0.01812 0.00319 -0.008029
1341845982.831723 -0.003246 -0.004434 0.003542 0.005914 0.00916 -0.006971
1341845982.863934 -0.004063 -0.008711 0.005681 0.007845 0.002653 0.006862
1341845982.899816 0.001281 -0.001657 0.007098 0.01321 0.001219 0.005437
1341845982.931713 0.001078 -0.003795 0.006307 0.01137 0.007944 0.0005072
1341845982.963912 -0.00502 -0.006159 0.0007032 0.01005 0.005013 0.00766
1341845982.999924 0.001694 -0.002218 0.005564 0.01239 -0.001655 0.00752
1341845983.031814 0.002694 -0.0005459 0.003916 0.008645 0.006154 -0.0006153
1341845983.067798 0.0002777 -0.007972 0.005279 0.005125 0.005818 0.001376
1341845983.099710 0.001765 -0.007828 0.005332 0.01129 -0.001898 0.01131
1341845983.131896 0.002931 -0.0001296 0.002688 0.014 0.001682 0.004869
1341845983.167777 -0.0009534 0.0001897 -0.001747 0.005498 0.00819 -0.00231
1341845983.199716 -0.0005797 -0.003146 0.004103 0.0003042 0.00284 0.00473
1341845983.235789 0.0003455 -0.004438 0.004993 0.002687 -0.001658 0.008241
1341845983.267839 -0.0001755 0.001714 0.002864 0.002011 0.0006579 -0.0001052
1341845983.299732 0.0001115 -0.005286 0.008156 -0.00295 0.001268 0.0007298
1341845983.335764 0.001224 -0.004597 0.01103 0.002911 -0.003977 0.006166
1341845983.367849 -0.001302 -0.001286 0.005095 0.006321 -0.0007172 0.001644
1341845983.403853 -0.004515 -8.38e-05 0.0007715 0.0002267 0.004032 -0.00403
1341845983.436166 -0.004895 -0.00544 0.007809 -0.004865 9.769e-05 0.001546
1341845983.467855 -0.002521 -0.001836 0.01055 0.001344 -0.004628 0.002914
1341845983.503861 -0.003819 4.037e-05 0.007433 0.001917 0.000524 0.00062
1341845983.535831 -0.003714 -0.001661 0.00848 0.0003966 0.0009648 0.002518
1341845983.572117 -0.004376 -0.003431 0.008266 2.921e-05 -0.0006707 0.007312
1341845983.603785 -0.001961 -0.0002081 0.01165 0.003809 -0.003069 0.006837
1341845983.635679 0.000515 -0.002585 0.0144 0.007169 0.002105 0.007871
1341845983.671908 -0.001781 -0.008587 0.01088 0.01376 0.001655 0.01375
1341845983.703949 -0.004054 -0.002337 0.00611 0.01881 -0.000566 0.01585
1341845983.735713 -0.003238 -0.0007936 0.006275 0.01397 0.00303 0.007106
1341845983.771983 -0.00454 -0.003026 0.00219 0.007161 0.007116 -0.001045
1341845983.803724 -0.004872 -0.002955 0.004288 -0.002664 0.004538 0.0008603
1341845983.836050 -0.00111 -0.004341 0.01271 -0.001371 0.00152 0.007513
1341845983.871914 -0.005029 -0.004655 0.005714 0.0008356 0.00379 -0.0003605
1341845983.904546 -0.007246 0.0004015 -0.0004996 -0.006374 0.003751 -0.009549
1341845983.939732 0.0005323 -0.002615 0.01367 -0.01546 0.001075 -0.007374
1341845983.971972 -0.00149 -0.009199 0.01364 -0.007576 0.005245 -0.009663
1341845984.003943 -0.003479 -0.004549 0.004671 -0.001167 0.0008256 -0.007808
1341845984.039814 -0.0002907 -0.004223 0.01062 -0.001889 -0.0003375 0.001805
1341845984.071924 -0.002689 -0.005396 0.005699 0.0006304 -0.002389 -0.002321
1341845984.103750 -0.006389 -0.001226 -0.003085 -0.001168 -0.008062 -0.006844
1341845984.139977 -0.003244 0.002213 0.002933 -0.01314 -0.005394 -0.01092
1341845984.171953 -0.0002441 -0.0062 0.01463 -0.01619 -0.004621 -0.009912
1341845984.203755 0.0004136 -0.006824 0.01307 -0.007547 -0.009853 -0.004435
1341845984.239999 -0.003034 -0.0002664 0.002387 -0.00551 -0.00964 -0.00101
1341845984.271868 -0.0003284 -0.004173 0.01244 -0.01055 -0.009935 -0.002231
1341845984.304166 -0.001842 -0.004076 0.006639 -0.005326 -0.008056 -0.00362
1341845984.366023 -0.002784 -0.004633 0.02099 -0.02178 -0.01733 0.001679
1341845984.403843 -0.0006661 -0.008208 0.012 -0.0004083 -0.007184 0.003688
1341845984.469893 -0.001008 0.005216 0.00538 -0.001159 -0.01117 0.02074
1341845984.533876 -0.0006416 -0.007797 0.01545 0.001751 -0.00169 0.01195
1341845984.570371 -0.003938 -0.001264 -0.003303 0.009852 -0.003614 0.012
1341845984.601869 -0.008203 0.01277 -0.01166 9.282e-05 -0.004284 -0.007598
1341845984.633883 0.001876 -0.003525 0.01639 -0.008956 -0.0117 0.001573
1341845984.669661 -0.001374 -0.0009726 -0.0002846 0.001598 -0.008779 0.003121
1341845984.701697 -0.003731 0.007249 -0.00768 -0.002599 -0.002793 -0.005857
1341845984.737816 -0.001835 0.0007484 0.00636 -0.01029 -0.006842 0.001249
1341845984.769971 -0.001421 -0.004985 0.009724 -0.003852 -0.007295 0.003605
1341845984.801680 -0.001167 0.0008455 -0.002926 0.001734 -0.001084 -0.001409
1341845984.837943 -0.004611 0.00711 -0.005433 -0.003532 -0.004134 0.003123
1341845984.869774 -0.001243 -0.003751 0.01015 -0.006802 -0.007336 -0.0005915
1341845984.901904 0.0008925 -0.002285 0.001518 0.001964 0.001992 -0.0005319
1341845984.937830 -0.004749 0.007679 -0.005192 -0.0008029 0.000245 0.005708
1341845984.969931 0.000365 0.000473 0.003261 -0.003853 -0.006974 0.001337
1341845985.005758 -0.0005235 0.001424 -0.0009759 -0.004239 0.002067 4.92e-05
1341845985.037996 -0.0003946 0.003035 -0.0005048 -0.004789 0.001208 0.001936
1341845985.069753 -0.00206 0.001046 0.002601 -0.005623 0.000614 0.002956
1341845985.105902 -0.000544 0.00378 6.314e-05 -0.004691 -0.0002199 0.001772
1341845985.137721 -0.002422 -0.001236 0.005156 -0.005742 0.0005619 0.002871
1341845985.169874 -6.447e-05 0.004073 -0.002648 -0.00177 -0.002505 0.001569
1341845985.205765 -0.001561 0.002727 0.0005993 -0.007753 -0.0005566 -0.002824
1341845985.237899 -0.001904 -0.004236 0.006689 -0.004738 -0.001513 0.0003238
1341845985.274008 0.0008773 -2.207e-05 0.001245 0.0007562 6.302e-05 -0.0003111
1341845985.305922 0.001114 0.004958 -0.005283 -0.0005416 0.0026 -0.001975
1341845985.337748 -0.0002588 0.004466 -0.0003339 -0.007294 0.002086 -0.0005122
1341845985.374220 -0.002513 -0.004606 0.00748 -0.005897 0.00159 -0.002993
1341845985.406011 -0.000392 -0.0003791 0.001303 -0.0001906 0.0004996 0.0006454
1341845985.442252 0.0006826 0.001682 -0.000454 -5.425e-05 0.0009285 0.001713
1341845985.473860 -0.000182 0.003628 -0.0008913 -0.002811 0.001892 -0.002521
1341845985.505802 -0.001271 -0.0003316 0.004026 -0.004837 0.003716 -0.004817
1341845985.541999 -0.003092 -0.004494 0.007368 -5.979e-05 0.0003311 -0.0009302
1341845985.573799 0.0005836 0.004288 -0.003373 0.003367 -0.001744 0.003461
1341845985.605839 0.001092 0.001412 0.002659 -0.002465 0.001784 -0.006935
1341845985.641753 -0.003404 -0.002867 0.004353 -0.0004469 0.0009243 -0.001733
1341845985.673719 -0.0005623 0.001421 -0.0002892 0.00176 -0.003425 0.004644
1341845985.709785 0.002283 -4.584e-05 0.001896 0.000343 0.0005107 -0.004792
1341845985.741805 -0.002225 9.008e-05 -0.001527 0.0002517 0.002319 -0.002155
1341845985.773867 -0.001518 0.0004537 0.001002 -0.0001958 -0.005111 0.003214
1341845985.809875 0.001682 -3.491e-05 0.001508 -0.0004766 -0.003258 -0.002744
1341845985.841811 -0.0004324 -0.002587 0.00205 -0.0005607 0.002249 -0.004562
1341845985.873899 -0.001817 -0.001172 -0.0008633 0.00158 -0.0008195 0.00189
1341845985.909743 0.002648 0.001885 -0.002807 0.0007783 -0.003362 0.0007461
1341845985.941740 0.002052 -0.0002038 0.0006754 -0.00411 0.003417 -0.006288
1341845985.977718 -0.001173 -0.002093 0.001713 -0.002571 0.001535 -0.0008109
1341845986.009726 1.617e-05 -9.365e-05 0.002197 -0.001013 -0.002363 0.003721
1341845986.042156 0.002412 0.00201 0.001708 -0.0004268 0.0005558 -0.003393
