1341846434.746225 -0.006753 0.00287 0.009627 -0.005965 -0.002621 -0.006928
1341846434.778203 -0.01105 0.004374 0.01086 -0.002572 -0.001459 -0.002367
1341846434.810024 -0.005794 0.001487 0.01215 0.0002785 -0.002739 0.002656
1341846434.846345 -0.004683 0.006929 0.01037 0.004542 0.001284 0.0075
1341846434.878202 -0.008404 0.01003 0.01065 0.004167 0.006271 0.01452
1341846434.914148 0.002328 0.00578 0.01624 0.002469 0.01285 0.01908
1341846434.946443 -0.009632 0.007616 0.01105 0.004434 0.02568 0.01513
1341846434.978088 -0.01424 0.008462 0.007217 2.378e-05 0.01773 0.00294
1341846435.014019 -0.008867 0.004986 0.006408 -0.002477 0.01194 -0.001201
1341846435.045942 -0.01468 0.002334 0.006204 -0.003082 0.007373 -0.001721
1341846435.077985 -0.007119 0.004172 0.006857 -0.003663 -0.002418 -0.0009835
1341846435.113961 0.002837 0.002091 0.008137 -0.00748 -0.004284 0.001003
1341846435.146181 0.004729 -0.002693 0.008216 -0.007387 -5.696e-05 -0.0007793
1341846435.182052 0.007724 -0.001317 0.008416 -0.004939 0.005969 -0.005794
1341846435.213955 -0.005008 0.0009118 0.002866 -0.004951 0.01196 -0.01105
1341846435.246495 0.002309 -0.005104 0.009158 -0.008751 0.009972 -0.01145
1341846435.281968 2.277e-05 -0.01217 0.01132 -0.004866 0.0167 -0.004657
1341846435.319946 -0.01191 -0.009598 0.0007322 0.0005022 0.01873 -0.0007144
1341846435.382078 -0.02879 0.0004455 -0.0189 0.005938 0.02291 -0.01023
1341846435.414309 -0.004901 -0.01265 -0.00651 -0.008971 0.006005 -0.004696
1341846435.450323 -0.01191 -0.02811 -0.005687 -0.0107 0.01176 -0.00159
1341846435.482273 -0.02046 -0.01392 -0.01753 -0.003182 0.004425 -0.0007784
1341846435.513983 -0.01043 -0.01691 -0.003204 -0.003177 -0.003757 0.003879
1341846435.550153 -0.00825 -0.01077 0.004284 0.002082 -0.001535 0.003351
1341846435.582003 -0.01369 -5.561e-06 0.0001996 0.002662 0.006357 0.004028
1341846435.618180 -0.01993 -0.008425 0.007625 -0.008777 0.01554 0.002021
1341846435.650183 -0.02663 -0.01643 0.005893 -0.009184 0.01667 0.00444
1341846435.681920 -0.02209 -0.009411 0.01024 -0.006626 0.003523 0.000884
1341846435.717877 -0.0167 -0.008722 0.01775 -0.003922 0.003379 0.00187
1341846435.750187 -0.02098 -0.00417 0.01095 -0.0008444 0.007429 0.002062
1341846435.782022 -0.02304 -0.005564 0.01328 -0.003796 0.01052 0.001227
1341846435.818082 -0.0274 -0.004495 0.008242 -0.00169 0.0097 0.001682
1341846435.849992 -0.02375 0.001476 0.01451 -0.002159 0.007649 -0.0007898
1341846435.886101 -0.0273 -0.0002899 0.015 -0.001454 0.01153 -7.5e-05
1341846435.918077 -0.02797 0.004075 0.01674 0.00108 0.009922 -0.004046
1341846435.950077 -0.03049 0.006422 0.01317 0.0009505 0.01076 -0.005581
1341846435.986080 -0.03133 0.007372 0.01945 -0.002757 0.01247 -0.002323
1341846436.018119 -0.03362 0.004928 0.02339 -0.0006367 0.01529 -0.005196
1341846436.050565 -0.03628 0.003656 0.02293 0.002024 0.01309 -0.006888
1341846436.085970 -0.03485 0.003992 0.0222 0.003932 0.01088 -0.004479
1341846436.118116 -0.03311 0.00401 0.01399 0.00209 0.01441 -0.0029
1341846436.153952 -0.03223 0.001186 0.02114 -0.002496 0.008769 -0.00146
1341846436.185994 -0.02518 0.001417 0.01853 -0.002597 0.00511 -0.001443
1341846436.218096 -0.0303 0.00111 0.02216 -0.003337 0.01071 -0.002737
1341846436.253965 -0.03374 -0.001588 0.03465 -0.0001128 0.004874 -0.006973
1341846436.286007 -0.03488 0.0005726 -0.0001486 0.005833 0.003026 0.0002053
1341846436.318164 -0.03376 3.509e-05 -0.001181 -0.001355 0.009587 6.983e-05
1341846436.354084 -0.03248 -0.004093 0.008681 0.0002819 0.007308 -0.002932
1341846436.385958 -0.02704 0.001127 -0.008765 0.004265 0.003368 0.003149
1341846436.422052 -0.02561 0.00093 -0.003591 -0.0002649 0.008739 0.0003168
1341846436.453972 -0.02972 -0.002197 -0.006386 -0.002882 0.01348 -0.0003559
1341846436.485966 -0.03152 -0.0008673 0.002694 -0.001111 0.008394 -0.004923
1341846436.522075 -0.02996 0.0004849 -0.009213 0.005227 0.01025 -0.0009328
1341846436.553975 -0.03195 0.005101 -0.02116 0.004464 0.01719 -0.001863
1341846436.590103 -0.03566 0.003543 -0.005934 0.002883 0.01978 -0.005205
1341846436.622042 -0.03558 0.004062 -0.007869 0.007383 0.01487 -0.001274
1341846436.654125 -0.02868 0.006572 -0.03091 0.006222 0.01102 0.003067
1341846436.690078 -0.02979 0.002026 -0.01961 -0.0001264 0.01782 -0.0008765
1341846436.722015 -0.02821 -0.001158 -0.009499 0.002032 0.01991 -0.002099
1341846436.754167 -0.02042 0.002755 -0.03279 0.002137 0.01778 0.001423
1341846436.790021 -0.01559 -0.002667 -0.01622 -0.007574 0.0201 0.003737
1341846436.822079 -0.01493 -0.008228 0.006687 -0.0035 0.01648 0.0001212
1341846436.858129 -0.004866 -0.003181 0.002947 0.005559 0.005324 -0.0008303
1341846436.889894 0.0009554 0.0009927 -0.03364 0.004396 0.003054 -0.002967
1341846436.922139 0.005306 -0.00204 -0.009654 -0.004865 0.006427 -0.004934
1341846436.958108 -0.004301 -0.01334 0.006156 -0.004792 0.009135 -0.006405
1341846436.990096 -0.002967 -0.003565 -0.009137 0.00134 0.007802 -0.0003979
1341846437.058136 0.000681 0.01612 0.004669 0.00652 0.01399 -0.009449
1341846437.096585 -0.009507 -0.004495 -0.03302 0.0007166 0.009772 -0.006411
1341846437.126102 -0.008254 -0.003385 -0.03115 0.004083 0.00843 -0.00296
1341846437.158050 -0.006924 -0.001842 -0.03354 0.00883 0.005911 -0.003702
1341846437.226114 -0.006861 0.002038 -0.03285 0.0301 0.01387 -0.009717
1341846437.258123 -0.006653 0.003043 -0.03231 0.02051 0.003336 -0.004144
1341846437.290095 -0.005791 0.0001868 -0.02414 0.009785 0.007253 -0.009092
1341846437.326061 -0.002952 -0.001091 -0.02212 0.01139 0.008976 -0.005875
1341846437.364153 -0.002459 0.002297 -0.0233 0.01109 0.008549 0.001023
1341846437.396140 0.0005221 0.001653 -0.02055 0.00709 0.007937 -0.00134
1341846437.431962 0.005603 -0.0002641 -0.01537 0.006684 0.009933 -0.002501
1341846437.464061 0.005535 -0.001173 -0.01848 0.01221 0.007474 0.0008797
1341846437.500080 0.00562 -0.002172 -0.02109 0.008105 0.004269 0.0007654
1341846437.536428 0.009131 -0.001357 -0.02179 -0.001692 0.00574 0.004521
1341846437.568842 0.01015 -0.002057 -0.01979 -0.01054 0.005889 0.006558
1341846437.600736 0.01074 -0.002227 -0.01584 -0.0101 0.0007404 0.003783
1341846437.632742 0.01369 -0.001247 -0.01585 -0.004635 -0.003887 0.005304
1341846437.669713 0.01721 0.0001811 -0.01703 -0.003221 -0.004578 0.006191
1341846437.700232 0.019 -0.000928 -0.01753 -0.003108 -0.008603 0.01029
1341846437.739652 0.02453 0.001429 -0.01665 -0.00155 -0.02058 0.01239
1341846437.795294 0.04993 0.009015 -0.0433 0.002318 -0.03507 0.0281
1341846437.830422 0.0253 0.002814 -0.02734 -0.006329 -0.00757 0.003157
1341846437.863213 0.01942 -0.00233 -0.0266 -0.006264 -0.004601 -0.002609
1341846437.930096 0.03965 -0.003448 -0.05373 -0.004063 -0.02264 -0.006026
1341846437.961942 0.02028 0.0003744 -0.02375 -0.001174 0.0002881 -0.00297
1341846437.994103 0.01723 -0.004081 -0.01116 -0.0009403 0.001495 -0.004513
1341846438.030032 0.01864 -0.001576 -0.01473 0.01157 -0.005067 -0.003159
1341846438.068074 0.02432 0.005777 -0.01987 0.006857 -0.003871 0.007634
1341846438.130017 0.04187 0.0006134 -0.02397 -0.01795 0.001479 0.01116
1341846438.164374 0.006656 -0.001394 0.01287 0.000209 -0.00468 0.005986
1341846438.198015 0.01394 0.002933 -0.0002052 0.006221 -0.007387 0.007728
1341846438.229906 0.01287 0.002084 -0.0001083 -0.003786 -0.002253 0.006392
1341846438.262251 -0.0006287 -0.005711 0.01409 -0.00387 -0.002928 0.003855
1341846438.298333 0.003022 0.0004093 0.005384 0.002776 -0.01554 0.009955
1341846438.329987 0.02286 0.005397 0.001499 -0.001844 -0.01674 0.006047
1341846438.366126 0.006831 -0.01159 0.01417 -0.002433 -0.008125 -0.003022
1341846438.398154 0.006066 -0.0008465 0.01032 0.008476 -0.0143 0.004193
1341846438.430136 0.01986 0.01174 -0.001494 0.004469 -0.01982 0.003954
1341846438.465965 0.01911 0.001532 0.00667 -0.004173 -0.01172 -0.005497
1341846438.530106 0.02298 -0.002737 0.01853 0.004381 -0.01189 -0.009896
1341846438.566686 0.01789 0.01083 0.0039 0.00151 -0.004636 -0.003263
1341846438.598145 0.01147 -0.000484 0.0079 -0.005154 0.001738 -0.004608
1341846438.634113 -0.001173 -0.008102 0.02096 -0.002274 -0.004202 -0.00435
1341846438.665920 0.01161 0.001553 0.01935 0.007762 -0.0206 0.001944
1341846438.697986 0.01547 0.0148 -0.00723 0.0002673 -0.0173 0.0007367
1341846438.734146 0.01589 0.0006324 0.03237 -0.009501 -0.01768 -0.008448
1341846438.766996 0.007874 -0.01455 0.0324 -9.506e-06 -0.02064 -0.003525
1341846438.801972 0.02211 0.004781 0.006262 0.01065 -0.02472 0.001201
1341846438.834118 0.01413 0.009116 -0.002524 0.005516 -0.0141 -0.001875
1341846438.865936 0.007755 0.01498 -0.005113 -0.004022 -0.009922 -0.00601
1341846438.902045 0.01409 -0.006278 0.01818 -0.009078 -0.01111 -0.001123
1341846438.934115 0.01105 -0.002329 0.002769 0.00265 -0.01138 0.01016
1341846438.966314 0.01102 0.006976 -0.00628 0.004671 -0.01014 0.008931
1341846439.001871 0.006809 0.002307 -0.002179 -0.00235 -0.01154 0.001803
1341846439.034612 0.01465 0.00248 0.000389 -0.002989 -0.01515 0.003197
1341846439.070117 0.007915 0.001426 -0.0009518 -0.005705 -0.01289 0.001009
1341846439.101969 0.01094 0.003008 -0.001018 -0.007479 -0.01869 0.001651
1341846439.134146 0.01443 0.002282 0.002133 -0.009443 -0.01551 -0.001551
1341846439.170111 0.01013 0.001435 0.003714 -0.009438 -0.01561 -0.003573
1341846439.202174 0.01663 -0.001044 0.007865 -0.005793 -0.01634 0.00236
1341846439.234198 0.008989 0.001643 -0.001463 -0.0024 -0.01522 -0.0005219
1341846439.269869 0.01091 0.007897 -0.004295 -0.004621 -0.01744 -0.0001312
1341846439.302022 0.01785 0.004281 0.005758 -0.009164 -0.01517 0.0003973
1341846439.338209 0.01601 -0.01021 0.01221 -0.006834 -0.01186 0.004106
1341846439.369920 0.009175 0.005006 -0.006293 0.001947 -0.01211 0.005604
1341846439.402179 0.02089 0.01775 -0.001322 -0.004092 -0.01207 0.00341
1341846439.437979 0.01582 -0.007517 0.008187 -0.01188 -0.005768 -0.002557
1341846439.470001 0.008085 -0.003766 0.002407 -0.00433 -0.008053 -0.002685
1341846439.502101 0.01443 0.005425 -0.002108 -0.001466 -0.01038 0.004718
1341846439.538102 0.02036 0.00852 -0.0001878 -0.005407 -0.006611 0.003609
1341846439.570087 0.01087 -0.004132 0.005278 -0.008706 -0.002833 -0.00137
1341846439.605986 0.008461 -0.000872 -0.0007609 -0.004015 -0.006494 -0.002172
1341846439.638201 0.01196 -0.0007166 0.0006984 -0.003541 -0.008354 -0.0001481
1341846439.670177 0.01303 0.002456 -0.0002945 -0.002526 -0.007102 0.001764
1341846439.706034 0.01315 -0.001712 -0.0001361 -0.002483 -0.007198 1.537e-05
1341846439.737939 0.007137 0.004453 -0.001151 -0.002592 -0.006054 -0.003303
1341846439.774173 0.00342 -0.0004707 -0.0007379 -0.003522 -0.01189 -0.002957
1341846439.806288 0.01716 -0.002246 0.006309 -0.002957 -0.01539 0.0008893
1341846439.846398 0.00788 -0.005369 0.006679 0.001181 -0.01129 0.002286
1341846439.906194 0.024 0.01298 -0.007132 0.006666 -0.03546 0.009559
1341846439.938149 0.01816 -0.00349 0.006562 -0.004725 -0.01345 -0.001297
1341846439.974174 0.001884 -0.01481 0.01179 0.002054 -0.0119 0.0005196
1341846440.006174 0.01608 0.002143 -0.00442 0.01334 -0.0208 0.005089
1341846440.042214 0.02446 0.01264 -0.005863 0.006232 -0.01702 -0.005915
1341846440.073971 0.009681 -0.000232 0.007725 -0.003336 -0.01004 -0.009275
1341846440.106449 0.008139 -0.003926 0.003713 0.002586 -0.01697 0.000238
1341846440.142076 0.02762 0.0127 -0.00995 0.002914 -0.01787 0.001038
1341846440.173898 0.01411 -0.001542 0.005747 -0.008552 -0.00947 -0.01085
1341846440.206048 0.02022 -0.007327 0.00797 -0.003274 -0.0121 -0.006927
1341846440.242218 0.02207 0.01516 -8.662e-07 0.002097 -0.006527 -0.0009562
1341846440.274220 0.003284 0.005991 0.01084 -0.008542 -0.00214 -0.0003236
1341846440.310040 0.01048 -0.006926 0.01521 -0.006783 -0.0121 -0.001599
1341846440.341908 0.02339 0.003919 0.007101 0.001284 -0.01612 -0.001085
1341846440.374065 0.02312 0.01247 0.008999 -0.0006042 -0.01244 0.0001219
1341846440.410065 0.01599 0.005746 0.01316 -0.003871 -0.01099 0.003072
1341846440.442063 0.01804 0.00651 0.01232 -0.00297 -0.01595 0.005559
1341846440.474055 0.02699 0.003312 0.01043 -0.002737 -0.0139 0.008784
1341846440.510034 0.01061 -0.001512 0.01218 -0.00233 -0.005716 0.003617
1341846440.542081 0.01054 -0.001893 0.01103 0.003051 -0.01024 0.003696
1341846440.578060 0.01732 0.01091 0.003508 0.006294 -0.0128 0.006585
1341846440.610154 0.01889 0.004403 0.006099 -0.001966 -0.01297 0.003274
1341846440.642042 0.02413 -0.006941 0.009094 -0.002663 -0.0102 -0.0002112
1341846440.678071 0.01268 -0.001594 0.01018 0.003221 -0.005036 -0.002307
1341846440.710213 0.009772 0.00233 0.00979 0.006174 -0.01082 -0.0007293
1341846440.742033 0.02897 -0.001 0.004575 0.006346 -0.01662 0.002171
1341846440.778145 0.02355 0.002656 0.004925 0.005827 -0.009275 -0.001277
1341846440.810360 0.01051 0.005301 0.00757 0.005102 -0.006882 -0.001219
1341846440.846329 0.02226 0.01011 -0.0006665 0.002694 -0.01529 5.809e-05
1341846440.878141 0.029 -0.00497 0.007214 -0.005969 -0.01029 -0.00533
1341846440.920960 0.01119 -0.01562 0.01258 -0.0003257 -0.001793 -0.005807
1341846440.952308 0.00644 0.00286 0.004002 0.01225 -0.005467 -0.002721
1341846440.986714 0.02042 0.01263 -0.004621 0.006774 -0.009904 -0.004387
1341846441.052118 0.02913 -0.001506 0.006374 -0.01031 0.009848 -0.02129
1341846441.114116 0.02002 -0.00496 0.00775 -0.003604 -0.009275 -0.002439
1341846441.146132 0.01809 -0.00312 0.005856 -0.0006035 0.002186 0.0001422
1341846441.178054 -0.00976 -0.0002649 0.01113 0.002683 0.002636 -0.001624
1341846441.214136 0.005864 0.005691 0.0001991 0.004959 -0.01311 0.006366
1341846441.246039 0.02327 0.00447 0.0003771 -0.002666 -0.01135 0.004799
1341846441.282130 0.005225 -0.007018 0.009634 -0.005167 -0.003453 0.0009905
1341846441.314084 0.002047 -0.002304 0.008935 0.002149 -0.008842 0.004134
1341846441.346088 0.02279 0.009748 -0.004671 0.002398 -0.01306 0.006788
1341846441.382129 0.01514 0.0007415 0.004829 -0.006491 -0.004383 0.001676
1341846441.414517 0.01224 -0.006875 0.005761 -0.005983 -0.0002485 -0.0003622
1341846441.445996 0.001703 -0.002272 0.007724 -0.001265 -0.000209 0.001155
1341846441.482023 0.01659 -0.0002614 0.001034 0.001685 -0.006374 0.005751
1341846441.514114 0.02506 0.008338 -0.00238 0.0006985 5.01e-05 -0.0003462
1341846441.582260 0.001708 -0.00624 0.01787 -0.006235 0.007156 -0.009865
1341846441.614425 0.01794 0.01214 -0.004706 0.003822 -0.007328 0.004435
1341846441.650563 0.01519 0.005422 0.002071 -0.006192 -0.0005663 -0.004389
1341846441.681977 -0.003014 -0.01154 0.01329 -0.00688 0.0006815 -0.005427
1341846441.714170 0.005752 -0.00861 0.005767 0.004791 -0.009115 0.005336
1341846441.750023 0.01591 0.001358 -0.002002 0.008556 -0.00885 0.001772
1341846441.781910 0.01412 0.001053 0.0003342 0.006316 -0.00583 -0.003264
1341846441.818076 0.009165 0.0009767 0.00177 0.005875 -0.005582 0.002386
1341846441.850011 0.01086 -0.001371 -1.589e-05 0.00606 -0.007842 0.003045
1341846441.882149 0.01944 -0.004397 -0.002065 0.006634 -0.00719 0.002236
1341846441.918074 0.01075 -6.174e-05 -0.0006197 0.009614 -0.001589 0.002258
1341846441.950113 0.01105 0.001587 -0.001897 0.009925 -0.00407 0.00135
1341846441.986157 0.0185 0.004969 -0.004137 0.00823 -0.00261 -0.004018
1341846442.018070 0.009974 0.005675 0.0004648 0.004484 0.001799 -0.009194
1341846442.050044 0.008191 0.003327 0.0128 0.004901 -0.003626 -0.006241
1341846442.086050 0.02229 0.00883 0.01417 0.009818 -0.009814 -0.003494
1341846442.118273 0.03906 0.01985 0.009204 0.008439 -0.009748 0.001797
1341846442.150914 0.04089 0.01909 0.02293 -0.001898 -0.004195 0.001635
1341846442.186309 0.04158 0.01402 0.03411 -0.003185 -0.01034 0.0003187
1341846442.254276 0.1154 0.02136 0.04879 0.003587 -0.03988 0.01788
1341846442.286112 0.05429 0.00616 0.02499 0.01025 -0.02772 0.0139
1341846442.318240 0.04894 0.0002085 0.01289 0.01501 -0.02974 0.01014
1341846442.359932 0.0485 -0.004731 0.007585 0.007779 -0.02299 0.002625
1341846442.417971 0.09966 -0.01196 0.02515 0.007074 -0.0558 0.005085
1341846442.455016 0.04542 -0.00623 0.006685 0.004318 -0.02258 -0.002912
1341846442.486191 0.04345 -0.006487 0.004878 0.002132 -0.01752 -0.01023
1341846442.522074 0.04207 -0.0134 -0.005506 -0.0001982 -0.02668 0.0009672
1341846442.553917 0.04076 -0.00557 0.0106 0.01079 -0.03168 0.001495
1341846442.585989 0.04156 -0.003737 0.00762 0.01028 -0.03076 9.81e-06
1341846442.627895 0.03961 -0.001969 0.001249 0.003671 -0.02735 0.001002
1341846442.686166 0.08746 -0.000674 0.02027 -0.01102 -0.0554 0.01555
1341846442.721990 0.04462 0.001701 0.0114 -0.008064 -0.02692 0.005223
1341846442.754276 0.04291 0.0004647 0.008125 -0.006705 -0.0197 0.004881
1341846442.790054 0.03714 -0.003292 -0.000345 -0.004297 -0.01406 0.01239
1341846442.822072 0.03682 -0.001856 -0.002095 0.002673 -0.01497 0.01446
1341846442.854093 0.03343 0.001758 -0.007295 0.002946 -0.01007 -0.001369
1341846442.889944 0.02858 -0.001093 -0.00634 -0.004299 -0.004921 -0.002779
1341846442.922114 0.02806 -0.00516 0.00133 -2.249e-05 -0.01233 0.000845
1341846442.954040 0.03762 -0.004379 -0.01751 -0.00134 -0.02052 -0.004316
1341846442.989997 0.04813 -0.007008 0.004413 -0.009905 -0.009611 -0.006163
1341846443.022264 0.0353 -0.009792 -0.001084 -0.003567 0.004274 -0.004817
1341846443.058071 0.02133 -0.003748 -0.01551 5.011e-05 -0.009639 -0.003372
1341846443.090123 0.02805 -0.006967 -0.004605 -0.005682 -0.01289 -0.005033
1341846443.122143 0.02639 -0.004978 -0.005568 -0.001951 0.002374 -0.01101
1341846443.158076 0.01249 -0.002748 -0.01187 -0.001942 0.002537 -0.007746
1341846443.190201 0.01813 -0.004585 -0.008773 -0.003183 -0.006775 -0.002775
1341846443.226121 0.02385 -0.005221 -0.006231 -0.0005461 -0.001723 -0.001975
1341846443.257975 0.01311 0.0006652 -0.01062 0.002094 0.004084 -0.002494
1341846443.289997 0.01299 6.54e-05 -0.0098 -0.001473 -0.003739 -0.002813
1341846443.326118 0.01699 -0.00143 -0.005734 -0.001691 -0.00548 -0.001267
1341846443.358067 0.01624 0.0006678 -0.006192 -0.001746 -0.002526 -0.0002178
1341846443.390137 0.007512 -0.001202 -0.003292 -0.001111 -0.002261 0.002087
1341846443.426198 0.01259 -0.001648 -0.002994 0.003916 -0.01239 0.004589
1341846443.458405 0.01239 0.002043 -0.001333 0.002585 -0.008645 -0.0008072
1341846443.494173 0.009817 0.000293 -0.001023 -0.001659 -0.007207 -0.000796
1341846443.558139 0.01615 -0.0114 0.006264 0.01443 -0.02763 0.00262
1341846443.594027 0.00642 -4.547e-05 -0.0008378 0.007884 -0.01162 -0.005961
1341846443.626290 0.006118 -0.01009 0.003452 0.005085 -0.01446 -0.005494
1341846443.658166 0.006644 -0.006193 -0.002072 0.01299 -0.01795 -0.00239
1341846443.694065 0.01031 0.001744 -0.004429 0.006877 -0.01471 -0.003656
1341846443.726282 0.01239 -0.004999 0.001899 0.001178 -0.009588 -0.007791
1341846443.770837 0.00903 -0.002663 0.001685 0.001594 -0.004063 -0.007619
1341846443.800403 0.01186 -0.009317 0.01001 0.002188 -0.001063 -0.001461
1341846443.831984 0.00803 -0.001523 0.00286 0.01236 0.0006056 0.004686
1341846443.868057 0.01071 0.001104 -0.003128 0.007817 -0.001103 0.0008612
1341846443.900439 0.01611 -0.0009427 0.0007457 0.002107 0.002936 -0.005098
1341846443.932086 0.007084 0.003223 -0.001174 0.0009017 0.006461 -0.005106
1341846443.993912 0.01515 -0.006121 0.00565 -0.008387 -0.001798 0.0007335
1341846444.029924 0.01339 -0.002819 0.004207 0.004312 -0.002441 0.004166
1341846444.061948 0.006006 0.002577 0.004101 0.006019 0.002299 0.005663
1341846444.093984 0.007029 0.001626 0.00296 0.00464 -0.0006645 0.001794
1341846444.129916 0.002112 0.00312 0.0006956 0.002616 0.0001208 -0.0002785
1341846444.162326 0.007114 -0.004601 0.003643 -1.547e-06 -0.005637 -0.0004354
1341846444.198431 0.01141 -0.00823 0.005772 0.004149 -0.0005592 -0.00137
1341846444.229953 0.002494 0.004584 0.003372 0.01005 0.005203 -0.001894
1341846444.261919 0.004483 0.006051 0.0005574 0.00108 0.004927 -0.008093
1341846444.298029 0.002119 -0.01123 0.01207 -0.0006095 0.006831 -0.001658
1341846444.335959 0.001406 0.001716 0.0005104 0.01391 0.006307 0.005614
1341846444.398189 0.005363 0.005738 0.0053 -0.0001407 0.01725 -0.004401
1341846444.429979 -0.007238 -0.0003508 0.01163 0.003996 0.00863 0.002567
1341846444.466022 -0.001623 0.002965 0.00422 0.003367 0.002925 0.004314
1341846444.498181 0.002959 0.0005119 0.005571 -0.0005313 0.006844 -0.001692
1341846444.530364 -0.006508 0.002503 0.01127 0.0009414 0.01361 -0.0005475
1341846444.566040 -0.0103 0.004087 0.009481 0.0001706 0.00661 0.005186
1341846444.598132 -0.003219 -0.001189 0.006213 -0.002105 0.004231 0.004219
1341846444.630024 -0.004224 0.004201 0.005973 -0.00096 0.008748 0.0001159
1341846444.666108 -0.01762 0.006951 0.01306 -0.00177 0.008656 -0.002446
1341846444.697995 -0.01256 0.002773 0.009406 -0.004802 -0.001562 0.0004727
1341846444.734205 -0.004405 0.002688 0.004788 -0.005253 -0.0003155 -0.001234
1341846444.766262 -0.01407 0.006583 0.01086 -0.006749 0.004406 -0.003884
1341846444.798037 -0.01326 -0.0005323 0.01545 -0.005804 0.0004378 -0.001844
1341846444.833972 -0.01106 0.001656 0.01164 -0.0007548 0.0007643 0.00198
1341846444.866116 -0.009846 0.006812 0.008976 -0.0004279 0.003323 -0.0004002
1341846444.898025 -0.01612 0.0001933 0.01608 -0.00339 0.00649 -0.003556
1341846444.934155 -0.01232 -0.004662 0.01665 0.0008146 0.004887 -0.0008619
1341846444.972057 -0.01414 0.01003 0.009407 0.005799 0.006043 0.0006041
1341846445.034071 -0.02925 -0.003039 0.0249 -0.003026 0.01245 -0.0001268
1341846445.065987 -0.01595 0.003914 0.0117 0.004877 0.007755 0.00182
1341846445.102399 -0.0145 0.007083 0.009976 -0.0003339 0.007346 0.0002345
1341846445.134054 -0.0116 -0.005669 0.01844 -0.005731 0.01003 0.002344
1341846445.170198 -0.006774 0.002155 0.01204 0.001947 0.01398 0.004568
1341846445.202068 -0.01375 0.01492 0.009381 -0.003003 0.009163 0.009147
1341846445.234202 -0.01052 -0.01084 0.01966 -0.01058 0.009712 0.008544
1341846445.270262 -0.00887 -0.0005262 0.01179 -0.001778 0.01566 0.01072
1341846445.334212 -0.03168 0.007694 0.0254 -0.005063 0.0186 0.01401
1341846445.370095 -0.006483 -0.007129 0.01489 -0.003623 0.01017 0.003367
1341846445.401934 -0.01957 0.003001 0.01418 0.003541 0.01315 0.003719
1341846445.437937 -0.01498 0.01258 0.005457 0.002167 0.004967 0.0002006
1341846445.469984 -0.0008743 0.009849 0.01174 -0.008519 0.009025 -0.001274
1341846445.502004 -0.02679 0.002008 0.02665 -0.008694 0.02039 0.001531
1341846445.537946 -0.01851 -0.002501 0.0119 -0.003073 0.006012 0.004422
1341846445.570063 -0.007082 -0.002002 0.006152 -0.001902 0.00555 0.008631
1341846445.602021 -0.02373 0.004738 0.01002 0.001739 0.009206 0.007608
1341846445.638006 -0.00551 0.01063 0.003415 0.0001192 0.0002752 -0.000714
1341846445.670085 0.01362 0.00509 0.01394 -0.01101 0.0151 -0.001994
1341846445.706037 -0.02293 0.001575 0.02135 -0.007167 0.02766 -0.008797
1341846445.738075 -0.0128 -0.005081 0.01354 -0.002922 0.01488 -0.001264
1341846445.770102 -0.003585 -0.004098 0.008321 0.001942 0.01462 0.005668
1341846445.806006 -0.008045 0.006025 0.003295 0.006381 0.009218 0.003812
1341846445.838049 0.0004611 0.01413 -0.0002972 -0.0009986 0.006038 0.004859
1341846445.870081 -0.007009 -7.395e-05 0.00844 -0.009899 0.01657 0.005066
1341846445.906156 -0.02302 -0.008612 0.01311 -0.004381 0.01738 0.006435
1341846445.938036 -0.01277 -0.003144 0.004906 0.00433 0.01084 0.01417
1341846445.974028 -0.01586 0.001209 0.007171 0.008785 0.009716 0.01704
1341846446.006089 -0.01279 0.0155 -0.005115 0.007241 0.004076 0.0116
1341846446.038148 -0.005041 0.01422 -0.00393 -0.008916 0.007988 -0.005795
1341846446.073973 -0.005385 0.005062 0.01008 -0.01694 0.01499 -0.01139
1341846446.106021 -0.01802 -0.008066 0.02332 -0.007786 0.01432 -0.002918
1341846446.138290 -0.01234 -0.003491 0.007094 0.004472 0.006866 0.004352
1341846446.174003 -0.0002096 0.02024 -0.003786 0.00515 0.008341 0.0007122
1341846446.206154 -0.02595 -0.0001771 0.01419 -0.009046 0.01597 -0.009598
1341846446.242005 -0.02266 -0.02222 0.01423 -0.00184 0.001869 -0.005262
1341846446.273991 0.009599 -4.757e-05 -0.007688 0.01162 0.0001166 0.0003801
1341846446.306170 -0.01553 0.006051 0.0008051 0.003462 0.01731 -0.009819
1341846446.342032 -0.01903 -0.009717 0.009838 0.0006244 0.00726 -0.01328
1341846446.373966 0.0009397 -0.005306 0.001598 0.007193 0.005762 -0.002009
1341846446.410081 -0.01434 0.004644 0.005491 0.007427 0.01451 -0.001998
1341846446.441987 -0.01486 -0.001439 0.006251 0.005325 0.006156 -0.002299
1341846446.474066 0.005098 -5.833e-05 0.003673 0.00609 0.005748 0.005842
1341846446.510038 -0.01092 0.001878 0.007279 0.005581 0.01404 0.004999
1341846446.542120 -0.01699 0.002675 0.004868 0.003721 0.004443 0.005739
1341846446.574035 0.0002911 0.00293 0.003802 -0.0008509 0.0004001 0.008461
1341846446.610113 -0.01402 -0.009825 0.01131 -0.002695 0.01037 0.005042
1341846446.642107 -0.01767 -0.007316 0.008097 0.006248 0.002979 0.006828
1341846446.678096 0.004727 0.003023 0.002176 0.007034 0.001968 0.009613
1341846446.710293 -0.01152 -0.005704 0.01174 0.004967 0.01478 0.0003251
1341846446.742013 -0.02178 -0.005313 0.007195 0.01063 0.008836 -0.002707
1341846446.778116 0.004942 0.003444 -0.0008648 0.01032 0.002742 0.003439
1341846446.810247 -0.01087 0.0003863 0.005624 0.004702 0.01784 0.001853
1341846446.842072 -0.02289 -0.006277 0.007055 0.005081 0.01204 -0.004993
1341846446.877989 -0.008371 -0.001351 0.004084 0.008223 0.004447 0.0004157
1341846446.910210 -0.01403 0.0005554 0.004578 0.006364 0.007587 0.00116
1341846446.979416 -0.02591 -0.001694 0.007342 0.0109 0.007321 -0.0004916
1341846447.048442 -0.02701 0.0007351 0.008602 -0.005323 0.008884 -0.003347
1341846447.110128 -0.02255 -0.01302 0.011 0.007574 -0.0004919 0.005165
1341846447.146292 -0.01412 0.003435 -0.000439 0.004775 -0.004545 0.002574
1341846447.179789 -0.001504 0.0007037 0.003649 7.829e-05 -0.008224 0.002482
1341846447.216160 -0.006064 -0.005761 0.007424 -1.01e-05 -0.0018 0.002089
1341846447.252104 -0.01425 -0.004773 0.002728 0.004563 -0.004378 0.001675
1341846447.284847 0.005473 0.003301 0.001451 0.005806 -0.009874 0.003511
1341846447.320107 -0.001229 0.0003736 0.004096 0.002633 0.0002388 -0.003115
1341846447.352050 -0.01322 -0.006273 0.003052 0.003064 0.0007543 -0.003513
1341846447.383924 -0.005634 -0.002013 -0.00175 0.006639 -0.00765 0.00375
1341846447.420069 0.009496 0.002835 0.001122 0.006246 -0.006545 0.0002789
1341846447.452015 -0.002009 0.0004882 0.001357 0.003427 0.003515 -0.006468
1341846447.488160 -0.007825 -0.001657 0.002365 0.003902 -0.0002026 -0.001191
1341846447.520057 0.01136 0.003055 0.0009275 0.005911 -0.00541 0.002861
1341846447.551976 0.008487 0.003192 0.001684 0.002873 0.005363 -0.002786
1341846447.588058 -0.003021 -0.002585 0.005646 0.001883 0.007892 -0.002383
1341846447.620036 -0.0002902 -0.003643 0.006441 0.007757 0.002974 0.001111
1341846447.656059 0.0001964 0.001424 -0.0002463 0.01235 0.001078 0.003352
1341846447.688035 0.003442 0.01028 -0.002483 0.008079 0.001863 -0.003871
1341846447.719948 0.004083 0.0003491 0.0055 0.0002588 0.006302 -0.007215
1341846447.756116 -0.006633 -0.001833 0.004519 0.00251 0.006295 -0.006515
1341846447.787990 -0.004635 -0.001763 0.00362 0.005609 -0.001232 -0.003979
1341846447.823997 0.003713 0.004596 -8.728e-05 0.006822 -0.003876 -0.001285
1341846447.856048 -0.004328 0.00526 0.0001354 0.001813 0.0006714 -0.002098
1341846447.888261 -0.005642 0.0007774 0.003786 -0.001182 -0.003923 -0.001018
1341846447.924141 0.003613 0.001222 0.003786 0.0006141 -0.007933 0.001838
1341846447.956316 0.007695 0.006428 0.002467 0.001276 -0.003027 0.0005691
1341846447.992036 -0.002957 0.0002196 0.004073 -0.001823 0.003253 -0.001624
1341846448.024057 -0.002058 -0.004467 0.008509 0.003649 -0.002097 0.003948
1341846448.092100 0.005952 0.0134 0.002197 0.02088 -0.003939 0.01511
1341846448.150222 -0.0009113 0.00401 0.001827 0.01484 -0.001674 0.005398
1341846448.186133 0.002088 0.01907 -0.002784 0.003206 4.206e-05 0.002339
1341846448.218203 0.003221 0.005678 0.003223 -0.01005 0.002877 -0.001144
1341846448.250175 -0.003155 0.0002097 0.006935 -0.009314 0.005134 0.0001206
1341846448.286053 -0.005236 -0.002012 0.005885 -0.003549 -0.0002205 0.001232
1341846448.318080 0.007476 0.003886 0.002529 0.001006 -0.004048 -0.0006644
1341846448.350345 0.001999 0.002649 0.003022 -0.0004118 0.004815 -0.002811
1341846448.385982 -0.007229 -0.00413 0.007444 0.001288 0.005311 -0.0002458
1341846448.417971 -0.002082 -0.001926 0.004011 0.01011 -0.0003749 0.0009056
1341846448.454017 0.002711 0.004531 -0.003537 0.01186 0.0005377 0.0004745
1341846448.486068 -0.002731 0.007087 -0.002917 0.006803 0.005575 0.004525
1341846448.518032 -0.005839 0.001947 0.002815 0.002465 0.001028 0.0003692
1341846448.553970 0.004918 0.0009069 0.00146 0.005564 -0.003127 0.0005637
1341846448.586105 0.003308 0.0131 -0.004552 0.004164 0.005145 0.001811
1341846448.621936 -0.009727 0.002103 0.001298 -0.0056 0.005992 0.00108
1341846448.653943 -0.001787 -0.005608 0.008143 -0.00365 -0.003416 0.004781
1341846448.686150 0.00741 0.001116 0.008361 0.006796 -0.00351 0.001193
1341846448.722086 -0.002886 0.0007285 0.003626 0.01009 0.001255 -0.0003773
1341846448.753983 -0.003546 -0.0007858 0.00628 0.01281 -0.005745 0.001281
1341846448.786053 0.01281 0.005932 0.002689 0.01773 -0.01098 0.00514
1341846448.822019 0.02047 0.02123 -0.003781 0.01032 -0.001116 0.0001246
1341846448.854125 -0.002027 0.004912 0.004692 -0.007704 0.00843 -0.005628
1341846448.890063 0.001959 -0.007053 0.01121 -0.003789 -0.002668 0.001319
1341846448.922419 0.009764 -0.0008804 0.01621 0.01351 -0.006886 0.00485
1341846448.954059 0.01666 0.005366 0.01762 0.02585 -0.01046 0.004269
1341846448.990056 0.02142 0.01042 0.01352 0.02829 -0.01326 0.003329
1341846449.022043 0.02639 0.006355 0.006816 0.01755 -0.01343 0.001229
1341846449.054021 0.03776 0.007139 0.002603 0.006393 -0.01508 0.001684
1341846449.090060 0.05133 0.01225 0.009536 -0.002408 -0.01889 0.0003871
1341846449.121998 0.04424 0.008304 0.01546 -0.00843 -0.01485 -3.768e-05
1341846449.158114 0.02817 0.01036 0.02457 -0.003212 -0.00937 0.001218
1341846449.190066 0.0226 0.009242 0.02449 0.0046 -0.01226 0.0006093
1341846449.222044 0.03329 0.008518 0.01122 0.008245 -0.01747 -0.001364
1341846449.258032 0.03545 0.006438 0.0005154 0.004495 -0.01073 -0.004859
1341846449.290278 0.03217 0.008724 0.003416 0.001132 -0.008971 -0.007962
1341846449.321912 0.02685 0.003264 0.009829 0.001545 -0.01182 -0.005446
1341846449.357984 0.03096 0.001559 0.002062 0.007238 -0.01471 -0.003598
1341846449.390027 0.0357 0.001317 -0.01052 -0.001376 -0.01616 -0.008913
1341846449.426101 0.03068 -0.001623 0.003242 -0.01568 -0.01226 -0.009063
1341846449.458035 0.03457 -0.001144 0.0127 -0.00574 -0.01294 0.004363
1341846449.490185 0.04268 -0.0002791 0.0003116 0.003328 -0.01842 0.0002645
1341846449.525989 0.05113 0.004406 -0.007632 0.003029 -0.02254 -0.00145
1341846449.558288 0.05454 0.005347 -0.009079 -0.004096 -0.01652 -0.0005425
1341846449.594265 0.05318 0.004385 -0.008367 -0.01433 -0.0132 0.0009753
1341846449.626133 0.05171 0.0045 0.005367 -0.01031 -0.0173 0.003315
1341846449.658161 0.05082 -0.0001301 0.006353 0.00191 -0.01828 0.003356
1341846449.694129 0.04951 -0.003008 -0.006955 0.006036 -0.02132 0.001658
1341846449.725937 0.04587 -0.002865 -0.008943 0.0007617 -0.01896 -0.001904
1341846449.757969 0.03585 -0.002757 -0.0038 0.005923 -0.009035 -0.004218
1341846449.794073 0.02559 -0.0006609 -0.01509 0.007064 -0.007047 0.0003082
1341846449.826150 0.02408 -0.0001267 -0.01375 -0.005187 -0.01128 0.001198
1341846449.861992 0.02737 -0.002879 -0.001835 -0.008272 -0.004471 0.003786
1341846449.894052 0.01846 -0.005122 -0.01705 -0.00964 0.0002919 0.002075
1341846449.925963 0.01668 -0.007251 -0.008531 -0.01477 -0.00992 -0.003502
1341846449.962133 0.01799 -0.008934 -0.003722 -0.008921 -0.01432 0.002425
1341846449.994047 0.01758 -0.005554 -0.007537 -0.005043 -0.01033 0.003105
1341846450.026443 0.01538 -0.002462 -0.007713 -0.005978 -0.005953 0.0005061
1341846450.062040 0.01091 -0.005121 -0.00209 -0.007759 -0.004978 0.001671
1341846450.094160 0.009332 -0.002162 0.001792 -0.00185 -0.00608 0.006325
1341846450.130133 0.006641 0.0007564 0.001237 0.002497 -0.004268 0.004333
1341846450.161911 0.004056 0.0009909 -0.001005 0.00113 -0.002439 -0.000753
1341846450.194126 0.003171 -0.0006136 0.003946 0.001996 -0.002462 -0.0006926
1341846450.230042 0.002928 -0.001983 -0.0008514 0.005304 0.0001578 0.0005075
1341846450.262009 0.003351 -0.0003631 -0.007107 0.001967 0.003719 0.002688
1341846450.294220 0.003792 0.0009273 -0.005426 -0.006601 0.00535 0.002387
1341846450.330052 0.00368 -0.004887 0.0002747 -0.007382 0.005703 0.006425
1341846450.361929 0.005589 -0.002697 -0.005241 -0.004088 -0.001467 0.0074
1341846450.398035 0.008358 -0.001707 -0.006356 -0.003047 -0.005001 -0.001648
1341846450.429941 0.009475 -0.001357 -0.005482 -0.002526 0.001653 -0.0004327
1341846450.461928 0.005648 -0.002403 -0.00797 -0.004251 0.003724 0.009667
1341846450.498062 0.007493 4.946e-05 -0.008124 -0.003577 -0.002532 0.01347
1341846450.529969 0.008835 0.001875 -0.004428 -0.000751 -0.002007 0.008875
1341846450.561983 0.007596 0.003879 -0.00661 0.003103 0.001074 0.004589
1341846450.598097 0.00749 0.005721 -0.007076 0.00187 0.0003199 0.0009312
1341846450.630436 0.01172 0.007849 -0.002318 0.002967 0.002304 -9.254e-05
1341846450.666178 0.01367 0.01301 -0.001728 0.007053 0.006632 -0.002463
1341846450.698174 0.0102 0.01614 -0.0001786 0.008165 0.01099 -0.009378
1341846450.730214 0.007987 0.01626 0.00336 0.009623 0.01099 -0.00131
1341846450.765977 0.007268 0.01559 -0.002058 0.009072 0.006454 0.01329
1341846450.798042 0.00531 0.01862 -0.001617 0.007957 0.001124 0.01436
1341846450.834020 0.002209 0.01524 -0.0007695 0.006501 -0.001219 0.00863
1341846450.866022 0.003769 0.031 0.004462 0.01955 -0.004551 0.01038
1341846450.898067 0.00287 0.03808 -0.001704 0.02607 -0.002683 0.01002
1341846450.934091 0.001926 0.04365 -0.005722 0.01897 0.006483 0.002164
1341846450.966100 -0.001625 0.01658 0.001056 0.001741 0.009784 0.00448
1341846450.998096 0.002331 0.01739 0.004857 0.01011 0.004121 0.01133
1341846451.034057 0.002845 0.02162 -0.001131 0.01886 -0.002073 0.01286
1341846451.068370 0.004411 0.03014 -0.008256 0.0201 -0.004006 0.009091
1341846451.102153 0.008064 0.01822 -0.002642 0.008341 0.00205 0.005723
1341846451.133979 0.005288 0.006844 0.0006241 0.00572 0.0009877 0.005771
1341846451.165987 0.007451 0.01501 -0.007613 0.009532 -0.003018 0.005136
1341846451.202275 0.01215 0.01108 -0.0001202 0.004752 -0.001438 -0.0003423
1341846451.234790 0.008847 0.007071 -0.002568 0.008918 -0.0001735 -0.001867
1341846451.302134 0.01361 0.03594 -0.01623 0.0005576 0.004758 0.002849
1341846451.334095 0.01523 0.005071 0.008708 -0.0008497 -0.01249 0.005493
1341846451.370064 0.01962 0.0101 -0.007964 0.005563 -0.01188 0.002497
1341846451.402007 0.007693 0.01501 -0.00908 -0.0002133 -0.002526 -0.002831
1341846451.434004 0.007981 0.0004323 -0.0004677 -0.01041 -0.007449 -0.002865
1341846451.470107 0.01148 0.002817 0.002507 -0.005212 -0.01163 -0.001515
1341846451.502266 0.01446 0.0002132 0.003771 -0.003247 -0.01468 -0.002744
1341846451.534027 0.01268 -0.001152 0.004487 -0.002976 -0.0149 -0.002992
1341846451.570038 0.01026 -0.000851 0.005408 -0.001106 -0.01217 0.0005816
1341846451.601887 0.009768 -0.001881 0.008671 0.0004321 -0.01126 -0.0008872
1341846451.637996 0.01274 0.002152 -0.0003148 0.003731 -0.01115 -0.001615
1341846451.669951 0.009732 0.004539 0.0004382 -0.0007209 -0.009814 -0.00365
1341846451.702077 0.01506 -0.005933 0.0074 -0.005816 -0.01241 0.0005032
1341846451.737995 0.01868 -0.002559 0.008911 -0.002124 -0.01 0.001836
1341846451.770041 0.01375 -0.006322 0.009976 -0.001435 -0.01045 0.0006695
1341846451.806071 0.0166 -0.002255 0.00738 0.001172 -0.01501 0.002068
1341846451.838004 0.01875 -0.0003179 0.01476 0.006525 -0.008456 0.001519
1341846451.870027 0.00723 -0.008469 0.007493 0.00685 -0.001359 0.002613
1341846451.905961 0.005165 -0.002917 0.006751 0.00204 -0.005665 -0.002818
1341846451.937970 0.01099 -0.00283 0.01123 -0.001397 -0.005242 -0.00331
1341846451.970138 -0.0008113 0.003495 0.00734 -0.005318 0.004728 0.00453
1341846452.006080 0.001898 -0.005507 0.01522 -0.01522 0.00366 0.005687
1341846452.037935 0.005903 -0.00365 0.02369 -0.009329 0.006174 -0.00385
1341846452.073949 -0.007872 -0.01078 0.01375 -0.009694 0.0146 -0.006844
1341846452.105977 -0.01219 -0.01864 0.01252 -0.01027 0.01088 -0.002317
1341846452.138008 -0.01057 -0.01052 0.006576 -0.005559 0.005662 -0.004178
1341846452.174074 -0.01541 0.004518 0.009564 -0.006405 0.01054 -0.007285
1341846452.206235 -0.02389 -0.00609 0.01198 -0.01901 0.01848 -0.005709
1341846452.238073 -0.01523 -0.00532 0.01961 -0.01266 0.009599 -0.002657
1341846452.274106 -0.02455 -0.00913 0.00805 -0.00991 0.00881 -0.002383
1341846452.306097 -0.03071 -0.007923 0.01312 -0.0141 0.01086 -0.01109
1341846452.342082 -0.02541 -0.007365 0.02824 -0.009797 0.01012 -0.01053
1341846452.374034 -0.03063 -0.01011 0.01571 -0.0001386 0.007962 -0.004037
1341846452.406041 -0.02373 0.002957 0.004698 0.002845 0.002153 -0.006435
1341846452.442053 -0.02577 -0.003747 0.02167 -0.007941 0.01251 -0.01359
1341846452.474108 -0.03109 -0.01242 0.02184 -0.009958 0.02318 -0.01256
1341846452.506073 -0.03344 -0.01488 0.01487 -0.004472 0.01231 -0.005206
1341846452.542118 -0.03048 -0.008032 0.01076 0.001835 0.006011 -0.002924
1341846452.574108 -0.03238 -0.00725 0.01099 -0.007709 0.01602 -0.01255
1341846452.610038 -0.02794 -0.01236 0.01616 -0.01392 0.01403 -0.004578
1341846452.642126 -0.02321 -0.01235 0.02015 -0.008561 0.005796 -0.0002346
1341846452.674053 -0.01908 -0.01068 0.01966 -0.001873 0.002042 -0.003479
1341846452.709891 -0.02274 -0.01078 0.0128 0.0004923 0.00444 -0.00291
1341846452.742117 -0.0239 -0.01151 0.008736 -0.003269 0.003666 -0.002175
1341846452.774020 -0.02241 -0.01442 0.01149 -0.00613 0.0002435 -0.0008396
1341846452.810050 -0.02086 -0.0158 0.01021 -0.00671 0.001552 -0.001316
1341846452.842060 -0.0185 -0.01803 0.01265 -0.007656 0.002534 -0.00166
1341846452.910212 -0.04857 -0.04267 0.00638 -0.01822 0.008531 -0.002527
1341846452.942284 -0.02338 -0.02088 0.0004201 -0.01316 0.009894 -0.001233
1341846452.978269 -0.01771 -0.0205 0.009734 -0.01401 0.005547 -0.002304
1341846453.010078 -0.01678 -0.01743 0.01231 -0.002831 -0.0008956 0.002703
1341846453.046005 -0.0186 -0.01329 0.000823 0.002684 0.0004864 0.00248
1341846453.078276 -0.02285 -0.01267 -0.009945 -0.004451 0.01039 -0.0005435
1341846453.111410 -0.02099 -0.01835 -0.00742 -0.01377 0.008123 0.001361
1341846453.152099 -0.01943 -0.01792 -5.14e-05 -0.01251 0.002746 0.002365
1341846453.210744 -0.04741 -0.0325 -0.02301 -0.02832 0.01664 0.01141
1341846453.246368 -0.02076 -0.01771 -0.003264 -0.01876 0.008992 0.005167
1341846453.281016 -0.01628 -0.01869 -0.001047 -0.01625 0.003172 0.007277
1341846453.346478 -0.03858 -0.03339 -0.00987 -0.03827 0.01163 0.006868
1341846453.413993 -0.02879 -0.02589 -0.005111 -0.03406 0.000413 0.01518
1341846453.447282 -0.0166 -0.01125 -0.00574 -0.02432 0.002473 0.004072
1341846453.489022 -0.02327 -0.01572 0.001921 -0.02954 0.01156 -0.007665
1341846453.520074 -0.02346 -0.01574 0.003758 -0.02835 0.006462 -0.01057
1341846453.552202 -0.01241 -0.01306 0.00464 -0.02307 0.001266 -0.01255
1341846453.588242 -0.0142 -0.01264 0.01343 -0.01488 0.004044 -0.0117
1341846453.619879 -0.0135 -0.00687 0.006419 -0.003094 0.001775 -0.0007477
1341846453.656024 -0.009007 -0.001578 -0.005601 -0.002306 -0.0001076 0.004555
1341846453.687999 -0.01074 -0.003135 -0.005109 -0.0087 -0.0008506 0.001048
1341846453.720025 -0.01027 -0.004853 -0.005312 -0.01031 -0.0005967 -2.961e-05
1341846453.756055 -0.009586 -0.004978 -0.005827 -0.01116 0.001303 -0.003395
1341846453.787935 -0.009175 -0.009728 -0.002102 -0.01074 0.003471 -0.00558
1341846453.824011 -0.006358 -0.009382 -0.002459 -0.003544 0.0008925 -0.005584
1341846453.855942 -0.005193 -0.00566 -0.006905 0.002412 0.000153 -0.003479
1341846453.888038 -0.007546 0.003148 -0.01115 0.001355 0.001815 -0.003448
1341846453.924065 -0.004815 -0.005408 -0.00695 -0.005 0.001716 -0.0009697
1341846453.955921 -0.008101 0.002256 -0.01203 -0.005153 0.002289 -0.0006185
1341846453.987940 -0.007055 0.001512 -0.01147 -0.0133 0.004344 -0.0008653
1341846454.024255 -0.004545 -0.01209 -0.001023 -0.01661 0.001914 0.003294
1341846454.056313 0.009105 -0.01392 0.005668 -0.007111 -0.001955 0.005458
1341846454.088076 -0.01116 0.0003159 -0.008837 0.004002 0.006585 -0.002342
1341846454.124105 -0.004775 -0.00539 -0.007623 0.001007 0.003249 -0.001395
1341846454.156054 -0.003426 -0.01155 -0.008052 0.0005582 0.003248 -0.001961
1341846454.191955 -0.008544 -0.009814 -0.01519 0.004364 0.002777 0.0005323
1341846454.224008 -0.006031 -0.008066 -0.02016 0.001327 0.003035 0.002233
1341846454.256124 -0.01263 -0.01192 -0.02047 -0.002054 0.003202 -0.00263
1341846454.291937 -0.01144 -0.01373 -0.02104 -0.002168 0.0003065 0.001154
1341846454.323981 -0.006748 -0.01529 -0.01677 -0.002852 0.00083 0.001088
1341846454.355934 -0.01336 -0.0182 -0.02153 -0.002321 0.005915 -0.007719
1341846454.392062 -0.01962 -0.01434 -0.01946 -0.0008736 0.004262 -0.004677
1341846454.423951 -0.009822 -0.009143 -0.01739 -0.003246 -0.0004825 -0.0002752
1341846454.456041 -0.01182 -0.01407 -0.0138 -0.00824 0.005046 -0.008293
1341846454.492065 -0.01996 -0.01269 -0.01145 -0.007953 0.005277 -0.006575
1341846454.524037 -0.01272 -0.01093 -0.008588 -0.006845 -0.0003503 0.002178
1341846454.555946 -0.01102 -0.01121 -0.009481 -0.007575 0.004662 -0.005286
1341846454.591893 -0.02237 -0.01 -0.004819 -0.008985 0.01076 -0.008316
1341846454.624115 -0.01807 -0.01024 -0.003108 -0.007741 0.00646 -0.002936
1341846454.659990 -0.01108 -0.004818 -0.006828 -0.007763 0.005018 -0.003317
1341846454.691970 -0.01851 -0.008168 0.002246 -0.0137 0.01009 -0.008468
1341846454.723925 -0.02078 -0.0109 0.005468 -0.0104 0.00688 -0.004907
1341846454.759924 -0.01654 -0.009164 0.003879 -0.006391 0.004147 0.001435
1341846454.792135 -0.01246 -0.003428 -0.001763 -0.005612 0.002486 2.057e-05
1341846454.823976 -0.01519 -0.003025 0.0035 -0.01379 0.002416 -0.009209
1341846454.859970 -0.01469 -0.01367 0.01361 -0.01933 0.002177 -0.01381
1341846454.892266 -0.01318 -0.01565 0.01322 -0.01079 0.003218 -0.005804
1341846454.959988 0.000878 -0.01422 0.005735 -0.00654 -0.008941 -0.002744
1341846455.022227 0.00855 -0.02379 0.01403 -0.01562 -0.008952 -0.01243
1341846455.054099 0.01202 -0.01518 0.003735 -0.001676 -0.01204 1.314e-05
1341846455.090050 0.01958 -0.008105 0.0007698 -0.001967 -0.009502 -0.004838
1341846455.122055 0.01162 -0.007342 0.004215 -0.005522 -0.002047 -0.009322
1341846455.153946 0.01137 -0.01154 0.008872 -0.008192 -0.007039 -0.003855
1341846455.190190 0.02125 -0.009964 0.007743 -0.006739 -0.01003 -0.001264
1341846455.222061 0.02017 -0.01119 0.01368 -0.006311 -0.002594 -0.006595
1341846455.258176 0.01056 -0.007438 0.01704 -0.0006215 -0.0007308 -0.002432
1341846455.289996 0.01959 -0.003311 0.01503 0.00256 -0.006618 0.003572
1341846455.322654 0.02375 -0.005827 0.006969 0.0007841 -0.00377 -0.001546
1341846455.358098 0.02104 -0.006243 0.005686 -0.002131 0.004352 -0.00688
1341846455.390002 0.01585 -0.01249 0.007979 -0.0005686 0.002533 -0.002752
1341846455.422100 0.01681 -0.004257 0.01088 0.007501 -0.007937 0.007125
1341846455.458125 0.01654 -0.001366 -0.002578 0.004471 -0.001691 -0.0006804
1341846455.490042 0.01623 -0.00602 0.004826 -0.005468 0.004261 -0.01033
1341846455.525978 0.009525 -0.0178 0.007779 -0.00714 0.0006111 -0.003794
1341846455.558173 0.01434 -0.008099 0.009518 0.002261 -0.006334 0.00432
1341846455.590092 0.01041 -0.004013 0.004811 -0.0004625 0.002838 -0.004275
1341846455.625973 0.008994 -0.01184 0.005841 -0.005018 0.002732 -0.0008141
1341846455.658077 0.009764 -0.01191 0.006036 -0.003617 -0.001027 0.004939
1341846455.690122 0.009477 -0.007368 0.0001676 -0.001943 -0.0005398 0.003554
1341846455.726004 0.007667 -0.01252 -0.001798 -0.0124 0.002774 -0.001267
1341846455.758157 0.009153 -0.01212 0.001597 -0.01426 0.0001922 0.002316
1341846455.826431 0.0173 -0.02173 -0.003939 -0.02276 -0.001778 0.0002724
1341846455.858084 0.009375 -0.005936 -0.003911 -0.0163 -0.0009098 -0.009053
1341846455.893948 0.009991 -0.016 0.006127 -0.01975 -0.006319 -0.001236
1341846455.926012 0.01068 -0.01105 0.003234 -0.01322 -0.007129 0.002384
1341846455.958115 0.009485 -0.005447 0.002246 -0.0125 -3.624e-05 -0.006438
1341846455.994972 0.008109 -0.01382 -0.0006565 -0.01399 -0.001813 0.00247
1341846456.026027 0.009146 -0.009985 -0.0001961 -0.008492 -0.003653 0.003865
1341846456.061926 0.008847 -0.007059 -0.005102 -0.008261 0.0007549 0.0006707
1341846456.093945 0.009659 -0.01071 -0.005495 -0.01007 6.136e-05 0.004346
1341846456.126153 0.01135 -0.01537 -0.0009892 -0.008032 -0.002122 0.008026
1341846456.162325 0.008373 -0.007584 -0.01222 -0.002141 -0.0008421 0.007011
1341846456.194021 0.008821 -0.004612 -0.01187 -0.008903 -0.000721 -0.0004069
1341846456.229852 0.01235 -0.01692 -0.007146 -0.01458 -0.003951 0.0005049
1341846456.262012 0.01397 -0.01723 -0.005837 -0.007483 -0.004492 0.004066
1341846456.293900 0.01244 -0.01166 -0.008742 -0.002461 -0.003209 0.005276
1341846456.330221 0.01122 -0.003492 -0.007952 -0.004769 -0.002717 0.0001341
1341846456.362093 0.0177 -0.01323 -0.006097 -0.009085 -0.002941 -0.0005301
1341846456.394095 0.0173 -0.01955 -0.01583 -0.0009973 -0.000216 0.005075
1341846456.429930 0.01775 -0.007194 -0.01967 0.003005 -0.0005577 0.01072
1341846456.462149 0.02105 -0.009152 -0.01611 -0.0004259 -0.001717 0.007825
1341846456.498080 0.01355 -0.002204 0.003624 0.0004794 0.001146 0.0005336
1341846456.529977 0.01362 -0.002425 -0.003954 0.0004787 -0.00302 0.003409
1341846456.562074 0.01714 -0.01025 -0.01121 0.0002999 -0.005652 0.003415
1341846456.598113 0.01955 -0.003014 -0.00402 0.0001348 0.000553 -0.005682
1341846456.629868 0.0129 -0.003809 0.009766 -0.0005968 0.003077 -0.002544
1341846456.662113 0.004219 -0.004465 0.007428 0.004501 -0.0009881 0.007686
1341846456.697989 0.004238 -0.00406 -0.0002076 0.002984 0.001241 0.002517
1341846456.730098 0.002093 -0.00815 0.005177 -0.001452 0.005324 -0.00204
1341846456.766110 0.000231 -0.008065 0.001712 0.000392 0.00152 0.002095
1341846456.798062 0.001609 -0.007228 0.002057 0.001058 -0.001211 0.006398
1341846456.830204 0.002026 -0.004942 -0.0005073 -0.002427 0.001691 -1.032e-05
1341846456.866247 0.00058 -0.008657 0.008336 -0.003855 0.002827 -0.002734
1341846456.898128 0.0002437 -0.005971 0.004313 -0.001399 -0.0002876 0.0006378
1341846456.929870 0.0009767 -0.007831 0.009135 0.000892 -0.003138 0.005151
1341846456.966238 0.003042 -0.003452 -0.000456 -0.0003614 -4.147e-05 -0.004378
1341846456.997966 0.000246 -0.004407 0.005978 -0.005391 0.00129 -0.006313
1341846457.034139 0.0007544 -0.007421 0.01112 -0.001008 -0.003382 0.002969
1341846457.066343 0.003844 -0.002 -5.99e-05 0.002573 -0.0005316 0.002094
1341846457.098123 0.0009986 -0.001556 0.001853 -0.003492 0.0003898 0.0005211
1341846457.133984 0.002802 -0.005365 0.008679 -0.003588 -0.0004347 0.0005847
1341846457.165966 0.001626 0.0006899 -0.001835 -0.003252 0.002655 -0.001116
1341846457.198024 -1.664e-06 -0.001602 0.005034 -0.007345 -0.002948 0.003453
1341846457.234155 0.003297 -0.004531 0.01021 -0.005965 -0.00384 0.0007009
1341846457.266029 0.002022 -0.001024 0.007865 -0.001587 -0.000578 9.161e-06
1341846457.302162 0.0009735 -0.001768 0.009901 0.001485 -0.003574 0.004159
1341846457.334093 0.003182 0.001452 0.002897 0.003136 -0.003908 0.0008721
1341846457.365992 0.001391 0.0007399 0.002643 0.001493 -0.002629 -0.001865
1341846457.401999 -0.0001448 0.002149 0.006844 0.001803 -0.005532 0.002736
1341846457.434165 0.00292 0.001214 0.009089 0.004674 -0.005315 0.006394
1341846457.470028 0.002226 0.003074 0.00185 0.005915 0.001073 -0.0004652
1341846457.502234 -0.003547 0.005462 0.003526 0.004889 0.0005431 0.002098
1341846457.534037 -0.002586 0.001278 0.009477 0.007968 -0.005571 0.00922
1341846457.570088 0.0009287 0.005362 0.0001996 0.01433 -0.002541 0.004338
1341846457.601985 -0.002161 0.01225 -0.00566 0.01183 -0.0009399 -0.002329
1341846457.634100 -0.005169 0.009175 -0.004425 0.007344 -0.007132 -0.004832
1341846457.670084 -0.001926 0.007278 -0.004528 0.006452 -0.008896 -0.00563
1341846457.701992 -0.0009703 0.01425 -0.01259 0.006566 -0.008774 -0.005118
1341846457.738024 -0.003041 0.01667 -0.009783 -2.103e-05 -0.00784 -0.006693
1341846457.770266 -0.001153 0.0108 -0.008393 -0.003691 -0.007427 -0.00483
1341846457.802137 -0.002511 0.008974 -0.007602 -0.002908 -0.005358 9.724e-06
1341846457.838017 -0.004511 0.01194 -0.008679 -0.002325 -0.007655 0.003359
1341846457.870077 0.003283 0.003717 -0.006627 -0.002357 -0.005642 -0.003142
1341846457.902124 -0.006993 0.01848 -0.008239 0.001157 0.0008392 -0.003732
1341846457.937994 -0.009521 0.00602 0.003921 -0.002592 -0.005716 0.00429
1341846457.970119 0.005624 0.009428 -0.008113 0.004728 -0.004295 0.0011
1341846458.006046 -0.00943 0.0149 -0.002115 0.006304 0.00199 0.00189
1341846458.038014 -0.01126 0.01297 0.0002957 0.005166 -0.005081 0.004996
1341846458.070131 0.002221 0.01251 -0.008273 0.006528 -0.00624 -0.002088
1341846458.106139 -0.005305 0.01562 -0.004726 0.005116 4.653e-05 -0.009779
1341846458.138044 -0.011 0.01204 0.0002185 0.003728 -0.001532 -0.00593
1341846458.169976 -0.003753 0.007379 -0.003525 0.007055 -0.004893 0.002213
1341846458.205943 0.0001003 0.01589 -0.006833 0.01049 -0.0009655 0.00103
1341846458.238247 -0.005213 0.01887 -0.001482 0.008359 0.004364 -0.003313
1341846458.273991 -0.01141 0.01071 0.001758 0.007839 0.001288 0.001828
1341846458.306111 5.457e-05 0.01836 -0.006018 0.01134 0.0005796 0.001944
1341846458.344939 -0.007995 0.0222 -0.002415 0.008137 0.004109 -0.004781
1341846458.406267 -0.01264 0.0275 -0.002032 0.01077 0.003256 -0.009463
1341846458.442040 -0.006204 0.01698 -0.00422 0.008985 0.001237 1.982e-06
1341846458.473980 -0.003506 0.01748 -0.003552 0.007056 0.0007942 -0.003295
1341846458.506295 -0.004498 0.01287 0.001001 0.00641 0.002633 -0.004216
1341846458.541965 -0.00814 0.01191 0.002948 0.0103 0.003052 -0.001436
1341846458.573927 -0.003281 0.03095 -0.005629 0.01399 0.001606 -0.004103
1341846458.606148 -0.009256 0.01054 0.007445 0.003967 0.002088 -0.006036
1341846458.642017 -0.001706 0.01081 0.001894 0.01184 0.001343 -0.002399
1341846458.673954 -0.007206 0.01561 0.004419 0.0155 0.008339 -0.002069
1341846458.710158 -0.01111 -0.001497 0.00801 0.01613 0.00537 0.003836
1341846458.741981 0.00778 0.02194 -0.006788 0.02647 0.004611 0.007781
1341846458.773965 -0.00441 0.01559 0.005346 0.02013 0.01584 0.006629
1341846458.810261 -0.004527 0.01877 8.281e-05 0.01904 0.006482 0.008311
1341846458.845355 0.0007169 0.01968 -0.002522 0.01049 0.001867 0.003153
1341846458.910230 -0.00127 0.01641 0.01015 0.005576 0.004028 -0.008501
1341846458.942341 0.001026 0.0066 0.004702 0.006067 -0.001826 0.004064
1341846458.979658 0.003038 0.006875 0.003214 0.007433 0.00101 0.002939
1341846459.010325 -3.593e-05 0.005521 0.007897 0.00914 0.005354 0.00171
1341846459.052625 -0.002364 0.006454 0.007397 0.01528 0.003282 0.006511
1341846459.078195 0.00111 0.01071 0.002929 0.01659 0.001345 0.005996
1341846459.110297 -0.002459 0.008882 0.00503 0.01405 0.001373 0.005275
1341846459.156583 0.002584 0.01311 -0.0006591 0.01089 -0.0005687 -0.001012
1341846459.209921 -0.008353 0.01615 0.01136 0.008982 0.001447 -0.0009263
1341846459.246034 0.000547 0.005199 0.01031 0.007965 -0.002515 0.005018
1341846459.278165 -0.003632 0.006442 0.006748 0.01804 0.001106 0.005151
1341846459.310125 -0.003322 0.01027 0.004191 0.01949 -0.001947 0.01264
1341846459.346071 -0.0006717 0.008961 0.004024 0.01841 -0.004172 0.01007
1341846459.378112 -0.0005988 0.01357 -0.0004921 0.01042 -0.002559 0.001355
1341846459.409983 -0.002461 0.01157 0.003325 -0.0001322 -0.006574 0.002456
1341846459.446124 0.001431 0.004481 0.006565 -0.002738 -0.009267 0.007209
1341846459.478285 0.004424 0.003038 0.004351 -2.14e-05 -0.003719 0.009757
1341846459.514102 -0.002549 0.002809 0.008375 0.005203 0.0006673 0.0202
1341846459.546042 -0.0002703 0.00639 0.002498 0.01263 -0.004661 0.03694
1341846459.578086 0.005181 0.01082 -0.004441 0.008906 -0.002041 0.03918
1341846459.614088 0.003124 0.007585 -0.00111 -0.001623 0.003801 0.0349
1341846459.646471 -0.004187 -0.0004681 0.01026 -0.002914 0.004868 0.03526
1341846459.682060 -0.0002654 -0.002879 0.001544 0.004582 -6.732e-05 0.03973
1341846459.713908 0.004147 0.003293 -0.005675 0.003717 0.003362 0.03736
1341846459.746062 -0.001677 -0.001444 0.003318 0.0005876 0.006159 0.03341
1341846459.782130 -0.000414 -0.001115 -0.001283 0.003298 0.005314 0.0326
1341846459.814161 0.001876 0.005296 -0.007697 -0.0002337 0.004868 0.03375
1341846459.845917 0.003031 0.001556 -0.003035 -0.007613 0.007899 0.03139
1341846459.881966 -0.003599 -0.004883 0.01201 -0.006292 0.01324 0.02958
1341846459.914201 -0.003838 -0.006348 0.01273 0.005422 0.01139 0.04041
1341846459.950366 0.0009638 -0.001562 -0.001309 0.01314 0.008345 0.04787
1341846459.982150 0.005176 -0.00151 -0.006393 0.009227 0.01119 0.03685
1341846460.014318 -0.0009813 0.0003021 0.003633 0.0071 0.01373 0.03418
1341846460.050064 -0.001211 -0.002272 0.00803 0.00668 0.007305 0.03582
1341846460.082470 0.004504 -0.001818 -0.005548 0.007302 0.005272 0.02636
1341846460.113981 0.005573 0.0008111 -0.004834 0.004328 0.01131 0.01598
1341846460.150105 -0.0001615 0.0005067 0.009171 0.002912 0.01022 0.02184
1341846460.181998 0.001027 -0.0005225 0.007684 0.004714 0.002722 0.02868
1341846460.218224 0.005251 4.523e-05 -0.006674 0.003866 0.0007356 0.01686
1341846460.250207 0.003725 0.004035 0.0007898 0.0001959 0.003529 0.01336
1341846460.282079 0.001134 -0.003846 0.01266 0.001238 0.0008219 0.01743
1341846460.318118 0.00527 -0.003391 -0.0004702 0.007702 0.003256 0.01858
1341846460.350039 0.003422 -0.0003877 0.0005668 0.0102 0.008054 0.01844
1341846460.382034 0.002632 0.0006749 0.002496 0.009494 0.007906 0.01829
1341846460.417986 0.002941 -0.001473 0.002214 0.009689 0.006892 0.01752
1341846460.450206 0.00316 0.0003248 -8.833e-05 0.01013 0.007491 0.02007
1341846460.486901 0.002791 0.0008466 -0.00239 0.008328 0.008284 0.02178
1341846460.550003 0.003607 0.002341 0.009618 0.01733 0.01541 0.05607
1341846460.585983 0.003217 0.002371 -0.005189 0.01007 0.006387 0.03006
1341846460.618376 0.00349 0.00496 -0.004126 0.008158 0.009519 0.02566
1341846460.654440 -0.0007733 0.003409 0.007898 0.00786 0.009306 0.02762
1341846460.685981 0.0006331 0.002856 0.002539 0.008622 0.004282 0.0279
1341846460.719720 0.002503 0.005152 -0.005121 0.006843 0.006442 0.01804
1341846460.754596 -3.134e-05 0.003585 0.01297 0.009692 0.01082 0.0192
1341846460.818048 0.001542 0.00497 0.003117 0.03054 0.01402 0.04582
1341846460.854135 0.001377 0.004486 -0.0029 0.01019 0.007157 0.01075
1341846460.886066 0.002025 0.002761 0.005532 0.01009 0.003354 0.01211
1341846460.922118 0.0025 0.003687 0.004336 0.01302 -0.002032 0.01548
1341846460.953981 8.675e-05 -0.0003644 -0.005696 0.007497 -0.00171 0.005159
1341846460.986060 0.0009866 0.003447 0.001497 0.004711 0.0002339 0.002042
1341846461.022018 0.001165 0.005428 0.006719 0.008984 -0.001905 0.00721
1341846461.053987 0.0005437 0.002591 0.000715 0.009614 -0.002406 0.006299
1341846461.086024 0.0006127 0.0003463 -0.003021 0.005456 -0.0005177 -0.004246
1341846461.122172 0.0001728 0.00188 -0.004461 0.0009464 -0.001708 -0.01269
1341846461.153999 0.0006198 0.005024 0.002569 0.002833 -0.01043 -0.01114
1341846461.190395 -0.003615 -0.001813 -0.004072 -0.001027 -0.01215 -0.01938
1341846461.222053 -0.004779 -0.003554 -0.004529 -0.007915 -0.004271 -0.02605
1341846461.254158 -0.003231 0.003706 0.003623 -0.002584 -0.006553 -0.01176
1341846461.289936 -0.004369 -0.0009563 -0.006066 -0.005836 -0.009126 -0.005823
1341846461.322044 -0.00367 -0.003463 0.0009339 -0.008671 -0.0007658 -0.008541
1341846461.354118 -0.002108 0.003144 0.004449 -0.001722 0.002544 -0.0006755
1341846461.390065 -0.002258 0.004825 0.001614 0.002232 -0.004058 0.007898
1341846461.422073 -0.001699 -0.001498 -0.003681 -0.002358 -0.00536 -0.004244
1341846461.458072 -0.001018 -0.0001531 -0.004322 -0.005741 -0.002997 -0.01703
1341846461.490119 -0.005264 0.001762 0.006921 -0.004294 -0.00608 -0.01655
1341846461.522406 -0.002626 -0.001687 0.001103 -0.00408 -0.01253 -0.02633
1341846461.558036 0.0007065 0.0004784 -0.01732 -0.009205 -0.008687 -0.04157
1341846461.622229 -0.008776 0.002431 0.01096 -0.01496 -0.007764 -0.04907
1341846461.657948 0.0008751 0.002092 -0.01248 -0.006596 -0.004801 -0.02621
1341846461.726030 -0.006476 0.005861 -0.001567 -0.02601 -0.007734 -0.06473
1341846461.758483 -0.002602 0.001018 -0.001203 -0.01189 -0.006181 -0.0331
1341846461.789933 -0.002862 0.001754 0.0003147 -0.01101 -0.0057 -0.03428
1341846461.826110 -0.004473 0.00373 -0.002919 -0.01178 -0.007567 -0.03248
1341846461.858118 -0.003898 0.00323 -0.0004375 -0.01487 -0.00968 -0.0331
1341846461.894127 -0.002488 -0.0006369 0.004374 -0.01214 -0.007872 -0.03534
1341846461.926026 -0.003638 0.002301 -0.00259 -0.008142 -0.006705 -0.03206
1341846461.958215 -0.001319 0.002668 -0.003542 -0.0104 -0.006303 -0.032
1341846461.994132 -0.000213 0.00116 -0.004275 -0.0124 -0.004151 -0.03852
1341846462.026102 -0.0006994 0.0002798 0.002163 -0.01187 -0.0009222 -0.03783
1341846462.058066 0.001144 -0.001211 -0.0008978 -0.009211 0.001589 -0.03824
1341846462.094057 0.0009585 0.001958 -0.001655 -0.007356 0.004229 -0.03919
1341846462.126029 0.0008329 0.003081 -0.001715 -0.008734 0.003129 -0.03763
1341846462.162124 0.003295 0.002396 -0.001811 -0.01091 0.003197 -0.03819
1341846462.194292 -0.0008086 0.0004529 0.003886 -0.009875 0.003489 -0.0332
1341846462.226092 0.002621 0.004235 -0.003854 -0.00891 0.001463 -0.0307
1341846462.262203 0.002018 0.001692 0.001841 -0.01153 0.004127 -0.03393
1341846462.293934 -0.00183 -0.0002128 0.006322 -0.009004 0.003891 -0.02743
1341846462.325983 -0.0003897 -0.0001361 0.001873 -0.004734 -0.0003131 -0.02245
1341846462.362050 0.001524 0.005219 -0.004516 -0.004177 0.0005586 -0.02783
1341846462.400267 -0.002224 0.006512 -0.000734 -0.01119 7.617e-05 -0.03407
1341846462.431940 -0.001469 0.002092 0.002319 -0.01519 -0.002991 -0.03929
1341846462.468003 0.001439 0.0002467 0.002206 -0.0134 -0.002861 -0.03753
1341846462.500020 -0.002327 0.001277 0.002565 -0.01063 -0.001831 -0.03472
1341846462.535930 -0.00354 0.005741 -0.001836 -0.008645 -0.00541 -0.03179
1341846462.567947 3.032e-05 0.006192 -5.5e-05 -0.01348 -0.007526 -0.03255
1341846462.599970 -0.0002109 -0.0007246 0.004003 -0.01527 -0.005233 -0.03649
1341846462.635989 0.0008553 0.001236 0.002592 -0.01132 -0.00468 -0.0357
1341846462.668003 0.0002433 -0.001386 0.006055 -0.00788 -0.001272 -0.02972
1341846462.704029 -5.192e-05 0.0006735 0.002795 -0.002918 -0.002057 -0.02988
1341846462.735984 0.001448 1.058e-05 0.006596 -0.0005491 0.0004497 -0.03464
1341846462.768046 -0.000867 0.003365 -0.002351 0.001233 0.003331 -0.04395
1341846462.803937 -0.003517 0.004168 -0.002936 -0.002236 0.001638 -0.03564
1341846462.835950 -0.001008 0.00284 0.002935 -0.003985 -0.00131 -0.03434
1341846462.871842 -0.001879 0.007173 0.005795 -0.004836 -0.0009377 -0.03733
1341846462.904097 -0.008671 0.007904 0.0058 -0.00551 -0.002557 -0.02366
1341846462.966029 0.00247 0.01728 0.0143 -0.01591 -0.01153 -0.02881
1341846462.998172 -0.005251 0.006045 0.01279 -0.01377 0.001707 -0.0222
1341846463.029970 -0.007714 -0.002484 0.01567 -0.01219 -0.0006946 -0.01826
1341846463.066067 -0.002934 0.003111 0.01359 -0.003161 -0.0003088 -0.02224
1341846463.098088 -0.003734 0.005475 0.0072 -0.0002433 0.001121 -0.02979
1341846463.134111 -0.006606 0.004723 0.007307 -0.001462 -0.002591 -0.03525
1341846463.165917 -0.007396 0.007804 0.008079 -0.001803 -0.004679 -0.04358
1341846463.198310 -0.009838 0.004955 0.01339 -0.002827 -0.005039 -0.04281
1341846463.234037 -0.01278 0.007485 0.01864 0.003243 -0.005503 -0.03602
1341846463.265874 -0.02063 0.0153 0.001916 0.005409 -0.0005446 -0.03381
1341846463.298219 -0.03032 0.02008 0.009034 -0.001414 0.005791 -0.03257
1341846463.334210 -0.03436 0.02189 0.01441 -0.006152 0.004952 -0.02711
1341846463.365995 -0.03319 0.02478 0.01251 -0.008793 0.005315 -0.02747
1341846463.402065 -0.0338 0.0226 0.01603 -0.009863 0.00566 -0.01824
1341846463.434179 -0.0338 0.02306 0.01016 -0.0052 0.001467 -0.01728
1341846463.466070 -0.03205 0.02875 0.003548 -0.004794 0.0009968 -0.02103
1341846463.501955 -0.03015 0.02322 0.004678 -0.006638 0.002168 -0.01884
1341846463.534089 -0.02965 0.02298 0.0001961 -0.003084 0.000569 -0.02379
1341846463.566060 -0.02922 0.02319 -0.002737 -0.0004248 0.0009096 -0.022
1341846463.601907 -0.02638 0.02074 -0.009731 -0.0007949 0.0003614 -0.02198
1341846463.634009 -0.02403 0.01776 -0.009502 8.577e-05 0.003442 -0.01711
1341846463.670261 -0.02956 0.01937 -0.01096 0.003988 0.002267 -0.02028
1341846463.702198 -0.02456 0.01851 -0.01624 0.0007302 -0.003778 -0.02238
1341846463.734494 -0.01815 0.01454 -0.01893 -0.003351 -0.002555 -0.0252
1341846463.770159 -0.02103 0.01505 -0.006928 -0.0009896 0.004045 -0.0283
1341846463.804734 -0.005376 0.00145 0.003429 -0.000813 -0.003872 -0.02509
1341846463.836811 -0.002398 0.002539 -0.001646 -0.001144 -0.008334 -0.02084
1341846463.902572 -0.02593 0.02772 -0.007477 0.003851 -0.0117 -0.05668
1341846463.938656 -0.0005846 0.005361 -0.001885 -0.005422 -0.006857 -0.03093
1341846464.006721 -0.003271 0.0004141 0.006122 -0.00436 -0.01098 -0.05139
1341846464.070293 -0.001993 0.001497 -0.0007042 -0.002938 -0.01928 -0.05637
1341846464.106086 0.0008312 -0.002703 0.005527 -0.0002967 -0.008676 -0.02892
1341846464.138960 -0.006052 -0.002097 -0.00531 0.001436 -0.008818 -0.02902
1341846464.170247 -0.006075 0.01283 -0.005072 -0.002756 -0.01342 -0.04157
1341846464.206089 0.0009693 0.003385 0.003894 -0.01389 -0.01197 -0.04816
1341846464.238124 -0.002227 -0.01394 0.004859 -0.01122 -0.01031 -0.03067
1341846464.270037 -0.00392 -0.006844 0.0001786 -0.001971 -0.01503 -0.0279
1341846464.306089 -0.002664 0.01486 -0.01237 0.0005248 -0.01538 -0.03356
1341846464.337963 0.001749 0.0309 -0.004346 -0.01156 -0.004975 -0.04209
1341846464.374148 0.0006062 -0.001483 0.005123 -0.02699 0.005208 -0.03377
1341846464.406125 -0.003101 -0.01484 -4.105e-05 -0.02587 -0.002624 -0.01774
1341846464.438109 -0.0008229 -0.0109 0.004062 -0.02277 -0.0119 -0.01542
1341846464.474154 0.002637 -0.01156 0.01168 -0.01257 -0.01321 -0.01662
1341846464.506083 -0.003191 -0.002112 0.00053 -0.003055 -0.01257 -0.01633
1341846464.538050 -0.00405 -0.005058 0.009039 -0.0008643 -0.01311 -0.008692
1341846464.573969 -0.002694 1.654e-05 -0.001416 0.004062 -0.01808 -0.009796
1341846464.606003 0.002916 0.004192 -0.000408 0.002947 -0.01627 -0.01436
1341846464.642006 -0.0009234 -0.003865 0.005653 0.002066 -0.01254 -0.009028
1341846464.674030 -0.003829 -0.003677 -0.004392 0.00555 -0.01628 -0.004515
1341846464.706178 0.006067 0.00344 0.01245 0.006269 -0.01931 -0.01105
1341846464.741977 -0.002506 -0.0001684 0.001794 0.01004 -0.01349 -0.01143
1341846464.774027 -0.005676 0.00655 -0.01069 0.006031 -0.006533 -0.01016
1341846464.806072 0.0009859 -0.008768 0.009142 0.001184 -0.007946 0.001044
1341846464.842191 -0.0003245 0.004289 0.0009985 0.01036 -0.01003 -0.006873
1341846464.873987 -0.002062 0.001285 -0.003958 0.003893 -0.0008477 -0.002966
1341846464.910024 0.004944 -0.01371 0.01694 0.002995 -0.00675 0.006408
1341846464.941952 -0.001763 -0.002546 -0.001575 0.0147 -0.01249 -0.00525
1341846464.974022 -0.0001551 0.00404 0.00279 0.01211 -0.009035 -0.0127
1341846465.010148 -0.001138 -0.001387 0.001845 0.01024 -0.003358 -0.01341
1341846465.042073 -0.001121 -0.002988 0.001212 0.008004 -0.003658 -0.009346
1341846465.078033 -0.001712 -0.00264 0.001415 0.008654 -0.002951 -0.005301
1341846465.110007 7.448e-05 0.00125 0.000672 0.01241 0.001166 -8.16e-05
1341846465.142010 -0.001608 -0.00347 -0.006528 0.004873 0.003023 0.002214
1341846465.177973 0.0008139 -0.005262 0.007124 0.00527 0.0009247 0.00432
1341846465.210092 -0.000815 -0.002649 0.0009271 0.01082 0.001212 0.007097
1341846465.241909 -0.002108 -0.0009206 -0.004504 0.008286 0.0002142 0.006585
1341846465.278006 -0.0002364 0.001122 -0.000416 0.005951 -5.384e-05 0.005242
1341846465.310248 -0.0001505 0.00185 -0.001287 0.003521 0.002748 0.006605
1341846465.346076 -0.0004824 -0.003426 0.002255 0.001604 0.004315 0.01534
1341846465.377895 -0.001566 -0.000492 -0.002782 0.003713 0.002912 0.01992
1341846465.409986 -0.0009046 -0.003089 0.0002068 0.001193 0.001045 0.02677
1341846465.446399 0.0003938 0.002017 -0.0001419 0.004158 -0.000635 0.02565
1341846465.478000 -0.001009 0.005657 -0.007617 -0.0005254 0.003027 0.02124
1341846465.510268 0.0004016 -0.001773 0.004507 -0.007296 0.00356 0.02505
1341846465.545952 0.0007492 -0.002737 0.006751 -0.002547 0.002637 0.02601
1341846465.578109 0.001807 0.00147 0.003725 0.001621 0.003204 0.02416
1341846465.614033 0.0005695 0.001701 -0.0006947 0.001502 0.007092 0.02556
1341846465.646071 0.001873 -0.005032 0.008247 0.001322 0.005154 0.0242
1341846465.678057 -0.0003409 0.003266 -0.001915 0.008769 0.006673 0.01545
1341846465.713982 -0.003908 0.002669 -0.0114 0.0008244 0.005984 0.01828
1341846465.745991 0.002019 0.0002932 0.006441 -0.001852 0.004692 0.01899
1341846465.778260 -0.002613 -0.001302 0.0002745 0.001939 0.008751 0.02326
1341846465.814116 -0.006206 0.004231 -0.01193 0.002608 0.006608 0.02611
1341846465.845994 -0.001666 0.005275 -0.000254 -0.002993 0.006927 0.02551
1341846465.882074 -0.003413 -0.003559 0.00604 0.0004463 0.01023 0.02814
1341846465.913915 -0.00817 0.001722 -0.008575 0.007261 0.01055 0.03304
1341846465.946253 -0.006116 -0.001292 -0.003698 0.007104 0.006812 0.04039
1341846465.982097 -0.00473 0.001878 0.002192 0.01554 0.00755 0.03335
1341846466.014088 -0.01098 0.007745 -0.01988 0.0141 0.007519 0.02416
1341846466.046055 -0.007293 0.01252 -0.01358 0.004758 0.004608 0.02054
1341846466.082006 -0.004857 0.007257 -0.002587 0.0006939 0.007335 0.02158
1341846466.114092 -0.008463 0.005994 -0.009453 0.003598 0.006611 0.0211
1341846466.149988 -0.009012 0.0103 -0.01221 0.002478 0.002187 0.021
1341846466.182235 -0.003399 0.007022 0.004321 0.0008664 0.005635 0.02281
1341846466.227775 -0.01293 0.003906 -0.004463 0.01056 0.01229 0.02692
1341846466.282054 -0.02594 0.02013 -0.03038 0.02095 0.003738 0.07602
1341846466.318013 -0.01006 0.01008 -0.004952 0.00186 0.01067 0.03132
1341846466.350104 -0.01069 0.000183 -0.01225 -0.001378 0.005009 0.03149
1341846466.418103 -0.0145 0.01522 -0.01481 -0.004053 0.003515 0.03088
1341846466.450241 -0.008495 0.006251 -0.01054 -0.01767 0.006221 0.002191
1341846466.482241 -0.005115 0.0004477 -0.002546 -0.01848 0.004005 0.01282
1341846466.518064 -0.006701 -0.003202 0.00338 -0.007932 0.002371 0.02093
1341846466.550013 -0.005369 -0.0003374 -0.004393 0.001734 -0.0009146 0.02557
1341846466.586129 -0.00224 0.005663 -0.008286 0.001931 -0.00128 0.02916
1341846466.617891 0.001606 0.004333 -0.001234 -0.000344 0.001752 0.03268
1341846466.650067 -0.002696 -0.003396 -0.001367 0.002486 0.006562 0.03223
1341846466.686119 -0.00382 -0.002204 -0.007626 0.008137 -0.001637 0.02756
1341846466.718096 0.00666 0.0121 -0.002903 0.007339 -0.004262 0.0191
1341846466.750165 0.002291 0.0008349 -0.00188 0.0007871 0.003377 0.0178
1341846466.786075 -0.002505 -0.002158 -0.002926 0.003481 -0.003098 0.0244
1341846466.817996 0.005187 0.002381 0.001212 0.004804 -0.007408 0.02313
1341846466.854152 0.00825 0.001126 0.002793 0.002994 0.0002395 0.01265
1341846466.886138 -0.001196 -0.006153 0.001655 0.004123 0.002653 0.01579
1341846466.918000 0.005074 -0.002642 0.002058 0.01228 -0.007451 0.02855
1341846466.954116 0.009274 0.0004088 0.003581 0.01285 -0.0001157 0.0271
1341846466.986117 0.000286 0.000296 0.001019 0.01367 0.002513 0.02435
1341846467.018002 0.003885 0.002048 -0.001055 0.01382 -0.00793 0.03341
1341846467.054121 0.01057 0.005075 0.001994 0.009788 -0.005078 0.02782
1341846467.086519 0.006736 0.003417 0.001185 0.002036 0.005295 0.02384
1341846467.122117 -0.001246 -0.001909 0.002044 0.00173 0.003352 0.03004
1341846467.154292 0.007853 0.007102 -0.0007856 -0.003465 -0.00433 0.02408
1341846467.221944 0.01098 -0.01268 0.02116 -0.02519 0.01433 0.03374
1341846467.254128 0.001888 -0.00671 0.01117 0.005571 0.003812 0.0246
1341846467.290073 0.008038 0.004953 0.004599 0.009822 0.004071 0.02606
1341846467.322189 0.007169 -0.001872 0.007681 0.004968 0.009531 0.01819
1341846467.354092 0.0003713 0.002228 0.004678 0.005414 0.01391 0.01709
1341846467.390082 -0.002125 0.001837 0.004701 0.001365 0.01224 0.021
1341846467.422206 -0.001426 -0.0004566 0.005164 -0.002658 0.01308 0.01421
1341846467.454073 -0.005142 0.003111 0.003073 -0.007289 0.01587 0.01061
1341846467.490150 -0.01176 0.001224 0.01136 -0.01569 0.01906 0.006252
1341846467.522115 -0.01653 0.0002257 0.01562 -0.01675 0.0163 0.005195
1341846467.558053 -0.01365 0.003173 0.0157 -0.01641 0.01326 0.004835
1341846467.589949 -0.01486 0.005232 0.01783 -0.01807 0.01611 -0.001929
1341846467.622077 -0.01764 0.005994 0.0185 -0.02127 0.0182 -0.006765
1341846467.658139 -0.0202 0.005269 0.01972 -0.02426 0.01489 -0.01147
1341846467.690047 -0.01403 0.006335 0.03121 -0.02515 0.01635 -0.01709
1341846467.721985 -0.02112 -0.0006543 0.03717 -0.01983 0.02312 -0.01593
1341846467.758049 -0.02297 0.0003 0.03063 -0.007815 0.02027 -0.0107
1341846467.789943 -0.02099 -0.004593 0.02648 -0.0006506 0.01479 -0.004134
1341846467.826009 -0.016 0.001484 0.0134 0.01042 0.01621 -0.001392
1341846467.858121 -0.02214 0.01114 0.007256 0.006955 0.02014 -0.007624
1341846467.890215 -0.02043 0.004296 0.01717 -0.001596 0.01452 -0.005232
1341846467.926038 -0.01797 -0.0007507 0.0161 0.000305 0.008247 0.001723
1341846467.957994 -0.01251 0.004526 0.01192 0.003215 0.005359 0.0027
1341846467.990124 -0.01512 0.0004463 0.01839 0.002628 0.008213 -0.0004427
1341846468.026228 -0.0181 -0.00519 0.01597 0.01115 0.005561 -0.002096
1341846468.058002 -0.01562 0.006086 0.002698 0.01532 0.0007687 0.003409
1341846468.094305 -0.01099 0.004607 0.01484 0.0121 -0.002108 -0.001503
1341846468.126042 -0.01293 -0.001058 0.01257 0.01469 0.003051 -0.009028
1341846468.158486 -0.01902 -0.007932 0.0009499 0.01671 0.0001233 -0.003188
1341846468.194517 -0.01412 -0.001909 0.008723 0.02241 -0.01006 0.00765
1341846468.226561 -0.009595 -0.0006857 0.008712 0.02722 -0.01103 0.007185
1341846468.258171 -0.008098 0.007657 0.002698 0.0232 -0.00926 0.00702
1341846468.309995 -0.01632 -0.001052 0.006603 0.01439 -0.009575 0.005364
1341846468.335863 -0.01183 0.0006474 0.0008408 0.01609 -0.01688 0.008213
1341846468.400413 -0.01717 0.005169 0.005303 0.01594 -0.01223 -0.01092
1341846468.462095 -0.02467 0.001122 0.003477 0.01338 -0.01079 -0.002307
1341846468.494284 -0.009414 0.005889 -0.006601 0.005774 -0.002193 -0.00454
1341846468.529997 -0.01453 0.002428 -0.0009575 -0.001405 0.0008578 -0.008133
1341846468.562003 -0.01613 -0.003229 -0.0003309 0.000824 -0.002334 0.0009522
1341846468.594314 -0.01074 0.003776 -0.00665 0.003169 -0.004137 0.002422
1341846468.630018 -0.01005 0.00442 -0.006486 -0.001147 0.0003136 -0.004163
1341846468.662064 -0.01507 -0.002147 -0.0008559 -0.002729 0.001656 -0.001446
1341846468.694446 -0.01433 0.004104 -0.01061 0.002546 -0.003747 0.005228
1341846468.730126 -0.006743 0.01185 -0.01081 -0.004176 -0.003055 0.001314
1341846468.762147 -0.009457 -0.001452 -0.00351 -0.008949 0.003459 -0.008619
1341846468.797962 -0.01413 0.001445 -0.004244 -0.00261 0.002058 -0.0008723
1341846468.830113 -0.01121 0.003417 -0.006537 0.0003887 -0.003746 0.006461
1341846468.862077 -0.005303 0.00899 -0.009601 -0.002363 -0.0008903 -0.002535
1341846468.897982 -0.011 0.000584 -0.00424 -0.008177 0.002874 -0.007525
1341846468.930161 -0.01298 8.567e-05 -0.002348 -0.003942 -0.001547 -0.001636
1341846468.962214 -0.00496 0.001591 -0.00514 -0.0007916 -0.004877 0.001036
1341846468.998002 -0.002191 0.004506 -0.006621 -0.002866 0.001091 -0.007466
1341846469.030028 -0.01029 0.003057 -0.004668 -0.00698 0.004598 -0.006885
1341846469.066173 -0.007074 -0.00479 0.0002049 -0.006662 -0.000455 0.0009655
1341846469.098358 -0.001133 -0.002496 -0.001975 0.001333 0.001333 -0.002568
1341846469.131076 -0.009069 0.004377 -0.004188 0.001958 0.003981 -0.00125
1341846469.166463 -0.007724 0.003754 -0.00228 -0.002459 -0.0009261 0.00226
1341846469.198284 -0.001808 -0.001366 -0.0004913 -0.004346 -0.001579 -0.0025
1341846469.242554 -0.003769 0.001324 -0.001277 -0.003341 0.001141 -0.003665
1341846469.272447 -0.005338 -0.004127 0.002136 -0.003032 0.0002458 -0.0001108
1341846469.339987 -0.005817 0.005045 -0.00236 0.001246 -0.003771 0.0002203
1341846469.398298 -0.004977 -0.003755 0.003849 0.001644 -0.003954 -0.0006437
1341846469.434042 -0.002198 0.001135 0.001242 0.002287 -0.00526 0.003322
1341846469.466076 0.004285 -0.001973 0.002595 0.0006978 -0.00379 -0.0008644
1341846469.502529 -0.001772 -0.002618 0.003722 0.003272 0.0006814 -0.001757
1341846469.534729 -0.004393 0.001038 0.001049 0.005604 -0.002373 0.003305
1341846469.566597 0.003178 0.002446 -0.0002937 0.003926 -0.005045 0.00294
1341846469.602391 0.003384 0.0008689 0.001043 0.001847 -0.0007983 -0.002218
1341846469.634717 -0.003536 0.001698 0.002661 0.002851 -0.0003803 0.000293
1341846469.667242 0.0001501 0.001588 0.001298 0.00251 -0.004805 0.004077
1341846469.702595 0.004759 0.0003598 0.001086 0.001677 -0.002193 -0.0008219
1341846469.734373 -0.003155 0.003896 0.002031 0.001163 -0.0005812 -0.001397
1341846469.771003 0.000805 0.00116 0.002223 -0.001637 -0.004579 0.001409
1341846469.803099 0.002532 -0.002243 0.002461 -0.001153 -0.00246 -0.0006441
1341846469.834283 -0.0002891 0.001494 0.001578 0.001213 -0.001433 -0.0008578
1341846469.871263 -0.001312 0.00119 0.002135 6.477e-05 -0.003672 0.002759
1341846469.902171 0.003757 -0.000512 0.001158 -0.00128 -0.004156 -0.0001922
1341846469.934183 0.00205 0.0004336 0.001049 -0.001934 -0.0003076 -0.003134
1341846469.969991 -0.004092 0.001591 0.003238 -0.003982 -0.001005 0.0008423
1341846470.002102 0.0004413 -0.002801 0.002657 -0.004618 -0.004726 0.0008641
1341846470.038184 0.001854 -0.0006994 0.001161 -0.002542 -0.001007 -0.005222
1341846470.070096 -0.005848 0.001498 0.002059 -0.001926 -0.0002232 -0.00398
1341846470.107943 -0.002265 0.007576 -0.001156 -0.003983 -0.004265 -0.003488
1341846470.170125 -0.002004 -0.001833 0.006083 -0.01862 -0.002704 -0.01344
1341846470.202144 -0.003051 0.002741 0.001535 -0.003408 -0.003746 -0.000103
1341846470.238185 0.002877 0.003592 1.409e-05 -0.00551 -0.003918 -0.002719
1341846470.269875 0.001572 -0.0002335 0.002153 -0.007327 0.001531 -0.00699
1341846470.306072 -0.006626 0.002697 0.002749 -0.004406 0.001794 -0.002373
1341846470.337953 -0.0008472 0.001101 0.0007271 -0.00468 -0.002799 0.001329
1341846470.370014 0.004296 -0.000364 -0.0005204 -0.004744 0.000111 -0.003376
1341846470.405987 -0.002914 0.001726 0.0003827 -0.004009 0.00396 -0.004274
1341846470.438051 -0.003115 0.0006395 0.001278 -0.003425 0.0001419 0.0024
1341846470.470041 0.004825 -6.986e-05 -0.000207 -0.002099 -0.0001332 -0.001134
1341846470.506110 -0.003058 0.003897 4.886e-05 -0.002212 0.004756 -0.002988
1341846470.538167 -0.003746 -0.0001526 0.001946 -0.003309 0.001076 0.001057
1341846470.573973 0.002049 -0.001045 0.0003447 -0.001058 0.0003723 -5.655e-05
1341846470.606133 -0.00267 0.001281 -4.66e-07 -0.0007464 0.003031 -0.002795
