1341839113.693575 0.002673 0.003262 0.001713 0.003592 -0.002117 -0.003481
1341839113.725606 -9.77e-05 -0.003334 -0.0009392 -0.0003636 -0.001511 -0.00586
1341839113.793718 0.00035 0.00265 2.295e-05 0.003374 -0.002406 -0.001933
1341839113.861553 0.002323 -0.006434 0.001888 -0.003528 0.002983 0.005062
1341839113.894400 0.001408 0.002378 0.0003454 0.003886 -0.002559 -0.001879
1341839113.925550 -0.0004518 0.002235 -0.003414 0.001865 0.0006949 -0.004654
1341839113.961614 -0.0001478 -0.003507 0.003245 -0.0007477 0.001193 0.001542
1341839113.993616 0.0005466 0.002169 -0.004272 0.002257 0.0008986 0.004189
1341839114.025642 0.001339 0.0006362 0.001009 -0.0007749 0.00152 8.299e-05
1341839114.061534 0.001687 -0.005938 0.005083 2.301e-05 -0.0004402 0.0007369
1341839114.093617 0.0005821 0.002904 -0.0007614 0.007446 -0.0007545 -0.002006
1341839114.129556 -0.001596 0.0027 -0.006866 0.003232 0.003121 5.833e-05
1341839114.161678 0.001258 -0.004683 0.002495 -0.00359 0.001114 0.005707
1341839114.229673 0.00391 0.002482 -0.003334 0.006101 0.001685 0.003543
1341839114.261690 0.00197 -0.006421 0.004124 -0.004344 -0.002822 -0.001194
1341839114.293564 0.002196 0.002601 0.003026 0.004859 -0.002353 -0.00184
1341839114.329671 0.001314 0.004324 -0.002817 0.003697 0.003463 -0.0002961
1341839114.361622 0.002101 -0.004751 -0.001228 -0.003523 0.002174 0.003462
1341839114.397666 0.004278 -0.004306 0.005367 -0.00136 -0.002159 0.001294
1341839114.429583 0.003295 0.001217 0.0002617 0.004814 -0.001223 -0.002975
1341839114.461610 0.0006528 -0.0004788 -0.001827 0.002205 0.00032 -0.005079
1341839114.497561 6.882e-05 -0.003204 -0.0006575 -0.0001052 -0.0002956 -0.0002548
1341839114.529492 0.002056 0.0009998 -0.0005123 0.0008537 -0.0001983 0.002225
1341839114.565482 0.003163 -0.002339 0.003453 0.0001098 0.0002551 0.0007895
1341839114.597648 0.001222 -0.004232 4.634e-05 0.001493 -0.001615 -0.0004847
1341839114.629596 0.0005705 0.001119 -0.001966 0.002335 -0.002597 -0.001295
1341839114.665607 0.001656 -0.0006557 0.003236 0.0009089 -0.0008084 0.001436
1341839114.697721 0.0005758 -0.0005429 -0.002135 0.0004858 2.762e-05 0.005218
1341839114.730054 0.004621 -0.001121 0.003589 -0.001677 -0.004339 0.0004702
1341839114.765560 0.003633 -0.00142 0.006504 0.002445 -0.002521 -0.003002
1341839114.797510 -6.041e-05 0.002388 -0.00483 0.002221 -0.001262 -0.001115
1341839114.833570 0.005597 -0.002055 0.006855 -0.002519 -0.003863 -0.001402
1341839114.865530 0.004283 -0.002197 0.004705 0.00131 -0.0009953 0.0001603
1341839114.897742 0.003471 -0.0001264 -0.000285 0.0007804 -0.001963 -0.0007363
1341839114.933721 0.005232 -0.001141 0.003477 -0.001813 -0.0032 -0.001031
1341839114.965565 0.007446 -0.002226 0.009008 -0.0003316 -0.00257 -0.003353
1341839114.997678 0.002758 -0.005776 0.002801 0.0001115 0.0004802 0.0001871
1341839115.033675 0.004665 -0.003101 -0.0005016 -0.0009435 -0.006322 -0.0002488
1341839115.065634 0.007712 0.0034 0.008696 0.002565 -0.006904 -0.009578
1341839115.101577 0.00128 -0.001821 0.003783 0.001426 0.002581 -0.004076
1341839115.133455 0.001612 -0.005927 -0.000511 -0.002756 0.0001656 0.006594
1341839115.165699 0.008157 0.001252 0.004448 -0.001037 -0.005171 0.0001653
1341839115.201542 0.008469 -0.005732 0.0136 0.0004311 -0.001998 -0.00574
1341839115.233600 0.0008641 -0.003881 -0.0006614 0.00516 0.001948 -0.0002949
1341839115.265499 0.003513 0.0008637 -0.001665 0.0007935 -0.001717 0.002065
1341839115.301699 0.009427 -0.005865 0.01305 -0.0005081 -0.001936 0.0007294
1341839115.333616 0.003101 -0.002907 0.003139 0.006174 0.002716 0.002653
1341839115.369483 0.001248 0.002121 -0.005332 0.003478 -0.0001942 0.002791
1341839115.401613 0.008028 -0.001593 0.006279 -0.001235 -0.004492 -0.002008
1341839115.469819 0.006169 -0.001775 0.0005994 0.009802 -0.001272 -0.001027
1341839115.533671 0.01467 -0.009914 0.01406 -0.002662 -0.007196 -0.008563
1341839115.569633 -0.001299 0.006167 -0.007053 0.007121 0.002395 0.003253
1341839115.601623 0.004348 0.003482 -0.003463 -0.002071 -0.003083 0.001766
1341839115.637954 0.01064 -0.007197 0.008781 -0.005495 -0.006475 -0.004879
1341839115.669467 0.004962 -0.006472 0.005177 0.002368 -0.001954 -0.004268
1341839115.701635 -0.00264 0.0124 -0.0124 0.007842 0.001051 -0.0004488
1341839115.737552 0.006513 0.0007724 -0.001008 -0.006967 -0.003509 -0.0005783
1341839115.769579 0.0115 -0.01721 0.01168 -0.00808 -0.004184 0.00148
1341839115.805533 0.003149 0.006874 -0.007423 0.007938 -0.001074 3.021e-05
1341839115.837641 0.006608 0.001939 -0.003494 -0.002035 -0.004125 -0.004882
1341839115.869594 0.01107 -0.01084 0.008729 -0.004023 -0.005559 -0.004027
1341839115.905464 0.005226 0.003063 -0.002353 0.006552 -0.002147 -0.002779
1341839115.937926 0.004746 0.008937 -0.007669 0.001201 -0.003692 -0.005608
1341839115.976772 0.01235 -0.01201 0.009169 -0.009283 -0.00881 -0.005532
1341839116.037844 0.01514 0.007321 0.001992 0.01084 -0.008328 -0.01185
1341839116.073614 0.006392 0.002831 -0.002896 -0.003759 -0.002456 -0.001008
1341839116.105551 0.01326 -0.009529 0.008644 -0.007606 -0.006648 -0.0003799
1341839116.137629 0.01068 0.001094 0.003456 0.003074 -0.004026 -0.002759
1341839116.173741 0.00333 0.006989 -0.006567 0.002267 -0.0006445 -0.002004
1341839116.205705 0.009233 -0.006549 0.004049 -0.007113 -0.006497 0.0002084
1341839116.237744 0.0129 -0.001328 0.007048 0.0001656 -0.007184 -0.003575
1341839116.273644 0.00717 -0.002163 0.001781 0.0005168 -0.002992 -0.004362
1341839116.305590 0.005475 -0.004041 0.0008631 -9.58e-05 -0.005199 -0.0005548
1341839116.341693 0.01103 0.004059 0.0001563 0.002057 -0.008457 -0.004354
1341839116.374159 0.01144 -0.001375 0.006239 -9.017e-05 -0.005178 -0.009756
1341839116.405626 0.003951 -0.001236 -0.0008674 0.0009244 -0.0008978 -0.005258
1341839116.441448 0.007713 0.001579 -6.342e-05 -0.000342 -0.004027 -0.004181
1341839116.473792 0.00823 -0.0003739 0.004834 -0.001149 -0.001011 -0.004178
1341839116.505559 0.005573 -0.006535 0.001542 -0.003575 -0.0003406 0.001088
1341839116.541530 0.01018 -0.004608 0.007224 0.0001153 -0.005237 -0.004
1341839116.573449 0.0009339 0.006184 -0.0008045 0.006649 0.002276 -0.002438
1341839116.609629 0.0007155 0.001091 -0.002678 -0.0009691 0.002005 0.006166
1341839116.642092 0.01013 -0.004957 0.005555 -0.004311 -0.004851 0.004823
1341839116.673494 0.009496 -0.001634 0.008046 0.001999 -0.002504 -0.0027
1341839116.709491 -0.003062 0.00122 -0.003706 0.003661 0.004207 0.003966
1341839116.741798 0.002929 0.002347 -0.002084 -0.0005798 -0.00246 0.008492
1341839116.777780 0.01141 -0.0001151 0.006874 -0.001424 -0.004095 0.00277
1341839116.809493 0.005791 -0.005613 0.006278 0.0006451 0.001356 0.001624
1341839116.841577 -0.002169 0.009368 -0.007598 0.005736 0.001775 0.004302
1341839116.877541 0.007781 0.0006212 0.001569 -0.005333 -0.004141 0.001752
1341839116.909607 0.01233 -0.0147 0.01264 -0.007277 -0.005323 -0.000654
1341839116.941574 0.003894 -0.002322 0.003009 0.005609 -0.001663 0.0002873
1341839116.977669 0.0008344 0.01415 -0.007575 0.006934 5.519e-05 0.001379
1341839117.009692 0.008675 -0.01055 0.007217 -0.009064 -0.002349 0.004049
1341839117.045446 0.009474 -0.01417 0.009864 -0.002023 -0.004146 0.005156
1341839117.077581 0.004722 0.01086 -0.003899 0.009696 -0.00286 -0.0005057
1341839117.109633 0.004893 -0.0004536 0.001561 -0.001274 -0.003396 -0.00234
1341839117.145451 0.00653 -0.005448 0.004634 -0.002811 -0.004562 0.001942
1341839117.177591 0.01277 0.0007849 0.005919 0.001726 -0.005706 -0.0002953
1341839117.209585 0.004818 0.005968 -0.0005581 0.002382 0.0003556 -0.001933
1341839117.245753 0.007742 -0.009177 0.004953 -0.007402 -0.005023 -0.0004391
1341839117.278976 0.01483 -0.0021 0.009476 0.0002352 -0.008423 -0.004047
1341839117.313580 0.008957 0.003902 0.003261 0.002476 -0.001183 -0.006442
1341839117.345623 0.009542 -0.01126 0.00879 -0.004579 -0.003512 -0.003041
1341839117.377641 0.01037 -0.003155 0.00852 0.003476 -0.003015 6.399e-06
1341839117.413568 0.01046 0.00265 0.002312 0.003948 -0.0009923 0.001155
1341839117.445717 0.01292 -0.01403 0.01145 -0.00269 -0.003722 -0.001968
1341839117.477601 0.008821 -0.002164 0.004704 0.007985 -0.003192 -0.002008
1341839117.513635 0.0088 0.008648 -0.0003794 0.006714 -0.002865 -0.005352
1341839117.545603 0.01135 -0.01091 0.01058 -0.003437 -0.00233 -0.002963
1341839117.581707 0.009701 -0.0003051 0.005012 0.00437 -0.0009315 3.532e-05
1341839117.613653 0.01011 4.937e-05 0.004108 0.001747 -0.001663 -0.001702
1341839117.645887 0.01137 -0.00601 0.007384 -0.001091 -0.002762 -0.003113
1341839117.681569 0.009193 -0.00319 0.006456 0.00236 -0.0005316 -0.001377
1341839117.713639 0.005269 0.00421 0.001339 0.003881 0.002078 0.003557
1341839117.745712 0.01122 -0.001136 0.003746 -0.002462 -0.002037 0.00192
1341839117.781725 0.01271 -0.01403 0.009902 -0.005372 -0.003724 -0.002314
1341839117.813499 0.01067 -0.003975 0.006692 0.005087 -0.002881 -0.004279
1341839117.849617 0.003686 0.01148 -0.003177 0.008208 0.002816 -0.001571
1341839117.881610 0.008682 -0.005052 0.004086 -0.005205 0.001383 0.003919
1341839117.913581 0.01191 -0.01782 0.01075 -0.00549 -9.163e-05 0.005248
1341839117.949521 0.007615 0.004074 0.0009515 0.008135 0.0009408 0.002017
1341839117.981586 0.008211 -0.001433 0.002478 0.001551 -0.0001843 -0.002168
1341839118.017504 0.00328 -0.006604 0.002956 0.001136 0.0008741 0.002961
1341839118.049478 0.006625 0.008637 -0.001226 0.005501 -0.001865 0.004208
1341839118.081566 0.01208 -0.004433 0.005015 -0.002669 -0.002632 -0.0008489
1341839118.117532 0.005716 -0.001582 0.002259 0.002382 0.0002098 -0.002272
1341839118.149476 0.002359 0.01168 -0.004165 0.004723 0.00121 -0.0001719
1341839118.182394 0.007854 -0.006209 0.003011 -0.006535 -0.001014 0.00207
1341839118.217697 0.007017 -0.005325 0.002541 -0.001358 -0.001666 0.002103
1341839118.249595 0.006616 0.01112 -0.003025 0.005216 -0.002697 -0.003041
1341839118.285581 0.005674 0.001297 -0.0003768 -0.003148 -0.0007638 -0.00293
1341839118.317574 0.005517 -0.0004565 0.0007335 -0.002466 -0.0008777 0.0003174
1341839118.349685 0.007017 0.004965 -0.0009654 -0.0007886 -0.001885 -0.000786
1341839118.385618 0.009417 -0.003952 0.002202 -0.004986 -0.002622 -0.002866
1341839118.417611 0.008318 -0.003694 0.001895 -0.00139 -0.001848 -0.003689
1341839118.449697 0.003852 0.003603 -0.00229 0.001946 0.0005783 -0.001727
1341839118.485493 0.004694 0.001886 -0.00219 -0.001149 -0.0003421 0.001367
1341839118.517623 0.009802 -0.005738 0.001594 -0.004434 -0.003075 9.899e-05
1341839118.554050 0.01211 -0.008984 0.003995 -0.0006759 -0.003084 -0.002496
1341839118.585668 0.0008968 0.01052 -0.006356 0.008792 0.003942 -0.0004274
1341839118.617700 0.005599 0.004194 -0.00465 -0.001645 -0.00104 0.002436
1341839118.653714 0.01527 -0.01676 0.007176 -0.007514 -0.004625 -0.0002604
1341839118.717504 0.0082 0.01813 -0.008145 0.01524 -0.0003904 -0.00372
1341839118.753742 0.01062 -0.01494 0.005324 -0.01039 -0.004029 0.0005414
1341839118.785566 0.01488 -0.006928 0.006219 0.001881 -0.006099 -0.002416
1341839118.821695 0.00686 0.005861 -0.0006409 0.008532 -5.819e-05 -0.005715
1341839118.853833 -0.001778 0.006838 -0.005843 0.004053 0.002105 0.002231
1341839118.921740 0.02797 -0.006831 0.007793 -0.006893 -0.007736 0.001524
1341839118.953665 0.002272 0.002635 -0.003271 0.004577 -0.0001162 -0.002344
1341839118.989622 0.008959 0.009132 -0.001768 0.002095 -0.005037 -0.003696
1341839119.021687 0.009548 -0.006961 0.003617 -0.006044 -0.003427 -0.00169
1341839119.054550 0.01041 -0.007433 0.003353 -0.001991 -0.005053 -0.002074
1341839119.089581 0.01242 0.000422 0.003013 0.003893 -0.00553 -0.006675
1341839119.121679 0.004702 0.003107 -0.0009645 0.003952 -5.905e-05 -0.003975
1341839119.153810 0.007005 -0.0003323 0.0001396 -0.000638 -0.002178 0.00146
1341839119.190466 0.01349 -0.005982 0.005083 -0.001898 -0.004058 -5.877e-05
1341839119.221601 0.006533 -0.004744 0.001963 0.002519 -0.00105 -0.002009
1341839119.257728 0.005013 0.006837 -0.002448 0.005698 -0.003024 -0.002273
1341839119.289455 0.009796 -0.0002887 0.0008471 -0.0009508 -0.004152 -0.0006812
1341839119.321569 0.01112 0.0004437 0.001813 0.0002891 -0.003092 -0.003284
1341839119.357502 0.007307 0.0004852 -0.0001145 -0.0008399 -0.001338 -0.006297
1341839119.389594 0.006036 -0.008101 0.002814 -0.003047 -0.0009698 -0.002562
1341839119.421517 0.009664 0.005211 0.0002187 0.003995 -0.0003668 0.0005451
1341839119.457571 0.004123 -0.003622 0.0003647 -0.002537 0.003727 0.002272
1341839119.489537 0.004704 -0.007195 0.001509 -0.001998 -0.001283 0.001809
1341839119.525734 0.01085 -0.001936 0.003239 0.002269 -0.005064 -0.003737
1341839119.557461 0.003998 -0.005287 0.003465 0.003375 0.001155 -0.002614
1341839119.589618 -0.001711 0.01119 -0.004608 0.008859 0.002273 0.005716
1341839119.625979 0.008453 0.003188 0.0004997 -0.002362 -0.002496 0.003886
1341839119.657625 0.008442 -0.01788 0.006572 -0.007794 -0.001726 0.0006263
1341839119.689899 0.001778 0.002664 0.001259 0.008416 0.001026 0.0008942
1341839119.725735 -0.0008305 0.0143 -0.005557 0.005865 0.001459 0.003721
1341839119.757807 0.009828 -0.01168 0.005207 -0.008251 -0.003841 0.003805
1341839119.793744 0.008587 -0.002903 0.004442 0.003112 -0.0008233 0.0007213
1341839119.825500 -6.007e-05 0.01134 -0.004182 0.006889 0.002359 0.001135
1341839119.857554 0.0065 0.0009949 -0.0001098 -0.003678 -0.003393 -0.000973
1341839119.893748 0.01041 -0.01355 0.006341 -0.007096 -0.004608 -0.003844
1341839119.925601 0.003409 -0.001931 0.002243 0.004793 -0.0003445 -0.001583
1341839119.957678 0.005641 0.01676 -0.004359 0.007603 -0.002543 -0.0007761
1341839119.993679 0.009437 -0.005337 0.003918 -0.007447 -0.001648 -0.001672
1341839120.025666 0.004585 -0.004432 0.001742 -0.003295 5.744e-05 0.001285
1341839120.061576 0.009003 -0.00258 0.0017 -0.001379 -0.003744 -0.001961
1341839120.093515 0.008403 0.0005237 0.0008177 0.0006864 -0.00423 -0.006103
1341839120.125657 0.006839 0.0003655 0.001125 7.208e-05 -0.003239 -0.006425
1341839120.161703 0.006252 0.006023 -0.0006597 0.0008506 -0.001977 -0.001521
1341839120.193590 0.009126 6.973e-05 0.0006082 -0.005185 -0.002639 -0.001273
1341839120.229713 0.008209 -0.01159 0.003073 -0.00849 -0.004365 -0.004391
1341839120.261506 0.01286 -0.003871 0.004546 -0.0001397 -0.008186 -0.008766
1341839120.293457 0.007896 0.006687 0.00101 0.003844 -0.00241 -0.00829
1341839120.329588 0.004271 -0.004508 0.001684 -0.003901 -0.0009966 9.549e-06
1341839120.361629 0.01583 -0.008739 0.007452 -0.002343 -0.006585 -4.981e-05
1341839120.393790 0.0118 -0.0003196 0.004591 0.00491 -0.001813 -0.004469
1341839120.429559 0.003127 -0.0002967 0.0005445 0.003429 0.0006175 -0.00153
1341839120.461550 0.01193 0.003323 0.002867 0.003433 -0.003526 0.0005575
1341839120.497665 0.01091 -0.0007513 0.003188 0.0001297 -0.0003009 -0.0008318
1341839120.561630 0.01405 -0.007252 0.005586 0.001944 -0.003421 -0.004144
1341839120.597681 0.01077 0.001282 0.003198 0.002236 -0.003307 -0.003806
1341839120.629503 0.005101 -0.004478 0.003735 -0.000169 0.0006561 -0.0006507
1341839120.661993 0.005471 -0.00583 0.002837 0.0006269 -0.002101 0.002228
1341839120.697745 0.01151 0.0007677 0.003656 0.00423 -0.005188 -0.0009772
1341839120.729566 0.007035 -0.001943 0.002901 0.001965 -0.0006818 -0.00152
1341839120.765550 0.002514 0.001423 0.001187 0.003256 0.0001748 0.003034
1341839120.797761 0.01063 0.002582 0.00157 0.0001727 -0.004206 0.002514
1341839120.829557 0.007704 -0.008576 0.004288 -0.003576 -0.001998 -0.0009237
1341839120.865525 0.005448 0.0002553 0.001247 0.002456 -0.003807 -0.002751
1341839120.897669 0.009563 0.007652 0.0008282 0.002557 -0.005464 -0.003846
1341839120.929785 0.01018 0.001075 0.003155 -0.002824 -0.00203 -0.002183
1341839120.965555 0.006903 -0.0009674 0.002068 -0.003741 0.0008617 0.001272
1341839120.997581 0.009244 -0.004101 0.002088 -0.004016 -0.001211 0.001232
1341839121.033744 0.01332 -0.0004098 0.002221 -0.0009717 -0.002328 -0.003938
1341839121.065604 0.004501 0.004817 -0.0009809 0.000722 0.002624 -0.004333
1341839121.097656 0.007593 -0.004144 0.00068 -0.004824 1.917e-05 1.202e-05
1341839121.133691 0.01472 -0.002755 0.002965 -0.00105 -0.0005082 0.000159
1341839121.165530 0.005086 0.004327 -0.001589 0.001383 0.005833 -0.0005994
1341839121.201575 0.004479 -0.00208 -0.0005124 -0.00288 0.002589 0.001715
1341839121.233546 0.01401 -0.000898 0.001221 -0.001308 -0.001394 -0.0008733
1341839121.265498 0.00667 -0.002025 0.001238 1.278e-05 0.004202 -0.002293
1341839121.301532 0.002465 0.004096 -0.001902 0.002645 0.003535 0.001231
1341839121.333608 0.006512 0.002844 -0.001565 -0.0009052 0.001013 0.003005
1341839121.365570 0.008096 -0.00466 0.001195 -0.003913 -0.0002432 0.001856
1341839121.401586 0.007341 0.005313 -0.002083 0.0004144 -0.0004645 -0.003178
1341839121.433568 0.002273 -0.009027 0.001781 -0.00586 0.001351 -0.0006905
1341839121.470470 0.005619 0.008736 -0.001605 0.005296 -0.0008124 0.002659
1341839121.501558 0.005357 0.01578 -0.005807 -0.0003506 0.001182 0.001514
1341839121.533669 0.004743 -0.01285 0.001215 -0.0146 -0.0004655 0.002663
1341839121.569551 0.00978 0.002032 0.001293 -0.002106 -0.003222 -0.0004733
1341839121.601594 0.004462 0.007381 -0.003086 -0.002018 0.000869 -0.0009733
1341839121.633518 0.004765 -0.007316 0.0006815 -0.00825 -0.001102 0.0003093
1341839121.676759 0.008446 0.00665 -0.0009387 0.001392 -0.002461 -5.091e-05
1341839121.737794 0.01288 0.008422 -0.003745 -0.008029 0.00418 6.552e-05
1341839121.769806 0.00407 0.0009757 -0.003043 -0.00399 0.002073 0.006909
1341839121.801610 0.01329 -0.0009996 -0.001014 -0.004288 -0.002197 0.00365
1341839121.837558 0.00655 -2.698e-05 -0.0009944 -0.001419 0.002168 -0.0003057
1341839121.869640 0.004731 0.008715 -0.006012 0.001172 0.0005321 0.001483
1341839121.901603 0.01179 -0.000218 -0.0001354 -0.004492 -0.0005998 0.001142
1341839121.937642 0.005098 -0.0007052 -0.001575 -0.002493 0.002562 0.001796
1341839121.969593 0.009331 -0.003346 -0.0009959 -0.002788 -0.003472 -0.0002062
1341839122.005447 0.01346 -0.0003258 0.002113 0.0005664 -0.003959 -0.005432
1341839122.037577 0.004982 0.001747 -0.0004634 0.002466 0.002904 -0.0001351
1341839122.069508 0.004819 0.002934 -0.003225 0.001374 0.001516 0.004859
1341839122.105677 0.008637 0.0007983 -0.001108 -0.00147 -0.001319 0.002431
1341839122.137560 0.009445 -0.006855 0.002019 -0.003245 -0.00173 -0.0002261
1341839122.169506 0.005521 -0.002387 0.0003464 0.002889 -0.001256 0.0004756
1341839122.205699 0.006813 0.01045 -0.004644 0.006017 -0.002894 -0.0004395
1341839122.237714 0.00747 0.0007081 -0.0007878 -0.002668 -0.001963 -0.00143
1341839122.273692 0.006083 -0.007613 0.001598 -0.003783 -0.002936 0.0001758
1341839122.305536 0.009461 0.002474 -0.0007249 0.002773 -0.005436 -0.001521
1341839122.337539 0.01031 0.003712 -0.001456 0.001443 -0.003085 -0.004409
1341839122.373595 0.003716 -0.0005474 -0.0006212 0.0002602 0.0004708 -0.0004179
1341839122.405534 0.007558 0.007922 -0.004718 0.002018 -0.00278 0.001001
1341839122.441566 0.01193 -0.001866 -0.0008828 -0.005584 -0.003008 -0.002728
1341839122.476666 0.009593 -0.004894 0.001569 -0.002905 -0.001125 -0.003179
1341839122.541642 0.01503 0.01432 -0.007378 0.0001847 -0.00048 -0.007285
1341839122.605781 0.0185 -0.01077 0.001213 -0.009733 -0.001442 -0.001518
1341839122.641573 0.008665 0.008764 -0.003878 0.003767 -0.0001666 -0.005069
1341839122.673585 0.003927 0.002093 -0.002297 -0.001879 0.003578 -0.0008274
1341839122.709612 0.00783 -0.001067 -0.0004582 -0.002649 0.001858 0.003828
1341839122.744481 0.007176 -0.004024 0.0001309 -0.002598 0.002149 0.003496
1341839122.809572 0.0154 -0.009843 0.003572 0.005665 -0.002978 -0.002836
1341839122.841637 -0.002016 0.01186 -0.007021 0.007818 0.002642 0.002381
1341839122.873612 0.004303 -0.003182 -0.001842 -0.003137 -0.001078 0.006818
1341839122.909624 0.01368 -0.00461 0.003411 -0.0008341 -0.004302 -0.0002753
1341839122.941543 0.0002268 0.003174 -0.001595 0.004945 0.002606 -0.002632
1341839122.977575 -0.003034 0.01116 -0.007342 0.003769 0.001279 0.002585
1341839123.009572 0.007734 -0.003552 -0.0002897 -0.00737 -0.002375 0.002413
1341839123.041702 0.009506 -0.01501 0.00537 -0.006379 -0.002804 -0.0006368
1341839123.077583 0.00444 -0.002158 0.001122 0.006345 -0.001845 -0.002657
1341839123.109751 -0.00224 0.01614 -0.007752 0.009112 0.001013 -0.001968
1341839123.141926 0.004031 -0.007353 3.391e-05 -0.007971 -0.001519 0.001953
1341839123.177759 0.01084 -0.01946 0.006925 -0.004918 -0.004979 0.0003249
1341839123.209570 0.003787 0.002906 -0.00125 0.009752 -0.003086 -0.005605
1341839123.245725 -0.002289 0.0081 -0.004101 0.00708 -0.0007787 -0.004738
1341839123.277647 -0.001989 0.003472 -0.003356 0.0003973 -0.001911 0.003719
1341839123.309620 0.01099 -0.007231 0.002843 -0.004632 -0.006178 0.001858
1341839123.345630 0.003968 -0.001086 0.001213 0.0009189 -0.002205 -0.005901
1341839123.378204 -0.003595 0.003552 -0.001385 0.002095 -0.002194 -0.004347
1341839123.413605 0.005021 0.002585 -0.0003243 -0.0006231 -0.005768 0.0006397
1341839123.445605 0.006122 -0.002365 0.00249 -0.002146 -0.0021 0.00185
1341839123.477524 -0.0001043 0.001769 -0.001216 0.0001785 -0.0007312 0.00267
1341839123.513569 0.002414 -0.0009382 -0.0007659 -0.002146 -0.004586 0.001977
1341839123.545681 0.0109 -0.001935 0.001547 -0.001856 -0.007841 -0.002509
1341839123.577643 0.0006957 0.00848 -0.001675 0.002462 -0.0001367 -0.002093
1341839123.613598 0.0009675 -0.001518 -0.001031 -0.005221 -0.001925 0.004612
1341839123.645669 0.01345 -0.009294 0.004505 -0.004998 -0.007286 0.003399
1341839123.681751 0.007928 0.006732 -0.001149 0.003317 -0.002489 -0.002129
1341839123.713662 0.003541 -0.000639 0.0008743 -0.002324 -0.001727 -0.001801
1341839123.745702 0.004893 0.002218 0.0004982 -0.0005681 -0.003425 0.001653
1341839123.781632 0.01265 0.002704 0.0005021 -0.00188 -0.004814 0.0008167
1341839123.813710 0.01222 -0.009728 0.004473 -0.006266 -0.002047 -0.00188
1341839123.845656 0.006795 -0.003752 0.005385 0.003019 0.0008043 0.0003021
1341839123.881576 0.004914 0.006297 -0.001511 0.006589 -0.0007136 0.004137
1341839123.913827 0.01231 -0.001792 0.002124 0.0005659 -0.003518 0.003537
1341839123.949667 0.01614 -0.00563 0.00481 0.0012 -0.002148 0.0009122
1341839123.981668 0.008842 0.007815 -0.00115 0.007332 0.003469 0.001562
1341839124.013726 0.00983 0.002761 -0.0007644 0.0002977 0.002371 0.001743
1341839124.049634 0.01437 -0.004146 0.004159 -0.002488 0.0005901 3.77e-05
1341839124.081682 0.01155 0.0001037 0.002677 0.00116 0.002714 -0.001812
1341839124.113596 0.006968 0.001771 0.002018 0.002398 0.003777 0.0005921
1341839124.149548 0.007775 0.005335 -0.001556 0.00164 0.001558 0.002814
1341839124.181547 0.01238 -0.007975 0.004819 -0.00464 -0.0002539 0.0005632
1341839124.217783 0.009373 -0.003492 0.00504 0.002485 0.0005985 0.001404
1341839124.256572 0.00877 0.01101 -0.002322 0.006301 -0.0003488 0.0001699
1341839124.317542 0.01912 -0.009194 0.008432 -0.00602 -0.001383 -0.002956
1341839124.349622 0.01197 -0.0006571 0.002717 0.001147 -0.002581 -0.00349
1341839124.417782 0.00932 0.003773 0.004051 0.005721 -0.001117 -0.004968
1341839124.449587 0.01076 -0.002748 0.002738 -0.004055 -0.003271 -0.0002188
1341839124.485711 0.005737 -0.0118 0.006832 -0.003302 -0.0001382 0.001146
1341839124.549607 0.01391 0.003965 0.003164 0.006472 -0.008157 -0.004414
1341839124.585623 0.005538 -0.003221 0.004258 -0.0005472 -0.001272 -0.001099
1341839124.617614 0.003963 0.001954 0.002662 0.003095 -0.001203 0.002318
1341839124.653561 0.008435 0.001775 0.0002886 -0.0005898 -0.003786 -0.001181
1341839124.685611 0.006312 -0.01181 0.007086 -0.00429 -0.001789 -0.002943
1341839124.717580 0.00302 0.005992 0.0009773 0.007425 -0.001605 0.001233
1341839124.753621 0.006831 0.004422 -0.001771 0.0006747 -0.002232 0.001512
1341839124.785678 0.006897 -0.008369 0.003903 -0.005056 -0.001239 -0.0009618
1341839124.817558 -0.001107 -0.006415 0.004031 0.0006973 -0.001137 -0.0003506
1341839124.885712 0.02622 0.01264 -0.002744 0.001172 -0.0123 -0.003793
1341839124.921721 -0.002367 -0.007268 0.006492 -0.00388 0.007024 0.0001422
1341839124.953580 -0.003607 0.008736 -0.001312 0.004407 -0.001891 0.007884
1341839124.985862 0.01897 -0.001352 -0.00225 -0.00597 -0.0111 -0.00127
1341839125.021660 0.01203 -0.01033 0.006082 -0.007411 -0.0003449 -0.01002
1341839125.053606 -0.004383 -0.001384 0.003996 0.00348 0.003763 -0.0008358
1341839125.086082 0.002442 0.01737 -0.005619 0.007381 -0.00334 0.006472
1341839125.121616 0.01701 -0.007539 0.002353 -0.01078 -0.002732 0.0004865
1341839125.153540 0.003082 -0.01934 0.01204 -0.004474 0.005863 0.002303
1341839125.189545 -0.005665 0.01348 -0.004319 0.01507 -0.001093 0.01012
1341839125.221519 0.004028 0.01437 -0.007633 0.00289 -0.005978 0.003895
1341839125.253620 0.007803 -0.01463 0.004445 -0.01112 -0.006338 0.0008814
1341839125.289646 0.007857 -0.003046 0.003906 0.003111 -0.003458 0.0001175
1341839125.321651 -0.008549 0.02368 -0.006763 0.01029 0.00343 0.005922
1341839125.353612 0.003038 -0.008907 0.001236 -0.01118 -0.005444 0.004198
1341839125.389732 0.003523 -0.01606 0.008742 -0.004117 -0.007481 0.0008629
1341839125.421568 0.004389 0.008476 -0.003591 0.01004 -0.009573 -0.001427
1341839125.457605 -0.001962 0.008766 -0.004318 0.003896 -0.003217 -0.001549
1341839125.489491 0.002543 0.0004411 -0.002071 -0.002965 -0.006132 0.0001751
1341839125.521521 0.01072 -0.0123 0.004077 -0.005102 -0.006358 -0.004266
1341839125.557578 -0.001896 0.007932 -0.001087 0.007801 0.001712 -0.0009265
1341839125.596685 -0.004188 0.008833 -0.005221 0.002061 -0.002006 0.003622
1341839125.657655 0.02008 -0.01718 0.002443 -0.006326 -0.01016 -0.008495
1341839125.689599 -0.0006336 0.006383 -0.002698 0.00807 0.0005192 -0.002426
1341839125.725674 0.005499 0.01402 -0.008684 0.004574 -0.002033 0.003744
1341839125.757650 0.01095 -0.01281 0.0004089 -0.009915 0.0007944 -5.868e-05
1341839125.789697 -0.001069 -0.009239 0.002456 0.0005872 0.002304 -0.001309
1341839125.825554 0.009743 0.007786 -0.006525 0.008742 -0.006153 -0.005607
1341839125.857601 0.00843 0.007896 -0.006118 0.003625 -0.001163 -0.006022
1341839125.893542 0.0005128 0.006735 -0.002768 0.001386 0.004124 0.002554
1341839125.925748 0.01021 0.0001562 -0.004697 -0.003233 -0.001684 0.004672
1341839125.957565 0.01399 -0.007447 -0.0007261 -0.004279 -0.0014 -0.004906
1341839125.993528 0.002324 0.002613 -0.001359 0.004395 0.003747 -0.005952
1341839126.025584 0.002896 0.01522 -0.007494 0.006506 -6.361e-05 0.001227
1341839126.057677 0.01413 -0.002394 -0.004241 -0.005992 -0.001778 0.0006732
1341839126.093586 0.004738 -0.00733 0.002652 -0.002519 0.003842 -0.0001752
1341839126.125584 0.002952 0.0172 -0.007606 0.00845 2.35e-05 0.001813
1341839126.161675 0.01244 -0.001962 -0.005351 -0.006836 -0.003539 -0.002063
1341839126.193566 0.005337 -0.007527 0.001527 -0.00438 0.0004177 -0.003731
1341839126.225494 0.00203 0.009008 -0.004718 0.004528 -0.002661 -0.0007853
1341839126.262252 0.01381 -0.001564 -0.004776 -0.003193 -0.008018 -0.005785
1341839126.293564 0.008733 0.002783 -0.002911 1.818e-05 -0.001716 -0.006692
1341839126.325643 0.003523 0.003613 -0.002284 0.0005176 0.002755 0.0004846
1341839126.361562 0.003795 0.002329 -0.003075 -0.0001933 0.001431 0.006443
1341839126.393475 0.003558 -0.005566 -0.0001822 -0.002802 -0.001779 0.004449
1341839126.429534 0.01383 -0.003266 -0.001878 0.001292 -0.008212 -0.001986
1341839126.461585 0.008089 0.006044 -0.003789 0.005745 -0.0003847 -0.006671
1341839126.493573 -0.005802 0.01664 -0.00586 0.005673 0.003564 0.002092
1341839126.529589 0.007384 -0.000935 -0.003166 -0.00656 -0.004843 0.006808
1341839126.561488 0.01218 -0.01226 0.001132 -0.008254 -0.004587 -0.001827
1341839126.593549 0.00215 -0.003199 0.001469 0.001461 -0.001957 -0.007553
1341839126.629751 -0.0005707 0.01715 -0.006558 0.009074 -0.00342 -0.002327
1341839126.661503 0.006157 0.003445 -0.005624 -0.006058 -0.004856 0.00107
1341839126.697561 0.005017 -0.01818 0.004767 -0.01157 -0.003073 -0.001349
1341839126.729517 0.001264 0.008306 -0.001072 0.006201 -0.004851 -0.001672
1341839126.761554 0.002174 0.01273 -0.00767 0.0005509 -0.005873 -0.000432
1341839126.797734 0.003665 -0.01284 0.003976 -0.01063 -0.004219 0.001592
1341839126.829608 0.001439 0.0026 -0.0007663 0.0008653 -0.006271 0.002875
1341839126.865650 0.01252 -0.002954 -0.00131 -0.002502 -0.01038 -0.004018
1341839126.897640 -0.0002472 0.007911 -0.002484 0.002077 -0.001706 -0.003034
1341839126.929680 0.004753 0.001214 -0.003175 -0.00511 -0.005425 -0.001286
1341839126.965564 0.01012 -0.02037 0.004679 -0.009556 -0.004111 -0.00201
1341839126.997665 0.0006525 0.01687 -0.003654 0.01271 0.001446 0.001342
1341839127.029597 0.002924 0.0159 -0.008852 -0.0006549 -0.001518 0.001861
1341839127.065594 0.002176 -0.008238 0.003067 -0.01208 0.001303 0.004117
1341839127.097689 0.001522 0.0001904 0.001152 -0.004373 -0.002275 0.004186
1341839127.133571 0.008885 -0.004439 0.002307 -0.003857 -0.007966 -0.004009
1341839127.165684 0.002885 0.006757 -0.001807 0.002091 -0.005609 -0.006086
1341839127.197636 0.0008587 0.004951 -0.00117 -0.0009166 -0.004008 -0.002068
1341839127.233596 0.003906 0.007062 -0.002467 -0.002234 -0.004826 0.003383
1341839127.265755 0.008103 -0.01053 0.003786 -0.009664 -0.005877 -0.001577
1341839127.297673 0.001095 9.239e-05 0.003403 0.0009819 -0.004663 -0.002881
1341839127.333679 0.002197 0.004042 -0.001552 0.002755 -0.006103 0.000879
1341839127.372174 0.007473 0.006558 -0.003034 0.001892 -0.007215 0.003715
1341839127.401871 0.01134 -0.004347 -0.0008125 -0.006503 -0.006923 -0.0006255
1341839127.434153 0.002106 -0.004776 0.00549 -0.002264 -0.003178 -0.002752
1341839127.465725 0.01283 0.004834 -0.003051 0.002628 -0.01031 -0.003923
1341839127.502087 0.005034 -0.004597 0.003476 -0.003194 -0.003491 -0.005683
1341839127.533614 -0.002463 -0.004149 0.005182 0.002105 -0.0032 0.002124
1341839127.565666 0.02086 0.002154 -0.001566 0.007615 -0.01611 -0.002558
1341839127.601497 0.01621 0.009666 -0.008001 0.004898 -0.007153 -0.00912
1341839127.633641 -0.0005301 0.005835 -0.0005595 -0.001861 0.002428 -0.003421
1341839127.669721 0.01005 -0.001501 -0.000199 -0.004766 -0.003035 0.001883
1341839127.701590 0.01292 -0.00487 0.0007487 -0.004019 -0.001082 -0.002377
1341839127.733628 0.004806 0.0008138 0.001469 0.001376 0.001156 -0.004698
1341839127.769756 0.002914 0.006757 -0.002085 0.003766 0.000333 0.0009487
1341839127.801629 0.009302 0.003843 -0.003655 -0.0003027 -0.002411 0.004325
1341839127.837525 0.005667 -0.003155 -0.0005001 -0.004984 -0.001003 -0.000534
1341839127.869904 0.007037 -0.005728 0.002288 -0.002505 -0.005085 -0.005597
1341839127.901787 0.007738 0.006626 -0.005049 0.003758 -0.003784 -0.005532
1341839127.937458 -0.001945 0.004929 -0.00206 -0.000995 -8.559e-05 -0.001236
1341839127.970000 0.01124 -0.0008821 -0.001647 -0.003051 -0.007676 -0.001481
1341839128.001556 0.01068 -0.001836 -0.001337 -0.002579 -0.001764 -0.004213
1341839128.037646 -0.0008997 0.003761 -0.000645 -5.251e-05 0.004139 -0.0006882
1341839128.069528 -0.002522 -0.003226 0.001323 -0.002716 0.001633 0.004563
1341839128.105485 0.002436 -0.01269 0.004101 -0.0005314 -0.005938 -0.00166
1341839128.137556 0.01958 0.0008422 -0.002996 0.01004 -0.01336 -0.01615
1341839128.169766 -0.007261 0.01071 -0.006012 0.009313 0.005445 -0.007447
1341839128.205769 -0.002913 0.01019 -0.004419 0.002054 0.0002889 0.00953
1341839128.237693 0.01491 -0.01237 -0.0004348 -0.01009 -0.00606 0.002283
1341839128.269778 0.0001688 -0.01108 0.007262 -0.001107 0.00306 -0.007067
1341839128.305489 0.0004241 0.01584 -0.006525 0.0117 -0.002101 -0.002782
1341839128.337488 0.004268 0.003575 -0.005068 -0.001792 -0.003746 -0.0007734
1341839128.373648 0.00349 -0.005783 0.00195 -0.004538 -0.0003932 7.573e-05
1341839128.405628 -0.002631 0.003032 0.000462 0.002382 0.0001719 0.002086
1341839128.438499 0.00888 0.001894 -0.004534 0.001009 -0.008929 -0.002519
1341839128.473696 0.004508 -0.001011 -0.001829 -0.0008424 -0.003804 -0.006394
1341839128.505546 -0.002035 0.005428 -0.00136 0.002629 -0.0006205 0.001111
1341839128.537583 0.001982 0.002454 -0.002834 0.000266 -0.002978 0.005716
1341839128.573515 0.009367 -0.001172 -0.002932 -0.002588 -0.008062 0.0002832
1341839128.605707 0.01089 -0.01289 0.001589 -0.004762 -0.007028 -0.01135
1341839128.641615 -0.001131 0.008125 -0.003744 0.009037 0.001112 -0.004447
1341839128.674297 0.006251 0.011 -0.009774 0.002047 -0.005092 0.001075
1341839128.705724 0.01183 -0.01282 0.0003102 -0.009222 -0.006263 -0.006373
1341839128.741577 0.006212 -0.003702 -0.0006963 0.001643 -0.0002455 -0.007846
1341839128.773449 0.004201 0.01198 -0.007874 0.006984 0.001032 0.0007708
1341839128.805626 0.002181 -0.0008638 -0.002346 -0.003571 0.0004932 0.00419
1341839128.841524 0.007611 -0.008939 0.002977 -0.002259 -0.007152 -0.004187
1341839128.873613 0.0186 -0.005228 -0.003538 0.003585 -0.01001 -0.01639
1341839128.909718 -0.00445 0.008501 -0.003951 0.008889 0.005874 -0.004958
1341839128.941487 0.00565 0.01784 -0.008636 0.004535 -0.00166 0.01314
1341839128.973556 0.01161 -0.01993 0.002733 -0.0142 -0.004108 0.003161
1341839129.009679 0.005058 -0.01345 0.006989 0.002686 0.002907 -0.006996
1341839129.041584 0.002329 0.02965 -0.008322 0.01914 -0.00154 0.00291
1341839129.077533 0.0146 -0.00827 -0.003786 -0.009104 -0.01117 -0.003044
1341839129.109520 0.01044 -0.01777 0.004355 -0.003643 -0.0009593 -0.007054
1341839129.141619 0.003022 0.01444 -0.004257 0.01373 0.003368 -0.0003535
1341839129.177574 0.003341 0.01353 -0.005445 0.003768 -0.004827 0.003869
1341839129.209655 0.01603 -0.01573 9.784e-05 -0.009071 -0.01095 -0.007122
1341839129.241510 0.005763 -0.001329 -0.001345 0.004823 0.0002049 -0.009446
1341839129.277541 0.003482 0.02067 -0.007565 0.00973 -0.002331 0.0008426
1341839129.309548 0.01091 -0.002561 -0.004727 -0.006963 -0.007783 -0.0003816
1341839129.345615 0.01054 -0.01283 -0.000347 -0.00641 -0.001811 -0.005157
1341839129.377515 0.0004537 0.008639 -0.002757 0.007428 0.004764 0.0003904
1341839129.409635 0.007593 0.01215 -0.008372 0.002919 -0.005203 0.003234
1341839129.445518 0.009011 -0.01458 -0.001687 -0.009182 -0.004909 -0.006233
1341839129.477523 0.003251 -0.002862 -0.001822 0.003862 0.002456 -0.004357
1341839129.509566 0.005346 0.01553 -0.009337 0.008675 -0.001659 0.00343
1341839129.545536 0.007829 -0.009846 -0.001425 -0.00653 -0.005449 -0.003619
1341839129.577541 0.002536 -0.005197 0.0007674 0.003543 -0.001051 -0.007136
1341839129.613707 0.0077 0.0173 -0.009732 0.01001 -0.005387 0.0002909
1341839129.645497 0.004412 -0.0008207 -0.003657 -0.00444 -0.002521 0.004155
1341839129.677529 0.008071 -0.002382 -0.002644 -0.003023 -0.002569 0.004572
1341839129.713807 0.009519 -0.002416 -0.004228 -0.002202 -0.001626 -0.004856
1341839129.745656 -0.005059 0.007365 6.221e-05 0.002918 0.004264 -0.0008536
1341839129.777553 0.005875 0.01223 -0.004924 0.002817 -0.006509 0.005107
1341839129.813668 0.01472 -0.008968 -0.00412 -0.009925 -0.008958 -0.006481
1341839129.845557 -0.003478 -0.005094 0.003728 -0.001572 0.005403 -0.008337
1341839129.881595 0.0008434 0.02226 -0.006291 0.009271 -1.963e-06 0.008346
1341839129.913656 0.01118 -0.002306 -0.004413 -0.01106 -0.008144 0.005183
1341839129.945668 0.0003647 -0.02157 0.007443 -0.01075 0.00119 -0.008497
1341839129.981581 -0.002516 0.0159 -0.002236 0.01377 0.0009545 0.001111
1341839130.013837 0.01646 0.01478 -0.01355 0.0006359 -0.011 0.007582
1341839130.049672 0.003755 -0.02163 0.003928 -0.01784 -0.0001313 -0.003239
1341839130.081470 -0.002489 -0.002515 0.00596 0.004304 0.00454 -0.002411
1341839130.113580 0.01376 0.01581 -0.01216 0.009097 -0.006713 0.00103
1341839130.149498 0.008833 -0.0002563 -0.004237 -0.007585 -0.003355 -0.003362
1341839130.181614 -0.003082 -0.01405 0.00834 -0.007892 0.002785 -0.005459
1341839130.213597 0.006324 0.002364 -0.001405 0.006854 -0.002472 -0.002226
1341839130.249495 0.01215 0.01215 -0.00939 0.004618 -0.006886 -0.0006344
1341839130.281707 0.002979 -0.01056 0.004795 -0.00834 -0.004451 -0.007465
1341839130.317659 0.006073 -0.004283 0.001387 0.002522 -0.00424 -0.006319
1341839130.349604 0.01685 0.01092 -0.01029 0.004391 -0.007455 -0.004676
1341839130.382034 -0.002193 -2.081e-05 0.00439 -0.005314 0.0002204 -0.004799
1341839130.417728 0.005107 -0.005374 0.004907 -0.003112 -0.006785 -0.001015
1341839130.481948 0.01341 0.001211 -0.001772 0.009891 -0.004569 -0.01119
1341839130.517772 0.01362 0.004339 -0.004031 -0.0009039 -0.01004 0.002236
1341839130.549519 0.01305 -0.01559 0.001427 -0.007207 -0.003992 -0.009772
1341839130.585696 -0.001015 0.006697 0.0002896 0.006836 0.008217 -0.002408
1341839130.617684 0.005434 0.01568 -0.003179 0.004351 -0.00248 0.0118
1341839130.649566 0.0113 -0.01328 0.002917 -0.008666 -0.006651 0.0004732
1341839130.685466 0.01113 -0.003735 0.0002477 -0.0003345 -0.001598 -0.007507
1341839130.717517 -0.002975 0.004229 0.005569 0.004883 0.003535 -0.001409
1341839130.749572 0.01109 0.009445 -0.004277 0.004922 -0.005646 0.009316
1341839130.785686 0.01577 -0.004523 -0.0006563 -0.005851 -0.007322 0.0004211
1341839130.817796 0.003778 -0.01238 0.006995 -0.004239 -0.0001036 -0.01167
1341839130.854788 0.002998 0.009156 -0.0006531 0.01047 0.002103 -0.00191
1341839130.885541 0.01889 0.0184 -0.01038 0.003192 -0.007698 0.009782
1341839130.917632 0.005605 -0.01394 0.005995 -0.01513 -0.0003804 -0.001356
1341839130.953712 -0.001613 -0.01213 0.01056 -0.002684 0.002277 -0.00681
1341839130.985630 0.01473 0.01101 -0.007141 0.01066 -0.005892 -0.003421
1341839131.017560 0.01406 0.008179 -0.007052 -0.002601 -0.004129 -0.001211
1341839131.053526 -0.001194 -0.01162 0.009491 -0.01011 0.005889 0.001106
1341839131.085681 0.008908 -0.00148 0.001167 0.0005456 0.001107 0.003971
1341839131.121737 0.008587 -0.000539 5.993e-05 0.001398 0.0002579 -0.001702
1341839131.153629 0.004151 -0.003563 0.002175 0.0008989 0.001382 -0.003782
1341839131.185722 0.001551 0.00293 0.00257 0.006294 0.002325 0.002866
1341839131.221649 0.01354 0.003367 -0.004915 0.003799 -0.006912 0.002798
1341839131.253615 0.006718 -0.009976 0.001014 -0.003129 -0.000603 -0.007211
1341839131.289544 -0.002403 -0.001024 0.005005 0.006112 0.005305 -0.002308
1341839131.321742 0.01429 0.01431 -0.00968 0.00925 -0.00547 0.006802
1341839131.353559 0.00842 -0.008288 0.0001548 -0.007475 -0.002536 -0.002531
1341839131.389563 -0.002342 -0.009996 0.00654 -0.0002377 0.003507 -0.007209
1341839131.422027 0.01157 0.0144 -0.00853 0.01071 -0.002849 0.001665
1341839131.453618 0.009023 0.007576 -0.005067 -0.002338 -0.001769 0.005704
1341839131.489531 0.002948 -0.009185 0.00397 -0.008641 2.679e-05 0.00121
1341839131.521613 0.005196 -0.006552 0.001347 -0.0009503 0.0005489 -0.005987
1341839131.557577 0.009061 0.01236 -0.006714 0.006927 -0.0009112 -0.001995
1341839131.589573 0.00549 0.003682 -0.002235 -0.003257 0.0001231 0.00253
1341839131.621822 0.006131 -0.006777 0.002326 -0.005831 0.001349 0.0006567
1341839131.657680 0.008485 0.002661 -0.002053 0.0007251 0.0009029 -0.002531
1341839131.689554 0.006756 0.005916 -0.003149 0.0003256 -0.00087 -0.002137
1341839131.721592 0.005884 -0.002866 -0.0005783 -0.00464 0.0002586 -0.001404
1341839131.757613 0.005476 -0.002509 0.001029 -0.002022 0.001782 -0.001804
1341839131.789523 0.004608 0.001078 -0.0002911 0.001072 0.0001516 -0.001627
1341839131.825565 0.005484 0.0002705 0.000492 0.001877 -0.001762 -0.001134
1341839131.857572 0.007809 0.001863 -0.002649 0.001237 -0.002852 -0.001902
1341839131.889513 0.002584 0.001641 0.001714 0.0006027 0.0002147 0.002828
1341839131.925750 0.0108 -0.0008375 -0.001342 -0.001253 -0.005615 0.0003448
1341839131.964633 0.001446 -0.008276 0.005195 -0.001505 0.0003519 -0.005607
1341839132.025660 0.02211 0.01796 -0.01003 0.006321 -0.00776 0.005895
1341839132.057881 -0.001578 -0.01386 0.009473 -0.0101 0.001862 -0.001634
1341839132.093669 0.006029 0.002166 0.00142 0.005858 -0.003773 -0.002689
1341839132.125565 0.01132 0.006688 -0.004546 0.004068 -0.009467 -0.004837
1341839132.157636 0.001011 -0.00845 0.004919 -0.002416 -0.003908 -0.008165
1341839132.193673 0.008682 0.005805 -0.003644 0.005379 -0.002917 0.0002541
1341839132.225804 0.01286 0.003946 -0.003644 -0.001527 -0.005923 -0.0003665
1341839132.261812 0.001728 -0.01242 0.007058 -0.006265 0.0004222 -0.01042
1341839132.293590 0.005873 0.009083 -0.001644 0.00722 -0.000235 -0.001517
1341839132.325554 0.008643 0.004525 -0.00267 -0.001132 -0.005893 0.001365
1341839132.361528 0.0007717 -0.01183 0.006725 -0.00513 -0.002808 -0.006378
1341839132.393650 0.007835 0.0003632 -0.002228 0.004678 -0.004213 -0.006928
1341839132.425622 0.007038 0.007898 -0.00397 0.003804 -0.00356 -0.001148
1341839132.461663 0.003773 -0.004439 0.0021 -0.00355 -0.004276 -0.001305
1341839132.493798 0.002176 -0.01173 0.004031 -0.001512 0.0007516 -0.004675
1341839132.529690 0.008462 0.01057 -0.004534 0.00961 -0.0003749 0.00423
1341839132.561519 0.01278 0.006579 -0.00643 -8.987e-05 -0.00746 0.002448
1341839132.593700 0.001718 -0.01464 0.005891 -0.008417 0.0002253 -0.009683
1341839132.629507 0.0005218 -0.002552 0.003809 0.00521 0.005653 -0.004077
1341839132.661576 0.01439 0.01785 -0.01127 0.009445 -0.002427 0.008852
1341839132.693571 0.009103 -0.003511 -0.001725 -0.009122 0.0007763 0.004009
1341839132.729515 -0.002522 -0.01344 0.01063 -0.0077 0.009903 -0.001855
1341839132.761625 0.00498 0.006578 -0.0009762 0.007154 0.005278 0.003182
1341839132.797547 0.01138 0.007639 -0.007901 0.001135 -0.0002515 0.003082
1341839132.829637 0.0008649 -0.01001 0.005997 -0.007803 0.004267 -0.01065
1341839132.861592 -0.0004918 -0.001173 0.004972 0.004653 0.005243 -0.01222
1341839132.897486 0.008469 0.01076 -0.005546 0.006787 -0.001107 -0.004068
1341839132.929713 0.002104 -9.94e-05 0.00218 -0.001801 0.0008382 -0.001911
1341839132.961705 0.007318 0.001785 -0.001843 -0.001604 -0.0004483 -0.003646
1341839132.997927 -0.004911 -0.00224 0.007647 -0.003033 0.004129 -0.004386
1341839133.029816 0.00242 0.004924 0.0006776 0.004145 -0.002396 0.002243
1341839133.065602 0.007327 0.002967 -0.003401 -0.002392 -0.001057 0.002892
1341839133.097540 -0.004419 -0.003104 0.007979 -0.005438 0.003348 0.003258
1341839133.129508 0.0006903 0.0003238 0.002902 0.002107 -0.002342 0.002635
1341839133.165630 0.003402 0.002309 -0.0009177 8.471e-06 -0.0009364 0.005173
1341839133.197576 -0.000585 -0.00377 0.005356 -0.001873 6.178e-05 0.00592
1341839133.229574 0.005127 -0.003366 0.0002933 0.0003469 -3.476e-05 0.003299
1341839133.265549 0.006275 0.005633 -0.002285 0.001735 -0.001963 0.003651
1341839133.297600 0.001368 -0.007837 0.005443 -0.004132 -0.004909 -0.005456
1341839133.333601 0.004039 -0.006445 0.001792 -0.0005371 0.0003242 -0.006296
1341839133.365789 -0.001072 -0.002244 0.006277 0.002791 0.001685 -0.002021
1341839133.397692 0.005046 -0.0006099 0.001336 0.006647 -0.003102 -0.001055
1341839133.433673 0.01001 0.002052 -0.002136 0.001391 -0.004901 0.00426
1341839133.465589 -0.002621 -0.01568 0.01046 -0.004486 0.002679 9.148e-05
1341839133.501571 0.008015 0.001791 0.0009231 0.009018 -0.003562 0.001601
1341839133.533533 0.01032 0.0009566 -0.001954 0.003735 -0.00661 -0.003043
1341839133.565553 -0.0001045 -0.007271 0.006567 -0.0005753 -0.00231 -0.004293
1341839133.633642 0.02071 0.002727 -0.002824 0.009328 -0.01502 -0.00455
1341839133.672597 -0.002219 -0.0129 0.009088 -0.005755 0.001143 -0.007184
1341839133.708834 0.003323 0.0005864 0.004113 0.006737 -0.001562 0.002354
1341839133.740662 0.01642 -4.673e-05 -0.00553 0.00256 -0.007151 -0.001478
1341839133.776632 0.004134 -0.004702 0.003562 -0.001626 0.00401 -0.005049
1341839133.808566 0.005292 0.005763 0.0009851 0.004112 0.0001839 0.003877
1341839133.842375 0.0129 -0.001539 -0.003151 -0.002324 -0.004558 0.0006425
1341839133.876620 0.005015 -0.01011 0.004432 -0.005763 0.003544 -0.007804
1341839133.908528 0.0003929 0.0005928 0.005527 0.004294 0.005834 -0.001825
1341839133.940713 0.009898 0.005883 -0.003166 0.005267 -0.002575 0.005823
1341839133.976740 0.01098 -0.004651 -0.0009146 -0.002696 -0.001699 0.001018
1341839134.008547 0.003345 -0.004354 0.004189 -0.0003795 0.004301 -0.000191
1341839134.040599 0.009998 0.006093 -0.002691 0.004522 0.001485 0.007127
1341839134.076583 0.01162 0.0002539 -0.002157 -0.002646 0.0008255 0.006799
1341839134.108666 0.003975 -0.007638 0.005632 -0.00409 0.004241 0.001837
1341839134.145583 0.005716 -0.001478 0.002685 0.004203 0.003561 0.001883
1341839134.177037 0.01419 0.01249 -0.008207 0.007124 -0.00142 0.007772
1341839134.208585 0.01545 0.004444 -0.006145 -0.004546 -0.005613 0.001849
1341839134.245077 0.006877 -0.01055 0.004394 -0.01103 0.0006872 -0.01415
1341839134.276660 -0.002117 -0.003197 0.01051 6.175e-05 0.01087 -0.00872
1341839134.344596 0.02851 0.006184 -0.008596 -0.005129 0.000427 0.006747
1341839134.405658 0.01449 0.00183 0.007269 0.009054 0.01636 0.000102
1341839134.437582 0.01626 0.001823 -0.006758 -0.005316 -0.003161 0.003852
1341839134.473570 0.002368 -0.01554 0.01574 -0.009638 0.007829 -0.004967
1341839134.505576 0.007325 0.006309 0.0004376 0.009106 0.007065 0.0009536
1341839134.537527 0.01756 0.0126 -0.01177 0.00298 -0.004309 0.006829
1341839134.573575 0.01165 -0.006271 0.001384 -0.01171 0.0008077 0.0003027
1341839134.605581 0.005182 -0.00382 0.006021 -0.007512 0.002675 -0.003445
1341839134.637613 0.005295 0.001874 0.005047 0.002091 -0.0003171 -0.002435
1341839134.673530 0.02235 0.01216 -0.01422 -0.0007887 -0.008864 0.0001565
1341839134.705768 0.002772 -0.01216 0.01041 -0.01982 0.0007983 -0.005982
1341839134.741672 -0.00286 -0.007045 0.01618 0.0009163 0.007077 -0.002091
1341839134.773479 0.02132 0.01478 -0.01984 0.008419 -0.008953 0.0002029
1341839134.805757 0.009488 -0.0004938 -0.0006272 -0.01351 -0.007012 -0.004811
1341839134.841632 -0.001945 -0.01248 0.01674 -0.01127 0.002023 -0.007634
1341839134.873616 0.004481 0.004596 0.001974 0.005541 0.001879 5.508e-05
1341839134.905696 0.01012 0.006393 -0.006506 0.001889 -0.003678 0.006173
1341839134.941552 0.007745 8.757e-05 -0.001545 -0.005009 -0.003429 0.004527
1341839134.974666 0.003808 -0.004864 0.006154 -0.005395 -0.003816 -0.004379
1341839135.009601 -0.0005858 -0.004458 0.008481 0.001842 0.002713 -0.004629
1341839135.042135 0.009287 0.01129 -0.01151 0.007894 -0.004883 0.007227
1341839135.073504 0.005574 -0.004518 0.002057 -0.005269 -0.01035 0.003395
1341839135.109696 0.003386 -0.01172 0.009541 -0.001911 -0.000987 -0.005093
1341839135.141720 0.008932 0.007958 -0.01033 0.007628 -8.543e-06 0.001083
1341839135.173566 0.00686 0.007924 -0.007634 -0.0005632 -0.008331 0.00789
1341839135.209553 0.00718 -0.01131 0.003449 -0.009583 -0.007811 -0.004179
1341839135.241688 -0.002623 -0.009323 0.00965 -0.002436 0.006663 -0.01063
1341839135.277641 0.003996 0.01474 -0.006836 0.01269 -0.0005032 0.006388
1341839135.309842 0.0184 0.007229 -0.01983 -0.002305 -0.01632 0.007256
1341839135.341555 -0.001626 -0.01848 0.01296 -0.01718 -0.002556 -0.008995
1341839135.377558 -0.006009 -0.00331 0.009459 0.0072 0.007133 -0.002825
1341839135.409554 0.0213 0.02037 -0.02998 0.01113 -0.01405 0.008896
1341839135.441588 0.006299 -0.00897 -0.001142 -0.01671 -0.01164 -0.002546
1341839135.477530 -0.01023 -0.01894 0.02163 -0.006343 0.005278 -0.008315
1341839135.509758 0.01046 0.01536 -0.01223 0.0183 -0.005015 0.004154
1341839135.545510 0.01639 0.01102 -0.02043 -0.0007293 -0.01572 0.004991
1341839135.577577 -0.002143 -0.01434 0.01138 -0.01613 -0.007349 -0.005752
1341839135.609596 -0.006759 -0.01252 0.01262 0.002101 0.001404 -0.01134
1341839135.645470 0.01692 0.01943 -0.02141 0.01436 -0.01006 0.001258
1341839135.677567 0.0114 0.00219 -0.009665 -0.01228 -0.008711 0.0007053
1341839135.713508 -0.003793 -0.01202 0.009831 -0.01581 0.002142 -0.003527
1341839135.745626 -0.001157 -0.0002628 0.004434 0.001895 -0.0007292 -0.002361
1341839135.777556 0.01413 0.01187 -0.0136 0.005269 -0.0105 0.0007195
1341839135.813582 0.00421 -0.003455 -0.0008008 -0.01007 -0.006028 -0.005481
1341839135.845539 -0.003817 -0.007959 0.01093 -0.00349 0.0003837 -0.005776
1341839135.877786 0.01097 0.00898 -0.009791 0.007308 -0.006439 0.002063
1341839135.913620 0.008444 0.002117 -0.005325 -0.005758 -0.004051 0.002591
1341839135.945920 -0.001305 -0.005326 0.006781 -0.00598 -0.0002128 8.269e-05
1341839135.981913 0.004798 -0.003125 -0.0003863 0.001122 -0.003605 -0.006498
1341839136.014297 0.009186 0.003775 -0.005787 0.002666 -0.003254 -0.006244
1341839136.059226 0.006611 0.007149 -0.003356 -0.0004 -0.002211 0.0004491
1341839136.120606 0.006516 -0.01095 0.005947 -0.006554 -0.0004394 -0.000921
1341839136.181673 0.01136 0.009955 -0.00616 0.005808 -0.005579 0.00572
1341839136.214507 0.007674 -0.007781 -0.00325 -0.006281 -0.003451 -0.009901
1341839136.249624 0.0003211 -0.002372 0.0086 -0.001094 0.00825 -0.009075
1341839136.281495 0.009178 0.01349 -0.008424 0.007741 0.001023 0.0075
1341839136.314066 0.008948 0.002369 -0.006839 -0.006934 -0.004081 0.006096
1341839136.349787 -0.004114 -0.01098 0.01223 -0.01006 0.003973 -0.007426
1341839136.388618 0.0005097 0.002208 0.005223 0.008192 0.003191 -0.004856
1341839136.449733 0.01817 0.004136 -0.01443 0.0008556 -0.008387 0.0066
1341839136.481697 -0.001148 -0.007274 0.008143 -0.003946 0.006418 -0.003574
1341839136.517624 0.004752 0.00771 -0.002058 0.007635 0.001564 0.001972
1341839136.549505 0.009072 0.002479 -0.007109 0.0003568 -0.004892 0.002109
1341839136.581632 0.0008671 -0.00814 0.005815 -0.006143 0.002609 -0.004654
1341839136.617613 -8.152e-05 0.001247 0.004626 0.004079 0.004775 -7.731e-05
1341839136.649571 0.01054 0.005652 -0.008901 0.004385 -0.004456 0.00364
1341839136.685554 0.004441 -0.005353 0.000319 -0.005741 0.0003768 -0.00161
1341839136.717527 -0.001089 -0.003594 0.007933 -0.00101 0.005246 -0.001259
1341839136.749496 0.004603 0.001545 0.0003818 0.005664 0.00179 0.002584
1341839136.785674 0.01074 0.003791 -0.007939 0.002492 -0.003394 0.004649
1341839136.817542 0.003304 -0.005269 0.0043 -0.004694 -0.0009383 -0.002018
1341839136.849615 0.001482 -0.004147 0.00742 0.001558 0.002496 -0.003789
1341839136.892657 0.01309 0.007246 -0.009545 0.006116 -0.003698 0.0009285
1341839136.953615 0.006655 -0.005555 0.009595 -0.01193 -0.00268 -0.006248
1341839136.985942 0.006121 0.002458 0.0009493 0.005649 -0.0002941 7.839e-05
1341839137.017616 0.01358 0.006311 -0.008288 0.001492 -0.007054 0.003134
1341839137.053572 0.001648 -0.00496 0.007543 -0.00685 -0.002446 -0.00122
1341839137.085843 0.003509 -0.004996 0.007183 0.0002188 -0.001906 -0.004637
1341839137.117537 0.01085 0.001395 -0.00346 0.003402 -0.00344 -0.004859
1341839137.153707 0.009456 0.006964 -0.002556 0.0005822 -0.005767 0.00173
1341839137.186296 0.005081 -0.004753 0.005061 -0.006401 -0.007882 -0.002674
1341839137.221759 0.002608 -0.01007 0.0119 -0.004281 -0.0011 -0.01101
1341839137.253565 0.007833 0.007192 0.001267 0.008262 -0.002924 -0.001323
1341839137.285736 0.01646 0.006426 -0.01052 0.0003383 -0.01473 0.001051
1341839137.321642 0.0003439 -0.0119 0.01373 -0.01205 -0.003913 -0.008308
1341839137.353692 0.0004519 -0.001303 0.01209 0.003592 -0.0008468 -0.004973
1341839137.386256 0.01527 0.008786 -0.009377 0.006526 -0.01264 0.0008244
1341839137.421671 0.005334 -0.005325 0.004789 -0.006996 -0.008197 -0.002498
1341839137.453657 0.0007198 -0.005448 0.01107 -0.002435 -0.002601 -0.003806
1341839137.489830 0.00728 0.003853 0.001354 0.004702 -0.005747 0.002108
1341839137.521652 0.009102 0.00085 -0.001179 -0.0003953 -0.007716 0.004395
1341839137.553558 0.004169 -0.00409 0.00593 -0.003484 -0.003341 0.001116
1341839137.592577 0.002115 -0.0009925 0.00733 0.001448 -0.003057 0.002294
1341839137.628551 0.006858 -0.003328 0.001917 0.002205 -0.00626 0.0008575
1341839137.660598 0.007145 -0.003991 0.002706 0.0004429 -0.00363 -0.002271
1341839137.692612 0.005794 -0.002482 0.004425 0.001525 -0.002676 -0.0004216
1341839137.728532 0.005139 -0.006385 0.00561 0.001668 -0.000723 -0.001095
1341839137.760497 0.009751 0.0005432 -0.001985 0.004994 -0.002695 3.843e-05
1341839137.796681 0.007435 -0.002235 0.001989 0.000122 -0.001638 -0.0007672
1341839137.828611 0.003425 -0.007231 0.008198 0.0006607 0.001821 -3.556e-05
1341839137.860523 0.01134 0.0029 -0.003177 0.006246 -0.001745 0.002884
1341839137.896603 0.009484 -0.001608 -0.000912 -0.001295 -0.003312 -0.001595
1341839137.928510 0.001061 -0.01 0.01269 -0.002001 0.003625 -0.004262
1341839137.964534 0.01099 0.00521 -0.004437 0.009014 -0.0003199 0.003692
1341839137.996524 0.01463 0.00298 -0.008013 -0.001897 -0.004854 0.001707
1341839138.028640 -0.001601 -0.01159 0.0153 -0.00776 0.006883 -0.001303
1341839138.064541 0.006737 0.002501 0.00158 0.0064 0.00188 0.003847
1341839138.096479 0.01387 0.001402 -0.007744 0.0007926 -0.004781 -0.002258
1341839138.132550 0.004743 -0.007589 0.007591 -0.005126 0.00242 -0.007273
1341839138.164623 0.007092 -8.348e-07 0.003587 0.004184 0.004114 0.0009414
1341839138.196431 0.01485 0.005094 -0.01032 0.001892 -0.003403 0.002045
1341839138.232704 0.00449 -0.006848 0.005681 -0.006612 0.0003365 -0.008019
1341839138.264578 0.004448 -0.002616 0.005862 0.001808 0.002497 -0.006321
1341839138.300697 0.01071 0.005182 -0.005816 0.005073 -0.001266 0.002124
1341839138.332541 0.005512 -0.0006093 0.001833 -0.0008599 0.0009246 0.004325
1341839138.364517 0.005227 0.002476 0.0008727 0.003198 -0.0004491 0.01056
1341839138.400834 0.00914 -0.002432 -0.004682 -0.001662 -0.001672 0.007643
1341839138.432562 0.002224 -0.00243 0.002873 -0.001647 0.0007646 0.001566
1341839138.469017 0.00198 -0.0003106 0.00196 0.003292 -0.002172 -0.00453
1341839138.500623 0.005568 0.002454 -0.004541 0.00435 -0.00485 -0.002328
1341839138.532584 0.005654 -0.0003388 -0.004111 0.000321 -0.004263 -0.001925
1341839138.568521 0.003893 0.0009148 -0.002235 -0.0007023 -0.003016 8.811e-05
1341839138.600559 0.002952 -0.002084 -2.635e-05 -0.001987 -0.002032 -7.352e-05
1341839138.637679 0.004179 0.001948 -0.002061 0.0009903 -0.002015 0.001634
1341839138.668579 0.003109 0.002415 -0.002286 0.0004601 -0.003618 0.003475
1341839138.700570 0.001621 -0.003145 0.0005999 -0.001348 -0.003812 0.00124
1341839138.736618 0.002742 -0.001829 -0.001778 0.001134 -0.004253 -0.002764
1341839138.768580 0.002693 0.0002208 -0.002176 0.002775 -0.003926 -0.002428
1341839138.800591 0.003446 0.002323 -0.003518 0.002851 -0.00469 0.003632
1341839138.836668 0.00185 -0.003963 -0.0004968 0.0003655 -0.004625 0.001823
1341839138.868631 0.006007 0.0004257 -0.006641 0.003368 -0.004821 0.0007026
1341839138.900591 0.005014 0.001926 -0.006187 2.882e-05 -0.005037 0.001442
1341839138.936751 -0.0006887 -0.002095 0.001972 -0.0001323 -0.003812 0.0005269
1341839138.968925 0.00387 -0.00229 -0.002934 0.001692 -0.006097 -0.00465
1341839139.004685 0.0009279 0.002519 0.000573 0.004982 -0.004618 -0.000698
1341839139.036835 0.004952 -0.000187 -0.003505 0.003382 -0.008195 0.001011
1341839139.069010 0.003698 -0.001726 -0.001656 0.00199 -0.005448 0.0009611
1341839139.105164 0.003799 -0.004126 -0.001159 0.001747 -0.00544 -0.002285
1341839139.137964 0.009166 0.003823 -0.008637 0.004513 -0.005393 -0.00263
1341839139.168993 0.005479 0.0045 -0.004119 -0.0006933 -0.005363 -0.0008472
1341839139.208632 0.002851 -0.001468 0.001336 -0.002664 -0.00412 0.0005958
1341839139.237233 0.005756 -0.001974 -0.001964 -0.002513 -0.002752 -0.001224
1341839139.269740 -0.0002595 0.003153 0.003126 0.001345 -0.002054 -0.0001733
1341839139.305090 0.003247 0.001641 -5.312e-05 0.002774 -0.00769 0.001132
1341839139.336872 0.009781 -0.003517 -0.006418 -0.001316 -0.005762 -0.003161
1341839139.404779 0.007468 0.01191 -0.00169 0.002466 -0.003962 0.005228
1341839139.436967 0.005504 -0.005763 -0.001302 -0.005477 -0.006914 -0.001652
1341839139.479384 -0.0007412 -0.007323 0.006412 -0.001693 0.001827 -0.007031
1341839139.504961 0.008349 0.01387 -0.007851 0.009124 -0.005737 0.004322
1341839139.572716 0.002044 -0.01015 0.007155 -0.00844 -0.01036 -0.0005471
1341839139.633776 0.01211 0.005064 -0.007504 0.008725 -0.008035 0.0004219
1341839139.665625 0.003855 -0.001355 0.0001955 0.0005838 -0.005568 0.0002709
1341839139.701587 0.004959 -0.004847 -0.0008053 0.00014 -0.003429 -0.003923
1341839139.733553 0.0033 0.002861 -0.0008919 0.004106 -0.003089 -0.000875
1341839139.765553 0.005313 -0.002339 -0.001726 0.001899 -0.006576 -0.003701
1341839139.801543 0.005423 -0.006825 -0.0004327 -8.264e-05 -0.0007403 -0.006833
1341839139.833756 0.005111 0.006567 -0.001261 0.006072 0.0006958 0.004622
1341839139.865591 0.007826 0.003763 -0.004355 0.001757 -0.006033 0.0051
1341839139.901631 0.004118 -0.0111 0.002788 -0.005154 -0.002312 -0.009452
1341839139.933716 0.003246 -0.001365 0.003529 0.003465 0.005608 -0.003197
1341839139.969603 0.007923 0.01454 -0.007672 0.00743 -0.0004741 0.01207
1341839140.001567 0.004206 -0.0005381 -0.0008826 -0.004431 -0.005974 0.003516
1341839140.033569 9.088e-05 -0.01296 0.006421 -0.005427 -0.000305 -0.01174
1341839140.069602 0.00124 0.003545 0.003329 0.007691 0.002769 -0.002861
1341839140.101607 0.01023 0.01629 -0.01239 0.00783 -0.008391 0.01275
1341839140.137593 0.003931 -0.0116 -0.0006367 -0.01305 -0.006603 -0.00238
1341839140.169583 -0.006247 -0.01363 0.01517 -0.003855 0.00599 -0.008905
1341839140.201678 0.006407 0.01375 -0.00535 0.01455 -0.003615 0.005412
1341839140.237641 0.01308 0.004728 -0.01182 0.0001043 -0.01012 0.003785
1341839140.269632 0.0002356 -0.01181 0.00814 -0.00963 0.001298 -0.004724
1341839140.301538 0.0008411 0.002304 0.006025 0.004901 0.001774 0.002608
1341839140.337608 0.009595 0.003754 -0.004878 0.003771 -0.006492 0.002166
1341839140.369503 0.005851 -0.00644 0.002634 -0.003322 -0.002207 -0.00557
1341839140.405652 0.00307 0.0003938 0.00501 0.002712 0.0003495 -0.001945
1341839140.437622 0.008388 0.004798 -0.002038 0.003858 -0.005578 0.001524
1341839140.469802 0.007536 -0.006063 0.001459 -0.003948 -0.003901 -0.005524
1341839140.505600 0.004655 -0.001735 0.005956 0.0003935 0.001907 -0.002639
1341839140.537508 0.00891 0.01123 -0.002897 0.005013 -0.004737 0.00791
1341839140.569631 0.00592 -0.006703 0.003838 -0.006044 -0.007651 -0.004331
1341839140.605614 0.001511 -0.01178 0.01156 -0.002329 -0.0001867 -0.01179
1341839140.637520 0.007769 0.006761 0.001276 0.01001 -0.001571 0.001807
1341839140.673589 0.01347 0.006464 -0.005801 0.002715 -0.008285 0.007298
1341839140.705526 0.003968 -0.01187 0.009429 -0.007196 -0.002297 -0.002809
1341839140.737690 0.00292 -0.003823 0.009661 0.005433 0.0001047 -0.004035
1341839140.780691 0.01597 0.008576 -0.008726 0.009702 -0.008461 -0.002368
1341839140.837561 0.01392 -0.005243 0.01001 -0.005977 -0.001005 -0.003009
1341839140.873616 0.009324 0.00302 0.0009061 0.002871 -0.003939 0.004749
1341839140.905496 0.008532 -0.004695 0.002291 -0.001324 -0.002957 -0.003933
1341839140.941764 0.007187 0.001826 0.002394 0.002958 -0.001912 -0.003078
1341839140.973483 0.008363 0.001265 0.002454 0.001814 -0.00421 -0.0002389
1341839141.005687 0.01042 -0.0001911 0.0001309 0.0002351 -0.002405 0.003743
1341839141.041564 0.01271 0.001198 -0.003023 -0.002249 -0.001706 0.001608
1341839141.074063 0.00651 -0.0002988 0.00484 -0.002909 0.001729 -0.002938
1341839141.110271 0.008185 0.002529 0.002444 -0.000104 -0.0004134 -0.0003944
1341839141.141854 0.01121 0.004806 -0.002307 -0.000777 -0.00206 0.002517
1341839141.176858 0.006184 -0.003297 0.004586 -0.006117 -7.419e-05 -0.002408
1341839141.209658 0.002765 -0.001438 0.008605 -0.0001218 0.00255 1.492e-05
1341839141.241623 0.01158 0.007631 -0.004624 0.003743 -0.004292 0.006142
1341839141.273659 0.006634 -0.004416 0.002897 -0.005786 -0.003965 -0.003788
1341839141.309576 0.0008952 -0.009004 0.01194 -0.001927 0.00195 -0.007218
1341839141.341687 0.01248 0.007187 -0.004987 0.007122 -0.002146 0.005051
1341839141.378026 0.009584 0.0002504 -0.0006174 -0.003079 -0.002931 0.004927
1341839141.409623 0.002094 -0.005662 0.009313 -0.003002 -0.0008394 -0.0002926
1341839141.441571 0.006685 -0.005467 0.002893 0.002065 -0.001912 -0.006291
1341839141.477635 0.01181 0.008036 -0.006047 0.005587 -0.003844 0.0007241
1341839141.509696 0.009806 0.003113 -0.002233 -0.003244 -0.006209 0.002569
1341839141.541659 0.005387 -0.006997 0.004315 -0.008748 -0.001499 -0.002247
1341839141.577526 0.002841 -0.0004816 0.006586 -0.001271 -0.0003325 -0.001246
1341839141.645706 0.01655 -0.001774 -0.002626 -0.000376 -0.006962 -0.01278
1341839141.677487 0.002005 -0.0009662 0.007305 -0.002109 0.00474 0.004007
1341839141.709572 0.009019 0.008948 -0.003904 0.003728 -0.0008665 0.01541
1341839141.745638 0.007099 -0.004615 -0.0005008 -0.007665 -0.002871 -0.001857
1341839141.777895 -0.002633 -0.007479 0.01438 -0.001391 0.005034 -0.01028
1341839141.809561 0.0126 0.01267 -0.01028 0.01002 -0.003068 0.00592
1341839141.845701 0.01077 0.0005315 -0.006937 -0.00686 -0.003577 0.002612
1341839141.877530 -0.003256 -0.01133 0.01608 -0.008336 0.005948 -0.006346
1341839141.913569 0.005767 0.008454 -0.0004302 0.009776 0.001406 0.006633
1341839141.945636 0.01175 0.00648 -0.01168 0.0009705 -0.006731 0.008418
1341839141.977668 0.0006419 -0.007846 0.007849 -0.007301 -0.0008368 -0.003265
1341839142.013466 0.001773 0.002084 0.005383 0.00506 -0.001074 0.002259
1341839142.048866 0.009419 0.006741 -0.008638 0.005828 -0.008266 0.006376
1341839142.116693 0.009061 -0.007329 -0.0003249 -0.007682 -0.01113 -0.007987
1341839142.181588 0.01678 0.008705 -0.01386 0.006344 -0.01233 0.0009082
1341839142.213523 0.00492 -0.003425 -0.0008605 -0.007154 -0.00558 -0.006809
1341839142.245657 0.001162 -0.006014 0.006336 -0.002183 0.0006823 -0.006845
1341839142.281484 0.0132 0.01464 -0.01508 0.005932 -0.005351 0.009859
1341839142.313501 0.00294 0.0001071 0.002969 -0.009241 -0.008636 0.003694
1341839142.349595 -0.00359 -0.01321 0.01431 -0.00445 -0.00289 -0.01382
1341839142.413736 0.01999 0.01742 -0.01834 0.01303 -0.01872 -0.001205
1341839142.449600 0.005231 -0.004872 0.0002665 -0.008595 -0.00947 -0.0002872
1341839142.481586 0.002468 -0.00847 0.006215 -0.005203 -0.001727 -0.005564
1341839142.513495 0.005996 0.003885 0.000489 0.004979 -0.00106 -0.0003691
1341839142.549621 0.01142 0.01111 -0.008828 0.003514 -0.009272 0.006612
1341839142.581646 0.00263 -0.009095 0.006584 -0.009285 -0.006404 -0.004707
1341839142.617733 0.001827 -0.004069 0.008047 0.002055 0.001564 -0.003757
1341839142.649501 0.01192 0.01391 -0.01077 0.008507 -0.007105 0.005474
1341839142.681490 0.005465 -0.002236 0.0002816 -0.00529 -0.007942 -0.00393
1341839142.717648 0.004059 -0.002702 0.002618 -0.002844 -0.001534 -0.00298
1341839142.749655 0.007068 0.007151 -0.002851 0.001705 -0.004151 0.001319
1341839142.781698 0.002721 -0.001665 0.003218 -0.003025 -0.005057 -0.005508
1341839142.817748 0.005687 -0.0002059 -0.001014 0.0001017 -0.002239 -0.003459
1341839142.849646 0.006291 0.00397 -0.001957 -0.000621 -0.002003 0.002441
1341839142.885615 0.001036 0.001194 0.004842 -0.0001438 -0.002918 0.002378
1341839142.917485 0.004465 -0.00332 -0.0002585 -4.033e-05 -0.004799 -0.004307
1341839142.949726 0.006309 0.0006409 -0.002003 0.001226 -0.001687 -0.00264
1341839142.985900 0.004402 0.006159 6.704e-06 0.001825 -0.004548 0.004978
1341839143.025376 0.002634 -0.004997 0.002452 -0.002998 -0.00668 -0.002939
1341839143.056750 0.003144 -0.007274 0.002461 -0.001047 -0.0004062 -0.006734
1341839143.092610 0.008297 0.005859 -0.004772 0.004736 -0.0009244 0.003598
1341839143.124560 0.007666 0.002987 -0.003626 -0.001848 -0.003479 0.004653
1341839143.160701 0.002659 -0.003711 0.005183 -0.005151 -0.0007379 0.001885
1341839143.224815 0.0078 -5.038e-05 0.006143 0.004062 -0.0006828 0.001804
1341839143.285789 0.009396 -0.008298 0.004268 0.002592 -0.001794 -0.00268
1341839143.321671 0.009732 0.005625 -0.005983 0.003881 0.0003249 0.004703
1341839143.353517 0.004762 0.0008366 0.002838 -0.002482 -0.001325 0.005455
1341839143.385603 0.001111 -0.006369 0.00874 -0.001212 0.0001647 -0.002002
1341839143.421529 0.007093 0.0004577 -0.001499 0.005282 -0.0003308 -0.002479
1341839143.453645 0.008963 0.00531 -0.004069 0.002452 -0.003794 0.002986
1341839143.485734 0.003518 -0.002114 0.005362 -0.002072 -0.002728 0.003433
1341839143.521668 0.004389 -0.003442 0.004153 0.0008936 -0.002024 0.00197
1341839143.553630 0.007062 -0.0003896 -0.0002493 0.003094 -0.002699 -0.001292
1341839143.590154 0.007436 0.003087 -0.0009929 0.002983 -0.005242 0.0005036
1341839143.621854 0.003873 -0.005858 0.0064 -0.001493 -0.003702 -0.001585
1341839143.653546 0.006333 0.0003561 0.00233 0.005862 -0.002405 0.0008931
1341839143.689669 0.01007 0.008261 -0.005196 0.004444 -0.009731 0.006565
1341839143.721563 -0.003532 -0.0112 0.01696 -0.001469 -0.0081 -0.004669
1341839143.753557 0.006759 -0.01007 -0.002412 0.007961 -0.004311 -0.01512
1341839143.789597 0.01486 0.009999 -0.01529 0.006302 -0.004248 0.0009864
1341839143.821488 0.004751 0.003631 0.004271 -0.005893 -0.007209 0.01165
1341839143.857691 0.0003606 -0.01333 0.01041 -0.005501 -0.002819 -0.005845
1341839143.889668 0.008835 0.001599 -0.005237 0.005073 -3.512e-05 -0.006561
1341839143.921613 0.007092 0.008785 -0.00218 0.003388 -0.004868 2.594e-05
1341839143.957679 0.00344 -0.007933 0.004957 -0.004371 -0.003223 -0.006668
1341839143.989692 0.00637 0.0003284 -0.0004227 0.002354 0.002337 0.0006505
1341839144.021612 0.007223 0.006456 -0.003429 0.002265 -0.001959 0.005367
1341839144.057581 0.003545 -0.004461 0.002934 -0.002542 -0.001584 -0.004416
1341839144.089682 0.006201 0.001065 -0.002531 0.001171 0.0003613 -0.002849
1341839144.125588 0.005176 0.004743 -0.001744 0.001318 -0.0005577 0.0006452
1341839144.157579 0.005744 0.003369 -0.002353 -0.001014 -0.002478 0.001326
1341839144.189633 0.003023 -0.002322 0.002585 -0.003665 -0.0008498 -0.002112
1341839144.225642 0.002418 0.0009745 0.002618 0.002099 0.0007011 -0.001623
1341839144.257760 0.007737 0.007981 -0.007884 0.002558 -0.004673 0.003059
1341839144.289779 0.0004962 -0.004974 0.006545 -0.005158 -0.002962 -0.004431
1341839144.325641 0.001239 -0.001922 0.004385 0.003747 -0.001214 -0.003732
1341839144.357603 0.008715 0.005692 -0.01004 0.004846 -0.004218 0.0006396
1341839144.393630 0.004318 -0.001723 -0.0007593 -0.004118 -0.001271 0.0009055
1341839144.425526 0.003013 -0.003265 0.002851 -0.002304 0.001973 0.000518
1341839144.457696 0.005325 0.002931 -0.002302 0.001865 0.001481 0.000166
1341839144.493799 0.004939 0.004889 -0.003003 0.0007001 -0.001095 0.00136
1341839144.525996 0.001682 -0.006372 0.004363 -0.004816 0.001035 -0.005328
1341839144.561696 0.003251 0.002648 0.0008058 0.004113 0.003954 0.0005839
1341839144.593602 0.007345 0.009129 -0.008628 0.00275 -0.00333 0.003378
1341839144.627771 9.832e-05 -0.008117 0.005812 -0.007439 0.0003892 -0.009922
1341839144.661818 0.003651 0.005389 -0.001828 0.003925 0.004078 0.002629
1341839144.732548 0.002931 0.003497 0.001896 -0.008315 0.0009165 0.007
1341839144.793602 0.003715 0.005919 -0.00503 0.003115 -0.002715 -0.0006756
1341839144.829602 -0.0008868 0.0001241 0.003185 -0.002165 0.001007 -0.001332
1341839144.861614 0.002108 0.00502 -0.003787 0.0008023 -0.001087 0.004997
1341839144.893704 0.0006032 -0.002594 -0.0002289 -0.005892 1.285e-05 9.113e-05
1341839144.929498 -0.002862 -5.052e-07 0.006903 0.0008041 0.00288 -0.001531
1341839144.961563 0.002833 0.005457 -0.005584 0.004657 -0.002553 0.002539
1341839144.993581 0.0009474 -0.002784 -0.001832 -0.003593 -0.001075 -0.002186
1341839145.029623 -0.00128 -0.0006316 0.003594 -0.0002791 0.002221 -0.0003663
1341839145.061626 0.002343 0.003879 -0.003983 0.002128 -0.0005844 0.005044
1341839145.097529 0.0004834 -0.002711 0.0002585 -0.003871 -0.0002289 0.002054
1341839145.129540 -0.00164 -0.002462 0.004601 -0.0002853 0.002754 -0.001316
1341839145.161548 0.001271 0.004364 -0.001774 0.004372 -0.0002055 0.003164
1341839145.197472 0.0005516 -0.0001496 -0.001493 -0.0002021 -0.002257 0.003617
1341839145.229600 -0.001161 -0.004451 0.001946 -0.002134 -0.0001432 0.0006048
1341839145.262518 -0.001295 0.0005008 0.002018 0.003128 0.001117 0.001097
1341839145.297552 0.002053 0.003139 -0.005931 0.002172 -0.003593 0.002139
1341839145.329591 -0.002341 -0.006486 0.003667 -0.003845 0.0002809 -0.005066
