1341846226.850323 -0.007419 0.0003146 -0.002081 -0.001557 0.002365 0.001967
1341846226.881894 0.0006629 -0.001953 0.0004263 -0.001434 -0.003319 0.003842
1341846226.917980 0.00346 0.00122 -0.0006003 0.001873 0.001362 -2.839e-05
1341846226.950000 -0.002874 0.004172 -0.003544 -0.0006414 0.00551 -0.001754
1341846226.985981 -0.002894 -0.003125 0.0006404 -0.004676 0.002319 0.0001725
1341846227.017919 -8.747e-05 -0.002908 -0.0001391 0.0001944 0.001299 0.001228
1341846227.050040 -0.002466 0.002558 -0.00239 0.0007338 0.001707 0.001366
1341846227.085982 -0.002483 0.0001228 -0.0007158 -0.001361 0.0001979 0.0006779
1341846227.118052 -0.0007145 -0.0004849 -0.001022 -0.001097 -9.212e-05 0.0002726
1341846227.149935 -0.0001553 0.0001778 -0.0005611 -0.001152 0.0005691 0.0002482
1341846227.186053 0.0001023 -0.003897 0.001147 -0.0005133 0.002208 0.0009958
1341846227.218443 -0.004424 0.001577 -0.002822 0.002485 0.002164 0.002702
1341846227.253944 -0.00213 0.003691 -0.001213 -0.001453 -0.0002649 0.003973
1341846227.285981 0.002944 -0.001607 0.001374 -0.003035 0.0001252 0.002092
1341846227.320064 0.0003496 -0.001059 8.468e-05 -0.0007599 0.003583 0.002335
1341846227.353969 -0.001193 -4.111e-05 -0.0002164 -0.0006495 0.003818 0.004034
1341846227.385846 0.002575 -0.002435 0.001589 0.0007049 0.003768 0.003032
1341846227.418015 0.00117 -0.0009135 -7.177e-05 0.002551 0.006667 0.003731
1341846227.453997 -0.003148 0.0003366 -0.001234 0.002685 0.0062 0.006321
1341846227.485981 -0.001052 0.0009026 -0.0009505 0.001794 0.002286 0.00559
1341846227.521976 0.002548 0.002833 -0.001527 0.0007041 0.002438 0.001942
1341846227.553980 -0.001109 0.003687 -0.001213 -0.002718 0.005084 0.0006469
1341846227.586047 -0.003181 -0.003622 0.002567 -0.003935 0.001517 0.005643
1341846227.622081 -0.0003805 -0.0022 0.001136 0.0006466 -0.001358 0.007356
1341846227.653945 0.002974 0.006291 -0.00246 0.002027 8.561e-05 0.0003284
1341846227.686038 -0.004072 0.004799 -1.729e-05 -0.005416 0.002864 -0.0009579
1341846227.721966 -0.005634 -0.003787 0.00426 -0.005407 -0.003206 0.002244
1341846227.754130 0.0008736 0.001698 -0.0005614 -0.001417 -0.006002 0.0006287
1341846227.789951 -0.0001289 0.001144 0.0009332 -0.002501 -0.004115 -0.002183
1341846227.821920 -0.001012 -0.001607 0.002125 -0.001436 -0.003758 -0.001739
1341846227.854275 -0.0006046 0.00208 0.0001576 0.0001798 -0.004095 0.0003503
1341846227.889935 0.0007793 0.0002419 0.001653 -0.0007159 -0.003698 -0.0007405
1341846227.921967 0.0009945 0.0005335 0.000217 0.0001542 -0.002066 -0.002271
1341846227.958123 -0.002531 -0.0009311 0.001714 -0.000605 -0.002047 0.001114
1341846227.989985 0.0006786 -0.001992 0.0008366 0.001673 -0.004912 0.003017
1341846228.021937 0.0017 0.007208 -0.002598 0.001832 -0.00196 -7.418e-06
1341846228.058222 -0.0002497 -7.698e-05 0.001124 -0.005316 -0.0005125 -0.002243
1341846228.090097 -0.001907 -0.01057 0.005476 -0.001943 -0.002237 0.0004349
1341846228.121845 0.001515 -0.0007771 -0.0001691 0.006536 -0.004315 -0.001576
1341846228.157875 0.004269 0.002038 -0.000594 0.005031 -0.0009677 -0.00632
1341846228.189872 -0.001877 -0.003789 -0.000146 0.003704 0.002038 -0.003806
1341846228.225994 -0.0002822 0.004378 -0.00319 0.004796 -9.629e-05 0.00281
1341846228.258336 0.000971 0.003164 -0.0003204 -0.0006734 0.001175 0.001074
1341846228.289941 -0.00118 -0.001496 0.0007961 -0.001767 0.001235 -0.001786
1341846228.326018 -0.002638 0.000246 0.0005608 -0.001001 -0.0006905 -9.575e-06
1341846228.358243 0.001545 -0.000936 0.003127 -0.0009996 -0.004157 0.0003074
1341846228.389779 0.004465 0.0001145 0.002275 0.0009844 -0.00191 -0.001303
1341846228.426073 -0.003453 0.001751 0.0007249 -0.0003581 -0.0004158 -9.847e-05
1341846228.493915 0.009665 -0.00304 0.008751 -0.001554 -0.0074 -0.0007063
1341846228.525907 0.001348 0.002385 0.00186 0.0022 0.001641 -0.001285
1341846228.558208 -0.002389 0.0006952 0.002087 -0.0001961 -0.0001063 -0.001844
1341846228.593899 0.006433 0.001567 0.004592 -0.0004005 -0.002778 -0.0004631
1341846228.626021 0.004927 -0.0009195 0.006101 0.0001122 0.00183 -0.001631
1341846228.658069 3.231e-05 -7.209e-05 0.003816 0.001682 0.002518 -0.001972
1341846228.693942 -0.0009279 0.0009405 0.003274 0.00185 -0.001077 0.001156
1341846228.726069 0.00226 0.0009255 0.005468 0.001594 -0.002864 -2.059e-05
1341846228.762090 0.00589 0.003894 0.006572 0.001127 -0.00143 -0.003864
1341846228.794000 -0.0009852 0.002241 0.005622 -0.001536 0.001871 -0.003523
1341846228.825934 0.0004366 -0.0008888 0.007504 -0.001929 -0.00139 -0.0008904
1341846228.862015 0.0054 0.001859 0.006439 0.0003585 -0.001411 -0.002114
1341846228.893856 0.002373 -0.0001383 0.004346 -0.000786 0.001613 -0.001236
1341846228.926548 -0.002918 -0.002618 0.002104 -0.001082 0.0007477 0.001684
1341846228.961940 0.001266 -0.002791 0.002021 0.0002089 -0.001893 0.0008713
1341846228.994040 0.001914 -0.002091 0.0007308 0.00141 -0.00081 0.0002886
1341846229.029897 -0.001108 0.002029 -0.002515 0.0005952 0.0005702 0.0008436
1341846229.061870 -0.001228 -0.001648 0.0001478 -0.002836 -0.0006083 9.585e-05
1341846229.094829 0.001728 -0.004084 0.0004484 -0.000724 -0.002017 -0.0009211
1341846229.129930 0.001952 -0.000183 0.0002544 0.001424 -0.00186 -0.0002162
1341846229.161882 0.00243 0.000845 0.0001195 0.001345 -0.002006 0.002183
1341846229.197882 0.004751 0.0009095 0.0001106 -0.0002038 -0.00188 0.001347
1341846229.229812 0.001947 9.757e-05 -2.852e-05 -0.002163 0.0006129 -1.923e-05
1341846229.261994 0.001292 -0.001692 0.0004102 -0.002524 0.0005271 0.001882
1341846229.297920 0.001972 -0.001823 -0.0002841 -0.0004215 -0.0002384 0.002706
1341846229.329933 0.00115 0.0005325 -0.001058 0.0006523 0.0009336 0.001121
1341846229.361996 -0.001454 0.001797 -0.00327 0.0006381 0.001564 -0.001587
1341846229.398029 -0.001182 0.005939 -0.003102 -0.002908 -0.0005979 -0.0003284
1341846229.430182 0.001646 -0.0015 0.0002615 -0.005642 4.803e-05 -0.001276
1341846229.471963 -0.00295 -0.001852 -0.00161 -0.001915 0.001163 -0.001122
1341846229.530149 -0.002 -2.664e-05 -0.0004645 -0.00371 -0.001306 -0.003835
1341846229.566064 -0.002329 0.002548 -0.003105 0.0004486 0.0007182 -0.004255
1341846229.630063 -0.004765 -0.0009574 -0.002196 -0.006878 -0.003293 -0.006048
1341846229.665946 -0.0009642 -0.0005387 -0.002199 0.001091 -0.0007428 -0.001659
1341846229.698150 -0.004196 0.004378 -0.004902 -0.0006445 0.000372 -0.002452
1341846229.733828 -0.003568 -0.0001656 -0.002078 -0.006116 -0.002212 -0.0007359
1341846229.765937 -0.001849 -0.004661 0.001563 -0.002297 -0.002305 0.0002229
1341846229.798002 0.0001957 0.0004412 -0.003298 0.004168 -0.0003431 0.0007239
1341846229.833857 0.0008094 0.002986 -0.004023 0.0007692 -0.000719 0.001545
1341846229.865928 0.001428 -0.001692 -0.0005896 -0.003704 -0.002077 0.001622
1341846229.897926 0.003898 -0.004841 0.002772 -0.0006658 -0.001928 0.001424
1341846229.939857 0.004865 -0.0006582 -0.0004524 0.003867 -0.001563 0.001057
1341846230.002061 0.009443 -0.003139 0.00305 0.00501 -0.00487 0.003987
1341846230.033858 0.005082 0.001082 -0.0002519 0.005539 -0.0005138 0.001807
1341846230.065938 0.002791 0.0007431 6.414e-07 0.0002649 -0.002216 -0.001345
1341846230.103878 0.0009336 -0.001782 0.0005618 -0.0004371 -0.001994 -0.001182
1341846230.144719 -0.00166 -0.0006774 -0.001706 0.00177 -2.148e-06 -0.0004393
1341846230.172747 -0.003639 0.002191 -0.004791 0.001128 0.000162 -0.003198
1341846230.208544 -0.004203 -0.0001836 -0.001764 -0.00172 -0.0003589 -0.003278
1341846230.271971 -0.009064 0.002388 -0.006946 0.002966 0.002663 -0.002841
1341846230.334051 -0.009749 0.002515 -0.003574 -0.00775 0.001571 -0.005239
1341846230.370031 -0.003156 0.002487 -0.003229 -0.00321 -0.001163 0.001649
1341846230.401932 -0.00365 0.0002602 -0.00112 -0.003897 -0.0009305 0.001331
1341846230.437965 -0.002649 0.001331 -0.003222 -0.002843 -0.0006737 0.001358
1341846230.469920 -0.003855 -0.001645 -0.001252 -0.003349 7.181e-05 0.000926
1341846230.501933 -0.004802 -0.003412 -0.001055 -0.0005128 0.0007986 0.0004796
1341846230.537834 -0.00468 -0.0005404 -0.004488 0.001198 0.001863 -0.001361
1341846230.569803 -0.007081 -0.0006341 -0.003902 -0.003663 0.002798 -0.001735
1341846230.601945 -0.009447 -0.00526 -0.0003657 -0.00509 0.003582 -0.003634
1341846230.637789 -0.01085 -0.003518 0.0003474 -0.003336 0.003403 -0.003311
1341846230.670057 -0.01298 -0.005799 0.00244 -0.000371 0.00412 -0.002888
1341846230.705937 -0.0111 -0.0006437 -0.003368 0.001863 0.003818 -0.0008799
1341846230.737932 -0.0119 -0.00149 -0.003491 -0.002446 0.002902 -0.003297
1341846230.769960 -0.01298 -0.004182 0.0002238 -0.003497 0.003274 -0.005295
1341846230.805852 -0.0149 -0.003204 -0.0004562 -0.001553 0.004102 -0.003025
1341846230.837804 -0.01749 -0.00226 -0.0009895 -0.00111 0.004553 -0.0008263
1341846230.869829 -0.01769 -0.001102 -0.002149 -0.002325 0.003342 -0.001999
1341846230.905851 -0.01872 -0.003399 0.0009834 -0.002185 0.004684 -0.002197
1341846230.937917 -0.01858 -0.0006832 -0.001833 0.0002216 0.006589 0.0004965
1341846230.973933 -0.0175 0.000764 -0.001701 -0.001384 0.004886 -0.001539
1341846231.006047 -0.01623 -0.00134 0.001252 -0.002771 0.003514 -0.002406
1341846231.037936 -0.01312 -0.002578 0.0007229 -0.001046 0.004292 -0.0002567
1341846231.074310 -0.00908 0.001771 -0.001948 0.0007841 0.00294 0.0007834
1341846231.106085 -0.005295 0.0003903 -0.003416 -0.002542 0.001713 -0.001042
1341846231.138083 -0.01039 -0.001643 0.005877 -0.002718 0.003332 -0.00179
1341846231.174011 -0.007364 -0.0007499 0.002469 -0.0001031 0.002313 0.00137
1341846231.205909 -0.007909 0.0015 0.002903 -0.001405 0.001823 0.0006257
1341846231.241869 -0.009844 -0.004615 0.006246 -0.003733 0.00123 -0.001113
1341846231.273832 -0.007956 -0.003323 -3.172e-05 -0.0008813 0.002406 0.0002598
1341846231.305846 -0.008693 -0.005283 -0.0001141 -0.003894 0.002362 -0.002033
1341846231.341923 -0.008788 -0.01048 0.0008797 -0.002451 0.003052 -0.003276
1341846231.410022 -0.00918 -0.003448 -0.01209 0.003996 0.00339 -8.415e-05
1341846231.442103 -0.005252 -0.00821 -0.007217 -0.001955 0.002095 -0.004785
1341846231.484245 -0.006748 -0.006402 -0.005856 -0.00175 0.004374 -0.005392
1341846231.516816 -0.008277 -0.0049 -0.002625 0.001003 0.003125 -0.00221
1341846231.547853 -0.003609 -0.004391 -0.0057 0.003252 -0.001331 0.0006072
1341846231.583898 -0.0008186 -0.001866 -0.008865 0.006101 -0.002496 0.001996
1341846231.615993 -7.398e-05 0.001937 -0.01185 0.003549 -0.003274 0.005739
1341846231.648015 0.00101 -0.001921 -0.01303 -0.003947 -2.818e-05 0.003648
1341846231.683822 -0.006007 -0.002036 -0.005013 -0.01071 0.005033 0.0001568
1341846231.716153 -0.006315 -0.006289 -0.002364 -0.01428 0.003353 -0.002759
1341846231.747846 -0.007733 -0.01102 0.001188 -0.0108 0.004963 -0.001619
1341846231.783993 -0.006155 -0.00547 -0.0001227 -0.002777 0.003476 -0.001535
1341846231.817027 -0.00475 -0.001451 -0.003899 0.0003522 0.001296 -0.00179
1341846231.852317 -0.003499 -0.003404 -0.004143 0.0008617 0.001873 -0.001499
1341846231.909867 -0.009049 0.00106 -0.009168 0.007993 0.006767 -0.005035
1341846231.945837 -0.004096 -0.001215 -0.00663 -0.00023 0.002924 -0.003833
1341846231.978027 -0.003842 -0.001824 -0.00554 -2.639e-05 0.001584 1.985e-05
1341846232.009966 -0.002236 -0.002378 -0.005829 0.002269 0.001624 -0.0003704
1341846232.045845 -0.001152 -0.0008423 -0.009082 0.0007493 0.002893 -0.003597
1341846232.077961 -0.003761 -0.001394 -0.004969 -0.001428 0.003341 -0.002468
1341846232.109864 -0.004089 -0.001712 -0.003762 4.591e-05 0.001857 0.0008472
1341846232.145999 -0.003847 -0.001532 -0.002835 0.0007965 0.0007139 0.001312
1341846232.178314 -0.003404 -0.001065 -0.003021 0.0009323 0.0002877 -0.0004737
1341846232.215951 -0.004099 0.000281 -0.002933 -0.001138 0.000354 -0.001032
1341846232.252037 -0.005282 0.001146 -0.001177 -0.001438 0.0007839 -0.002265
1341846232.283944 -0.006123 0.0003488 -0.00164 -0.000756 0.001753 -0.003882
1341846232.319867 -0.006298 -0.001027 0.0003612 0.0007536 0.001121 -0.002656
1341846232.351854 -0.00572 -0.002154 -0.0006513 0.003558 0.0005315 0.001313
1341846232.383877 -0.004961 -0.00116 -0.003037 0.004474 0.00142 0.003897
1341846232.419782 -0.003055 0.0007677 -0.004641 0.001452 0.002563 0.002208
1341846232.451780 -0.004402 0.001372 -0.002459 -0.001884 0.002055 -0.0001966
1341846232.484170 -0.001908 0.002347 -0.002313 -0.001103 -0.0004663 1.08e-05
1341846232.519889 -0.001811 0.002136 -0.003176 -0.0008152 0.0006689 -0.0007759
1341846232.551877 -0.0007707 0.00313 -0.004845 0.000113 0.0008528 -1.099e-05
1341846232.583846 0.002057 0.004086 -0.005896 -0.001385 -0.001498 0.0004296
1341846232.619798 0.003387 0.005944 -0.005161 -0.001603 -0.00244 -0.001406
1341846232.651799 0.005072 0.006101 -0.006637 5.32e-05 -0.002409 0.0005125
1341846232.688092 0.007102 0.006315 -0.00951 -0.0009266 -0.002758 0.001514
1341846232.719804 0.007994 0.006446 -0.009174 -0.002123 -0.004018 0.002097
1341846232.751767 0.01018 0.007083 -0.009944 -0.0009755 -0.004765 0.002799
1341846232.787894 0.01371 0.007527 -0.01487 -0.001064 -0.005213 0.002508
1341846232.819886 0.01931 0.007251 -0.01845 -0.001429 -0.007302 0.001943
1341846232.855850 0.02136 0.006714 -0.02062 -0.001801 -0.006529 0.002314
1341846232.887989 0.0254 0.006366 -0.02036 -0.0004947 -0.008601 0.001156
1341846232.919822 0.02796 0.004331 -0.02266 0.0005611 -0.008921 0.00179
1341846232.955993 0.02624 0.0002838 -0.02244 -0.001516 -0.007111 -4.592e-05
1341846232.987965 0.0274 -0.001313 -0.01986 0.0004503 -0.008407 0.0002693
1341846233.023868 0.0287 0.001289 -0.02206 0.003827 -0.01098 0.001235
1341846233.055880 0.02831 0.003939 -0.02082 0.003761 -0.01019 0.002604
1341846233.087872 0.0263 0.004793 -0.01928 0.00321 -0.007107 0.002832
1341846233.124060 0.02419 0.00462 -0.01961 0.0002386 -0.004491 0.001788
1341846233.155902 0.02563 0.0041 -0.01856 -0.00287 -0.004394 0.0002736
1341846233.218177 0.05981 0.01464 -0.03926 -0.001464 -0.01547 -0.002342
1341846233.249926 0.02359 0.003961 -0.02046 0.004218 -0.005981 0.001625
1341846233.286015 0.02394 0.003229 -0.0249 0.003338 -0.006022 0.00326
1341846233.317870 0.02293 0.00299 -0.02396 -0.0001331 -0.007318 0.0009404
1341846233.349815 0.02093 0.002015 -0.02273 -0.0007268 -0.005194 -0.0007238
1341846233.385857 0.01662 0.0007671 -0.02162 -2.362e-05 -0.001954 -0.0006385
1341846233.417990 0.01339 0.00111 -0.02103 0.0007756 -0.001298 -0.0004477
1341846233.453822 0.01867 0.002478 -0.02352 -0.0006411 -0.002425 0.0003074
1341846233.485912 0.01165 0.001358 -0.01394 -0.00185 -0.001104 0.002548
1341846233.517954 0.01337 0.00309 -0.01441 0.001813 -0.001305 0.003774
1341846233.553882 0.01027 0.004125 -0.01769 0.001538 -0.0001141 0.001725
1341846233.585968 -0.002008 0.001901 -0.007212 -0.002019 0.002117 -0.001977
1341846233.621898 -0.002128 0.0003119 -0.005191 -0.001805 -5.969e-05 -0.001575
1341846233.654396 -0.001375 -0.001435 -0.007232 0.0002947 -0.00169 -0.0002586
1341846233.685848 0.005268 0.0001066 -0.01394 0.002185 -0.003117 0.001177
1341846233.721879 0.003885 -0.0001123 -0.01111 0.001443 -0.001874 -0.0002654
1341846233.753961 0.002096 -0.000376 -0.01127 0.0009943 -0.001129 -0.001506
1341846233.822009 0.01002 -0.0006424 -0.02035 0.003057 -0.004975 -0.002128
1341846233.853971 0.006682 -0.0006208 -0.01078 0.002124 -0.002023 9.049e-05
1341846233.889920 0.002363 -0.0006755 -0.008165 0.001439 -1.045e-05 0.0008825
1341846233.922045 0.001813 -0.0003253 -0.004173 0.001705 0.0008733 0.001033
1341846233.953967 0.002994 0.0006897 -0.003604 0.001066 0.001114 -0.0001735
1341846233.989945 0.0028 -0.001506 -0.002641 0.0002474 0.001628 0.0001262
1341846234.021936 0.000968 -0.001271 -0.002211 0.001703 0.001202 0.0002572
1341846234.053904 -0.001227 0.0008284 -0.004226 0.001197 4.751e-05 0.0005226
1341846234.089899 0.001096 -0.0009062 -0.001899 7.231e-05 -0.001271 0.001454
1341846234.158063 0.001063 0.001291 -0.003553 0.0013 -0.0006213 -0.0005032
1341846234.189961 0.0005942 -0.001134 -0.002668 -0.002304 -0.0007664 -0.001624
1341846234.222130 0.002423 -0.005757 -0.0008212 -0.0008672 -0.001781 2.178e-05
1341846234.257875 0.0003484 -0.0004798 -0.001053 0.00256 -0.0008503 -0.0008096
1341846234.289820 -0.003467 0.003834 -0.00278 0.001813 -0.0006125 -0.0004549
1341846234.321998 0.0009615 0.001285 -0.0006896 -0.001515 -0.001837 0.002819
1341846234.357904 0.0006303 -0.001733 0.000121 -0.001521 4.091e-05 0.002365
1341846234.389919 0.0005294 7.987e-05 -0.0005178 -0.00104 0.001348 -0.001508
1341846234.425915 -0.002744 0.0009193 -0.0005439 -0.002117 0.002084 -0.00318
1341846234.457800 -1.964e-05 -0.00755 0.003632 -0.00152 0.0005338 -0.00051
1341846234.490016 1.042e-05 -0.001811 -0.001002 0.005214 0.001226 0.0002821
1341846234.525867 -0.003434 0.005571 -0.003342 0.003421 0.0008109 -0.002234
1341846234.557961 0.002251 -0.002098 0.001051 0.0002264 -0.0005582 -0.001355
1341846234.593900 -0.0001909 -0.0003823 0.0006326 0.003036 0.001492 -0.002546
1341846234.658173 -0.0006144 0.002032 -0.001401 0.002383 0.004247 -0.005062
1341846234.694104 0.0002288 0.0005188 -0.0004223 0.0008233 0.002394 -0.0002559
1341846234.725911 -0.0009473 0.002456 -0.00148 0.0001945 0.003031 -0.00296
1341846234.758643 -0.00214 -8.233e-05 0.001421 -0.0022 0.001969 -0.001284
1341846234.793907 -0.001063 -0.0032 0.001146 0.0005665 0.0002548 0.0009893
1341846234.826106 0.0008332 0.001658 -0.000951 0.002391 -0.0004731 0.0003813
1341846234.862270 0.0005353 0.004363 -0.0016 0.0008279 0.0004959 -0.0006088
1341846234.893971 0.0009851 0.0002274 0.001139 -0.002347 0.000896 -0.0005196
1341846234.926031 -0.001921 -0.001516 0.0009166 -0.001795 0.000835 0.001735
1341846234.961979 0.0008409 0.0008016 -0.0001341 -0.0007623 -0.0002296 0.001887
1341846234.994016 0.001922 -0.001284 0.001732 -0.001665 0.0006613 0.0009957
1341846235.026311 -0.0001376 -0.004196 0.002857 0.001383 0.001714 0.001106
1341846235.061915 -0.002122 0.00169 -0.001511 0.003708 0.0002942 0.001072
1341846235.094075 0.001161 0.001799 -0.001279 0.002008 -0.0007026 0.0002168
1341846235.130068 0.001889 0.002861 -0.0003929 -0.000322 0.0004658 -0.0006603
1341846235.162449 0.0004181 0.0001418 0.00146 -0.0022 0.002405 -0.00146
1341846235.193917 -0.003009 5.713e-05 -5.95e-05 -0.001532 0.002011 -0.001168
1341846235.229939 -0.0008812 0.0002061 0.0008509 -0.001892 -0.0009594 0.001213
1341846235.261811 0.0006761 0.000405 -4.738e-05 -0.0004344 0.0005104 0.001363
1341846235.294134 -0.001247 0.0007123 0.0002717 -0.001696 0.0009434 0.0008156
1341846235.329890 -0.0004182 -0.00399 0.001978 -0.001259 0.0002177 0.00265
1341846235.361974 0.0006241 -0.004186 0.001825 0.002247 -0.001373 0.0045
1341846235.398097 0.001367 0.0007369 -0.001994 0.005113 -0.0006174 0.003361
1341846235.462163 -0.0004096 0.003463 -0.001178 0.0002374 0.0008202 0.0003405
1341846235.498142 -0.0005382 -0.003392 0.001607 0.0008909 -6.094e-05 0.003607
1341846235.529989 0.001236 0.002733 -0.00161 0.002785 0.000499 0.002137
1341846235.561921 -0.000602 0.003419 -0.0003958 -0.001559 0.00103 -0.000291
1341846235.597951 0.000917 -0.00502 0.003822 -0.002428 0.0001205 0.0007513
1341846235.630160 0.001206 -0.0001579 -0.0004355 0.00229 0.0006559 0.001228
1341846235.667679 -0.0004962 0.005532 -0.001459 -3.813e-06 0.001293 -0.001115
1341846235.705783 -0.001112 -0.001815 0.001801 -0.003407 0.0009065 0.0006691
1341846235.730392 0.0004899 -0.000517 0.0004018 -0.000521 -0.000312 0.002956
1341846235.766032 0.0003029 0.003158 -0.0006006 -0.001704 8.423e-05 0.0009825
1341846235.797942 0.001174 -0.001708 0.002192 -0.002882 0.0006261 0.0001051
1341846235.833964 -0.001415 7.581e-05 0.0005251 -0.0008977 -0.0001045 -0.0004583
1341846235.866037 0.001193 -0.0009685 0.001319 -0.0005355 -0.0005238 -0.001813
1341846235.898007 -0.001676 0.003341 -0.001659 0.0003458 -0.000144 -0.003101
1341846235.934106 -0.002972 0.00389 6.211e-05 -0.00286 -0.0008576 -0.002825
1341846235.965921 0.001758 -0.004339 0.002913 -0.003673 -0.002464 0.0001505
1341846235.997897 0.0002384 -0.001677 0.0008454 0.0007411 -0.00176 4.252e-05
1341846236.034072 -0.0004373 0.005043 -0.001677 0.0005317 -0.00181 -0.0005007
1341846236.065823 0.002448 -0.00142 0.002263 -0.003264 -0.001816 0.0001326
1341846236.101989 0.0007668 -0.005549 0.00271 0.0001215 0.0003078 0.001308
1341846236.134258 0.0006937 0.003326 -0.001651 0.00241 -8.016e-05 -0.00106
1341846236.166269 -0.001276 0.001443 0.0007151 -0.001085 0.0003794 -0.001251
1341846236.202022 0.001194 -0.005767 0.003715 -0.000244 -0.001307 0.001793
1341846236.233893 0.0005581 0.001464 -0.001109 0.004509 -0.0004674 1.655e-05
1341846236.265924 -0.001172 0.003889 -0.001554 0.001172 -0.0003875 -0.002727
1341846236.302018 0.0004892 -4.413e-05 0.0006687 -0.001108 -0.0004983 -0.0005565
1341846236.333756 -0.000326 -0.002013 0.001265 -0.0005029 -0.0003943 0.001179
1341846236.369949 -0.0007493 3.38e-05 -2.779e-05 0.0009195 -0.0009636 0.0006938
1341846236.401964 0.001203 0.001015 -0.0004619 0.00078 -0.001746 0.0003811
1341846236.433828 4.541e-05 0.001494 -1.123e-05 -0.0002447 -0.0005559 0.001373
1341846236.469948 -0.0009933 0.0008308 6.744e-05 -0.001241 -0.000606 -0.0001571
1341846236.501946 7.481e-05 -0.001981 0.002305 -0.00184 -0.001577 -0.0007456
1341846236.534764 0.000616 -0.003366 0.002067 0.001179 -0.001315 -0.001957
1341846236.569956 -0.001179 0.005079 -0.002689 0.002086 -0.00124 -0.004542
1341846236.601901 0.0006093 -6.212e-05 0.001451 -0.001915 -0.001045 -0.001682
1341846236.637896 -0.0003487 -0.004949 0.003093 0.0006912 -0.001381 0.001346
1341846236.669818 -0.0005719 0.001649 -9.153e-05 0.004831 -0.001628 0.002532
1341846236.702100 0.0001278 0.009003 -0.002319 0.002405 -0.002645 0.001729
1341846236.738521 0.00185 0.02131 -0.001753 -0.005502 -0.001703 -0.004801
1341846236.769905 0.002619 -0.001286 0.005844 -0.01686 0.0009202 -0.005458
1341846236.805999 0.00133 -0.01007 0.00652 -0.007088 0.001371 0.0002405
1341846236.844067 -0.00382 0.001018 -0.0001941 0.0009864 0.0007525 0.002225
1341846236.876573 0.002055 -0.00454 0.003087 0.000889 -0.001044 0.003804
1341846236.911899 0.001085 0.0005904 -0.001529 0.006317 0.0003604 0.003946
1341846236.944484 -0.001561 0.01016 -0.005279 0.002338 0.000828 -0.002326
1341846236.975811 0.0004095 -0.003405 0.0002724 -0.004736 -4.149e-05 -0.002926
1341846237.011848 -0.001576 -0.003846 0.0005211 0.0004126 -0.000774 0.001007
1341846237.043850 0.0006716 0.00345 -0.001111 0.002492 -0.002465 0.001874
1341846237.075882 0.004307 0.004388 -0.0005898 -0.0004596 -0.001075 -0.003162
1341846237.111887 -0.00216 0.004637 0.0001778 -0.004272 0.002433 -0.003906
1341846237.143863 -0.0001697 -0.004629 0.00335 -0.005671 0.0007121 -0.0004892
1341846237.175838 0.001556 -0.00609 0.003792 -0.000582 0.0002613 -0.0006106
1341846237.211847 -0.002982 0.0015 -0.0009841 0.004577 0.0001468 -0.0006042
1341846237.243895 -0.00135 0.008129 -0.002608 0.0003832 -0.001862 -0.001225
1341846237.280228 0.005263 -0.006016 0.002373 -0.004008 -0.001684 -0.001038
1341846237.312079 0.0003685 -0.000663 -0.0008461 0.001076 0.00145 -0.00141
1341846237.343828 -0.001811 0.001006 -0.001298 -0.0004918 0.0006153 -0.002372
1341846237.379983 -0.0001209 -0.003501 0.0003962 -0.0002538 -0.000873 -0.0008559
1341846237.411962 0.004039 -0.003174 -0.000405 0.002278 -0.0007037 0.001172
1341846237.443790 -0.002217 0.001067 -0.002304 0.003842 0.00108 0.003228
1341846237.479911 0.0005359 -0.0009893 -0.0005634 0.002251 -0.001808 0.004484
1341846237.511862 0.006045 -0.0007156 -0.0009361 0.002717 -0.0008323 0.002139
1341846237.547914 0.002742 -0.0009785 -0.0005162 0.002437 0.00274 -0.001585
1341846237.579956 -0.002961 0.002166 -0.001631 0.001978 0.002473 -0.002208
1341846237.611852 0.0006695 -0.001296 0.0008175 0.0008155 0.000688 -0.0004278
1341846237.647976 0.0009254 0.0007166 -0.0005185 0.0013 0.000803 4.264e-05
1341846237.680417 0.0004465 8.405e-05 0.0005765 0.0005344 0.001164 -0.001932
1341846237.711902 -0.0004553 0.003626 -0.0006569 1.609e-05 0.001508 -0.002299
1341846237.747860 -0.0003419 0.0001578 0.0005554 -0.002863 0.001012 0.0005282
1341846237.779848 0.001845 -0.003475 0.002407 -0.001962 0.000134 0.0005334
1341846237.815934 0.002956 -0.002205 0.002371 0.001599 0.001206 -0.001899
1341846237.847966 -0.002012 0.001892 -0.001183 0.003082 0.002615 -0.001896
1341846237.879781 -0.001505 0.0002334 0.0004876 0.001334 0.001132 0.0005718
1341846237.916026 0.001854 -0.0008357 0.0008113 0.00197 0.0005582 0.000695
1341846237.978064 -0.002448 0.0004621 -0.001138 0.001743 0.0006572 -0.0001123
1341846238.010069 0.001252 -0.001643 0.000801 0.001286 -0.0002286 0.001326
1341846238.045995 0.0006447 -0.0001694 -0.0004982 0.002572 1.687e-06 -0.0004509
1341846238.077963 0.0002401 0.0008672 -0.001422 0.002348 0.0004779 0.0003391
1341846238.109791 -0.001197 0.003302 -0.002453 0.0009278 0.0001284 0.0001313
1341846238.145837 -0.001623 0.002775 -0.001907 -0.001879 -0.0003621 0.0002972
1341846238.177943 0.001373 -0.00648 0.003015 -0.003013 -0.001592 0.002562
1341846238.209943 0.0008075 -0.001572 -0.00156 0.003475 -0.000113 0.002689
1341846238.246227 -0.0002548 0.003636 -0.002949 0.001688 -0.0003742 -0.0004585
1341846238.278227 -6.926e-05 0.0009174 -0.001199 -0.00106 -0.0002226 -0.0004308
1341846238.345918 0.0004022 -0.001257 0.0001293 0.0003259 -0.001845 0.005526
1341846238.377978 0.002257 0.003286 -0.001056 -0.00126 2.37e-05 -0.0006657
1341846238.413879 -0.00037 -0.001686 0.0008548 -0.002859 0.001575 -0.0009882
1341846238.445979 -0.001714 -0.002006 0.001439 -0.0008937 0.0006285 0.00225
1341846238.478188 9.994e-05 0.0006729 -0.0001853 0.001334 -0.0006781 0.002097
1341846238.515328 0.002033 0.003156 -0.0008404 -0.0002165 -0.0001151 0.0002944
1341846238.545906 0.0001997 0.0002698 0.0009413 -0.002206 0.001157 3.613e-05
1341846238.587827 -0.003147 -0.0007942 0.0009748 -0.001633 0.0004552 0.0005268
1341846238.645944 0.003385 -0.004592 0.002283 0.002062 -0.00276 0.001223
1341846238.681933 -0.001383 0.004307 -0.002156 0.002279 0.0008701 -0.001087
1341846238.713917 -0.000526 0.001455 5.255e-05 -0.001217 1.863e-05 -0.00236
1341846238.745925 0.001209 -0.001863 0.002912 -0.001892 -0.0001372 -0.0009641
1341846238.781932 -0.0009021 -0.001997 0.001622 0.001433 0.001265 0.0002246
1341846238.813869 -0.002872 2.93e-05 0.0009943 0.002009 -0.0004241 0.001077
1341846238.849931 0.001721 0.001172 -0.0001678 0.002567 -0.001277 0.001179
1341846238.881927 0.0008548 0.005752 -0.0005047 0.0002637 0.001673 -0.001638
1341846238.914000 5.352e-05 0.003292 0.00143 -0.00406 0.003277 -0.005307
1341846238.949903 -0.003306 0.002724 3.307e-05 -0.006439 0.00348 -0.003534
1341846239.017941 -0.001775 -0.007249 0.001895 -0.006996 0.0003097 0.007494
1341846239.050041 0.003139 0.0008325 -0.001481 0.0001675 -0.001754 0.003543
1341846239.081902 0.001095 0.00135 -0.002323 -0.0005414 0.0001061 0.00251
1341846239.117866 -0.0007207 -0.0002742 -0.00208 -0.001394 -0.0001003 0.002085
1341846239.149976 0.001 -0.0009876 -0.001014 -0.001132 -0.001726 0.001022
1341846239.181897 0.004838 -0.003114 0.0008255 0.000619 -0.001693 0.0002754
1341846239.217929 0.001601 0.000226 -4.634e-05 0.003881 0.0003918 0.0008914
1341846239.250009 -0.0008131 0.002381 0.0002265 0.003016 -0.00101 0.000406
1341846239.285917 0.001404 0.001509 0.002555 0.002254 -0.001805 0.0009016
1341846239.318442 0.0005124 -0.001024 0.004162 0.002139 -0.001456 0.0004344
1341846239.349930 -0.001361 0.003088 9.21e-05 0.003843 -0.0006713 -0.001157
1341846239.386011 -0.000147 0.00284 0.00229 0.0006156 -0.001335 -0.001626
1341846239.417983 -0.0004849 -0.0006366 0.003447 -0.0006054 0.0002815 -0.0004412
1341846239.450112 -0.0007545 -0.002007 0.003115 0.0009195 9.782e-05 -8.208e-05
1341846239.485973 -0.000861 -8.095e-05 0.00183 0.00212 -0.0003997 -0.001277
1341846239.517913 -0.0009576 0.0008205 0.0006965 0.002448 -0.0006993 -0.000932
1341846239.553979 0.0008766 -0.0002973 0.00195 0.001858 -0.0006037 -0.0006121
1341846239.585911 -0.001228 0.001775 0.0003819 0.002477 0.000255 -0.001399
1341846239.617967 -0.001159 0.003761 -0.0001004 0.0004906 -0.0003349 -0.001989
1341846239.653941 0.0003649 0.0004426 0.002381 -0.001771 0.0001066 -0.001325
1341846239.685852 -0.0009599 -0.001418 0.002662 -0.0009788 0.0006739 -0.0007849
1341846239.717923 -7.466e-06 -0.000298 0.002286 0.000903 0.0009925 -0.001029
1341846239.753857 -0.004938 0.003418 0.0006955 0.0007941 0.001272 -0.0008258
1341846239.785918 0.0008962 -0.001165 0.005977 0.0009687 -0.0002152 -4.375e-05
1341846239.821950 -0.004357 0.005603 -0.0001408 0.002035 0.002294 -0.001157
1341846239.854023 -0.00553 0.0007921 0.005921 -0.002668 0.001894 -0.001679
1341846239.891801 -0.005414 -0.003055 0.009366 -0.0002873 0.001451 0.000775
1341846239.953963 -0.004743 0.002088 -0.001041 0.001954 0.0008743 0.0001364
1341846239.985997 -0.004246 -0.001682 0.01208 -0.001774 0.001877 -3.695e-05
1341846240.022055 -0.009986 -0.0005361 0.008985 0.0001628 0.003485 0.001631
1341846240.053998 -0.0136 0.0004417 0.008714 -0.001596 0.003031 -4.607e-05
1341846240.089841 -0.01224 -0.0008088 0.014 -0.002734 0.003164 -0.0003537
1341846240.121795 -0.01356 -0.001689 0.01232 -0.002045 0.004206 0.0005438
1341846240.159862 -0.01328 0.0004606 0.0118 -0.003186 0.002649 0.0009303
1341846240.195884 -0.005706 -0.002811 0.02116 -0.00293 -3.95e-05 0.001105
1341846240.227927 -0.006464 -0.003079 0.0215 -0.001556 0.001673 9.155e-05
1341846240.290031 -0.01295 -0.003581 0.04503 -0.005297 0.002726 -0.002892
1341846240.322206 -0.01282 -0.002416 0.01902 -0.0004171 0.003685 -0.0005654
1341846240.357948 -0.01378 -0.0006967 0.01674 0.001364 0.004222 -0.002213
1341846240.422212 -0.04402 0.00308 0.02368 -0.004198 0.0114 -0.003602
1341846240.458143 -0.01384 -0.003433 0.01942 -0.001725 0.003664 0.002009
1341846240.490243 -0.01437 -0.00158 0.0149 -0.0001887 0.004896 -0.00111
1341846240.525976 -0.01909 0.0006297 0.01002 -0.001388 0.005853 -0.001436
1341846240.557894 -0.01571 -0.001192 0.02022 -0.00299 0.003272 0.001956
1341846240.590418 -0.008857 -0.002246 0.01431 -0.001495 0.002182 0.002366
1341846240.626172 -0.004755 -0.002255 0.0116 -0.001583 0.001876 0.001701
1341846240.657964 -0.00767 -0.004834 0.01862 -0.002836 0.002759 0.002495
1341846240.689825 -0.008682 -0.006666 0.02369 -0.004682 0.001955 0.001959
1341846240.725903 -0.007425 -0.006542 0.02468 -0.001844 0.002052 0.001012
1341846240.757973 -0.008193 -0.008204 0.02361 -0.003354 0.002408 0.002017
1341846240.794024 -0.009834 -0.00808 0.02535 -0.006041 0.002604 0.002008
1341846240.826068 -0.01021 -0.007208 0.0269 -0.004081 0.002461 0.002631
1341846240.858147 -0.01019 -0.006114 0.02653 -0.0006606 0.002151 0.002471
1341846240.894038 -0.009404 -0.00708 0.02467 -0.0007585 0.002645 0.001976
1341846240.925975 -0.005548 -0.008087 0.02723 -0.002307 0.001492 0.0006658
1341846240.958080 -0.002085 -0.008452 0.02763 -0.002205 0.0008678 -1.116e-05
1341846240.994099 -0.002341 -0.008527 0.02647 -0.002439 0.001198 0.0001904
1341846241.026041 -0.001685 -0.007509 0.02715 -0.004607 0.001206 0.001033
1341846241.062449 0.0008036 -0.006276 0.0313 -0.004086 -0.000219 0.002391
1341846241.094372 -0.0001468 -0.005169 0.03174 0.0005907 0.0008976 0.002404
1341846241.126068 0.002182 -0.008963 0.0353 -0.002557 0.000992 0.002087
1341846241.167863 0.001618 -0.009444 0.03807 -0.006544 0.0009761 0.002924
1341846241.230127 -0.002479 -0.02018 0.08902 -0.00667 0.006243 0.007208
1341846241.261868 0.001884 -0.007186 0.04116 -0.004047 0.001448 0.002547
1341846241.295211 0.002993 -0.004706 0.03857 -0.001751 0.0005836 0.003353
1341846241.329804 0.003839 -0.003393 0.03563 0.0003833 -0.0005796 0.003697
1341846241.362000 0.006165 -0.00241 0.03308 -4.615e-05 -0.002241 0.002758
1341846241.394012 0.005007 -0.002421 0.0289 -0.0007995 -0.001171 0.0006414
1341846241.430126 0.004163 -0.004674 0.02774 -0.001848 -0.0006817 0.001331
1341846241.462018 0.0073 -0.005621 0.03116 -0.001361 -0.001943 0.001054
1341846241.497907 0.01124 -0.003582 0.02774 -0.0008043 -0.003614 0.0009529
1341846241.529930 0.01444 -0.001685 0.02189 0.0002442 -0.003781 0.001255
1341846241.562493 0.01776 -0.001671 0.01333 0.0006182 -0.00426 0.001062
1341846241.598412 0.02395 -0.001986 0.01121 -0.001315 -0.007266 0.001907
1341846241.629998 0.02965 0.0006355 0.009764 0.0001114 -0.009501 0.001411
1341846241.662234 0.02983 0.001393 0.006295 0.0004134 -0.00854 0.001266
1341846241.698098 0.03405 0.00251 0.002998 0.0005487 -0.0102 0.001986
1341846241.729805 0.03925 0.003695 -0.0005083 0.002029 -0.01072 0.00245
1341846241.765805 0.04595 0.00403 -0.002315 0.001144 -0.01286 0.002163
1341846241.797970 0.04984 0.003725 -0.004451 0.0002449 -0.01438 0.00139
1341846241.830240 0.05435 0.0002009 -0.004936 -5.148e-05 -0.0161 0.001951
1341846241.865867 0.05303 -0.004048 -0.01078 -0.0004203 -0.01476 0.002732
1341846241.898156 0.05391 -0.003189 -0.0096 -0.001244 -0.01569 0.001589
1341846241.929917 0.05199 -0.003391 -0.006596 -0.002408 -0.01528 0.003208
1341846241.965882 0.05052 -0.0006302 -0.003141 0.001143 -0.01575 0.002118
1341846241.998017 0.04562 0.0007868 -0.008066 0.00135 -0.01414 -3.639e-05
1341846242.034019 0.02638 -0.001822 -0.01252 -0.001463 -0.007134 0.001235
1341846242.066365 0.02164 -0.002101 -0.01145 -0.001684 -0.006559 0.003072
1341846242.097916 0.02184 -0.001325 -0.004653 -0.002444 -0.008303 0.001332
1341846242.133980 0.02145 0.001118 0.0009461 -0.0004199 -0.01047 -0.00339
1341846242.165895 0.01162 -0.00052 -0.003234 -0.001343 -0.005223 0.002439
1341846242.197924 0.01036 0.0007591 -0.005385 -0.0003674 -0.00444 0.002505
1341846242.234487 0.01219 0.0009546 -0.01052 -0.002252 -0.004288 0.0009161
1341846242.269588 0.01376 -0.0007329 -0.007518 -0.001953 -0.00453 0.002897
1341846242.301972 0.01512 -0.0003181 -0.0171 0.001219 -0.004273 0.003966
1341846242.333996 0.006311 0.002178 -0.01815 0.0002081 -0.00198 0.000231
1341846242.366000 0.002788 0.0001224 -0.006127 -0.001621 -0.001424 -0.0001749
1341846242.401903 -0.002161 -0.0004226 -0.01022 0.0004198 0.0005994 0.0005846
1341846242.433933 -0.005582 0.00163 -0.01656 0.0004737 0.0007745 0.0009144
1341846242.469883 -0.002022 0.002221 -0.01668 -0.001257 -0.0006763 0.0001103
1341846242.501972 0.002991 -0.0009332 -0.01638 -0.0005892 -0.0004139 0.000952
1341846242.534063 -0.001144 -0.0002431 -0.01491 0.001616 0.0006167 0.001202
1341846242.569931 0.002205 0.003429 -0.01998 0.001464 -0.001262 0.0004479
1341846242.602000 0.00219 0.001341 -0.01092 0.0006099 -0.0009549 -0.0008366
1341846242.634077 0.001499 0.0007503 -0.0111 0.002151 -0.0001679 -0.0001219
1341846242.670215 -0.001721 0.001953 -0.009863 0.001846 -0.0001719 -0.0002667
1341846242.701929 -0.001701 0.000233 -0.005723 0.0005955 2.034e-05 -0.0005481
1341846242.737996 -0.002697 0.001442 -0.006079 0.001102 0.001575 -0.0006623
1341846242.769937 -0.004888 0.002071 -0.003534 -0.0009753 0.001579 -0.0006804
1341846242.808080 -0.0004695 -0.002176 -0.0001084 -0.001268 -0.000368 0.001018
1341846242.869936 -0.003152 0.001884 -0.0001796 0.003241 0.001335 0.0009279
1341846242.902131 -0.005243 0.00277 -0.001176 0.0003326 0.0007024 -0.0001923
1341846242.938061 -0.00377 0.0003801 -0.001749 -0.0009139 0.001532 -0.0001745
1341846242.969969 -0.004804 -0.0009138 -0.003777 -0.001763 0.002077 0.0001213
1341846243.005810 -0.004004 -0.003137 -0.001902 -0.002226 0.001319 -0.0002883
1341846243.038095 -0.004905 -0.003931 -0.003303 -0.0003787 0.002 -0.0009482
1341846243.070041 -0.008585 -0.002598 -0.005056 0.001264 0.002393 2.588e-05
1341846243.106059 -0.0122 0.001299 -0.008529 0.002342 0.002574 -0.0004042
1341846243.137899 -0.008669 -0.002335 -0.008248 -0.00146 0.0006743 -0.001601
1341846243.169985 -0.01048 -0.00675 -0.009973 -0.001761 0.002376 -0.0003901
1341846243.206007 -0.01073 -0.007412 -0.007893 -0.001298 0.001788 0.001151
1341846243.237999 -0.00898 -0.005361 -0.009186 0.0005864 0.0004303 0.001384
1341846243.274026 -0.006726 -0.003081 -0.01016 -4.727e-05 0.0003088 0.001552
1341846243.305879 -0.007984 -0.002918 -0.008995 -0.002137 0.001444 0.0004852
1341846243.338022 -0.008867 -0.003992 -0.008925 -0.00289 0.001447 0.0001471
1341846243.374348 -0.00724 -0.005553 -0.008275 -0.003232 0.001151 -0.0009045
1341846243.405837 -0.00805 -0.004343 -0.009755 -0.001706 0.002491 -0.0007105
1341846243.442193 -0.008525 -0.005872 -0.00883 -0.001838 0.0018 -0.0003379
1341846243.473902 -0.006846 -0.002449 -0.008957 -0.001079 0.0007669 -4.04e-05
1341846243.505839 -0.003687 -0.006407 -0.006744 -0.001315 0.001166 0.0001043
1341846243.542001 -0.009057 -0.00225 -0.009029 0.0002315 0.002039 -0.0003634
1341846243.574058 -0.005335 -0.003484 -0.006607 -0.0005715 -0.0003473 -0.001285
1341846243.605841 -0.005152 0.0006653 -0.007676 -0.0004554 -0.0001255 -0.0005589
1341846243.642015 -0.004093 -0.004676 -0.005005 -0.002589 0.0002672 -0.0002541
1341846243.673926 -0.006696 -0.003074 -0.005816 0.0001646 0.001276 -5.017e-05
1341846243.710095 -0.004255 -0.0006612 -0.006047 -0.000669 -3.119e-05 1.766e-05
1341846243.741951 -0.003322 -0.005726 -0.004037 -0.001186 0.001425 0.000731
1341846243.774067 -0.006496 -0.002229 -0.004535 0.001044 0.001723 0.0006463
1341846243.809881 -0.004301 -0.0005479 -0.004673 0.0007695 -1.762e-05 -0.0008299
1341846243.841971 -0.003087 -9.372e-05 -0.004799 -0.0007296 0.0007168 -0.002062
1341846243.874062 -0.005364 -0.001589 -0.003401 -0.001942 0.00208 -0.001259
1341846243.910022 -0.006506 -6.124e-05 -0.003637 -0.001423 0.00139 0.0001738
1341846243.978045 -0.006323 -0.006556 -0.005214 -0.0008364 -0.001644 0.001033
1341846244.009892 -0.001386 0.004394 -0.005247 0.002633 -0.0001402 -0.00106
1341846244.042105 -0.00144 0.002679 -0.002523 -0.001462 -0.0006779 -0.002149
1341846244.077884 -0.0009082 -0.001341 -0.001199 -0.001788 -8.255e-05 -0.0008097
1341846244.115904 -0.001612 -0.000759 -0.0002741 0.001191 0.0004106 -0.0004579
1341846244.151850 2.741e-06 0.004926 -0.002366 0.002265 -0.0003329 -0.001191
1341846244.184334 0.0003522 0.002827 -4.574e-05 -0.001301 -0.0006286 -0.001307
1341846244.215953 0.0008009 -0.003125 0.002824 -0.0005908 -0.0004596 0.000421
1341846244.251877 0.001574 0.003364 -0.0007303 0.00239 -4.599e-05 0.0005813
1341846244.283880 0.0005257 0.00331 0.0006941 -0.001221 0.0001139 -3.055e-05
1341846244.316068 0.001194 -0.001756 0.00243 -0.00165 0.0001788 0.000592
1341846244.351999 0.001752 0.000603 0.0008715 0.0006352 0.0003193 -0.0002595
1341846244.384040 0.001129 0.00239 0.0006477 -0.0001643 0.0008487 -0.001578
1341846244.419869 -0.001875 -0.001121 0.003048 -0.001097 0.0006489 -0.0008956
1341846244.451888 -0.0002717 -0.00151 0.001163 0.001212 -0.001164 0.001161
1341846244.483871 0.0002218 0.0005047 0.0003245 0.002292 -0.001265 0.0002311
1341846244.519923 3.667e-05 0.002833 8.781e-05 0.000441 -0.001409 -0.0003859
1341846244.551942 -0.0004501 -0.001359 0.00241 -0.00206 -0.001524 -0.0007896
1341846244.583892 -0.0002903 -0.002586 0.001836 -0.001369 -0.001327 -0.003018
1341846244.619870 0.0005953 -0.0003463 0.001686 0.0002346 -0.0007627 -0.003147
1341846244.651850 -0.001228 0.002668 0.000833 -0.0004807 -0.0001794 -0.002484
1341846244.683815 -0.001288 0.0003545 0.001107 -0.001548 -0.000272 -0.001919
1341846244.719873 -0.001899 -0.000741 0.000264 0.0002954 -0.0008544 -0.0005931
1341846244.751827 0.0003605 0.005043 -0.00312 0.001881 -0.001529 0.0006741
1341846244.788300 -0.001339 0.002686 -0.001417 -0.001085 -0.0005166 -2.968e-05
1341846244.820099 -0.00248 0.001993 -0.001405 -0.0009918 -0.0009045 0.0002671
1341846244.851973 -0.00201 0.006351 -0.001502 -0.002139 -0.001542 -0.0007314
1341846244.887873 -0.002748 -0.00282 0.0005064 -0.003967 -0.00217 -0.000504
1341846244.920072 -0.0005542 3.237e-05 -0.00097 -0.00049 -0.002297 0.0003385
1341846244.952621 -0.000889 0.001728 -0.001781 -0.001048 -0.001667 -0.00108
1341846244.987985 -0.0003619 -0.002398 -0.0004237 -0.001893 -0.001396 -0.003157
1341846245.020060 -0.002202 -0.002381 -0.0003695 0.001504 -0.000225 -0.00124
1341846245.051869 -0.002973 0.001674 -0.001536 0.00354 -0.0008277 0.001073
1341846245.088236 -0.0005056 0.001594 -0.001439 0.00251 -0.00134 0.0002708
1341846245.119935 -0.001453 0.002091 -0.00053 0.001389 -0.000595 5.72e-05
1341846245.151835 -0.0013 0.002816 0.0007767 0.0001526 -0.0003343 0.0009138
1341846245.187889 -0.001902 0.001415 0.002211 -0.001331 -0.0002656 -0.0004527
1341846245.219842 -0.0008943 -0.002584 0.003633 -0.0004033 -8.829e-05 -0.0007942
1341846245.256030 -0.002 0.002722 0.003308 0.00218 -0.0002752 0.00102
1341846245.287962 -0.0009627 0.002206 0.003277 0.001183 -0.0005258 0.002314
1341846245.319885 -0.0008658 0.001948 0.002915 0.0004428 -3.889e-05 0.002076
1341846245.355859 -0.001381 0.0007177 0.005207 0.0004628 0.001001 0.0003773
1341846245.387919 -0.003222 0.003778 0.002791 0.0009699 0.001405 0.0006834
1341846245.423977 -0.00254 0.001337 0.003538 -0.0006166 -5.366e-05 0.0006905
1341846245.455822 -0.001947 0.001834 0.003032 -0.000575 -0.0001537 0.0008239
1341846245.487804 -0.001549 0.001328 0.004562 -0.0006755 0.0003745 -0.001419
1341846245.523916 -0.00452 0.000448 0.004103 -5.412e-05 0.00104 -0.0006881
1341846245.555797 -0.002591 0.002332 0.002818 0.0009513 -8.525e-05 0.0002479
1341846245.591988 -0.001895 0.003305 0.00216 -0.0008163 0.0003365 -0.0009024
1341846245.623837 -0.002502 0.0009026 0.003701 -0.002261 0.0007856 -0.00208
1341846245.655890 -0.002732 -0.001682 0.002889 -0.0006872 -2.86e-05 0.0002089
1341846245.692060 -0.001386 0.001427 0.001013 0.001638 -0.001101 0.002067
1341846245.724517 -0.001221 0.004155 0.0003753 0.0004077 -0.0005615 -0.0009951
1341846245.760068 -0.001744 0.0007287 0.001546 -0.002163 -5.425e-05 -0.002162
1341846245.791914 -0.002018 -0.001783 0.001529 -0.0008362 -0.0003432 -8.717e-05
1341846245.824142 -0.001563 0.001086 0.0004962 0.001078 -0.001164 -0.0007012
1341846245.860005 0.000205 -0.000688 0.001687 0.0007381 -0.0009894 -0.0008266
1341846245.891878 -0.001544 0.0008892 -0.0006763 0.002092 0.0001639 0.0005483
1341846245.927903 -1.899e-05 0.002521 -0.0007634 -0.0005651 -0.001565 0.0003894
1341846245.986182 0.001614 -4.013e-05 0.00476 -0.001715 -0.0002572 -0.0006627
1341846246.022057 -0.0008431 0.001769 -0.00028 -0.0009294 0.0008051 -0.0001115
1341846246.053871 0.0009093 0.001194 0.0008373 -0.002261 5.45e-05 -0.0006514
1341846246.085916 0.001579 0.0001679 0.00209 -0.002906 0.00146 -0.001401
1341846246.121806 -0.0008138 -0.0002776 0.002268 -0.001549 0.002461 0.0004537
1341846246.153949 -0.003656 0.002624 0.00118 -0.001025 0.001713 0.002554
1341846246.222002 -0.0009193 -0.00195 0.008697 -0.001042 -1.791e-05 0.00578
1341846246.253984 -0.003262 0.003867 0.001314 0.0008188 0.001305 0.002727
1341846246.289808 -0.001812 0.0003148 0.002821 -0.002107 -0.0008624 0.0007351
1341846246.322001 -2.848e-05 -0.003068 0.004344 0.0004973 -0.0019 0.002759
1341846246.353946 0.0002396 -0.0006627 0.002179 0.003132 -0.001821 0.003193
1341846246.389885 -0.001783 0.001386 0.001694 0.002307 -0.001184 -0.0007264
1341846246.421855 -0.002236 -0.0002211 0.003295 -0.0008626 -0.0008682 -0.003778
1341846246.457915 -0.0008295 -0.003015 0.005007 0.0005553 -0.0006889 -0.004249
1341846246.489829 -0.005541 -2.953e-05 0.002589 0.002305 -0.0005288 -0.003529
1341846246.521912 -0.003889 -0.0008201 0.003197 0.002108 -0.002868 -0.0009841
1341846246.558038 -0.003908 0.002119 0.003648 0.00179 -0.002142 0.0007916
1341846246.589826 -0.003636 0.001592 0.006222 -0.001047 -0.001024 -0.002588
1341846246.622033 -0.004184 -0.0005742 0.007745 -0.0005279 0.0006339 -0.005711
1341846246.658046 -0.005992 0.0003098 0.007873 0.001259 0.001885 -0.002062
1341846246.689939 -0.007301 0.00281 0.007442 0.001616 0.002707 0.0003547
1341846246.725903 -0.009035 0.001327 0.009762 0.0004955 0.002225 0.0002198
1341846246.757894 -0.00956 0.001707 0.01038 0.001964 0.00176 0.0006642
1341846246.789989 -0.008596 0.003496 0.009658 0.002147 0.001517 0.0008351
1341846246.826059 -0.00929 0.00548 0.01031 0.0007508 0.002411 -0.0008611
1341846246.857869 -0.008306 0.002947 0.01075 -0.00148 0.001895 -0.001339
1341846246.893944 -0.00794 0.0008607 0.0146 0.0002593 0.002027 -0.001375
1341846246.925896 -0.01364 0.006128 0.01563 0.002622 0.00346 -0.00132
1341846246.958090 -0.01448 0.006313 0.01662 0.001366 0.002534 -0.001056
1341846246.993936 -0.01257 0.005576 0.01989 0.001532 0.002426 0.00139
1341846247.026204 -0.01427 0.00971 0.0209 0.002022 0.002751 0.00344
1341846247.057936 -0.01108 0.006731 0.01686 -0.0004267 0.002035 0.0003272
1341846247.093899 -0.009386 0.004777 0.01573 -0.0006336 0.00207 -0.0008804
1341846247.126028 -0.008564 0.003388 0.01329 0.001023 0.002434 -0.0006923
1341846247.162093 -0.01152 0.01021 0.007717 0.0004111 0.002309 -0.002906
1341846247.194072 -0.008778 0.001758 0.01026 -0.00568 -0.0009743 -0.004635
1341846247.225977 -0.001803 0.0008289 0.006903 -0.002137 -0.0007596 -0.002062
1341846247.261953 -0.007739 0.01106 0.00413 -0.003658 0.0002385 0.0007542
1341846247.293957 -0.001854 -0.0007773 0.005751 -0.008984 -0.002149 0.0001235
1341846247.325987 0.000692 -0.005136 0.007399 -0.003156 0.0005645 -0.0001385
1341846247.361940 -0.00343 0.001907 0.004675 0.004641 0.002895 -0.0004588
1341846247.430187 -0.0005995 0.005514 0.001784 0.009569 0.001997 0.003946
1341846247.462223 -0.001122 0.01077 -0.0009994 0.003696 0.002062 0.00399
1341846247.493952 -0.002875 0.00261 0.001598 -0.0001452 0.001296 0.002329
1341846247.530027 -0.0008865 0.005362 -0.001117 -0.0004533 -0.000597 4.423e-05
1341846247.562209 -0.0003203 0.004884 -0.001456 -0.00363 -0.0008341 -0.001891
1341846247.594166 0.0018 -0.005202 0.001413 -0.004265 4.269e-05 -0.001017
1341846247.630035 -1.266e-05 -0.003154 0.0008273 0.00217 0.001952 -3.308e-05
1341846247.662701 -0.006131 0.01035 -0.001711 0.003894 0.001602 -0.0009389
1341846247.697913 0.0004175 -0.001538 0.001977 -0.001672 -0.001744 -0.002139
1341846247.730051 -0.001035 0.001206 0.001218 0.003008 0.002184 -0.001043
1341846247.762180 -0.007713 0.007954 -0.0006295 -0.0002284 0.00242 -0.003324
1341846247.798768 -0.002446 -0.005038 0.002814 -0.004922 -0.0009388 -0.003639
1341846247.830259 -0.001715 -0.007333 0.003596 0.0009972 0.0008355 -0.001045
1341846247.865875 -0.007075 0.008915 -0.0009895 0.005171 0.001369 0.0006651
1341846247.898157 -0.00123 0.002438 0.0002956 -0.004446 -0.002364 -0.001542
1341846247.930002 0.004191 -0.009343 0.005135 -0.00399 0.002085 -0.002548
1341846247.966006 -0.006968 0.005179 0.0002593 0.00301 0.005612 -0.002065
1341846247.998062 -0.006835 0.004871 0.002116 -0.003354 0.0004344 -0.001746
1341846248.030615 -0.0005257 -0.006327 0.002991 -0.004281 -0.001164 0.0009908
1341846248.065891 -0.0007495 -0.006627 0.003565 0.001434 -0.0001359 -1.472e-05
1341846248.098211 -0.01064 0.01023 0.0003675 0.003725 -0.0001047 0.001365
1341846248.133929 -0.003157 -0.003273 0.002534 -0.003892 -0.006438 0.005171
1341846248.166050 0.002474 -0.005686 0.002088 0.0006151 -0.004132 0.004362
1341846248.198024 0.001423 0.005524 -0.001631 0.00312 0.0004075 0.0007072
1341846248.233930 -0.006579 0.003204 0.001217 -0.003447 0.0008274 -0.0004631
1341846248.265968 0.001084 -0.00866 0.002764 -0.002383 -0.001718 0.003436
1341846248.297927 0.003403 0.002167 -0.001621 0.004874 0.0006183 0.005309
1341846248.333956 -0.002154 0.00801 -0.001547 0.0006489 0.001785 0.003443
1341846248.366013 0.0005047 -0.002989 0.0007925 -0.004083 -0.0001243 0.0002027
1341846248.402093 0.003264 -0.002199 -0.0009936 0.0004541 0.001144 -0.0009294
1341846248.433862 -0.003385 0.00769 -0.003071 0.001461 0.001355 0.001719
1341846248.466804 0.002572 -0.004817 -0.00102 -0.002946 -0.002942 0.003003
1341846248.502139 0.009132 -0.006854 -0.002022 0.002954 -0.001093 0.00174
1341846248.534215 0.003988 0.007574 -0.006693 0.005638 0.003397 -0.002942
1341846248.565971 -0.005226 -0.001484 -0.004151 -0.004423 0.00168 -0.001326
1341846248.602003 0.006499 -0.01202 -0.004078 1.204e-05 -0.003397 0.002069
1341846248.640295 0.004221 0.009957 -0.007993 0.004272 -0.0007964 -0.0006767
1341846248.675831 0.0001076 0.0009464 -0.002958 -0.005581 -0.001433 -0.001093
1341846248.708095 0.004017 -0.006315 -0.0006688 -0.003962 -0.002893 0.0004418
1341846248.740085 0.006525 0.002019 -0.003652 0.001685 -0.0007398 0.001464
1341846248.802167 -0.001501 0.0004215 0.0001293 -0.005428 0.001225 0.0002272
1341846248.833950 0.002382 0.00168 -0.002109 0.001257 0.0001223 0.0007542
1341846248.869901 0.0007781 0.003324 -0.001231 -0.002292 0.0005358 -0.001535
1341846248.901932 -0.00101 -0.002772 0.0005446 -0.003826 -0.0007538 -9.025e-05
1341846248.938035 0.006191 -0.004098 9.252e-05 0.0001522 -0.001342 0.0008319
1341846248.969908 -0.0003002 3.148e-05 -0.001219 0.001656 0.001493 7.378e-05
1341846249.001964 -0.0002927 0.001983 -0.002271 0.001261 0.000119 0.0007325
1341846249.037998 0.003815 -0.004559 0.0007139 -0.001264 -0.001222 -0.001732
1341846249.069961 -0.001908 -0.0005063 -0.0001802 0.002818 0.002577 -0.002609
1341846249.105888 -0.004477 0.003056 -0.0003252 0.0008424 -0.0005555 0.0003309
1341846249.138041 0.001283 -0.002676 0.001111 -0.001119 -0.002546 -0.0008441
1341846249.169904 0.0007198 0.002475 -0.0005351 0.0009347 -0.0003688 -0.002805
1341846249.206013 -0.004837 0.002301 0.001362 -0.002657 -0.0003156 -0.001612
1341846249.237872 0.0001839 -0.006828 0.003059 -0.001352 -0.002772 0.001265
1341846249.306095 -0.001993 0.008678 -0.002079 0.003066 -0.0006476 -3.43e-05
1341846249.337853 -0.0006429 -0.005086 0.002843 -0.003023 -0.002481 -0.0003022
1341846249.373854 -0.0004095 -0.00112 0.001329 0.0032 -0.0003678 0.001412
1341846249.405928 -0.005877 0.005712 -0.0001428 0.002654 -0.0005822 0.001727
1341846249.437945 0.0009013 -5.212e-05 0.0003042 -0.002071 -0.003543 0.001537
1341846249.474182 0.0008414 -0.003422 0.002862 0.00065 -0.000312 -9.747e-07
1341846249.505956 -0.002602 0.00327 -5.247e-05 0.003262 0.000717 -0.0002635
1341846249.538288 -0.001825 0.001533 0.0006036 0.0004434 -0.000365 0.0006082
1341846249.574263 0.001142 -0.002016 0.001464 0.0009165 -0.0003126 -0.0007008
1341846249.606015 0.0004739 0.002077 -0.0009512 0.003126 0.001508 -0.00381
1341846249.641995 -0.00252 0.0005462 0.0003308 -0.0007396 0.00297 -0.004927
1341846249.674108 -0.002405 -0.006399 0.003416 0.001312 0.00224 -0.002608
1341846249.706034 0.000838 0.002819 -0.001905 0.006079 0.001662 -0.0005326
1341846249.742012 -0.000536 0.004275 -0.00131 0.0008866 0.00287 -0.003733
1341846249.773906 0.0009286 -0.003184 0.002792 -0.001863 0.003591 -0.006777
1341846249.806093 -0.001654 -0.001611 0.001202 0.001713 0.005711 -0.005569
1341846249.842148 -0.002374 0.0006852 0.000314 0.001423 0.003825 -0.002473
1341846249.873923 0.003 0.0006697 0.0008844 7.637e-05 0.003151 -0.003504
1341846249.909991 0.0007467 -0.003702 0.002738 -0.0004564 0.006411 -0.005897
1341846249.942024 -0.003724 0.001493 -0.0006785 0.0009842 0.006158 -0.004415
1341846249.974199 -0.001768 -0.002056 0.002122 -0.00136 0.002905 0.001744
1341846250.010384 0.003394 -0.001473 0.001622 0.00053 0.001998 -0.0006013
1341846250.042022 -0.00277 0.002714 -0.0003393 2.137e-05 0.004941 -0.003901
1341846250.078047 -0.007417 -0.0006054 0.002527 -0.003521 0.0008432 -0.0008433
1341846250.109945 -0.001312 -0.008048 0.003814 -0.0008422 -0.002945 0.002273
1341846250.141849 -0.0003497 0.001917 -0.0006101 0.004345 -0.00257 0.00114
1341846250.177803 -0.008465 0.003372 0.001979 -0.0002792 -0.003174 -0.0003619
1341846250.210137 0.0005007 -0.004623 0.00211 -0.001301 -0.007558 0.003846
1341846250.241903 0.00222 -0.0008325 3.44e-05 0.001827 -0.004686 0.006851
1341846250.277878 0.002083 -0.0007375 1.229e-05 0.001129 -0.002768 0.00369
1341846250.309873 0.002386 -0.0002245 -0.0006596 0.001118 -0.0009355 0.0003837
1341846250.346142 -0.0005423 0.002035 -0.0007345 0.0001097 0.001033 0.0004613
1341846250.377944 0.0003121 -0.0004828 -0.000348 -0.001343 -0.0003319 -0.0005396
1341846250.410038 0.0004167 0.001541 -0.0009295 -0.0009955 0.0003829 -0.0002852
1341846250.445984 -0.001708 -0.001548 0.0003754 -0.002359 0.0003399 0.002045
1341846250.477872 0.003724 -0.003186 -0.0003743 0.0004901 -0.0002024 0.0002431
1341846250.509930 0.002713 0.004418 -0.002098 0.001103 0.003262 -0.00367
1341846250.546119 -0.005823 -0.00211 0.00122 -0.001744 0.003315 -0.001049
1341846250.577998 0.0007093 -0.003538 0.000404 0.002083 -0.002018 0.001866
1341846250.613828 0.002452 0.003165 -0.002649 0.003307 -0.0009252 -0.001975
1341846250.646114 -0.001098 0.0007915 -0.0003552 -0.0009635 0.0003521 -0.005357
1341846250.677812 -0.001422 -0.004183 0.002016 -6.196e-05 -0.0009016 -0.003302
1341846250.713958 -0.0006828 -4.895e-05 -0.0006007 0.003029 -0.001801 -0.001142
1341846250.745904 0.004964 0.0009181 -0.00116 0.001627 -0.001859 -0.003592
1341846250.777886 0.001517 -0.001394 0.0005576 0.0008398 0.00307 -0.004978
1341846250.814024 -0.004475 0.0006168 0.0006537 0.001685 0.002296 5.185e-05
1341846250.846025 0.0008827 -0.0005772 -0.0004609 0.002862 -0.0008647 0.002564
1341846250.881824 0.0007879 0.007588 -0.001503 0.0005397 0.0004734 -0.001495
1341846250.913808 -0.002868 -0.002458 0.001921 -0.004682 0.0002806 -0.0005759
1341846250.946118 0.0007423 0.0005487 -9.708e-05 -0.00114 -0.001409 0.001405
1341846250.981803 0.002528 -0.001189 0.0006754 -0.002178 -0.0003885 0.001751
1341846251.014047 0.002457 0.000504 -0.0001583 0.0002076 0.002246 0.002616
1341846251.046033 -0.003127 0.002833 -0.0005373 -0.001013 0.002022 0.0003612
1341846251.081959 -0.0007656 0.001686 0.0001584 -0.002925 -0.0008477 0.001429
1341846251.114058 0.0004066 0.000485 0.0004656 -0.003403 -0.001336 0.001369
1341846251.149920 -0.0001953 -0.001651 0.001415 -0.002861 -0.0007729 0.0008554
1341846251.181983 0.000302 0.0007837 -0.0005163 -0.001369 -0.002172 0.002587
1341846251.214205 0.00634 -0.001495 -0.000188 -0.002481 -0.0007996 0.0007463
1341846251.249978 0.002066 -0.0009587 -0.0001389 -0.0006296 0.003609 -0.002173
1341846251.281923 -0.001409 0.0001744 -0.001061 -0.001531 0.003057 -0.0003535
1341846251.318026 0.002951 -0.005057 0.001892 0.0001417 0.001811 0.001309
1341846251.350003 0.00301 0.0004936 -0.001364 0.004383 0.00401 -0.0001748
1341846251.382003 -0.001853 0.003525 -0.002383 -0.0001783 0.004617 -0.0008918
1341846251.417971 -0.0003086 -0.00795 0.00169 -0.001546 0.001794 0.001812
1341846251.449878 0.003256 -0.002895 -0.001085 0.005327 0.0008528 0.002409
1341846251.481872 0.002155 0.001492 -0.002717 0.004825 0.003187 -0.0006482
1341846251.517870 -0.0007389 -0.002126 -0.0007962 0.00229 0.003315 -0.002595
1341846251.549884 -0.002753 -0.0005309 -0.00154 0.003539 0.001229 0.0003932
1341846251.586071 0.002392 0.002618 -0.002989 0.001481 -0.001189 -0.001795
1341846251.618241 0.0003859 0.00035 -0.0002191 -0.00159 0.001242 -0.003274
1341846251.649917 -0.004724 0.0003731 0.0004897 -0.001391 -0.0004351 -8.363e-05
1341846251.686034 0.0009459 -0.001347 -0.0005576 -0.001147 -0.004651 0.004164
1341846251.718103 0.004732 -0.0004259 -0.001443 -0.0001703 -0.002995 0.002655
1341846251.749907 0.001637 0.0001276 -0.001049 -0.001027 0.0006399 -0.001695
