1341845688.593654 0.008194 0.001262 0.003028 -0.001668 0.003912 -0.004892
1341845688.629688 0.002495 -0.004118 0.004115 -0.003805 0.009781 -0.008593
1341845688.663680 -0.0001544 0.0006546 0.0003665 -0.00347 0.01126 -0.0119
1341845688.697719 0.002119 0.001027 0.001379 -0.006615 0.01092 -0.01183
1341845688.729899 -0.0002001 -0.004299 0.00513 -0.008853 0.01262 -0.006022
1341845688.761762 -0.007115 -0.005065 0.0001753 -0.006062 0.007905 -0.001458
1341845688.797687 -0.003533 -0.006995 0.002346 -0.004394 -0.001103 0.001814
1341845688.829892 0.002253 -0.00528 0.002531 -0.001049 -0.00486 0.003564
1341845688.865774 0.006477 -0.001562 0.0006013 0.0006307 -0.002106 -0.0003768
1341845688.929779 0.008379 -0.008941 0.005081 -0.002373 0.011 -0.005319
1341845688.965631 -0.004323 -0.004718 -0.001128 -0.0006977 0.007062 0.001052
1341845688.997750 -0.003989 -0.01008 0.001878 0.0006776 0.0001174 0.006886
1341845689.029751 0.000769 -0.006306 0.0003309 0.006604 -0.005035 0.01022
1341845689.065755 0.002309 -0.004238 -3.226e-05 0.006763 -0.003438 0.00249
1341845689.097725 0.0001273 -0.003413 -0.000912 0.006328 -0.001367 -0.005658
1341845689.133718 -0.00131 -0.002205 -0.001411 0.004257 -0.001759 -0.006265
1341845689.165884 0.002065 -0.005386 0.001186 0.003873 -0.00237 -0.007059
1341845689.198264 -0.0004201 -0.002717 -0.001817 0.006167 -0.0003262 -0.006118
1341845689.234322 -0.002685 -0.0003535 -0.00332 0.004629 -0.001124 -0.004907
1341845689.265745 0.002477 -0.001147 -4.183e-05 0.001961 -0.00156 -0.004028
1341845689.297769 -0.001923 -0.003742 -0.001262 0.001581 0.001418 -0.002259
1341845689.333650 -0.002953 0.0001402 -0.002935 0.002228 -0.001243 -0.0005267
1341845689.365881 0.001794 0.001113 -0.0004951 -0.0005989 -0.001193 0.0005166
1341845689.401592 -0.0005941 -0.000919 0.0002715 -0.002389 0.001984 0.0002574
1341845689.433744 -0.001055 -0.0002296 -0.001274 -0.001193 0.002163 0.0006101
1341845689.465651 0.001808 0.006182 -0.001423 -0.004011 0.002631 0.0005194
1341845689.501840 0.002333 -0.003296 0.002825 -0.007955 0.005792 0.005277
1341845689.533687 -0.005801 -0.002639 -0.002885 -0.004457 0.005264 0.008083
1341845689.565814 -0.0001394 0.002756 -0.0006153 -0.003698 -5.081e-05 0.006975
1341845689.601682 0.005748 0.00205 0.003042 -0.004781 0.001938 0.007094
1341845689.633591 -0.001238 -0.002785 0.002013 -0.00449 0.006211 0.008509
1341845689.669672 -0.001753 -0.0002523 6.733e-05 -0.001687 0.003882 0.002559
1341845689.701700 0.002814 -0.0004675 0.001722 -0.002205 0.004001 0.0008048
1341845689.733773 -0.0001306 -0.00225 -0.0003606 -0.0009293 0.005476 0.002957
1341845689.769822 -0.001597 -0.001062 -0.001718 -0.0007197 0.003641 0.002662
1341845689.802003 0.003259 0.0003916 -0.0006863 -0.0003339 0.002701 0.001492
1341845689.833757 0.001482 -0.00025 -0.0006309 -0.001676 0.005557 0.002547
1341845689.869861 -0.001345 -0.002555 -9.822e-05 -0.00239 0.00501 0.001636
1341845689.901825 0.001515 -0.0002019 -0.000478 -0.0006104 0.002608 -0.0004897
1341845689.937674 0.00305 -0.0009185 0.001638 -0.002312 0.003809 -0.0006008
1341845689.969679 -0.003709 -0.003331 -0.0002307 -0.001322 0.003518 -0.001558
1341845690.003830 0.0016 -0.0002033 0.0005703 0.0004901 -0.0003803 0.0009184
1341845690.037686 2.514e-05 0.0009489 -0.0005925 0.0001197 0.0008732 0.003469
1341845690.069636 -0.001262 -0.001378 0.0008559 -0.001427 -0.0003246 -0.00117
1341845690.106587 0.003519 0.0004612 0.001937 0.0004488 -0.0003494 -0.0006594
1341845690.138859 -0.00405 -0.0004722 -0.0009041 0.0004863 0.002253 0.001639
1341845690.169919 -0.0007992 -0.0001214 0.0007198 -0.0006195 -0.001208 -0.001375
1341845690.206103 0.001991 -0.001426 0.001728 0.0008187 -0.000386 -1.692e-05
1341845690.237700 -8.006e-05 0.001674 -0.0007727 0.001629 0.001258 0.0003968
1341845690.269981 0.0013 0.001185 0.0004343 -0.001034 0.002163 0.001864
1341845690.306143 -0.001601 -0.002873 0.0006985 -0.001558 0.002552 0.00147
1341845690.338646 -0.0004716 -0.001873 0.0003757 0.000988 0.000575 -0.001745
1341845690.373833 0.000657 0.0008466 -0.0004967 0.00228 0.000626 -0.0003428
1341845690.405976 -0.002656 0.0008162 -0.001038 -2.096e-05 0.000996 0.002741
1341845690.437908 0.0006959 -0.0009261 0.0006391 -0.0004225 -0.00117 0.0002147
1341845690.473654 0.002937 0.001084 0.0009341 0.0002641 0.000403 -0.002658
1341845690.505978 0.0004308 0.000824 -7.259e-05 -0.001094 0.003085 0.0007999
1341845690.537884 -0.004707 -0.003087 -0.0001711 -0.001199 0.001513 0.00272
1341845690.573708 -0.0002862 -0.0003807 -0.0002611 0.001157 -0.002699 -0.001649
1341845690.605848 0.002134 0.003331 -0.0006745 0.001108 -0.001417 -0.002558
1341845690.641747 -0.0007822 9.037e-05 0.0008164 -0.002003 0.001402 0.0007385
1341845690.673751 -0.00317 -0.001782 -0.0001912 -0.0003142 -0.0007434 7.455e-05
1341845690.706003 0.0009165 0.003005 -0.0002614 0.0002316 -0.002609 0.0005191
1341845690.741684 0.0004904 -0.0001538 0.001087 -0.001625 -0.00121 0.00161
1341845690.773770 -0.001056 -1.337e-05 0.0002008 -0.000701 -0.001231 -0.0005515
1341845690.805715 0.0001278 0.0004637 0.0009881 -0.0008662 -0.001897 -0.001343
1341845690.841674 0.0005823 0.0002276 0.0008257 -0.0004352 -0.001612 -0.000243
1341845690.873770 -0.0002867 -0.001872 0.0009547 0.0002189 -0.001379 0.0002341
1341845690.909837 0.0005164 0.001363 -0.0002283 0.001155 -0.001604 -0.00163
1341845690.941576 0.001111 -0.0007082 0.0008367 0.0001126 -0.0007116 -0.0003339
1341845690.973879 -0.0008901 9.539e-05 -3.781e-05 -0.00014 -0.0007392 -0.0002656
1341845691.011558 -0.0003845 -0.001154 0.0005643 -3.157e-05 -0.001469 -0.00232
1341845691.077986 0.001102 0.0004736 0.0003893 -0.001044 -0.0002094 0.003781
1341845691.109685 -0.002844 -0.0005036 -0.0002258 -0.001264 -0.0006042 0.0002184
1341845691.141759 0.001655 0.0007269 0.0008696 -0.0008608 -0.002604 -0.0004587
1341845691.177729 0.002538 0.0001275 0.001875 -0.001328 5.201e-05 0.002706
1341845691.209644 -0.003054 -0.002296 0.0001563 -0.0006479 0.001179 0.002817
1341845691.241757 -0.002341 0.0007866 -0.0008363 0.0006193 -0.002013 -9.647e-05
1341845691.277595 0.007 0.003038 0.002586 -0.001085 -0.00155 -0.0006392
1341845691.310138 -0.001281 -0.003726 0.001428 -0.001967 0.004362 0.002203
1341845691.345620 -0.006692 0.0007213 -0.001973 0.0006186 0.0004549 0.001066
1341845691.378062 0.0006311 0.0007269 0.0006419 -0.0006955 -0.004312 0.002246
1341845691.451922 0.0002474 -0.004196 0.00259 -0.001728 -0.0008693 0.002724
1341845691.509739 0.001106 0.004581 -0.002141 0.002696 -0.003458 0.0003898
1341845691.545833 -0.002056 -0.004007 0.0005763 -0.001334 0.001337 0.003365
1341845691.578399 -0.004499 -0.0009264 -0.001843 0.002019 -0.001282 0.004217
1341845691.613857 -0.005294 0.002621 -0.002832 0.0009265 -0.004723 0.007663
1341845691.645632 0.002673 0.001597 -7.468e-05 -0.001953 -0.006415 0.005428
1341845691.677793 0.003867 -0.001616 0.002116 -0.002437 -0.001109 -0.003816
1341845691.713727 4.713e-05 -9.822e-05 -0.0001624 -0.001043 0.003185 -0.005117
1341845691.746050 -0.007343 -0.002593 -0.0002519 -0.00154 0.002048 0.002107
1341845691.778411 -0.002165 -0.0041 0.0004459 0.001544 -0.004331 0.002385
1341845691.813646 0.003889 0.003038 -0.0009688 0.00306 -0.003403 -0.003078
1341845691.845603 0.002122 0.0009787 0.0006232 -0.0002857 0.001756 -0.001589
1341845691.881595 -0.004287 -0.00188 -0.0005043 -0.0009212 0.003006 0.002764
1341845691.913600 -0.001884 -0.0002266 -0.001026 -6.928e-05 -0.001617 -0.001166
1341845691.945997 0.007919 0.00357 0.001832 -0.0005199 -0.0009431 -0.004155
1341845691.981657 0.003801 0.001779 0.00132 -0.003903 0.008192 -0.004039
1341845692.013904 -0.00579 -0.002866 0.0001612 -0.004704 0.008658 -0.004554
1341845692.049676 -0.003271 -0.001619 2.511e-05 -0.001422 0.002355 -0.002646
1341845692.081862 0.0007267 0.001958 0.0005415 -0.0007164 0.001393 -0.000886
1341845692.113695 -0.002595 -0.001911 0.001315 -0.001597 0.002797 0.001325
1341845692.149736 -0.004491 0.0009176 -0.0007055 0.001082 -0.0004363 0.00124
1341845692.182123 0.0005989 0.003475 0.0009535 -0.001137 -0.002014 -0.0005723
1341845692.213661 0.0005151 -0.001253 0.002719 -0.002366 0.0007088 -0.001646
1341845692.249828 -0.003334 -0.0007758 0.0009872 0.0002384 0.0004712 -0.0001987
1341845692.282146 0.0004723 0.001099 0.0007455 0.001487 -0.001831 0.001719
1341845692.317711 0.00326 0.001971 0.001681 0.001028 0.000494 0.0006756
1341845692.349688 -0.002132 0.001738 0.0002818 -0.0006894 0.003093 0.0001344
1341845692.381560 -0.003211 0.001242 0.00125 -0.002099 0.0008078 0.002365
1341845692.417776 0.0007258 0.0002387 0.00229 -0.001744 -0.001213 0.002929
1341845692.449672 0.0002148 0.001422 0.001304 -0.0007533 0.0001709 0.00185
1341845692.481594 0.0006318 0.001696 0.001082 -0.001495 0.0008519 0.001945
1341845692.517778 -0.001637 0.001656 0.0002232 -0.001862 0.001065 0.0005444
1341845692.549744 0.000349 0.0005004 0.002786 -0.002537 -0.0001246 0.001123
1341845692.585822 -0.001455 -0.0002517 0.001436 -0.0005378 0.0004287 0.002173
1341845692.617836 -0.000509 0.002598 0.0004188 -0.0002552 -0.001848 -0.0003545
1341845692.649770 0.00441 0.0007746 0.002773 -0.001296 -0.001436 -0.0007405
1341845692.685749 -0.0001072 -0.0006282 0.001097 -0.0008351 0.002206 0.0001314
1341845692.717676 -0.004302 -0.001733 6.908e-05 -0.0008928 0.0003767 -1.225e-06
1341845692.749897 0.002285 0.001936 0.0007152 4.903e-05 -0.003453 -0.0009751
1341845692.785833 0.004797 0.002512 0.002337 -0.001114 0.0003793 0.002265
1341845692.817657 -0.004816 -0.001738 0.0002545 -0.002359 0.003091 0.006169
1341845692.853833 -0.0007878 0.001013 -0.00136 -0.001362 -0.002512 0.003024
1341845692.885614 0.005225 0.001936 0.002477 -0.002749 -0.00142 0.001719
1341845692.917728 -0.001287 -0.0002847 0.0006897 -0.001924 0.001752 0.001438
1341845692.953573 -0.00258 0.0009889 -3.891e-05 -0.00133 -0.0006833 0.001344
1341845692.985667 0.002304 0.0009689 0.001665 -0.001999 -0.001718 -0.0001435
1341845693.017585 -0.001297 -0.003523 0.001547 -0.0009099 0.000635 0.0008493
1341845693.053684 -0.0006931 0.003326 -0.00122 0.001072 -0.001131 0.0001445
1341845693.086059 0.003149 -6.248e-05 0.00124 -0.001926 -0.0008508 -0.001314
1341845693.121690 0.001773 -0.002259 0.001768 -0.001307 0.001469 -0.003945
1341845693.153852 -0.003039 -0.002504 0.0003559 0.001176 0.002748 0.0006225
1341845693.185655 -0.004154 0.0002619 -0.001863 0.001796 -0.002228 0.000773
1341845693.221687 0.008376 0.001066 0.001869 -0.0001996 -0.003168 -0.004303
1341845693.254518 0.002806 -2.38e-05 0.001041 -0.001581 0.00518 -0.00362
1341845693.289735 -0.01188 -0.00539 -2.631e-05 -0.001358 0.003633 -0.0001491
1341845693.321741 -0.004762 -0.001411 -0.001276 0.001048 -0.007928 -0.0001756
1341845693.353715 0.006038 0.002002 0.000583 8.96e-05 -0.008112 -0.002204
1341845693.421993 -0.002737 -0.002063 -0.0009188 -0.001501 -0.005171 0.001598
1341845693.453700 8.574e-05 -8.558e-05 -0.0006294 -0.0001247 -0.003056 0.004707
1341845693.489783 -7.077e-05 0.002348 -0.001508 -0.001584 -0.002846 0.0009074
1341845693.522084 0.00508 0.00256 0.001127 -0.003395 9.434e-05 -0.0002329
1341845693.557666 -0.00202 -0.001202 0.0003892 -0.003889 0.003313 0.001879
1341845693.589792 -0.002266 -0.0009878 -0.0001059 -0.001789 0.00148 0.002658
1341845693.622158 -0.001453 -0.002039 0.000235 -0.0007512 -0.001455 0.0009679
1341845693.689929 0.0008701 -0.002011 0.0009396 0.001604 -0.002771 -0.002094
1341845693.721602 -0.001014 -0.00152 -0.0003175 0.00422 -0.00264 0.002516
1341845693.757636 0.003365 0.002454 -0.0009849 0.004036 -0.002293 0.0003075
1341845693.789776 0.00201 0.0004013 0.0003155 0.001593 0.001328 -0.001715
1341845693.825637 -0.002056 -0.002321 -0.0002094 0.002471 0.001406 -0.0003079
1341845693.857724 0.0003254 0.004293 -0.002875 0.002459 -0.0003578 -0.001688
1341845693.889741 0.0001619 -0.001784 0.001078 -0.001626 -0.0005931 -0.002989
1341845693.925573 0.0001593 0.0006156 -7.7e-05 0.001375 -0.0008947 -0.002032
1341845693.957722 -0.001146 0.001818 0.0002681 -0.0008573 -0.0007443 -0.001459
1341845693.990410 -0.001975 -0.0004081 0.0009695 -0.001638 -0.001545 0.0003381
1341845694.025740 -0.0003418 -0.00025 0.001235 -0.0008403 -0.002864 0.001928
1341845694.057728 0.0007477 0.002206 9.401e-06 -0.0006288 -0.00174 0.0009769
1341845694.093631 0.0009752 0.001968 0.0004754 -0.002687 -0.0001218 -0.0009077
1341845694.125598 -0.001955 -0.0007532 0.0007725 -0.002849 0.001036 0.0001287
1341845694.157890 -0.001256 -0.001103 0.000429 -0.001511 -0.001028 0.0009879
1341845694.193528 0.001665 0.002918 -0.0006367 -0.001008 -0.001422 0.0004093
1341845694.226254 -0.0005695 -0.001292 0.001204 -0.003014 0.0004056 -0.0004884
1341845694.261793 -0.001266 -0.000771 0.0005195 -0.001274 -0.0005824 -0.001629
1341845694.293655 0.003304 0.001015 0.0004048 -0.000905 -0.0009838 -0.00282
1341845694.325844 0.001681 0.001643 0.0003164 -0.002445 0.002724 -0.004807
1341845694.361761 0.0001423 -0.000756 0.001025 -0.003371 0.004263 -0.00382
1341845694.393754 -0.001586 -0.001777 0.0005253 -0.002229 0.004205 -0.0006147
1341845694.425809 0.0001261 -0.001347 0.0001533 -0.0001074 0.002872 0.0002895
1341845694.461731 -0.001543 -0.002243 0.0005388 -7.069e-05 0.002805 0.0003842
1341845694.493931 -0.002529 -0.002033 -0.0005224 0.002335 0.0003739 0.002897
1341845694.529694 0.002405 0.001158 -0.0002262 0.002793 -0.001302 0.002101
1341845694.561652 0.001039 0.002715 -0.0006322 0.0008034 0.002172 -0.0005607
1341845694.595586 -0.001156 -0.000113 -1.156e-05 -0.002022 0.002944 -0.002074
1341845694.629850 -0.0006966 0.001498 -0.0005879 -0.002267 0.003769 -0.002984
1341845694.661659 -0.009488 -0.003579 -0.0005766 -0.004168 0.003499 -0.003545
1341845694.693720 -0.01085 -0.005091 0.0007515 0.0001189 -0.005512 -0.002677
1341845694.735664 -0.001425 0.0002615 -0.002356 0.003718 -0.0135 -0.002077
1341845694.767988 0.000165 -0.0009959 -0.001594 0.003498 -0.01174 -0.0033
1341845694.803611 -0.0002397 0.0008259 -0.003977 0.004154 -0.01084 -0.002305
1341845694.835585 0.002347 0.001265 -0.004034 0.002031 -0.008769 -0.001171
1341845694.867728 -0.0006297 -0.003182 -0.001632 0.0005999 -0.005429 -0.001146
1341845694.903566 -0.001483 -0.001032 -0.004121 0.002967 -0.004779 -0.001059
1341845694.935679 -0.0005943 0.002032 -0.004099 0.0008512 -0.003645 -0.001752
1341845694.967669 -0.001342 -0.001515 -0.001411 -0.00138 -0.002085 -0.002562
1341845695.003730 -0.004567 -0.001178 -0.0009025 -0.000381 -0.002926 -0.002521
1341845695.035689 -0.002079 0.0001625 -0.001258 0.0002546 -0.00609 -4.072e-05
1341845695.072465 0.005902 0.001439 -0.0004538 7.811e-05 -0.005075 -0.0005419
1341845695.103895 0.005488 0.0008226 0.001581 -0.0006968 0.001581 -0.001061
1341845695.135680 0.003589 0.005307 -0.0008276 -0.0008631 0.005828 -0.0001007
1341845695.172193 0.005251 0.001185 0.003244 -0.005507 0.009923 -0.00156
1341845695.203618 0.003198 0.0004538 -0.0008389 -0.00557 0.01424 -0.002114
1341845695.235612 -0.002134 -4.921e-05 0.0002085 -0.007371 0.01535 -0.001915
1341845695.271738 -0.002711 -0.00307 0.0007114 -0.006317 0.01193 0.0006793
1341845695.303569 -0.0008899 -0.00233 0.001332 -0.003539 0.00862 0.002403
1341845695.335657 0.0004677 -0.0004339 0.001894 -0.00116 0.006454 0.004506
1341845695.371706 0.001193 0.0002178 0.001653 -0.0003478 0.006051 0.006238
1341845695.403745 0.00134 0.001957 0.001198 -0.0002626 0.005852 0.004609
1341845695.435657 0.002839 0.002758 0.001167 -0.002176 0.006567 0.0009715
1341845695.471720 0.0001861 -0.001337 0.001826 -0.003551 0.008108 -0.0005153
1341845695.503710 -0.00112 -0.001666 0.00112 -0.0001705 0.007032 0.0014
1341845695.539693 -0.002197 0.002774 -0.000908 0.001493 0.005503 0.002326
1341845695.603908 -0.001827 0.002315 0.0003818 -0.0002903 0.005581 0.004525
1341845695.665980 -0.0004732 0.0006542 0.000947 0.001452 0.005785 0.001553
1341845695.701693 -0.00129 -0.0008296 0.0004851 -0.0003669 0.002651 -0.001606
1341845695.733686 3.965e-05 0.0002621 0.0004936 0.0007571 0.001291 -0.001274
1341845695.769679 -0.0001116 -0.0007615 0.0007975 0.0007758 0.0004516 -0.0002986
1341845695.801697 0.001109 -0.001267 0.001316 0.002204 -0.00114 -0.0005248
1341845695.833635 0.001146 0.001719 -0.0003942 0.002167 -0.0006383 -0.001829
1341845695.869766 0.0001154 -0.0004005 0.0008775 0.0003028 -0.001035 -0.002568
1341845695.901827 0.002291 -0.002292 0.002332 0.001263 -0.001039 -0.001394
1341845695.933900 -0.002029 0.001008 -0.001305 0.002999 0.0006184 -0.001223
1341845695.969774 -0.001196 0.0004975 -0.001186 0.001567 -0.0012 -0.001146
1341845696.001940 -7.3e-05 0.0005968 -0.0009571 0.001612 -0.002011 -0.001439
1341845696.037778 0.000964 -0.0001111 0.0002578 0.001564 -0.001889 -0.002918
1341845696.069962 0.001873 0.001043 -0.0004575 0.001959 -0.0004307 -0.004434
1341845696.102048 -0.0006287 9.293e-05 -0.0004651 -0.0002783 0.001625 -0.003469
1341845696.137759 -0.0001132 -0.002439 -0.0003581 0.0005216 0.0007244 -0.0006012
1341845696.169934 0.0005218 -0.000261 -0.001257 0.001409 0.0008383 0.0004251
1341845696.201602 -0.0004338 -0.0003543 0.0004036 0.001824 0.0005666 0.001894
1341845696.237582 0.00151 0.0006623 0.0001368 0.00366 -0.0004561 0.00265
1341845696.269654 0.002235 0.003039 0.0002671 0.00329 0.0009614 0.0003141
1341845696.305713 -0.001521 0.0001092 0.0003687 0.0007111 0.002187 -0.001645
1341845696.337790 -0.0008867 8.79e-05 -0.0002151 0.0004668 0.001335 -0.002642
1341845696.369780 -0.0002924 -0.002533 0.0005227 -2.699e-05 0.00143 -0.001748
1341845696.406019 -0.001125 -0.001795 -0.0001574 0.002096 0.001083 -0.0005901
1341845696.437910 -0.001251 0.0005781 -0.001352 0.003502 0.0005119 -0.0002484
1341845696.473667 -0.0009353 -0.0007494 -0.0002445 0.00238 -0.001189 0.0005461
1341845696.505801 0.00137 0.0007369 -0.0003789 0.003629 -0.002031 -0.0004873
1341845696.537879 0.002829 0.001402 0.0004031 0.001647 -0.0006121 -0.002156
1341845696.573790 0.0004633 -0.0001716 0.000806 0.0003852 0.001473 -0.00149
1341845696.611644 -0.001073 -0.0008125 0.0006051 0.0001181 0.001787 -0.0003419
1341845696.648592 -0.000355 -0.0012 0.0007291 0.0008131 0.0009206 -0.0007062
1341845696.705640 -0.003288 -0.001361 -0.0007946 0.004529 -0.001306 -0.0006278
1341845696.741801 -0.001302 -7.381e-05 -0.001487 0.001069 -0.002071 -0.0002732
1341845696.773765 -0.0002258 -0.001668 0.0001595 0.0001612 -0.001966 -0.001828
1341845696.805698 -0.0007633 -0.002139 -0.0007087 0.001824 -0.0006398 -0.00227
1341845696.841908 -0.002826 0.0003707 -0.002172 0.001044 -0.0002986 -0.001844
1341845696.873637 -0.0005909 -0.002424 0.0001759 0.0008238 -0.002301 -0.0003591
1341845696.905693 -8.691e-05 -0.0006199 -0.0007225 0.002373 -0.001581 -0.0005731
1341845696.941841 0.0001851 -0.001362 -3.277e-05 0.002254 -0.001834 -0.002361
1341845696.973560 0.0007512 0.001918 -0.0004345 0.001782 -0.001003 -0.004256
1341845697.009723 -0.0008154 -0.002626 0.0007215 0.001105 -0.000684 -0.001122
1341845697.041678 -0.002162 0.00144 -0.001664 0.00265 -0.001967 0.001354
1341845697.073636 0.001017 0.001993 -0.0005823 0.0002078 -0.00263 0.001743
1341845697.109770 0.0006929 -0.00161 0.001121 -0.001008 -0.001426 0.0004364
1341845697.141787 -0.0007074 -0.000595 -0.0003855 0.001214 -0.0004975 -0.0002663
1341845697.173791 -0.001157 0.002045 -0.001137 0.0003643 -0.000198 -0.001372
1341845697.209803 -0.0007141 -0.001948 0.000596 -0.001348 -0.0003265 -0.001296
1341845697.241685 -0.0007187 -0.001021 -0.0001778 0.000665 -0.0007551 -0.0005894
1341845697.277780 0.0007002 0.0009308 -0.0006982 0.0009517 -0.0008866 -0.000682
1341845697.309575 0.001083 -0.000941 4.737e-05 -5.462e-05 0.0004668 -2.59e-05
1341845697.342252 2.085e-05 -0.0001676 -0.001198 0.0004958 0.0007217 0.0002856
1341845697.377604 -0.0002673 0.000143 -0.001309 -0.0006085 0.0002378 0.0004185
1341845697.409528 0.0005293 -0.002237 -3.928e-05 -0.0002019 -0.000951 0.001211
1341845697.441666 0.001093 0.002875 -0.001764 0.0007089 -0.0007443 -0.0001242
1341845697.477718 0.0001236 -0.00106 0.0004927 -0.002139 0.0005991 0.0002689
1341845697.509822 -0.001044 -0.001482 0.0001695 -0.0004174 0.0001622 0.001035
1341845697.545892 0.0007973 0.0009549 0.000181 0.0003382 0.0005463 -4.088e-05
1341845697.577742 -0.001676 0.0001475 0.0002127 -0.001243 0.002137 -0.001012
1341845697.609653 -0.0009323 -0.002767 0.00122 -0.001034 0.001477 -0.00119
1341845697.645769 -0.000779 -0.0005194 -0.0003624 0.0009708 0.001057 -0.0006741
1341845697.677795 -0.001094 -0.0002756 -0.0007912 0.000304 0.0001099 -0.0005899
1341845697.713520 0.00117 -0.001432 0.0004134 0.0007184 -0.0009354 -2.833e-05
1341845697.745975 0.0009035 0.0008489 -0.0007127 0.001208 0.0003842 -0.0009838
1341845697.777683 -0.0001803 -0.001645 0.0001658 6.881e-05 0.0008574 -0.001025
1341845697.813673 -0.001628 -0.001634 -0.0005232 0.0009739 0.0002728 -0.0001349
1341845697.845793 0.0002476 -0.001669 -1.927e-05 0.002289 -0.001184 0.000503
1341845697.877887 0.0006659 0.001357 -0.001189 0.00216 0.0002304 -0.0004124
1341845697.913637 -0.0007241 -0.0006643 1.118e-05 0.0004189 0.0006272 0.0005861
1341845697.945734 -0.0004818 -0.0005252 -3.654e-05 0.001137 -1.859e-05 0.001623
1341845697.981763 -0.0005092 0.000861 -0.0008012 0.001054 4.637e-05 0.0009801
1341845698.013639 8.582e-05 0.0009455 -0.000204 -0.0001817 -0.000366 0.0005826
1341845698.045700 0.001334 -0.0003767 0.001628 -0.0009135 -0.0003449 0.0007387
1341845698.081804 0.0008931 0.0001592 0.0008163 0.0003922 0.0009297 7.185e-05
1341845698.113733 -0.0008559 0.0007127 3.254e-05 -0.0002871 0.001364 0.0002908
1341845698.145605 -0.0009701 -0.000192 0.000394 -0.0009119 0.0009121 0.0009616
1341845698.181637 -0.0001465 -0.0009012 0.000655 -2.231e-05 0.0001509 0.001477
1341845698.213981 0.001371 0.002655 -0.0001107 0.0001326 0.001311 -0.0002085
1341845698.249641 -0.0007177 -0.00259 0.001522 -0.001936 0.002406 0.0003558
1341845698.281737 -0.0004203 -0.00142 -0.0001755 0.002095 0.0007674 0.0005798
1341845698.313940 -0.001041 0.002086 -0.001421 0.0008926 0.0005856 0.001491
1341845698.349629 0.0002811 -0.0009405 0.0005695 -0.0007477 -0.0001509 0.00172
1341845698.381667 0.001449 -0.0002718 0.0008163 -5.681e-05 0.0008093 -8.119e-05
1341845698.413724 -4.824e-05 0.0005344 0.0003696 -0.000776 0.002623 -0.001121
1341845698.449543 5.882e-06 -0.0009152 0.001364 -0.00132 0.002811 -0.001277
1341845698.481693 -0.001312 -0.001317 0.0003496 -0.0001041 0.002765 2.843e-05
1341845698.517644 -0.0004071 0.0008993 -0.0003177 7.212e-05 0.001434 0.001641
1341845698.549633 0.0001632 0.0007207 2.614e-05 -0.001001 0.001425 0.002258
1341845698.581773 -0.0003682 -0.001236 0.0008001 -0.001852 0.001322 0.003098
1341845698.617608 8.198e-05 -0.0006585 0.0001611 -0.0004415 0.0005349 0.001964
1341845698.649887 -0.0003218 0.001396 -0.0006472 -0.0007568 0.0009885 0.0003994
1341845698.685838 -0.0005372 -0.0009208 0.001262 -0.002231 0.0006031 0.0005856
1341845698.717744 -0.0005978 -0.002677 0.001043 0.0001073 -0.000322 0.0003741
1341845698.749680 -0.0003226 0.001473 -0.0008336 0.00126 -0.0005408 -0.001242
1341845698.785826 0.0004666 -0.0008395 0.0007734 -8.304e-05 -0.000266 -0.00112
1341845698.817603 0.0002973 -0.001195 0.0006722 0.00102 -0.0003283 0.0002717
1341845698.849705 -0.0001472 0.0001455 -0.001193 0.002191 -5.71e-05 0.0003127
1341845698.885714 0.0002369 0.0002043 -0.000278 0.0005132 0.0002422 -9.6e-05
1341845698.917723 -0.0004738 -0.001908 0.0003768 0.001075 -0.0004488 0.0007076
1341845698.953706 0.0001862 0.00123 -0.0009265 0.001792 -0.001062 -4.399e-05
1341845698.985694 0.001898 -0.0006767 0.0004892 0.0008522 -0.0007668 -0.0007542
1341845699.017571 0.001226 -0.001051 0.0007277 0.001349 0.0006912 -0.00126
1341845699.053593 -0.0007489 -0.0005333 -0.0006665 0.002499 0.0006634 -0.0007472
1341845699.086340 0.0006566 -0.00192 0.0007225 0.002986 -0.0007195 0.000118
1341845699.117688 -8.484e-05 0.001468 -0.0006705 0.004149 -0.0001233 7.979e-05
1341845699.153695 -0.0004519 -0.0003522 -0.001258 0.002653 -0.0002897 0.0001352
1341845699.185845 -1.393e-05 -0.0009263 -0.0003307 0.0021 -0.001273 0.0005799
1341845699.221973 0.000265 0.001073 -0.0001526 0.002221 -0.0009898 0.0003146
1341845699.253571 0.0009479 0.002496 0.0002334 0.0008863 0.0008996 -0.0009424
1341845699.285622 -0.0008296 0.001828 0.0008423 -0.001531 0.002668 -0.001113
1341845699.321906 -0.0006494 -0.0008504 0.00168 -0.001663 0.002016 -0.001275
1341845699.354916 -0.001149 7.228e-05 0.0001995 2.595e-05 0.001581 -0.0008439
1341845699.385859 -0.001941 0.000625 -0.0002289 -0.000531 0.0007836 0.001032
1341845699.421535 -0.0007118 0.0002385 0.0004816 -0.00111 -0.0007886 0.001774
1341845699.454093 0.000533 -0.001584 0.001483 -2.266e-05 -0.001939 0.002506
1341845699.489836 0.001164 0.002302 -8.352e-05 0.001408 -0.001565 0.0006551
1341845699.522001 0.0009688 0.001437 0.0002779 -0.0002633 0.001024 -0.001738
1341845699.556281 -0.001699 0.0009987 -8.238e-05 -0.001472 0.001375 -0.001533
1341845699.595416 -0.0005193 -0.001272 0.001082 -0.001284 -0.0007629 5.768e-05
1341845699.628631 -0.0005017 -0.0008186 5.757e-05 0.0006082 -0.001983 0.001019
1341845699.663810 0.0007662 0.002419 -0.001121 0.000726 -0.001946 -0.001017
1341845699.696113 0.001651 -0.0001483 0.001511 -0.001817 -0.001038 -0.002092
1341845699.727683 0.001002 -0.004206 0.002554 0.001435 -0.00116 -0.0002748
1341845699.789808 -0.001867 0.003689 -0.002441 0.004513 -0.001514 0.001812
1341845699.821737 0.0006084 0.0003213 0.000766 -0.0001082 -0.001662 0.0009054
1341845699.857825 0.001477 -0.0009999 0.001447 0.0003019 9.012e-05 -0.0001754
1341845699.889686 -0.002376 0.001762 -0.001024 0.0001547 0.001462 -0.0004075
1341845699.925749 -0.001618 0.0001651 -0.0007367 -0.0008569 -0.0006303 0.0004178
1341845699.957536 0.001287 0.001018 -3.77e-05 -0.001162 -0.001096 -0.0008699
1341845699.989671 -0.0002419 0.001042 -0.0002445 -0.001884 0.0008231 -0.002233
1341845700.025810 -0.002147 -0.0003695 0.0005561 -0.002224 0.0007317 -0.0005431
1341845700.058133 -0.001281 -0.0001566 0.0007687 -0.001376 -0.0006757 0.001286
1341845700.090754 0.0003696 2.8e-05 0.0007892 -0.000284 -0.001248 0.00184
1341845700.125852 0.0006043 0.0005659 -0.0002351 -8.296e-05 7.473e-05 0.0005322
1341845700.157773 -0.001198 0.000618 -0.0007577 -0.001026 0.0005061 0.0005337
1341845700.193533 -0.000455 -0.001863 0.001108 -0.001049 -0.001366 0.001431
1341845700.225771 -5.775e-05 0.0008794 6.559e-05 0.0003729 -0.001517 0.0004486
1341845700.257669 0.0001438 -0.000342 0.001285 -0.000659 -0.0009562 -0.0009852
1341845700.293641 0.0001635 -2.502e-05 0.000821 7.003e-06 -0.0006945 -0.001895
1341845700.325714 0.0002284 0.001702 -0.0004756 -7.484e-05 -0.000114 -0.001118
1341845700.357742 -0.0006657 -0.001731 0.0009198 -0.0006751 -0.001116 0.001219
1341845700.393681 0.0004199 0.0002349 4.731e-05 0.001278 -0.001895 0.001463
1341845700.425997 0.0005427 0.0006615 0.0003511 0.0007103 -0.000952 0.001085
1341845700.461682 -0.0003749 0.0006761 -4.472e-05 0.000387 -0.0002435 0.001064
1341845700.493808 0.0001791 -0.0007867 0.000361 0.0001874 -0.0005491 0.0007334
1341845700.526106 0.0004937 0.0004904 -0.0008267 0.001056 -0.0003563 -0.0004182
1341845700.562458 -2.086e-05 -6.365e-05 0.0002978 0.0003847 -0.0003998 -0.0009329
1341845700.626137 -0.0005326 -0.0002245 0.0005223 0.0006802 0.0005225 0.0001573
1341845700.661872 -0.0003877 -0.00113 -0.000125 0.0004968 -0.001301 0.002211
1341845700.693861 0.001754 0.0003034 7.34e-05 0.001314 -0.001429 0.0008405
1341845700.732394 0.000565 0.001207 -0.0003381 -0.0001075 0.001429 -0.001951
1341845700.767794 -0.00197 -0.0004917 -0.000598 -0.001182 0.0009484 -0.0009624
1341845700.799058 0.0005522 0.0001932 0.0004394 -0.000713 -0.0009336 0.0004884
1341845700.867749 -0.0003195 -0.0001949 -0.0005609 -7.115e-05 -0.0006779 0.0008378
1341845700.930007 0.001222 0.001978 0.0004984 -0.001786 0.001429 -0.0008664
1341845700.961797 -0.001389 -0.001688 0.0005296 -0.0002734 -5.572e-05 0.002162
1341845700.997752 0.00201 0.001294 0.0004351 0.0009725 -0.0006997 0.0008994
1341845701.029597 0.00054 0.0003793 0.0007825 -0.0002658 0.0008822 0.0005468
1341845701.061618 0.0006794 0.0001444 0.0008274 -0.0005769 0.000609 0.0006532
1341845701.097561 -1.964e-05 -0.0007171 0.0004651 -0.000847 0.0005434 9.951e-05
1341845701.129741 -0.0006275 -0.001498 0.0004247 -0.0005407 -0.0006788 -0.0005691
1341845701.165734 0.001271 0.0007744 -0.000169 0.0008985 -0.0007436 -0.0002144
1341845701.197714 -0.0004235 0.001076 0.0002731 -0.0009886 0.00137 -0.0007163
1341845701.230497 -0.001933 -0.001158 0.0007839 -0.0008196 0.001239 8.771e-05
1341845701.265852 -0.0001709 0.002586 6.012e-05 0.0001126 0.000846 7.659e-05
1341845701.297730 -0.0007698 0.0009405 0.0005101 -0.001651 0.00205 0.000411
1341845701.329611 -0.00171 -0.003286 0.001016 -0.0005862 2.415e-05 0.001232
1341845701.365791 0.001487 0.001019 -0.0006831 0.001268 -0.001151 0.000507
1341845701.397757 0.0001227 -0.001788 1.014e-05 0.0001397 -0.0005706 0.0004454
1341845701.433542 0.001225 0.0002276 -0.0001107 0.0005863 -0.001307 -0.0016
1341845701.465617 0.002834 -0.001254 0.001659 -0.00103 -0.0008388 -0.002083
1341845701.497704 0.001101 -0.001389 0.001921 -8.727e-06 -0.0001001 -0.0007885
1341845701.533597 -0.001684 -6.463e-05 0.0007588 0.0007146 0.0004981 0.0005872
1341845701.597762 -0.00144 0.0007026 0.002124 0.0007604 -0.001423 0.002099
1341845701.633825 -0.0008892 0.001788 0.0005094 -0.0006286 0.0009751 -0.0002977
1341845701.665709 -0.002944 0.0007588 -0.0004344 -0.001024 0.0006072 -0.0003494
1341845701.701676 0.0002735 0.001299 1.818e-05 -0.0009585 -0.0009731 5.819e-05
1341845701.733527 0.001278 -0.0009463 6.485e-05 -0.001315 -0.0002441 0.0006766
1341845701.765764 0.0002561 -0.0005884 -0.001247 -0.0002617 -0.0001559 0.0005167
1341845701.801701 0.000869 -0.0003677 -0.0007346 -0.0002164 -0.0008386 0.0003569
1341845701.833700 0.0009324 0.0005045 -0.0005987 -0.0005094 -0.0004975 -0.0005358
1341845701.865775 1.811e-05 -0.001132 0.0006979 -0.0009216 -3.366e-05 -0.0005343
1341845701.901711 -0.001356 -0.0005715 -9.502e-05 0.0001914 -0.0001461 0.0007722
1341845701.933585 6.528e-05 -0.0007263 0.0002644 0.0004764 -0.0008596 0.001034
1341845701.969726 -0.0001747 -9.47e-05 -0.0006683 0.0007372 0.000137 -9.495e-05
1341845702.002544 -0.0009812 0.001133 -0.001154 0.0002828 -7.895e-05 -0.0002288
1341845702.034379 0.0003772 0.0003094 -0.0001772 -0.0005749 -0.0006537 0.0008223
1341845702.101809 0.001739 -8.855e-05 -0.0007012 -0.0009292 0.0003026 0.001083
1341845702.137663 0.0001399 0.0005665 -0.000859 -0.0003593 0.001031 -4.226e-05
1341845702.169629 -0.001191 0.0005367 -0.0009029 -0.001044 0.0008498 0.0007977
1341845702.201769 -0.00038 -0.0004978 -0.0001159 -0.0005257 -0.0009472 0.00176
1341845702.237691 0.001573 0.001856 -0.0003524 0.0002953 -0.001361 0.0008484
1341845702.269760 0.001241 0.000752 -2.721e-05 -0.0004843 1.917e-05 0.000962
1341845702.301761 -0.0003244 -0.0003564 -0.000399 -0.0002016 -0.0007043 0.001925
1341845702.337713 0.002517 0.0009888 -0.0007003 0.00114 -0.001729 0.001034
1341845702.369720 0.001079 0.001265 -0.001373 0.0004682 0.0008606 -0.0007919
1341845702.405655 -0.001657 -0.00107 -0.002257 -0.000319 0.0004503 -0.0007536
1341845702.469691 0.0008909 -0.0001983 -0.003775 -0.0004434 -0.002004 -0.0005844
1341845702.506265 0.001302 -0.001189 -0.002063 -0.0006636 -0.0002829 -0.001141
1341845702.569753 0.002153 -0.002299 -0.004463 -0.0007472 0.0004065 -0.004117
1341845702.605685 0.001539 -0.002733 -0.001276 0.000126 -0.0001899 0.0004565
1341845702.637718 0.001101 -0.0008165 -0.002081 0.0008543 -0.0002228 0.0006648
1341845702.673733 0.001337 -0.00248 -0.0004008 -0.0005156 -0.0009412 0.0006564
1341845702.705735 0.0009154 -0.002217 0.0004812 0.000582 -0.001266 0.001042
1341845702.737648 0.0001039 -0.001502 0.0009181 0.001494 -0.001529 0.002319
1341845702.773644 0.001126 -0.002167 0.001227 0.0033 -0.001765 0.002057
1341845702.805893 -0.001222 0.002072 -0.0001586 0.002668 -0.0007531 0.0007995
1341845702.837969 -0.0004252 -0.002686 0.002398 0.001898 -0.001377 0.0007387
1341845702.874009 -0.001124 0.002029 -0.0008491 0.004087 -0.001088 0.0002875
1341845702.908704 -2.505e-06 0.003001 -0.0006903 0.001668 -0.0006623 -0.0005765
1341845702.941673 0.0006959 0.002811 -0.0005547 -0.00103 0.0007099 -0.001575
1341845702.973595 0.0006427 0.002491 0.0001076 -0.003745 0.002243 -0.003303
1341845703.005769 7.436e-05 -0.0008693 0.0007989 -0.003704 0.002641 -0.002713
1341845703.041648 -0.0005269 -0.0008375 0.001062 -0.002664 0.001835 -0.0003345
1341845703.073714 -0.001902 -0.005221 0.002326 0.0003897 -0.000196 0.002387
1341845703.109699 -0.001486 0.001736 -0.0008349 0.005169 -0.003091 0.00357
1341845703.142006 0.002304 0.0005544 0.001796 0.002964 -0.003341 0.002634
1341845703.173706 0.0009078 0.00169 0.0007524 0.003014 -0.001195 0.001404
1341845703.209732 -0.0003342 0.002715 0.0006446 0.001011 0.0003705 0.0001374
1341845703.242050 -0.0007548 0.001774 0.001334 -0.001694 0.0006974 -0.0002282
1341845703.273874 0.0005805 0.0001056 0.00175 -0.001529 0.001136 -0.001185
1341845703.309758 -0.0005448 0.0003577 0.001587 -0.001818 0.001772 -0.001938
1341845703.341850 -0.003166 -3.145e-06 0.0005306 -0.001151 0.0009563 -0.0002531
1341845703.377702 -0.0004573 0.0005567 0.0007246 -0.001016 -0.001266 0.001022
1341845703.409585 0.001597 -0.0003577 0.001582 -0.0006833 -0.0007595 0.001137
1341845703.441629 0.0003724 -0.0003638 0.0004415 0.0004204 0.0004886 0.001428
1341845703.477741 -0.0007645 0.0009286 -0.001149 0.0003764 0.0003507 0.001356
1341845703.509995 0.0003917 0.0005966 -0.0008674 -0.0006824 -0.0003549 0.0004975
1341845703.541800 0.0003422 -0.000373 2.884e-05 -0.001387 -0.0001619 0.001244
1341845703.577765 0.0002332 -0.0004492 -0.0005585 -0.0003088 0.0001642 0.00174
1341845703.609650 8.562e-05 0.0002161 -0.0003375 -0.0009127 0.0005662 0.0006525
1341845703.651761 0.0001355 -0.0005594 4.011e-05 -0.0009177 0.0006773 -0.0001486
1341845703.709916 -0.0007155 -0.002323 0.0005327 -0.0008224 0.002688 -0.001166
1341845703.745719 -0.001487 -0.001863 -8.175e-05 0.001872 -0.0004426 0.001295
1341845703.777733 -0.0005612 0.001121 -0.0009798 0.002841 -0.001963 0.0006263
1341845703.809711 0.001106 0.001976 -4.338e-05 0.001226 -0.001329 3.405e-05
1341845703.845769 -0.0003693 0.0001676 0.0002004 5.217e-06 0.0003799 0.0001016
1341845703.877728 -0.0006525 -0.0006699 0.0005844 0.0002081 0.0001275 -0.0004407
1341845703.913808 -4.364e-05 0.0001451 6.638e-05 0.001075 -0.0003069 -0.0005271
1341845703.945653 -0.0009179 0.002347 -0.0007922 0.0004001 -0.0005297 0.0007555
1341845703.977870 0.0009891 0.0001789 0.0004433 -0.00107 -0.001179 0.001088
1341845704.013637 0.0005945 0.001569 -0.000257 -0.001288 0.0004638 -0.0004741
1341845704.045703 -0.0003125 -0.0009427 0.0004846 -0.002251 0.0009002 -0.001085
1341845704.077666 -0.0006818 -0.0003226 0.0002475 -0.001355 0.0004136 -0.0008792
1341845704.113706 -0.0001855 -0.001415 0.0006305 -0.0002497 -0.0007485 -6.144e-05
1341845704.145681 0.0001599 0.0001004 -0.0001581 0.001086 -0.0008343 0.0004672
1341845704.181785 -8.557e-06 7.615e-05 7.33e-05 0.0006799 -0.0009783 0.0007732
1341845704.213778 0.0005064 0.0005084 -0.0002146 0.0005344 -0.0003302 -0.0002824
1341845704.245863 -0.0008425 -0.0006092 0.0002362 -0.0001101 8.062e-05 -0.0007643
1341845704.281578 -0.0001307 -0.001019 0.0007754 0.0003747 -0.0005293 -0.0007905
1341845704.313707 -0.001348 -0.0006224 -0.0004107 0.00139 -0.0008542 -0.0008254
1341845704.349873 -0.001345 -0.0006466 1.608e-05 0.001177 -0.002342 5.861e-06
1341845704.381729 -0.0005294 0.0002058 -0.0004349 0.001667 -0.003402 0.0009147
1341845704.413817 0.0005214 0.001732 -0.0008031 0.0005211 -0.002983 -0.0002322
1341845704.449837 4.462e-05 -0.002498 0.001491 -0.0005516 -0.00301 0.0006952
1341845704.481600 0.0006242 0.0005797 -0.00117 0.002412 -0.003367 0.0004655
1341845704.513671 0.002177 0.006658 -0.002063 -0.0004864 -0.001577 -0.001008
1341845704.549869 0.002425 0.003788 0.0002974 -0.007914 0.001252 -0.003921
1341845704.581901 0.001318 -0.001383 0.00196 -0.008647 0.003502 -0.003549
1341845704.617838 -0.001152 -0.004014 0.001818 -0.004812 0.002034 0.001295
1341845704.650477 -0.0007883 -1.422e-05 -0.0001426 -0.0008317 2.316e-05 0.003258
1341845704.681708 0.002312 0.002544 9.819e-05 -0.001371 0.0004797 0.0007706
1341845704.717704 0.0003988 -0.0004665 0.001144 -0.002798 0.002441 0.0002355
1341845704.749702 -0.001916 -0.003091 0.001729 -0.001224 0.001044 0.002597
1341845704.781791 0.0006505 0.000671 -0.0001037 0.002213 -0.001249 0.004028
1341845704.817744 0.003039 0.005004 -0.0003186 0.0002061 0.0005535 0.002053
1341845704.849705 0.000629 -0.002602 0.001745 -0.003804 0.003376 0.0002347
1341845704.885675 -0.0008213 -0.001987 0.00068 -0.0008692 0.002181 0.0001243
1341845704.917742 0.0003111 -0.0008178 0.00052 0.0009056 0.00119 0.0009745
1341845704.949746 -0.000145 -0.0002598 0.0004099 0.001332 0.001101 0.001542
1341845704.985761 -8.064e-05 -0.0005769 0.0006949 0.001675 0.0008595 0.0007117
1341845705.017537 -0.0004211 0.0005261 0.000749 0.00147 0.0009473 0.001007
1341845705.049660 -0.0008382 -0.001005 0.001171 0.001385 0.0009023 0.001021
1341845705.085710 0.0002869 0.00199 1.055e-05 0.001477 0.0009897 0.0005458
1341845705.117831 -0.0007029 -0.002244 0.001582 -0.0005862 0.001785 6.195e-05
1341845705.154005 -0.00258 -0.002148 0.0008853 0.002116 0.001 0.000674
1341845705.185648 -0.0007692 0.002357 -0.000876 0.002288 -0.0006522 -0.0002238
1341845705.217695 -0.0003427 -0.0007158 0.0009416 -0.0001199 -0.0009156 -0.0004358
1341845705.253735 1.265e-05 -0.0004071 0.0009485 0.001159 -0.001016 0.0004089
1341845705.285554 6.976e-05 0.002562 1.916e-05 0.001301 0.0004765 -0.0003771
1341845705.321646 -0.001312 -0.0005206 0.001267 -0.00114 0.00118 -0.001855
1341845705.353674 -0.000964 -6.723e-05 0.0006755 -0.0003849 0.001086 -0.002237
1341845705.385774 -0.002427 0.0002124 -0.0001072 -0.000941 0.0009962 1.223e-05
1341845705.421801 -0.0006092 0.001733 -0.0009364 -0.001461 -0.0007303 0.001002
1341845705.453568 0.001897 0.001193 0.0003475 -0.00421 -0.0004088 -0.0003998
1341845705.485749 0.0005708 -0.001283 0.0009394 -0.004295 0.001844 -0.00247
1341845705.521655 -0.002107 -0.0002168 0.0001464 -0.002852 0.001688 -0.002114
1341845705.553548 0.0003986 -0.001184 0.001537 -0.001887 -6.848e-05 -0.001428
1341845705.589775 -0.001813 0.0001147 -0.0003129 0.0007912 0.0001421 0.0009467
1341845705.621894 0.003471 0.001767 0.001125 0.0001315 -0.0007343 -0.000807
1341845705.653569 0.002971 0.002085 6.905e-05 0.0002165 0.004048 -0.001967
1341845705.689868 -0.005074 -0.001081 -0.00166 -0.001525 0.004282 0.0007575
1341845705.721810 0.000147 -0.00063 -0.0005237 0.0001785 -0.001875 0.0008756
1341845705.753738 0.001042 0.001468 -0.001034 0.0007452 -0.001285 0.002798
1341845705.789861 -0.0008452 -0.0007658 -0.001115 -0.0002487 -0.001958 -0.0005572
1341845705.821704 0.004154 0.001715 -0.001022 0.0009913 -0.002363 -0.0002705
1341845705.863629 0.001692 0.002167 -0.001646 -0.0005883 0.001521 0.0008854
1341845705.895623 0.002446 0.001619 -0.0005152 -0.003263 0.002428 -0.003744
1341845705.931726 0.001327 -0.002589 0.0008142 -0.003685 0.004259 -0.003708
1341845705.963641 -0.001371 -0.004022 -2.317e-05 -0.0006196 0.003809 0.003617
1341845705.995677 -0.004713 -0.003998 -0.001577 0.002614 0.000222 0.00851
1341845706.031837 0.001854 -0.0009184 -0.002756 0.004887 -0.004334 0.001789
1341845706.063631 0.005532 0.004445 -0.002211 0.002579 0.0002314 -0.0003978
1341845706.095737 -0.002251 -0.003009 -0.0009834 -0.00118 0.004036 0.002148
1341845706.131716 -0.003452 -0.003181 -0.001358 0.001801 -0.0005468 0.001611
1341845706.163718 0.001044 0.003955 -0.003556 0.002084 -0.002834 -0.001476
1341845706.195662 0.002545 -0.001951 0.0008857 -0.002091 0.0002441 -0.00168
1341845706.231610 -0.004453 -0.003107 -0.001152 0.001165 -7.74e-05 -0.000398
1341845706.263724 0.000445 -4.518e-05 -0.001758 0.00215 -0.004043 -0.002095
1341845706.299838 0.003867 0.0007701 -0.001393 0.001842 -0.001542 -0.001544
1341845706.331753 -0.001262 -0.00138 -0.001071 0.0009547 0.001713 0.001054
1341845706.363574 -0.0007778 0.001322 -0.00224 0.001016 -0.0002896 -0.001171
1341845706.399690 0.0004319 0.0005561 -0.0009501 -0.0003264 0.0007337 -0.0002102
1341845706.431735 -0.002948 -0.001425 -0.0008409 -0.001058 0.0001505 -0.0006869
1341845706.463612 -7.65e-05 0.0006843 -0.001002 9.217e-06 -0.001798 -0.002619
1341845706.499655 0.002833 0.002508 9.173e-05 -0.001189 0.0005704 -0.002561
1341845706.531782 -0.004109 -0.002774 0.0003939 -0.002283 0.002406 0.0001675
1341845706.563559 -0.004394 0.001003 -0.0008106 -0.000179 -0.003222 3.475e-05
1341845706.599529 0.005451 0.004132 0.0002293 -0.00102 -0.004245 0.0007757
1341845706.631786 -0.0003718 -0.001292 0.001098 -0.003805 0.00286 0.001739
1341845706.667647 -0.005819 -0.001749 0.0004691 -0.002002 -0.0005588 -0.0003863
1341845706.700732 0.001026 0.001023 9.472e-05 -0.0001001 -0.004724 -0.0005017
1341845706.732115 0.001613 0.001616 0.0002713 -0.0009958 -0.001339 -0.0004775
1341845706.768143 -0.002207 -0.0008791 0.0004828 -0.001824 -0.0003948 -0.003027
1341845706.800357 0.0009255 0.001144 0.0009014 -0.001029 -0.001738 -0.002727
1341845706.832602 0.0008489 -0.001207 0.001575 -0.0002885 2.167e-05 0.0008685
1341845706.869449 4.003e-05 -0.0008414 0.0009567 0.001204 -0.0004881 -0.0003803
1341845706.933651 -0.0009448 0.001945 -4.984e-05 0.001757 0.001408 -0.002087
1341845706.994021 0.0009266 -0.0007611 0.001032 0.001981 -0.001003 -0.002805
1341845707.029674 9.227e-05 0.002191 0.0002484 -0.0008981 0.0008563 -0.002278
1341845707.061864 -0.00177 -0.001527 0.0009586 -0.001755 -0.0003655 6.936e-05
1341845707.097704 -0.001111 0.002993 -0.001036 -8.755e-05 -0.002143 -0.001033
1341845707.129770 0.003554 0.004635 0.001161 -0.003073 -0.0008883 -0.001754
1341845707.161817 -0.002837 -0.001114 0.0004318 -0.005062 0.001926 -0.000442
1341845707.197721 -0.001967 -0.0006682 0.0005524 -0.00194 -0.002021 0.001298
1341845707.229795 0.001179 0.001644 0.0003416 -0.0007862 -0.002234 0.0009357
1341845707.261851 -0.0003058 0.000531 3.896e-05 -0.001079 -0.0003499 -0.001348
1341845707.297710 -0.002032 -0.001739 0.0007272 -0.0005725 -0.00114 -0.0005509
1341845707.329761 -0.002759 0.0002663 -0.0006783 0.001327 -0.002479 0.001218
1341845707.365850 0.0009033 0.003741 -0.0008386 -5.595e-05 -0.003518 -0.002224
1341845707.397796 0.002197 0.0003849 0.001435 -0.00256 -0.0005811 -0.004026
1341845707.429752 -0.003875 0.0006572 -0.000443 -0.002027 0.000855 -0.001681
1341845707.465767 -0.003761 -0.0003463 -8.53e-05 -0.00187 -0.002362 0.001903
1341845707.497642 0.0008722 0.001048 0.0001032 -0.0009802 -0.003394 -0.0003056
1341845707.533665 -0.00293 0.0005019 -0.0006775 -0.001801 -0.001473 -0.001132
1341845707.565754 -0.002602 0.0002201 -1.738e-05 -0.00171 -0.003712 0.0007507
1341845707.597603 0.0009616 -0.0002313 0.0006114 -0.001038 -0.004186 0.0007264
1341845707.633748 0.001492 0.0005554 2.602e-05 -0.0005935 -0.0008416 -0.002444
1341845707.665870 -0.002183 -0.0004212 -8.345e-06 -0.001439 0.0007849 -0.001685
1341845707.698455 -0.002047 -0.00158 -0.0001761 0.0008461 -0.00119 0.0009128
1341845707.734303 0.00233 0.000972 0.0002077 0.001453 -0.001515 0.001875
1341845707.766259 -0.00134 0.002154 -0.00138 0.0004667 0.001159 -0.0008227
1341845707.836344 0.0007811 -0.0008932 0.0005623 -0.003375 -0.0004218 0.001383
1341845707.866230 0.0008963 -0.002136 0.0003433 -0.0001727 0.0009689 0.0003219
1341845707.901694 -0.0006745 0.0004251 -0.001291 0.001118 0.0007894 -0.002011
1341845707.933640 0.00163 0.002306 -0.000202 8.053e-05 0.0006334 0.0002264
1341845707.965831 -0.003571 -0.0007584 -0.0003854 -0.001157 0.001331 0.0001965
1341845708.001954 0.002586 0.002201 0.0002766 0.0007449 -0.001872 -0.0008094
1341845708.034393 0.001239 0.001658 0.0004407 -4.656e-05 0.001177 0.001452
1341845708.069946 -0.001507 -0.001043 -0.0003615 0.000586 0.0005493 0.0005993
1341845708.101700 0.003031 0.002917 -0.001042 0.001817 -0.0009205 0.0009425
1341845708.133697 0.001575 0.001467 0.0001651 -0.0004803 0.001454 0.0002408
1341845708.169675 -0.001885 -0.001528 0.0004268 -0.0003631 0.00145 0.000752
1341845708.201793 0.0009936 0.001583 0.0003955 0.001186 -0.0006832 0.002427
1341845708.233744 0.000214 -1.774e-05 0.001174 -0.0008922 0.001653 0.0008947
1341845708.269711 -0.00108 0.0004794 0.0003807 -0.0009574 0.001784 -0.0006373
1341845708.301629 -0.0004276 -0.002443 0.002113 -0.001235 0.001224 0.001716
1341845708.337612 -0.003419 -0.001294 0.0002611 0.001004 0.0006091 0.002524
1341845708.369900 0.001473 0.0006345 0.0007936 0.001056 -0.001086 0.0008987
1341845708.401883 -0.0006171 -0.0006591 0.0007595 -0.0007255 0.001758 0.0003865
1341845708.443610 -0.002404 -0.001374 0.001015 -0.0009046 0.000761 0.0007668
1341845708.501776 0.001648 -9.516e-05 0.0007761 0.001187 0.002604 -0.002895
1341845708.543852 0.001258 -0.0008619 0.001006 -0.001191 0.003017 -0.00016
1341845708.605675 -0.0006259 -0.002578 -3.987e-05 0.001631 0.003215 0.004467
1341845708.637641 0.004409 0.001205 0.00126 6.915e-05 0.002747 0.001622
1341845708.669692 -0.003891 -0.003406 0.0001873 -0.0009765 0.004246 0.001857
1341845708.705736 -0.0003822 -0.001427 0.0003145 0.001729 -0.0007003 0.001884
1341845708.738027 0.005516 0.003098 0.0004509 0.001572 0.0003409 0.001635
1341845708.773829 -0.001165 -0.003199 0.0009105 -0.001087 0.004622 0.0003622
1341845708.805763 -0.002582 -0.0008432 -7.557e-05 0.001626 0.001039 0.0007926
1341845708.838653 0.004279 0.002641 0.0005379 0.00136 0.0002608 0.002965
1341845708.873912 -0.001027 -0.002233 0.0003186 -0.000542 0.002895 0.001456
1341845708.905735 0.0003804 0.000907 -0.0002422 0.001151 0.000458 0.001723
1341845708.938426 0.002218 0.0002801 0.0009611 0.0002714 0.0007362 0.003344
1341845708.973642 0.001614 -0.001189 0.001404 -0.0006056 0.001723 -0.001043
1341845709.005742 -0.0008924 -0.0003337 0.0001605 0.001004 0.001856 0.0005964
1341845709.041686 0.002602 0.0003777 0.001153 0.0001444 0.0003244 0.002904
1341845709.073656 -0.0002216 -0.001326 0.0001679 0.0006408 0.00158 0.001902
1341845709.105658 0.002842 0.0009566 0.0008121 0.0004389 0.0007608 0.001089
1341845709.141741 -0.001022 -0.001331 0.000393 -0.0001504 0.002906 0.0008581
1341845709.173646 -0.001463 -0.000643 9.498e-05 0.0006979 3.325e-05 -0.0008024
1341845709.205765 0.001608 6.147e-05 0.0007378 0.001266 0.0001634 0.000427
1341845709.241765 -0.001807 -0.0003805 -0.0001773 0.001089 0.0003932 -0.0005357
1341845709.273754 0.0001802 0.001209 -0.0004205 0.001186 -0.0007462 -0.0008857
1341845709.309890 0.001516 -9.02e-05 0.0008858 -0.0003955 -0.0001135 -0.002318
1341845709.341728 -5.906e-05 -0.001648 0.0009284 0.0006577 0.0005135 -0.001074
1341845709.373776 0.001184 -0.001358 0.001371 0.002043 -0.0006466 -0.001032
1341845709.409657 0.0007829 -0.001431 0.001169 0.003171 -0.0004507 -0.002696
1341845709.442072 0.002309 0.0002211 0.0003728 0.003902 9.203e-05 -0.004343
1341845709.473660 -0.001249 -0.001309 -0.0001055 0.002691 0.001512 -0.001594
1341845709.509632 0.0007676 -0.00165 0.0005546 0.003312 -0.00062 -0.001394
1341845709.541673 0.001399 0.0008941 -0.0006279 0.004229 0.001539 -0.0007877
1341845709.578645 -7.237e-06 0.001094 -0.0003573 0.002104 0.002268 0.0003168
1341845709.609672 0.0006204 0.0005142 0.0003543 0.0008784 0.00258 0.0009978
1341845709.642057 -0.0005164 -7.932e-05 0.0005013 0.000125 0.002162 -0.001446
1341845709.709730 -0.001304 2.188e-05 0.0005034 0.002324 0.002898 0.001073
1341845709.745593 0.001125 -0.00147 0.001196 0.0008013 -0.0008327 -0.0001859
1341845709.777709 0.001774 0.002283 0.0001157 0.001413 0.0003688 -0.002507
1341845709.809687 -0.002169 -0.0009998 0.001165 -0.000477 0.00088 0.002699
1341845709.845686 -0.002101 -0.000261 0.0007951 0.0006073 -0.002699 0.004376
1341845709.878752 0.001067 0.001229 0.0001613 0.0007683 -0.003922 0.003099
1341845709.909693 0.00425 0.003059 0.001209 -0.001249 -0.001947 -0.001667
1341845709.945663 -0.0003418 0.0007608 0.001031 -0.003433 0.002505 -0.001433
1341845709.977698 -0.002028 -0.0006862 0.001241 -0.002819 0.0009221 -0.0002743
1341845710.013739 -0.0006798 0.0003665 0.0005013 -0.001124 -0.001231 0.001371
1341845710.045754 0.002293 0.0007453 0.001287 -0.001277 -0.001731 0.0008608
1341845710.077705 0.0007516 -0.001298 0.000842 -0.0004008 0.0009008 0.0007837
1341845710.113730 -0.001797 0.000843 -0.0004356 0.0001721 -0.0004595 -0.0002297
1341845710.145759 0.003165 0.0008813 0.0007991 -0.0001428 -0.0007247 -0.0008849
1341845710.177824 0.0001242 0.0004035 0.0003255 -0.0009996 0.001554 -0.0002253
1341845710.213581 -0.001649 -0.0008422 -2.284e-05 -0.001079 0.0005321 0.0003493
1341845710.245636 0.002699 0.002985 0.0003954 -0.000752 -7.54e-05 0.001463
1341845710.281582 0.0009936 -0.0003048 0.001175 -0.003923 0.003407 0.003771
1341845710.313617 -0.00373 -0.004913 0.00081 -0.002415 0.001907 -0.0005333
1341845710.345643 0.0002969 0.002649 -0.0005026 0.0005949 -0.00112 -0.001759
1341845710.381860 0.001774 0.0006459 0.0007632 -0.001274 0.0007419 0.0002836
1341845710.413817 -0.003409 -0.00309 0.0007542 -0.001417 0.001505 -0.0004991
1341845710.445824 0.001104 0.001034 -0.0003648 0.001395 -0.001606 -0.001466
1341845710.481794 0.001111 0.000933 0.0002399 9.284e-05 0.001309 0.0006019
1341845710.513650 -0.00268 -0.0003069 -0.0009827 -0.0001706 0.0008138 -0.00161
1341845710.549635 0.002187 0.002024 0.0003825 -0.0007261 -0.0004044 -0.001207
1341845710.581654 -0.0009466 -0.0009132 0.0009227 -0.002364 0.001185 0.0001858
1341845710.613694 -0.0009086 -0.001898 0.0005743 -0.0006078 -0.0007529 -0.001867
1341845710.649564 0.001208 0.003287 -0.0004712 0.0001762 -0.0005017 -0.0007784
1341845710.681648 -0.001817 -0.001543 0.000971 -0.002077 0.0007519 0.00116
1341845710.713728 -0.001544 -0.0002664 -3.883e-05 -0.0004636 -0.0009822 -0.0009784
1341845710.749785 0.0005426 0.001728 -7.116e-05 -0.000332 -0.001255 -0.001312
1341845710.781816 -0.000843 -0.000471 0.0004366 -0.001359 0.0004258 0.0006842
1341845710.817567 -0.001536 -0.00128 -2.173e-05 -0.000351 -0.0008062 0.0006639
1341845710.850205 0.001058 -5.111e-05 4.462e-05 0.0008817 -0.001978 -0.002092
1341845710.882136 0.001252 0.001469 -0.0001122 0.0006683 0.0008372 -0.001115
1341845710.917631 -0.004206 -0.002069 -0.0007922 -0.0003841 0.001163 0.001049
1341845710.950281 0.001091 0.002077 -0.0007956 0.0008781 -0.002175 -0.0006105
1341845710.985647 0.003668 0.003843 0.000477 -0.001565 0.0008869 0.0006192
1341845711.017722 -0.00307 -0.004467 0.001165 -0.00369 0.003748 0.003321
1341845711.049965 -0.006257 -0.003936 0.0001238 0.001699 -0.002045 0.001462
1341845711.085583 0.005309 0.006141 -0.001354 0.003598 -0.005764 4.241e-05
1341845711.117670 0.003428 0.001146 0.000764 -0.00163 0.001406 -0.0006396
1341845711.149770 -0.005046 -0.003455 0.0006048 -0.001244 0.002015 -0.002371
1341845711.191691 -0.0004421 0.001915 -0.001521 0.002651 -0.002952 0.000324
1341845711.253627 0.006296 0.0005535 0.002372 -0.002349 0.003138 -1.289e-06
1341845711.285627 -0.004394 -0.001697 -0.0008549 0.001686 0.001558 -0.0001733
1341845711.317874 0.002223 0.0007578 0.0004017 0.00173 -0.002266 0.001527
1341845711.353756 -0.0005178 -0.002748 0.0008751 0.002077 -0.001437 0.002558
1341845711.385687 -0.0001782 0.001295 -0.00089 0.003536 -0.003521 0.0009406
1341845711.417635 0.00398 0.003964 -0.000254 0.001415 -0.001712 -0.001235
1341845711.485895 -0.003233 -0.00165 0.0007067 -0.004242 0.005179 -0.00377
1341845711.521704 -0.001085 0.00151 -0.0001438 -0.0006385 -0.001093 -0.001126
1341845711.553696 -2.366e-05 -0.001416 0.0019 -0.001491 -0.0006358 -4.728e-05
1341845711.585708 -0.001802 -0.0009359 0.0007364 0.001816 -0.001432 0.0006247
1341845711.621659 0.001227 0.002904 -0.0003999 0.002019 -0.002601 0.0002203
1341845711.653731 0.001353 0.0003049 0.001023 -0.0007882 0.0005345 -0.0006956
1341845711.685758 -0.002751 -0.0009975 -0.0001256 -0.000331 0.0009342 -0.001994
1341845711.721850 0.0005468 0.001906 0.0001584 -0.0003318 -0.0007783 -0.001394
1341845711.754323 0.002281 0.0001001 0.001461 -0.001156 0.001092 -0.0008768
1341845711.789716 -0.002525 -0.001875 0.0001511 -0.0008459 0.002317 -0.0001558
1341845711.821820 -0.0006385 0.001498 -7.517e-05 0.0002009 -0.000561 5.059e-05
1341845711.854173 -0.0004881 -0.0009956 0.001088 -0.0008768 -0.0003248 0.002413
1341845711.889875 -0.002987 -0.001635 0.0002942 0.001082 -0.002142 0.001544
1341845711.923959 0.001636 0.001014 0.001015 0.001963 -0.004617 -0.0002899
1341845711.957595 0.002075 0.0009507 0.0004686 0.001833 -0.0007069 0.002724
1341845711.989820 -0.00303 -0.001925 -2.886e-05 0.001131 -0.0008627 0.002028
1341845712.057899 0.004038 0.000747 0.001142 0.001898 -0.001404 -0.004294
1341845712.090038 -0.005549 -0.002747 0.0005246 0.001644 -0.0006711 0.005849
1341845712.127587 0.003731 0.001933 -0.0002184 0.003464 -0.005606 0.0006936
1341845712.195638 0.00263 0.001029 0.00102 -0.004457 0.009454 -0.005086
1341845712.257830 -0.002247 -0.0002211 -0.0005488 0.003666 -0.006136 0.005956
1341845712.289935 0.002709 0.001092 0.001248 -0.0007774 0.0007353 -0.001611
