1305031102.211214 0.001957 -0.006687 -0.01058 0.005057 0.006265 0.003686
1305031102.275326 0.0002385 0.001093 -0.02605 0.02389 0.01218 -0.001791
1305031102.311267 -0.000812 0.003272 -0.01436 0.01067 0.004786 -0.001665
1305031102.343233 0.0005316 -0.0003413 -0.0116 0.004059 0.003579 -0.003626
1305031102.375329 -0.0006189 -0.0002966 -0.01254 0.004268 0.004382 -0.0002745
1305031102.411258 0.003887 -0.002715 -0.009668 0.002759 0.00297 0.00258
1305031102.443271 0.000229 -0.004982 -0.0103 0.008843 0.006676 0.0004187
1305031102.475318 -0.002704 0.001484 -0.01501 0.01543 0.005715 0.0004768
1305031102.511219 -0.001492 0.001391 -0.01348 0.01086 -0.001329 0.002305
1305031102.575286 -0.002507 0.00789 -0.02777 0.01615 -0.004266 0.00597
1305031102.611233 0.00138 0.00357 -0.01162 -0.004196 -0.006468 -0.002113
1305031102.675285 0.005025 -0.008533 -0.02188 -0.004751 -0.001579 -0.00324
1305031102.711263 -0.0001608 0.001775 -0.0136 0.002573 0.0008932 -0.002485
1305031102.743234 -0.0009164 -0.005815 -0.0122 -0.0002959 0.001013 -0.003332
1305031102.775472 -0.003295 0.001216 -0.0148 0.005484 -0.002169 0.002841
1305031102.811232 0.001479 -0.00228 -0.01204 0.001828 -0.007623 0.001829
1305031102.843290 -0.0007683 0.001559 -0.01417 0.004869 -0.006672 0.001644
1305031102.875363 0.003648 -0.001492 -0.01125 -0.00171 -0.008445 0.004914
1305031102.911185 0.001164 -0.001727 -0.01147 -0.0009325 -0.003536 0.0026
1305031102.975203 0.01364 -0.003323 -0.0201 0.0004635 0.004631 0.004763
1305031103.011215 -0.0009105 -0.001714 -0.01153 0.002434 0.01381 -0.005395
1305031103.043227 0.0001771 -0.002372 -0.01182 0.00277 0.01235 -0.004872
1305031103.075319 -0.005273 0.001089 -0.01221 0.0005889 0.009608 -0.004685
1305031103.111240 0.0009885 -0.007133 -0.007922 -0.005851 -0.001697 -0.001459
1305031103.143318 -0.001421 -0.0002388 -0.01047 0.004496 0.001051 -0.00336
1305031103.175452 0.0003301 -0.005851 -0.007606 -0.001453 -0.003429 -0.0003318
1305031103.243216 0.0006756 -0.006543 -0.01574 0.0227 -0.0005824 -0.009671
1305031103.275370 0.006149 -0.000281 -0.00572 0.01898 0.001478 -0.007071
1305031103.311210 -0.001512 0.006014 -0.007395 0.01682 0.02023 -0.001139
1305031103.343223 -0.006985 -0.001522 -0.003571 0.0002183 0.01324 0.0007846
1305031103.375327 -0.001452 0.001365 -0.0009166 0.007631 -0.001913 -0.004171
1305031103.411260 0.001965 0.005414 0.002171 0.006505 -0.002199 -0.002495
1305031103.443280 0.001851 0.0008664 0.004609 -0.0004606 0.003603 0.001607
1305031103.475274 -0.0007989 0.003798 0.004151 0.00128 0.006358 0.003553
1305031103.511333 0.0003436 0.003663 0.006512 -0.003819 0.002823 0.005174
1305031103.543444 0.0008315 0.004414 0.008187 -0.00655 0.002028 0.004451
1305031103.575474 0.003271 0.000857 0.01181 -0.00925 0.0006297 0.0003753
1305031103.611223 0.002033 0.003681 0.01036 -0.003374 0.005793 -0.002405
1305031103.643445 0.000184 0.002627 0.01093 -0.005504 0.008758 -0.0002535
1305031103.675523 -0.001275 0.002112 0.01132 -0.005475 0.006364 0.0003905
1305031103.711610 -0.0005791 0.001856 0.01219 -0.005073 0.002538 0.0008066
1305031103.743326 -0.0003123 0.005068 0.01238 -0.003274 -4.869e-05 0.002118
1305031103.775342 0.001414 -0.0007049 0.01557 -0.007829 -0.002039 0.007126
1305031103.811242 0.0009167 -0.0007471 0.01465 -0.0004452 -0.002903 0.00643
1305031103.843251 0.005408 -0.002125 0.0159 0.004828 -0.003853 0.005257
1305031103.875361 0.0007276 0.01072 0.01048 0.01782 0.006866 0.004268
1305031103.911221 -9.177e-06 0.005503 0.01379 -0.0002654 0.008341 0.003257
1305031103.943211 0.0001295 9.011e-05 0.01502 -0.005077 0.005644 0.00245
1305031103.975373 -0.00138 0.00432 0.01309 -0.002303 0.004954 0.002332
1305031104.011232 -0.003873 0.004876 0.01199 -0.006815 0.002835 0.002144
1305031104.043249 -0.001232 -0.0002322 0.01617 -0.0155 -0.00595 0.005148
1305031104.075425 -0.0001025 -0.002247 0.01496 -0.009194 -0.009668 0.005155
1305031104.111235 -0.002457 0.005706 0.01192 -0.003724 -0.01043 0.002228
1305031104.143230 0.00276 0.003305 0.01549 -0.008837 -0.01305 0.002138
1305031104.175424 0.001383 0.001407 0.01453 -0.008211 -0.006897 0.001523
1305031104.211283 -0.0001464 0.003838 0.01265 -0.007211 -0.00484 -0.0003044
1305031104.243196 0.0001495 0.001023 0.01314 -0.009698 -0.004636 0.000288
1305031104.275546 -0.0004688 0.001098 0.01272 -0.008843 -0.004962 0.001809
1305031104.311219 -8.169e-05 0.0008419 0.01173 -0.007516 -0.006666 0.0001224
1305031104.343342 -0.001174 -0.000285 0.01197 -0.006754 -0.007714 0.0009398
1305031104.375837 0.000952 0.0005643 0.01121 -0.00377 -0.01025 -0.000585
1305031104.411509 0.003173 0.0003291 0.01118 -0.003013 -0.009215 -0.0009402
1305031104.443288 0.005062 -0.0005339 0.01145 -0.00149 -0.005181 -0.0008882
1305031104.475456 0.004314 0.001171 0.009571 0.0006534 0.0009932 -0.001411
1305031104.511329 0.0008778 0.003686 0.007979 -0.0006125 0.005387 -0.002868
1305031104.543368 -0.002705 0.001802 0.008833 -0.006388 0.005686 -0.001514
1305031104.575343 -0.005621 0.003922 0.00723 -0.007867 0.002213 -0.001144
1305031104.611336 -0.007582 0.008477 0.006541 -0.01593 -0.005568 -0.002652
1305031104.643243 -0.002465 -0.002755 0.01251 -0.02645 -0.01475 0.0003888
1305031104.675525 -0.001402 0.005255 0.01001 -0.02075 -0.01607 -0.001925
1305031104.711277 -0.0005176 0.002146 0.01099 -0.02744 -0.01536 -0.003976
1305031104.743280 -0.002976 -0.0008922 0.01092 -0.02753 -0.01356 -0.003282
1305031104.775327 -0.0001816 -0.0004724 0.009669 -0.02499 -0.01495 -0.0029
1305031104.811465 -0.003308 -0.003237 0.008469 -0.0233 -0.01251 -0.004887
1305031104.843258 0.0007358 -0.0025 0.007268 -0.01778 -0.01447 -0.003999
1305031104.875350 0.004311 -0.005044 0.006344 -0.01295 -0.008735 -0.004021
1305031104.911534 -0.001957 -0.003345 0.001652 -0.005186 -0.001544 -0.005051
1305031104.943262 0.0003781 -0.001879 -0.0002652 -0.002024 -0.002018 -0.001178
1305031104.975202 0.002187 -0.007464 -0.001292 -8.995e-05 0.0006597 -0.001167
1305031105.011290 -0.0006697 -0.004244 -0.005464 0.009171 0.001268 -0.001219
1305031105.043373 0.002229 -0.003346 -0.007423 0.01174 0.0004888 0.003039
1305031105.075320 0.0009309 -0.001893 -0.01026 0.01465 0.001936 0.003689
1305031105.111299 0.003272 0.001507 -0.0115 0.01371 0.001226 0.002831
1305031105.143106 0.006754 -0.01058 -0.01025 0.009686 0.003539 0.005825
1305031105.175159 0.003622 -0.006107 -0.0137 0.02522 0.006412 0.007214
1305031105.211268 0.003278 0.006966 -0.01639 0.0289 0.00831 0.002507
1305031105.243270 0.004219 -0.002543 -0.01433 0.01712 0.01092 0.00349
1305031105.275288 0.003729 -0.001836 -0.01469 0.02163 0.01279 0.002915
1305031105.311290 0.0005794 0.002749 -0.01675 0.02291 0.01646 -0.0001107
1305031105.343302 -0.0006837 0.003988 -0.01718 0.01901 0.01491 -0.0006381
1305031105.375338 -0.001459 0.002857 -0.01538 0.009634 0.01225 -0.001531
1305031105.411286 0.001992 -0.005344 -0.01227 0.009443 0.008783 0.002527
1305031105.443316 -0.0007917 0.004605 -0.01714 0.01642 0.009497 -9.82e-06
1305031105.475280 0.0003214 0.0006248 -0.01396 0.008166 0.006872 -0.0001501
1305031105.511332 -0.000909 -0.0009641 -0.01417 0.009538 0.00581 -1.439e-05
1305031105.543282 -0.0003684 0.002981 -0.01571 0.01022 0.001787 -0.002454
1305031105.575449 0.002012 -0.0007279 -0.0135 0.005706 0.00113 0.0001352
1305031105.611378 -0.002311 0.003765 -0.01636 0.007762 0.003163 -0.002121
1305031105.643273 0.002283 -0.0002788 -0.01348 0.001301 -0.0007728 -0.005242
1305031105.711309 -0.009531 0.003073 -0.0312 0.004954 0.002306 -0.002858
1305031105.743312 -0.0001476 -0.005147 -0.01267 -0.005377 -0.008732 -0.0002369
1305031105.775339 -0.003458 0.002321 -0.01628 0.003169 -0.00796 -0.0004541
1305031105.811283 0.001078 -0.0008454 -0.0144 -0.002952 -0.01144 -0.001611
1305031105.843271 -0.003029 -0.0006379 -0.0146 -0.002188 -0.006 -0.002455
1305031105.875337 -0.0005102 -0.005824 -0.01216 -0.002936 -0.01096 -0.00446
1305031105.911262 7.072e-05 -0.001946 -0.01389 0.006021 -0.008592 -0.009073
1305031105.943272 -4.553e-05 -0.004452 -0.01258 0.004311 -0.006954 -0.004887
1305031105.975329 0.0004497 -0.002816 -0.01317 0.009155 -0.004729 -0.003075
1305031106.011285 -0.001172 -0.002457 -0.01293 0.009148 -0.003825 -0.003358
1305031106.043355 0.001976 -0.002075 -0.01256 0.00965 -0.005654 -0.002009
1305031106.075330 0.001518 -0.002738 -0.01174 0.008067 -0.002233 -0.003295
1305031106.111327 0.002174 -0.005554 -0.01108 0.008691 -0.001194 -0.00143
1305031106.143355 0.002147 0.0006605 -0.01201 0.01607 0.002557 -0.003939
1305031106.175534 0.000738 -0.001053 -0.01044 0.00812 0.003443 -0.001707
1305031106.211275 0.00156 0.001889 -0.01024 0.008624 0.002531 -0.001222
1305031106.243267 0.001004 -0.002406 -0.007708 -0.0005627 0.003229 -0.006791
1305031106.276385 0.0005745 -0.005255 -0.00659 0.0003704 0.003457 -0.00157
1305031106.311238 0.0003998 -0.00256 -0.005715 0.007148 0.002492 -0.005982
1305031106.343258 2.27e-05 -0.006821 -0.003852 0.007731 0.002668 0.0002135
1305031106.375388 -0.003733 -6.25e-05 -0.003979 0.01851 0.001163 0.01377
1305031106.411320 -0.0002574 0.007286 -0.001928 0.0169 -0.01143 0.01027
1305031106.443278 0.003985 0.003124 0.002855 0.002993 -0.01087 0.007959
1305031106.475345 0.002811 0.002039 0.004803 0.0004033 -0.0002844 0.002761
1305031106.511129 0.001556 0.004324 0.006473 -0.0007096 0.006177 0.0007695
1305031106.543302 -0.0007244 0.0002295 0.008989 -0.007832 0.008535 0.003694
1305031106.575282 -0.0001004 0.0002509 0.01113 -0.006552 0.003692 0.00277
1305031106.611151 0.001314 -0.001141 0.01136 -0.001632 0.005149 0.006373
1305031106.643207 0.0005197 0.005564 0.01123 0.002725 0.00487 0.00488
1305031106.675279 0.002755 -0.001894 0.01489 -0.0064 0.00464 0.001306
1305031106.711508 0.002028 0.002675 0.01219 0.004806 0.01087 0.001625
1305031106.743341 0.00115 0.0007239 0.01493 -0.003465 0.01282 0.001013
1305031106.775390 -0.001582 0.0003172 0.01469 -0.002344 0.01366 0.001317
1305031106.811289 0.000331 -0.00285 0.01588 -0.00186 0.008131 0.001759
1305031106.843416 0.000629 0.007817 0.01366 0.005635 0.008146 0.002939
1305031106.875905 -0.002095 0.001506 0.01635 -0.01133 0.006101 0.00808
1305031106.911243 0.001221 -0.005324 0.01894 -0.01123 -0.002369 0.009443
1305031106.943439 -0.0001097 0.006386 0.01475 0.0004214 -0.001722 0.008193
1305031106.975547 0.0002928 0.005201 0.01648 -0.009833 -0.00462 0.006468
1305031107.011576 0.00358 -0.00771 0.02221 -0.01816 -0.00879 0.008317
1305031107.043281 0.0006005 0.005221 0.01387 0.003222 -0.004825 0.00327
1305031107.075432 0.004185 0.006071 0.01723 -0.006786 -0.004268 0.001875
1305031107.111229 0.0005591 -0.003188 0.0173 -0.01235 0.0009936 0.002094
1305031107.143260 -0.001428 -0.001865 0.01505 -0.004638 -0.001286 0.0001572
1305031107.175399 -0.001983 0.007163 0.01092 -0.0008302 -0.001671 0.000817
1305031107.211358 -0.002514 0.004356 0.01304 -0.01113 -0.003452 0.003029
1305031107.243378 0.0002312 -0.00168 0.01515 -0.01389 -0.00742 0.0008271
1305031107.275398 -0.002755 0.003876 0.01137 -0.009531 -0.005737 -0.0004356
1305031107.311226 -0.001757 0.005423 0.01005 -0.01248 -0.006869 0.00104
1305031107.343509 -0.004145 0.005076 0.01113 -0.01958 -0.006029 -0.0003099
1305031107.375413 -0.0007837 -0.006651 0.013 -0.02284 -0.01109 0.0006159
1305031107.411271 -0.002388 0.001203 0.007792 -0.0125 -0.009444 0.001671
1305031107.443419 -0.002585 -0.001999 0.007544 -0.01157 -0.009158 -0.0001983
1305031107.475377 -0.002879 0.0007279 0.003637 -0.005589 -0.008841 -0.001994
1305031107.511352 -0.001231 -0.004808 0.004847 -0.004964 -0.007746 -0.000651
1305031107.543605 -0.002378 0.0006423 -0.0005269 0.005646 -0.00507 -0.003662
1305031107.575454 -0.00309 0.004992 -0.001824 0.002926 -0.003526 -0.00587
1305031107.611271 -0.001508 -0.00764 0.001019 -0.00416 -0.002887 -0.002986
1305031107.643323 -0.001064 -0.0002958 -0.002434 0.007373 -0.002532 -0.002536
1305031107.675568 0.0006327 -2.19e-05 -0.001931 0.002776 -0.001448 -0.001144
1305031107.711307 0.001108 -0.003451 -0.001378 0.001789 9.128e-05 -0.001892
1305031107.743538 0.00305 -0.004224 -0.001482 0.005362 0.00141 -0.001113
1305031107.775802 -0.0002414 0.001601 -0.003303 0.00701 0.005966 0.002152
1305031107.811596 -0.001328 -0.00211 -0.002427 0.003899 0.004438 0.0001159
1305031107.843332 -0.003267 -0.0006994 -0.002756 0.00537 0.002422 0.000878
1305031107.875358 -0.005504 0.003371 -0.004013 0.003236 -0.0001281 0.006637
1305031107.911541 -0.002539 -1.181e-06 -0.002384 -0.001763 -0.0064 0.004809
1305031107.943122 -0.005299 0.001371 -0.00288 -0.002956 -0.006376 0.0007419
1305031107.975807 -0.007661 0.0006504 -0.00325 -0.004527 -0.007869 -0.000701
1305031108.011320 -0.009964 -0.0006526 -0.002648 -0.007659 -0.008273 0.003747
1305031108.043418 -0.01178 -0.00222 -0.003206 -0.004969 -0.01282 -0.003941
1305031108.075352 -0.009967 0.001375 -0.005034 -0.0007841 -0.01885 -0.0109
1305031108.111378 -0.005659 0.00113 -0.003289 -0.004709 -0.01455 -0.0001554
1305031108.143334 -0.0106 -0.003249 -0.003396 -0.005103 -0.007469 -0.001755
1305031108.176058 -0.009136 -0.004818 -0.00097 0.002504 -0.008325 -0.005906
1305031108.211475 -0.01038 0.001874 -0.006875 0.01113 -0.003382 0.001147
1305031108.243347 -0.016 0.005527 -0.008744 0.004501 -0.004346 0.003352
1305031108.275358 -0.006628 -0.005292 -0.0007927 -0.002442 -0.01203 -0.0003397
1305031108.311332 -0.004397 -0.003341 -0.00268 0.007205 -0.006347 -0.00203
1305031108.343278 -0.007452 -0.002292 -0.005223 0.01112 0.001055 -0.003578
1305031108.375410 -0.007021 -0.0005947 -0.004869 0.01198 0.003712 -0.009763
1305031108.411361 -0.01277 0.0006881 -0.006028 0.01157 0.008702 -0.01193
1305031108.443610 -0.01239 -0.001064 -0.004999 0.009347 0.002975 -0.01285
1305031108.475471 -0.01311 0.003726 -0.006484 0.008618 0.001802 -0.01408
1305031108.511378 -0.01948 0.003481 -0.007781 0.0004011 -0.002027 -0.009756
1305031108.543737 -0.01153 0.00146 -0.004007 -0.008995 -0.01519 0.0009328
1305031108.575414 -0.005526 -0.005402 0.001854 -0.0101 -0.01492 0.003179
1305031108.611407 -0.01165 0.0007722 -0.005919 0.001288 -0.01274 -0.001868
1305031108.643303 -0.005103 -0.002364 -0.001313 -0.0009682 -0.01627 -0.003457
1305031108.675375 -0.01177 -0.002673 -0.004308 0.005026 -0.01133 -0.007186
1305031108.711411 -0.005925 0.002977 -0.005371 0.01032 -0.01865 -0.007936
1305031108.743502 -0.004797 0.002407 -0.003783 0.004021 -0.01274 -0.002152
1305031108.775493 -0.006965 -0.001234 -0.001895 0.00171 -0.008598 -0.005022
1305031108.811244 -0.002661 0.001985 -0.001392 0.005042 -0.008329 -0.01036
1305031108.843264 -0.001969 0.002463 0.0007256 0.0004598 -0.0006969 -0.01282
1305031108.876515 -0.002563 -0.0002468 0.002605 -0.003044 0.0068 -0.01284
1305031108.911364 -0.001642 0.003869 0.0002981 -0.002522 0.007822 -0.01083
1305031108.943243 0.002239 0.001167 0.00487 -0.009319 0.007167 -0.002913
1305031108.975268 0.001916 -0.005273 0.007556 -0.009979 0.01314 0.002991
1305031109.011269 -0.002295 -0.0003239 0.0009005 0.00111 0.01089 0.002393
1305031109.043277 0.006738 0.0006744 0.003975 -0.00153 0.00158 0.00533
1305031109.075410 0.005929 -0.00681 0.005565 -0.0009737 0.006206 0.0108
1305031109.111282 0.006338 0.001482 0.000363 0.008766 0.004039 0.006366
1305031109.143334 0.01486 0.002096 0.003258 0.002493 0.003349 0.006231
1305031109.175464 0.007556 -0.005396 0.003949 -0.002252 0.01556 0.006571
1305031109.211379 0.00293 -0.008749 0.003475 0.006401 0.01486 -0.00426
1305031109.243290 0.01044 0.001461 -0.0008171 0.01963 0.0068 -0.008768
1305031109.275308 0.01564 0.009886 -0.0003503 0.01099 0.007934 -0.006185
1305031109.311329 0.01147 -0.005055 0.005972 -0.005953 0.02022 -0.001382
1305031109.343248 0.009964 -0.003832 0.004416 0.005574 0.02214 0.003179
1305031109.375397 0.00821 0.003436 -0.00348 0.008417 0.02095 0.002426
1305031109.411329 0.006213 -0.003003 0.002711 0.0004701 0.01948 0.008699
1305031109.443302 0.01065 -0.001943 0.0005105 0.00732 0.01184 0.01185
1305031109.475363 0.01054 0.002938 -0.001368 0.007725 0.006538 0.007005
1305031109.511273 0.01218 0.003079 0.0002454 0.001319 0.00549 0.008527
1305031109.543294 0.01068 -0.0003997 0.002225 -0.004943 0.005417 0.005876
1305031109.575362 0.01154 -0.002131 0.002716 -0.001102 0.002178 0.0009061
1305031109.611310 0.01182 -0.001028 0.002218 0.0003175 0.004366 0.00491
1305031109.643229 0.008899 -0.001125 0.0006823 0.001405 0.005086 0.002132
1305031109.675263 0.01393 -0.002236 0.001726 0.004592 0.0009959 -0.004335
1305031109.711312 0.01118 -0.003526 0.0006182 0.004485 0.008076 0.002317
1305031109.743274 0.0106 -0.0001066 -0.002059 0.009682 0.007784 0.001848
1305031109.775277 0.008354 0.00161 -0.003128 0.007513 0.006608 -0.0003344
1305031109.811371 0.01225 -0.002146 -0.0001632 0.004127 0.002911 0.002021
1305031109.843296 0.01274 -0.0004869 -0.002189 0.007313 0.005385 0.001744
1305031109.875306 0.01549 -0.0008976 -0.002788 0.007616 0.005809 0.003579
1305031109.911265 0.01209 0.003584 -0.005171 0.004938 0.01217 0.009848
1305031109.943299 0.01039 -0.007786 -0.001459 -0.0002582 0.007451 0.009141
1305031109.975258 0.01402 0.002345 -0.005278 0.01053 0.003565 0.009705
1305031110.011256 0.01191 -0.0007115 -0.00401 0.004579 0.005003 0.01393
1305031110.043299 0.01162 0.0003119 -0.004279 0.005425 0.002024 0.01356
1305031110.075319 0.01402 -0.001375 -0.002136 0.004002 -0.0006317 0.01019
1305031110.111325 0.01481 0.001094 -0.003805 0.009981 0.001804 0.008957
1305031110.143432 0.01152 0.006956 -0.003112 0.006172 0.007637 0.006673
1305031110.175641 0.009987 -0.007119 -0.001718 -0.001107 0.007949 0.003163
1305031110.211637 0.01143 0.00524 -0.00341 0.01051 0.006354 0.002814
1305031110.243323 0.009861 0.004042 -0.002065 0.002421 0.00936 -0.0007769
1305031110.279321 0.007126 0.0008015 -0.00193 -0.00361 0.009493 0.002124
1305031110.311404 0.01313 0.0001849 0.0004713 -0.005345 0.004737 0.003667
1305031110.343355 0.01091 -0.001948 -0.0003398 -0.003158 0.009407 0.002572
1305031110.379281 0.01199 0.0008367 -0.0009413 -0.001553 0.01034 0.007475
1305031110.411469 0.01285 -0.005978 0.001115 -0.003611 0.01187 0.006275
1305031110.443260 0.009596 -0.001544 -0.002875 0.007984 0.01296 0.006644
1305031110.479331 0.01231 0.005222 -0.003602 0.008113 0.01296 0.0119
1305031110.511429 0.01092 0.0002549 -0.002019 0.0006075 0.01495 0.008491
1305031110.543408 0.009933 -0.004908 -0.0009223 0.0004716 0.01345 0.007422
1305031110.579426 0.008116 -0.003265 -0.002996 0.00743 0.01324 0.009359
1305031110.611307 0.004056 0.007219 -0.00644 0.01155 0.01085 0.005487
1305031110.643418 0.008464 0.002709 -0.001514 -0.001962 0.003931 0.006849
1305031110.679606 0.008659 -0.007431 0.000959 -0.004001 0.003889 0.005462
1305031110.711412 0.004509 0.003542 -0.003973 0.008383 0.00518 0.001444
1305031110.743249 0.005215 0.002348 -0.001303 0.001749 0.003372 0.003047
1305031110.779193 0.002439 -0.002355 -0.0004995 -0.00176 0.004234 0.001791
1305031110.811386 0.003018 -0.00017 -0.0003498 0.001642 0.0004151 0.003545
1305031110.843218 0.003339 0.001083 -0.001416 0.003645 0.00321 0.00362
1305031110.879313 -0.003077 -7.266e-05 -0.0003471 -0.0004978 0.006691 -0.0003085
1305031110.911333 -0.0002785 -0.001269 -0.0002042 0.0007686 0.00221 0.001117
1305031110.943862 -0.005379 -0.0007628 -0.0002777 -0.0004355 0.006163 0.002166
1305031110.979345 -0.009459 -0.004835 0.0007048 -0.00178 0.001166 0.0007394
1305031111.011431 -0.008757 0.0004068 -0.00289 0.003996 -0.008012 -0.00322
1305031111.043327 -0.002508 -0.0002669 0.003412 -0.0007126 -0.01421 -0.004429
1305031111.079283 -0.002304 -0.002693 0.001527 0.003348 -0.008683 -0.00426
1305031111.111508 -0.009318 0.003703 -0.001911 0.005072 -0.003819 -0.007289
1305031111.143257 -0.007524 0.001225 0.001206 -0.00218 -0.006835 -0.001605
1305031111.179326 -0.00897 -0.003349 7.493e-05 -0.006122 -0.01087 0.001066
1305031111.211433 -0.004738 -0.0004628 0.004706 -0.001708 -0.02134 -0.006509
1305031111.243236 -0.004495 0.002961 -8.413e-05 0.000787 -0.009084 -0.0008772
1305031111.279308 -0.01072 0.0003025 -0.0006192 -0.008541 -0.00596 -0.001867
1305031111.311547 -0.002535 -0.005033 0.0107 -0.007763 -0.0155 -0.005713
1305031111.343397 -0.004953 -0.0006174 -0.0006741 0.007369 0.002836 -0.0001739
1305031111.379134 -0.02071 0.009276 -0.001912 0.003481 0.01032 -0.00835
1305031111.411296 -0.003748 -0.004172 0.008075 -0.0107 -0.003624 0.001635
1305031111.443386 -0.01975 -0.003586 -0.004788 -0.001754 0.01435 0.01023
1305031111.479259 -0.01785 -0.001852 -0.003348 -0.008188 -0.01366 0.0006038
1305031111.511264 -0.006618 4.212e-05 0.005723 -0.006499 -0.02685 -0.0007237
1305031111.543250 -0.008285 0.0005095 -0.000601 -0.007382 -0.01812 -0.002128
1305031111.579237 -0.005368 -0.005886 0.006763 -0.01011 -0.02571 -0.01128
1305031111.611271 -0.004911 0.001992 0.002964 0.003213 -0.01204 -0.01413
1305031111.643395 -0.01506 0.005923 -0.002018 -0.004963 0.001107 -0.01292
1305031111.679320 -0.01538 -0.01082 0.005085 -0.01701 -0.01499 -0.01477
1305031111.711760 -0.009769 -0.001348 -0.002099 -0.001975 -0.01985 -0.003033
1305031111.743386 -0.01458 0.0001474 -0.002657 -0.009356 -0.02517 -0.007868
1305031111.779423 -0.007972 -0.006791 0.002675 -0.01074 -0.0412 -0.008821
1305031111.811406 -0.006794 0.002683 -0.001298 -0.003677 -0.03105 -0.002328
1305031111.843299 -0.009736 -0.001863 0.003948 -0.007836 -0.02222 -0.004411
1305031111.879442 -0.003784 -0.002209 0.001598 -7.894e-05 -0.01905 -0.009161
1305031111.911354 -0.003824 0.006453 0.0001938 0.002259 -0.004258 -0.0117
1305031111.943300 -0.01529 -0.001896 -0.0008007 -0.005099 0.00965 -0.01692
1305031111.979449 -0.02568 -0.002042 -0.002621 -0.003506 0.005308 -0.01508
1305031112.011433 -0.01458 0.0009206 -0.002578 -0.004477 -0.01447 -0.0004055
1305031112.043270 -0.01276 -0.001002 0.0007827 -0.008681 -0.01778 0.003293
1305031112.079339 -0.01377 -0.0002027 -0.0007872 -0.005043 -0.0239 -0.0003039
1305031112.111423 0.001865 -0.002795 0.003265 -0.008296 -0.02803 0.008652
1305031112.144342 -0.01575 -0.001411 -0.001559 -0.002395 -0.009353 0.01109
1305031112.179390 -0.01425 0.0003168 -0.002693 0.004365 -0.02543 0.005267
1305031112.211254 -0.002638 0.005629 -0.006778 0.001742 -0.02786 0.008583
1305031112.243369 -0.008754 0.003513 -0.002758 -0.01084 -0.02286 0.006083
1305031112.279353 -0.001917 -3.454e-06 -0.0001963 -0.01141 -0.02045 0.004353
1305031112.311312 -0.009287 0.004218 -0.002734 -0.009799 -0.005808 0.001276
1305031112.343323 -0.009762 -0.0006049 -0.00159 -0.01372 -0.001952 -0.005084
1305031112.379360 -0.009473 -0.0003571 -0.001381 -0.007913 0.001986 -0.008806
1305031112.411442 -0.01286 -0.0002389 -0.001903 -0.00422 0.005773 -0.008584
1305031112.443391 -0.01213 0.002939 -0.003509 -0.002006 0.002556 -0.01286
1305031112.479418 -0.006532 -0.001093 -0.0002542 -0.005739 0.0003932 -0.01969
1305031112.511504 -0.009428 0.001217 -0.001184 -0.002631 0.007429 -0.01585
1305031112.543212 -0.01089 0.001373 -0.001319 -0.003955 0.007742 -0.008513
1305031112.579252 -0.009052 -0.001034 -0.0005132 -0.004039 0.006517 -0.01172
1305031112.611261 -0.01722 -0.002542 -0.001393 -0.001206 0.005308 -0.01341
1305031112.643246 -0.009855 0.0005352 -0.002193 0.006262 -0.01127 -0.01405
1305031112.679952 -0.00264 0.001283 -0.00132 0.004651 -0.01378 -0.006474
1305031112.711251 -0.002474 -0.002016 -0.0005465 0.002829 -0.009476 -0.003612
1305031112.743245 -0.003022 -0.008349 0.001335 0.005027 -0.006878 -0.007198
1305031112.779310 0.001953 0.004276 -0.002986 0.01818 -0.009991 -0.004282
1305031112.811310 0.008193 0.003346 0.000578 0.005936 -0.003722 0.001195
1305031112.843286 0.003015 -0.005333 0.0006616 0.002363 0.0105 0.004918
1305031112.879421 -4.27e-06 -0.0001015 -0.001477 0.0085 0.007893 -0.003522
1305031112.911411 0.008187 0.0001306 0.0008726 0.006824 0.004314 -0.003979
1305031112.943321 0.005691 0.001148 -0.0001116 0.005009 0.01131 0.002912
1305031112.979278 0.002407 -0.0005749 0.0003003 0.001259 0.01438 0.005194
1305031113.011353 0.002195 -0.004082 0.003253 0.001399 0.009681 0.0009297
1305031113.043231 0.005941 0.0005416 0.00177 0.009172 0.004889 0.005411
1305031113.079251 0.01235 0.007558 0.001279 0.00518 0.003849 0.01092
1305031113.111316 0.006933 -0.004478 0.005709 -0.007578 0.01343 0.01062
1305031113.143306 0.004933 -0.002863 0.004267 0.004243 0.009252 0.004014
1305031113.179343 0.01244 0.006476 0.001005 0.00984 0.003393 -0.003143
1305031113.211259 0.0128 -0.0007 0.005199 -0.003263 0.01176 -0.00164
1305031113.243227 0.007832 -0.002076 0.005852 0.004591 0.01832 2.087e-05
1305031113.279312 0.01168 0.006513 -0.002835 0.008603 0.01332 -0.002679
1305031113.311452 0.01483 0.005994 0.002223 -0.005082 0.01535 -0.005604
1305031113.343252 0.007103 -0.007126 0.008825 -0.01266 0.02727 0.003588
1305031113.379312 0.01413 0.0003294 -0.00096 0.008398 0.01899 0.005815
1305031113.411625 0.01301 0.007007 -0.003308 0.003559 0.01675 0.0004968
1305031113.443266 0.01292 -0.006731 0.003247 -0.006941 0.0162 0.01291
1305031113.479311 0.01426 0.001157 -0.0002122 0.009242 0.01542 0.01227
1305031113.511523 0.01262 0.003758 -0.003198 0.01052 0.0144 0.004279
1305031113.543242 0.01516 0.002241 -0.003557 0.004991 0.01272 0.006795
1305031113.579301 0.01407 -0.003655 0.001258 -0.001768 0.01034 0.01129
1305031113.611268 0.01202 3.042e-05 -0.002401 0.005919 0.007281 0.009401
1305031113.643222 0.01119 0.000562 -0.002091 0.005983 0.00223 0.006611
1305031113.679288 0.01451 0.001109 -0.0009041 0.002664 -0.00156 0.007388
1305031113.711931 0.01103 0.001426 -0.002244 0.001242 0.0005951 0.009074
1305031113.743590 0.01213 -0.001342 -0.0007045 -0.002215 -0.004803 0.01045
1305031113.779320 0.01638 0.002643 -0.0002772 -0.0006144 -0.007089 0.008359
1305031113.811237 0.01276 -0.001413 -0.0001873 -0.002876 -0.001765 0.003612
1305031113.843295 0.01347 -0.002684 -0.0008777 -0.0001324 -0.004785 0.006562
1305031113.879281 0.01734 0.009346 -0.002179 0.002252 -0.003028 0.008425
1305031113.911290 0.0113 -0.004805 0.0001838 -0.00942 0.003492 0.001477
1305031113.943291 0.009753 0.001469 -0.001941 -0.00415 -0.002141 0.004331
1305031113.979293 0.01616 -2.369e-05 -0.0002523 -0.007011 -0.005841 0.01034
1305031114.011257 0.01844 -0.001041 0.001252 -0.007269 -0.005096 0.01038
1305031114.043301 0.02118 0.001695 -0.000336 -0.002443 0.001087 0.004082
1305031114.079285 0.01401 0.001305 -0.001063 -0.005039 0.01111 0.001357
1305031114.111263 0.01276 -0.003243 0.0002521 -0.00696 0.01132 0.007315
1305031114.143284 0.01103 0.0003281 -0.003059 -0.0005872 0.01154 0.006006
1305031114.179337 0.007513 0.004922 -0.003304 -0.00294 0.007611 0.003609
1305031114.211303 0.015 -0.009144 0.001991 -0.008953 -0.0009937 0.005604
1305031114.243337 0.01745 0.002973 -0.004256 0.005497 0.002929 0.007596
1305031114.279390 0.01733 0.001814 -0.001126 -0.0004751 0.009886 0.003374
1305031114.311429 0.008799 -0.001635 -0.002467 0.000342 0.0189 7.218e-05
1305031114.343331 0.004191 0.001569 -0.003405 0.002134 0.01605 0.005145
1305031114.379320 0.007827 0.002348 -0.00289 0.0005171 0.005511 0.008171
1305031114.411397 0.01331 0.001318 -0.001439 -0.001742 0.001698 0.00879
1305031114.443345 0.01359 9.391e-05 -0.001758 -0.0006323 0.007031 0.003398
1305031114.479332 0.01117 0.003589 -0.002926 0.001121 0.01411 0.002175
1305031114.511266 0.004835 -0.002102 -0.0004894 -0.00119 0.01867 0.003702
1305031114.543236 0.0005732 0.002759 -0.002625 0.00639 0.01262 -0.002914
1305031114.579237 0.004507 0.002346 -0.001898 0.002654 0.002339 -0.006989
1305031114.611391 0.006396 -0.002014 -0.0009314 0.003009 0.001209 -0.004666
1305031114.644136 0.007985 0.002213 -0.004347 0.009943 0.003806 -0.002024
1305031114.679251 0.004007 0.003784 -0.002284 0.006432 0.01323 0.001257
1305031114.711306 -0.001936 0.002708 -0.001114 0.001496 0.01237 -0.002473
1305031114.743200 -0.000657 0.001543 -0.0008262 -0.001205 0.007485 0.006791
1305031114.779289 -0.00137 -0.001158 0.002283 -0.00455 0.004045 0.006845
1305031114.811303 -0.0001778 -0.00385 0.001039 -0.00182 -0.0007373 0.001876
1305031114.843208 -0.001527 0.0007898 0.0009029 0.001214 0.001734 0.004898
1305031114.879281 -0.003116 -0.003588 0.001764 -0.0005086 0.0008904 -0.0006028
1305031114.912879 -0.002947 -0.002419 0.00112 0.001599 0.0005965 0.0005279
1305031114.943234 -0.009262 -0.003858 0.0008229 0.004226 0.002658 0.002614
1305031114.979280 -0.004886 -0.002454 0.001233 0.00465 -0.00532 0.001046
1305031115.011300 -0.005298 -0.005147 -5.29e-05 0.007549 -0.003207 0.002784
1305031115.043508 -0.01091 0.00221 -0.003754 0.01015 -0.003849 0.0003142
1305031115.079238 -0.005189 -0.004419 0.001295 0.002708 -0.01001 0.002789
1305031115.111230 -0.01207 -0.002624 -0.004302 0.007093 -0.00985 -0.0007402
1305031115.143275 -0.008452 0.001253 -0.001658 0.005252 -0.02047 -0.004208
1305031115.179440 -0.003726 -0.002185 0.0001253 0.003044 -0.01222 -0.001307
1305031115.211374 -0.01431 0.004224 -0.005925 0.003941 -0.005027 -0.004093
1305031115.243297 -0.009143 0.001758 7.681e-05 -0.007237 -0.01548 -0.004167
1305031115.279966 -0.005647 -0.009006 0.001142 -0.006836 -0.01249 -0.005253
1305031115.311704 -0.0166 0.004321 -0.00889 0.002553 -0.01148 -0.01057
1305031115.343235 -0.006662 -0.005127 0.004833 -0.009456 -0.02655 -0.003574
1305031115.379166 -0.0004462 -0.005661 0.005324 0.007363 -0.014 -0.01083
1305031115.411237 -0.01248 0.00312 -0.004297 0.01374 0.01086 -0.004456
1305031115.443159 -0.02183 -0.001191 -0.002518 0.005733 0.007226 -0.01069
1305031115.479241 -0.01079 -0.00174 -0.0002418 0.007427 -0.004849 -0.01017
1305031115.511253 -0.01937 -0.0005826 -0.008088 0.003668 -0.005423 -0.006672
1305031115.543604 -0.01399 -0.0005067 -0.001013 -0.002032 -0.03082 -0.01237
1305031115.579315 -0.008923 0.0004208 0.004086 -0.001606 -0.02905 -0.01123
1305031115.611424 -0.01198 -4.686e-05 0.001299 -0.002534 -0.01566 -0.01111
1305031115.643254 -0.01269 0.001475 0.002162 -0.003217 -0.01638 -0.01535
1305031115.679241 -0.007958 0.001364 0.005387 -0.0032 -0.01061 -0.02071
1305031115.711320 -0.02287 -0.00414 0.0001567 -0.004635 0.005552 -0.0186
1305031115.743250 -0.02316 0.001209 -0.003558 -0.001119 -0.008954 -0.01496
1305031115.779425 -0.01375 0.001274 0.004367 -0.004826 -0.02102 -0.01448
1305031115.811277 -0.01412 -0.003357 0.003481 -0.004202 -0.02052 -0.01695
1305031115.843224 -0.008891 0.0004078 0.0002169 0.002299 -0.02574 -0.01641
1305031115.879198 -0.004359 0.004514 0.002097 -0.001231 -0.01966 -0.01588
1305031115.911118 -0.01648 -0.00428 -0.0008841 -0.008332 -0.005052 -0.01202
1305031115.943311 -0.01322 -0.002307 -0.002135 -0.001769 -0.01437 -0.01345
1305031115.980740 -0.009775 -0.003268 -0.001774 -0.001128 -0.01524 -0.0121
1305031116.011379 -0.01676 -0.002255 -0.005807 0.0006438 -0.01626 -0.007262
1305031116.043164 -0.004316 -0.003334 -0.004956 -0.0002097 -0.03346 -0.005016
1305031116.080030 -0.0004921 -0.008467 -0.003697 0.0001459 -0.03166 -0.00791
1305031116.111300 -0.006896 -0.0002593 -0.007892 0.01002 -0.02455 -0.007678
1305031116.143441 -0.001912 0.001426 -0.006831 0.005918 -0.02457 -0.006525
1305031116.179572 -0.004793 -0.003014 -0.004515 -3.588e-05 -0.01577 -0.006952
1305031116.211299 -0.008366 -0.0005621 -0.005251 0.005771 -0.01309 -0.007148
1305031116.243320 -0.01161 0.004717 -0.005829 0.005505 -0.01095 -0.007525
1305031116.279385 -0.007765 -0.0009053 -0.0007745 -0.002943 -0.01987 -0.00838
1305031116.311336 -0.006779 -0.000434 -0.002403 0.003121 -0.01896 -0.008204
1305031116.343292 -0.007711 0.009093 -0.006376 0.00593 -0.01025 -0.006716
1305031116.379384 -0.00463 0.001163 0.0002975 -0.012 -0.00538 -0.00293
1305031116.411333 -0.002341 -0.01112 0.004846 -0.01639 -0.003507 -0.009154
1305031116.443369 -0.002452 -0.002503 0.001256 0.004969 -0.002619 -0.01841
1305031116.479850 -0.002358 0.009441 0.0002609 0.008489 0.0004375 -0.007701
1305031116.511205 0.001178 -0.002624 0.00344 -0.006715 0.002621 0.006337
1305031116.543262 0.00602 -0.003538 0.005155 -0.007525 -0.001394 0.008115
1305031116.579313 0.009779 -0.004158 0.00292 -0.001279 0.00127 0.005924
1305031116.611261 0.00746 0.0001913 0.00162 -0.0004837 0.01243 0.01319
1305031116.643355 0.01 -0.002202 0.006385 -0.003139 0.01625 0.01836
1305031116.679281 0.00866 -0.002411 0.004397 -0.001176 0.01667 0.01832
1305031116.711634 0.01153 -0.003247 0.006029 -0.002632 0.008824 0.01948
1305031116.743291 0.01433 -0.00364 0.004897 0.0006813 0.007639 0.02334
1305031116.779298 0.01411 -0.001794 0.003687 0.003444 0.007931 0.02189
1305031116.811318 0.01746 0.001306 0.002323 0.0003112 0.005906 0.01749
1305031116.846089 0.01941 -0.003222 0.007367 -0.004672 0.01434 0.01572
1305031116.880165 0.01749 -0.002552 0.002975 0.001822 0.01961 0.01359
1305031116.912044 0.01731 -0.0001081 0.003363 0.0002355 0.02134 0.01043
1305031116.943296 0.01319 -0.004527 0.002882 -0.0006601 0.02983 0.01668
1305031116.979351 0.0179 -0.0001963 0.0006277 -0.001293 0.02198 0.0224
1305031117.011382 0.01669 -0.002395 0.002493 -0.004278 0.02214 0.01876
1305031117.043261 0.01461 -0.005131 0.001755 -0.001882 0.02055 0.01298
1305031117.079520 0.01057 0.0002982 0.0004002 0.005196 0.02223 0.01405
1305031117.111238 0.01226 0.001561 0.0001472 0.006323 0.02299 0.004469
1305031117.143218 0.007235 -0.005273 -0.0006185 0.002164 0.02416 0.00254
1305031117.179264 0.007317 -0.001317 -0.003004 0.005485 0.0193 0.0116
1305031117.211361 0.002543 -0.0006172 -0.003169 0.003672 0.01657 0.00749
1305031117.243277 0.00057 -0.005868 -0.002847 0.003308 0.00739 0.004184
1305031117.279299 0.000304 0.003221 -0.003042 0.0116 1.322e-05 0.008574
1305031117.311200 0.004321 0.004399 -0.0005423 0.009648 -0.00484 0.002228
1305031117.343243 0.001498 0.004796 -0.0008325 0.005034 0.0009717 0.001468
1305031117.379454 0.001418 0.005079 0.0007835 0.0003861 -0.0002342 0.0005643
1305031117.411221 0.002525 0.00658 0.0009245 -0.0006916 0.002074 -0.001738
1305031117.443274 -0.001072 0.002207 0.00144 -0.006785 0.004404 -0.001744
1305031117.479403 0.00109 0.007057 0.001233 -0.002003 0.001334 -0.002879
1305031117.511325 -0.000432 0.008599 0.0003862 -0.004827 0.003869 -0.0032
1305031117.544285 0.001199 0.003039 0.001645 -0.01156 0.0008756 -0.000141
1305031117.579155 0.001549 0.005937 0.0005441 -0.005789 0.002142 0.003642
1305031117.611159 0.0003794 0.007211 -0.0009958 -0.00172 0.003482 -0.001693
1305031117.643252 0.0009828 0.008669 -0.0009711 -0.002856 0.003725 -0.001633
1305031117.679262 0.0005717 0.006005 -0.001468 -0.001201 0.005355 -0.0007954
1305031117.711184 -0.001762 0.01121 -0.003175 0.00272 0.006785 -0.004824
1305031117.743184 -0.0003288 0.01039 -0.002492 8.316e-05 0.004964 -0.006129
1305031117.779467 -0.0001529 0.006455 -0.001589 -0.002056 0.005261 -0.003335
1305031117.811320 -0.003103 0.01405 -0.004558 0.004499 0.006375 -0.004658
1305031117.843291 -0.004669 0.009018 -0.003311 -0.00568 0.002176 -0.001009
1305031117.879451 0.0006014 0.007696 -0.001819 -0.003498 -0.006861 5.311e-06
1305031117.911407 0.0008592 0.01333 -0.003831 0.0009834 -0.003928 -0.0004738
1305031117.943253 -9.168e-05 0.00693 -0.002165 -0.004039 -0.004166 0.0006394
1305031117.979228 0.002694 0.008796 -0.003045 0.003235 -0.005032 0.0004129
1305031118.011228 -0.002231 0.01571 -0.005657 0.006693 0.001245 -0.0006601
1305031118.043521 -1.413e-05 0.009987 -0.003244 -0.002182 -0.002764 -8.298e-05
1305031118.079334 -0.002424 0.009431 -0.003295 -0.0001475 -0.001379 0.002645
1305031118.111217 -0.003669 0.01261 -0.004184 0.0005448 -0.006516 0.001209
1305031118.143256 0.003026 0.008553 -0.002211 -0.003685 -0.01138 0.00311
1305031118.179323 -0.001079 0.01353 -0.004182 0.001283 -0.00509 0.002561
1305031118.211202 0.00327 0.01325 -0.002336 -0.004015 -0.006506 -0.003067
1305031118.243173 0.0007475 0.008869 -0.001751 -0.006845 0.001617 0.0004035
1305031118.279194 -0.003029 0.01351 -0.003843 -0.005094 0.002329 0.000645
1305031118.311299 0.0008733 0.008561 -0.001101 -0.01297 -0.0002972 0.001556
1305031118.343324 -0.00328 0.003893 -0.002094 -0.01138 -0.0005136 0.002191
1305031118.379208 0.003702 0.00888 -0.001786 -0.007167 -0.005598 0.003431
1305031118.411296 0.002802 0.00208 0.000909 -0.007544 0.001464 0.0007203
1305031118.445692 -0.002422 0.002449 -0.001917 -0.001553 0.001649 -0.005504
1305031118.479285 -0.0006113 0.004238 -0.002508 -0.0001171 0.001574 -0.004635
1305031118.511255 -0.003022 -0.002632 0.000574 -0.005434 0.001882 -0.00206
1305031118.544414 0.0004261 -0.004136 0.000943 0.001439 -0.002304 0.002302
1305031118.579285 -0.002129 -0.00117 -0.001612 0.004869 -0.0008019 -3.316e-06
1305031118.616142 -0.001763 -0.00412 0.0004764 0.001476 -0.003566 0.003865
1305031118.645325 0.003342 -0.007672 0.003525 0.001718 -0.007053 0.005725
1305031118.679295 0.001503 -0.00567 0.0003863 0.007215 -0.003051 0.003285
1305031118.711421 0.001443 -0.003009 -0.0003622 0.003917 0.0003763 0.005228
1305031118.746770 0.005037 -0.009514 0.00559 -0.004253 0.002133 -0.0003165
1305031118.779277 0.0002566 -0.01709 0.006327 0.001216 0.007223 0.001865
1305031118.811221 -0.004312 0.0006957 -0.001469 0.01409 0.007581 0.001845
1305031118.846753 -0.003371 -0.008439 0.004968 -0.006395 0.00181 -0.002152
1305031118.879208 0.003116 -0.0226 0.009315 -0.007697 -0.007108 0.005422
1305031118.911177 0.0003414 -0.00514 0.001819 0.008585 -0.001764 0.004023
1305031118.946974 0.001352 -0.01257 0.006158 -0.001833 -0.003407 0.003648
1305031118.979374 0.004805 -0.01513 0.006798 0.001184 -0.004677 0.008207
1305031119.011363 0.002596 -0.009767 0.004054 0.008805 -9.146e-05 0.003502
1305031119.047172 0.002094 -0.008191 0.00395 0.005911 0.001205 0.0006903
1305031119.079223 0.004452 -0.01023 0.005203 0.001385 0.00288 0.0004869
1305031119.111328 0.0008638 -0.009792 0.004471 0.001089 0.007979 -0.0012
1305031119.147616 0.002313 -0.01281 0.005527 -0.0006616 0.006747 -0.002082
1305031119.179226 -0.001437 -0.005252 0.002437 0.003075 0.01054 -6.461e-05
1305031119.211364 -0.0006811 -0.01338 0.005363 -0.007096 0.004809 -0.002461
1305031119.247399 0.001903 -0.01185 0.004503 -0.002289 0.001951 -0.001291
1305031119.279212 -0.0001996 -0.01097 0.003897 -0.0007802 0.002719 0.0002645
1305031119.311212 0.002538 -0.009004 0.003663 0.0002999 2.568e-06 -0.004484
1305031119.347741 0.001874 -0.008043 0.003336 -0.001224 0.003289 -0.004143
1305031119.379239 0.0001526 -0.01522 0.003399 -0.004426 0.004854 -0.0003978
1305031119.411484 -0.003304 -0.009434 0.00142 0.001828 0.002172 -0.0003248
1305031119.447706 0.001026 -0.008724 0.00194 0.001933 -0.005402 -0.0005794
1305031119.479267 0.003144 -0.01276 0.004394 -0.004233 -0.005957 0.00201
1305031119.511240 0.003397 -0.0104 0.002956 0.003139 -0.00378 -0.001514
1305031119.547382 0.00129 -0.01146 0.002057 0.002054 -0.0001128 -0.002662
1305031119.579559 0.0003617 -0.01523 0.001886 0.001755 -0.002469 0.0003785
1305031119.615017 0.002736 -0.005956 0.001029 0.01051 -0.004946 -0.001554
1305031119.647903 0.003151 -0.01461 0.002189 0.003112 -0.002641 -0.001212
1305031119.679208 -0.001723 -0.01242 -0.000703 0.007991 -0.003344 0.002829
1305031119.715232 0.002134 -0.006134 -0.0005686 0.0144 -0.009522 -0.005664
1305031119.747193 0.003616 -0.007201 0.001245 0.008454 -0.003732 -0.008854
1305031119.779169 0.001422 -0.009097 -0.0007479 0.00582 0.003255 -0.004414
1305031119.814537 -0.001357 -0.01028 -0.0006935 0.003211 0.003753 -0.008259
1305031119.847429 -0.001254 -0.009747 -0.0007583 0.004442 -0.0002886 -0.007892
1305031119.879214 -0.0005434 -0.004504 -0.0006346 0.003194 -0.002834 -0.0005692
1305031119.911401 0.002267 -0.01598 0.002318 -0.005348 -0.005152 -0.001999
1305031119.947392 -0.0008684 -0.006661 -0.001367 0.009289 -0.002189 -1.249e-05
1305031119.979537 -0.0001814 -0.005967 0.0003643 0.004662 -0.006413 0.001559
1305031120.015264 0.001977 -0.01282 0.001597 0.004468 -0.007448 -0.004414
1305031120.047290 0.001132 0.005744 -0.0006731 0.02196 -0.0009708 -0.002343
1305031120.079418 0.001924 -0.0004327 0.0004419 0.003604 0.003638 -0.004262
1305031120.115232 -0.0004345 -0.004511 5.559e-05 0.0004524 0.005663 -0.002936
1305031120.148157 -0.001501 0.004449 -0.00208 0.006097 0.00299 -0.001877
1305031120.179246 -0.001103 0.004131 -0.001956 -0.002436 0.0004592 -0.005444
1305031120.215249 0.0001105 0.003349 -0.001054 -0.01072 0.0002551 0.001092
1305031120.248003 9.822e-05 0.001607 0.0001438 -0.01051 -0.0007843 0.005222
1305031120.279430 0.0002494 0.004803 -0.001697 -0.008232 -0.002173 0.003676
1305031120.315196 0.0001873 0.005256 -0.003467 -0.008496 -0.001205 0.004695
1305031120.347787 0.0006564 0.005338 -0.001602 -0.01031 -0.002074 0.003997
1305031120.379437 9.847e-05 0.007003 -0.007741 -0.007695 0.0007461 0.001642
1305031120.415445 0.0004829 0.007124 -0.007409 -0.01903 0.0007052 0.001235
1305031120.447417 0.001209 0.002344 -0.0008137 -0.01961 -9.048e-05 0.001147
1305031120.479432 -0.0001554 0.008143 -0.01053 -0.01085 0.002228 -0.0001913
1305031120.514819 0.002901 0.006198 -0.005245 -0.01911 0.001626 -0.00155
1305031120.547736 0.000865 0.005117 -0.003597 -0.01761 0.005707 -0.002875
1305031120.579551 0.00133 0.006964 -0.003288 -0.008927 0.007262 -0.00532
1305031120.615236 -0.002724 0.0116 -0.005281 -0.005622 0.01075 -0.004464
1305031120.647354 -0.001715 0.007586 -0.003517 -0.01152 0.006649 0.0004747
1305031120.679318 -0.00205 0.007693 -0.004093 -0.005887 0.004193 -0.001476
1305031120.714522 0.0001969 0.009562 -0.002922 -0.003885 0.0007892 -0.001009
1305031120.747369 0.0006654 0.01105 -0.003565 -0.001202 0.004081 -0.0002728
1305031120.779894 -0.003668 0.01178 -0.004486 -0.003098 0.006602 0.0001545
1305031120.814944 0.0002815 0.005327 -0.001105 -0.007609 -1.356e-05 0.002117
1305031120.847921 -0.0009057 0.01103 -0.0042 0.002744 0.002395 0.003409
1305031120.883435 -0.002971 0.01148 -0.00294 -0.003389 0.0007981 0.003355
1305031120.915444 0.001781 0.005357 -0.0008219 -0.004883 -0.00444 0.004326
1305031120.947488 -4.612e-06 0.01148 -0.002907 0.001992 -0.0007332 0.003388
1305031120.983366 0.0003493 0.01042 -0.002361 -4.331e-05 -0.0002323 0.003936
1305031121.015019 -0.0007491 0.01063 -0.002224 -0.00233 0.001789 0.002189
1305031121.047498 0.0009081 0.006602 -0.001009 -0.002343 -0.001169 0.001954
1305031121.083099 0.000598 0.01503 -0.002763 0.001544 0.00229 0.001208
1305031121.114696 -0.0006587 0.007442 -0.0008007 -0.006242 0.003052 -6.807e-05
1305031121.147331 0.0006404 0.009491 -0.001342 -0.002997 0.0009031 0.001337
1305031121.183271 -0.000371 0.01045 -0.001896 -0.002694 0.002971 0.001058
1305031121.211420 -0.002934 0.01066 -0.002771 -0.004294 0.000916 0.0009447
1305031121.247194 0.003449 0.007121 -0.0003721 -0.004565 -0.004943 0.001133
1305031121.282876 -0.0007561 0.01222 -0.003994 0.002093 0.00349 -0.003128
1305031121.313568 -0.002295 0.01192 -0.00345 -0.004267 0.001578 -0.001344
1305031121.347517 0.003175 0.007556 -0.0006207 -0.004486 0.0003456 -0.002116
1305031121.383226 -0.004996 0.01296 -0.00632 -0.001374 0.006 -0.001868
1305031121.414318 0.0007283 0.008176 -0.0009408 -0.009376 -0.002646 0.003335
1305031121.447319 0.0003639 0.007517 -0.001263 -0.002937 -0.00127 -0.001336
1305031121.482964 -0.00406 0.01428 -0.006712 -0.0005781 -0.001576 -0.003829
1305031121.514107 0.005269 0.005422 0.002759 -0.008212 -0.006772 7.77e-05
1305031121.547270 -0.0003012 0.006218 -0.001871 0.001918 -0.0002388 -0.0007449
1305031121.583204 -0.001842 0.0121 -0.005715 0.004643 -0.001496 0.0007207
1305031121.614700 -0.001075 0.007885 -0.00204 -0.002487 -0.003094 0.002386
1305031121.647183 -0.001595 0.005582 -0.001065 -0.001555 -0.007735 0.005395
1305031121.683200 0.004044 0.008442 -0.002216 0.005266 -0.009541 0.002358
1305031121.714520 0.001261 0.008078 -0.002241 0.001442 -0.001654 -0.002608
1305031121.747145 -0.0003211 0.005043 -0.001862 0.003225 -0.0003581 -0.0005082
1305031121.782835 -0.001528 0.007953 -0.003652 0.004311 0.0002038 -0.004884
1305031121.811540 -0.002689 0.003848 -0.002359 0.001862 -0.0009049 -0.004154
1305031121.847335 0.001584 0.00363 -0.0004804 0.003876 -0.004329 -0.006084
1305031121.882060 0.001307 0.002643 -0.001074 0.004244 -0.0008301 -0.01198
1305031121.914931 0.0005334 0.001251 -0.001118 0.003673 0.003562 -0.004008
1305031121.947288 -0.003666 9.701e-05 -0.001516 1.092e-05 0.006371 0.0005433
1305031121.982926 -0.0009351 -0.004637 0.001491 -0.0009353 -0.0006187 0.001054
1305031122.014256 0.001604 -0.002378 0.0003898 0.00185 -0.0008717 0.004283
1305031122.047306 0.0001024 -0.00557 0.002634 -0.001997 0.002487 0.00741
1305031122.082959 -0.0009426 -0.006084 0.001979 -0.0007569 0.00139 0.007218
1305031122.114672 0.001764 -0.009762 0.00517 -0.002564 -0.001132 0.00787
1305031122.150725 -0.0007888 -0.007754 0.002054 0.002441 0.000948 0.01026
1305031122.183042 -0.0002864 -0.009985 0.004862 -0.002369 -0.002178 0.00973
1305031122.214959 0.005766 -0.01656 0.008812 0.004245 -0.007014 0.01161
1305031122.251319 -0.0004518 -0.003491 -0.0009387 0.01527 0.0001424 0.004943
1305031122.283560 0.003238 -0.01272 0.005484 0.001465 0.000496 0.003657
1305031122.314289 0.004778 -0.01452 0.00625 0.0119 0.002256 0.009542
1305031122.351327 -0.0001988 -0.006275 0.001481 0.01585 0.006077 0.003426
1305031122.382630 0.003937 -0.01143 0.003927 0.009925 0.003033 0.001102
1305031122.414997 0.002163 -0.005795 0.002974 0.01039 0.00865 -1.987e-05
1305031122.451257 0.001801 -0.01208 0.005487 0.003313 0.00943 -0.001843
1305031122.483360 0.0002358 -0.008918 0.003005 0.007097 0.0109 -1.292e-05
1305031122.515097 -0.001423 -0.01026 0.003795 0.003284 0.009646 0.002709
1305031122.551490 -0.001777 -0.01122 0.003498 0.003316 0.003422 0.003506
1305031122.583208 0.002114 -0.008973 0.003435 0.004171 -0.003402 0.002775
1305031122.614980 0.004792 -0.006616 0.003347 0.003464 -0.001334 -0.001894
1305031122.648788 0.0008387 -0.01149 0.004506 -0.002966 0.004272 -0.001499
1305031122.683402 0.002117 -0.01069 0.004079 -0.001063 0.001965 -0.002076
1305031122.715208 0.00312 -0.0099 0.003244 -9.236e-05 0.004686 -0.005121
1305031122.751298 -0.001262 -0.01521 0.003044 -0.002854 0.006778 0.0007952
1305031122.783423 0.001633 -0.01445 0.002506 0.004828 -7.776e-05 0.001507
1305031122.812555 -0.001367 -0.006692 -0.0008416 0.01199 -6.856e-05 0.001096
1305031122.851418 -0.001858 -0.009432 0.0002935 0.00437 -0.006853 0.003993
1305031122.883754 0.004203 -0.01015 0.003059 0.006624 -0.01476 -0.002363
1305031122.914571 0.003294 -0.004342 0.001114 0.009446 -0.005884 -0.002696
1305031122.951341 0.001417 -0.007102 0.001785 0.002578 -0.001645 -0.002185
1305031122.982815 0.003529 -0.01102 0.002775 0.001623 -0.00112 -0.007435
1305031123.015450 -0.001423 -0.004575 -1.083e-05 0.00647 0.004395 -0.005664
1305031123.051827 -0.0008243 -0.006398 0.001273 -0.0005166 9.223e-05 -0.003065
1305031123.082975 0.001583 -0.01399 0.003105 -0.004437 -0.002176 -0.004975
1305031123.113873 0.0002421 -0.01121 0.0007608 0.00453 -0.001709 -0.004436
1305031123.150822 0.001699 -0.007126 0.001209 0.006872 -0.002468 -0.0003454
1305031123.182155 -0.002504 -0.01265 -0.0003439 0.002691 -0.001559 -0.001835
1305031123.214704 -8.455e-05 -0.01074 -0.0006512 0.007849 -0.009425 0.0003987
1305031123.250618 0.00351 -0.01403 0.001108 0.009271 -0.0104 0.0008414
1305031123.282347 -0.0002335 -0.007621 -0.002914 0.01781 -0.005324 -0.005804
1305031123.311327 -0.0009467 -0.007616 -0.002218 0.01171 -0.007265 -0.00192
1305031123.350481 0.0001027 -0.008528 -0.001259 0.009739 -0.008392 -0.002121
1305031123.382255 -0.00123 -0.009733 -0.001922 0.00797 -0.007773 -0.007741
1305031123.411363 -0.0005879 -0.004689 -0.001488 0.008162 -0.008639 -0.00328
1305031123.451255 0.0001896 -0.009761 0.0008413 0.003356 -0.004938 -0.003858
1305031123.483594 -0.001544 -0.009502 -0.001317 0.006781 -0.001615 -0.009142
1305031123.511360 -0.0008776 -0.005907 -0.0012 0.006698 -0.002382 -0.004854
1305031123.551513 -0.001036 -0.007421 0.0002789 0.003484 0.001074 -0.004263
1305031123.579583 -0.002319 -0.007461 -0.002409 0.003548 0.001582 -0.006301
1305031123.611335 -0.002117 -0.009441 0.0009299 0.0007717 -0.001837 -0.00265
1305031123.652411 -0.00242 -0.007204 -0.00181 0.007688 -0.002781 -0.0006597
1305031123.683753 -0.003291 -0.004018 -0.001277 0.01016 -0.004551 -0.002585
1305031123.711323 -0.0007668 -0.007099 -0.0005584 0.007424 -0.006959 -0.003347
1305031123.751723 0.0003341 -0.002113 -0.001467 0.007679 -0.003969 -0.00369
1305031123.783858 -0.0003341 -0.002406 -0.0003515 0.003392 0.001389 -0.002619
1305031123.811608 -0.0004017 -0.002023 0.0004313 0.001811 0.000866 -0.00245
1305031123.851444 0.0002558 0.0001033 7.467e-05 0.002744 0.0003922 -0.004117
1305031123.883786 0.0005098 0.002178 -0.001537 -0.0005695 0.002622 8.845e-05
1305031123.911243 0.0003322 0.001756 0.001924 -0.006177 0.002324 0.001586
1305031123.951442 0.0005575 0.0006534 0.002021 8.48e-05 0.0007479 -0.003399
1305031123.983415 0.002175 0.005731 -0.005389 0.001549 0.003827 -0.001033
1305031124.011302 0.001503 0.003062 -0.002025 -0.01501 0.006893 0.003066
1305031124.051505 0.0003412 0.00254 0.001738 -0.01041 0.005812 0.0004721
1305031124.083837 0.0009218 0.003683 -0.005778 -0.006976 0.005818 -0.0001169
1305031124.111331 -1.079e-05 0.005462 -0.005134 -0.0179 0.006573 0.00424
1305031124.147446 0.0002761 0.002783 0.002699 -0.01335 0.001372 0.005398
1305031124.182694 0.0008987 0.005839 -0.006436 -0.007065 0.001966 0.004326
1305031124.211396 0.001582 0.00428 -0.002707 -0.01959 0.0005594 0.005491
1305031124.249327 0.002861 0.003073 0.002707 -0.01482 -0.0003456 0.002091
1305031124.282545 0.00183 0.004796 -0.003536 -0.005736 0.007444 0.001818
1305031124.311361 -0.0006635 0.007529 -0.00515 -0.01259 0.009366 0.001212
1305031124.350354 0.0007136 0.003706 -0.0006369 -0.01561 0.00587 0.003578
1305031124.382420 -0.0005494 0.006556 -0.00389 -0.01192 0.005058 0.003466
1305031124.411439 0.0008929 0.005967 -0.002966 -0.01644 0.002222 0.002565
1305031124.450245 0.0005591 0.005827 -0.001931 -0.01945 0.001771 0.005605
1305031124.480099 0.002401 0.007044 -0.001826 -0.01781 8.335e-05 0.006909
1305031124.511324 0.001764 0.005114 -0.0006923 -0.01838 0.001945 0.005816
1305031124.550437 0.001668 0.007272 -0.002607 -0.01239 0.00201 0.007143
1305031124.579404 0.0009842 0.01201 -0.002249 -0.007814 0.004006 0.006014
1305031124.611358 -0.0003886 0.01204 -0.001898 -0.009782 0.004783 0.004193
1305031124.651271 0.000161 0.01108 -0.001813 -0.00793 0.004135 0.004854
1305031124.679362 -0.002742 0.01408 -0.003486 -0.006666 0.005083 0.003883
1305031124.711251 -0.001194 0.009577 -0.001957 -0.01011 0.0004731 0.004497
1305031124.749890 0.0004511 0.01434 -0.003218 -0.002841 -0.0005812 0.003316
1305031124.779365 -0.0002448 0.01304 -0.002928 -0.005976 0.002309 0.001545
1305031124.811360 -0.0008734 0.009991 -0.003426 -0.005551 0.002099 0.001366
1305031124.850535 -0.0009282 0.01461 -0.005361 0.001002 0.002963 0.0005681
1305031124.879355 -0.005561 0.01334 -0.006067 -0.003985 0.003193 0.001312
1305031124.911448 0.000774 0.007957 -0.003014 -0.004504 -0.006508 0.0007416
1305031124.950730 -0.001385 0.01275 -0.006436 0.006377 -0.001942 -0.001452
1305031124.979438 -0.0008414 0.01948 -0.006526 0.0009991 -0.00104 -0.004968
1305031125.011454 0.003237 0.01007 -0.002399 -0.01031 0.002553 -0.001276
1305031125.050763 -0.004489 0.004836 -0.003651 -0.006778 0.006881 -0.0009831
1305031125.079364 -0.0003685 0.01265 -0.004994 0.002535 -0.002009 -0.006545
1305031125.111364 0.0001156 0.0132 -0.004382 -0.0007942 0.002212 -0.002381
1305031125.151013 -0.00275 0.007797 -0.00313 -0.008684 0.002048 0.005004
1305031125.179353 0.002599 0.003598 -3.929e-05 -0.001475 -0.007325 -0.001024
1305031125.211320 0.0006889 0.01336 -0.005806 0.007981 -0.00274 -0.00116
1305031125.250632 0.0008893 0.01292 -0.003749 -0.002507 -0.0005614 0.004551
1305031125.279467 0.0006172 0.003866 -0.0003059 -0.007523 -0.000756 0.002417
1305031125.311493 -0.001465 0.01148 -0.005555 0.001196 -0.002338 -0.001735
1305031125.348880 0.002549 0.005654 -5.717e-05 -0.008217 -0.004106 0.0076
1305031125.379401 -0.003434 0.004986 -0.003406 0.0002436 -0.002651 0.00781
1305031125.411335 -0.0003374 0.005704 -0.001647 0.0005727 -0.01303 0.001311
1305031125.451195 0.001342 0.006457 -0.003832 0.006329 -0.01102 0.003305
1305031125.479424 -0.001303 0.008821 -0.003143 0.0004488 -0.007083 0.001954
1305031125.511316 0.001819 0.0005619 0.001016 -0.002072 -0.008986 0.001952
1305031125.551020 -0.001095 0.002791 -0.0008795 0.001978 -0.005594 0.003405
1305031125.579308 -0.000745 0.002675 -0.001194 0.003652 -0.006887 0.004223
1305031125.611533 0.001168 0.005627 -0.0008127 0.0002696 -0.00702 -0.0001429
1305031125.650575 0.005165 0.002398 0.003075 -0.008414 -0.002777 -0.005732
1305031125.679328 0.004519 -0.008219 0.007239 -0.01121 0.005968 -0.0008218
1305031125.711443 -0.003141 0.00138 7.071e-05 -0.001258 0.01309 -0.003883
1305031125.751260 -0.002528 -0.01246 0.007165 -0.01259 0.00608 -0.0025
1305031125.779348 -0.0009343 -0.006318 0.002785 0.001219 0.002462 0.005709
1305031125.811573 -0.0003054 -0.00917 0.005457 -0.0005799 -0.001466 0.002351
1305031125.847412 0.001158 -0.005513 0.002228 0.006252 -0.003177 0.003504
1305031125.879318 0.003499 -0.007938 0.005144 0.0009089 -0.0002216 0.0005879
1305031125.911305 0.005657 -0.01108 0.005273 0.006641 0.003708 -0.00115
1305031125.947343 0.001751 -0.003657 0.001284 0.009105 0.01383 -0.006276
1305031125.979324 -0.001798 -0.01203 0.004694 -6.643e-05 0.01673 -0.006115
1305031126.011333 -0.004094 -0.01187 0.002222 0.004537 0.01384 0.0005936
1305031126.047324 -0.003201 -0.01322 0.001774 0.005731 0.004465 -0.0007339
1305031126.079356 0.0002738 -0.01126 0.00151 0.009832 -0.003197 -0.001405
1305031126.111370 -0.000858 -0.008228 -0.000467 0.009934 -0.0007635 0.0004241
1305031126.147432 0.002698 -0.01538 0.003015 0.004046 -0.004261 -0.002841
1305031126.179384 0.001565 -0.01194 0.0005737 0.01429 -0.0001808 -0.001712
1305031126.211319 -0.003104 -0.007506 -0.0009906 0.0118 0.003482 -0.0008007
1305031126.247298 0.0006852 -0.01511 0.002371 0.005009 -0.003304 0.0002853
1305031126.279363 -7.388e-06 -0.01102 0.0005117 0.009708 -0.003624 0.001903
1305031126.311332 0.0004982 -0.01334 0.001125 0.008999 -0.006936 0.00317
1305031126.347363 0.001318 -0.0092 0.0008969 0.01097 -0.008451 0.002234
1305031126.379423 0.002801 -0.01072 0.00195 0.007955 -0.007565 0.002602
1305031126.411465 0.00186 -0.01085 0.001449 0.009844 -0.004292 0.00306
1305031126.447361 0.0006104 -0.006097 0.001157 0.01196 -0.002467 -0.002395
1305031126.479533 0.002622 -0.009763 0.0026 0.004589 -0.0005645 -0.005498
1305031126.511410 0.0006396 -0.01557 0.001514 0.003008 0.003674 -0.003054
1305031126.547374 -0.003666 -0.008184 -0.002115 0.01301 0.003901 -0.002354
1305031126.579454 -0.001338 -0.009051 0.0007416 0.008658 -0.003105 -0.004281
1305031126.611528 0.0001808 -0.007836 0.0003435 0.01116 -0.003406 -0.003333
1305031126.647376 -0.002733 -0.002746 -0.001182 0.01083 -0.001199 -0.00493
1305031126.679479 -0.0003892 -0.006574 0.001658 0.003385 -0.003514 -0.008881
1305031126.711583 -0.001884 -0.007081 0.0003196 0.004837 -0.001102 -0.006452
1305031126.747316 -0.00134 -0.000531 0.0009217 0.004864 -0.002196 -0.006026
1305031126.779379 -0.0009554 -0.007788 0.001852 -0.002957 -0.0009375 -0.006082
1305031126.811602 -0.00393 -0.004504 5.615e-05 9.154e-05 -0.001561 -0.001761
1305031126.847343 -0.0004753 -0.003961 0.002042 0.0004236 -0.007707 -0.001432
1305031126.879357 -0.0008176 -0.002799 0.00114 0.001198 -0.003439 -0.00106
1305031126.911364 -0.001576 -0.001657 0.0006841 0.0004386 -0.003444 0.0005541
1305031126.947437 0.001456 -0.001282 0.002107 0.0016 -0.003312 -0.003281
1305031126.979337 -0.001151 0.002126 -0.0003909 0.002562 0.003261 -0.00187
1305031127.011371 -0.0003277 -0.0002867 0.0005642 -0.003262 0.001938 -0.0004434
1305031127.047297 -0.0001702 -0.0015 0.000929 -0.002745 0.0008534 -0.001863
1305031127.079299 0.0001509 0.002085 -0.0004811 0.002034 0.001129 1.28e-05
1305031127.111435 0.00243 0.002142 -0.0001882 -0.0001842 0.002812 -0.001136
1305031127.147307 -2.09e-05 0.002192 -0.001521 -0.002872 0.007537 -0.0004912
1305031127.179349 0.0002407 -0.000419 0.000659 -0.005582 0.005334 0.001815
1305031127.211700 -0.00141 0.001784 -0.002237 -0.00167 0.004075 0.0005037
1305031127.247374 -0.0003828 0.003743 -0.00213 -0.003728 0.0007297 0.002378
1305031127.279465 0.001912 -0.0003176 0.001182 -0.006254 -0.001434 0.002499
1305031127.311362 0.0007492 0.00299 -0.002668 0.000485 0.001581 0.001627
1305031127.347356 -0.0002123 0.005406 -0.002905 -0.003037 0.003788 0.001531
1305031127.379262 0.001195 -0.001215 0.0007947 -0.007685 0.0009705 0.001475
1305031127.411371 0.0005573 0.001434 -0.001792 -0.001113 0.001913 0.001527
1305031127.447333 0.0001585 0.005292 -0.002869 -0.000431 0.0027 0.001014
1305031127.479362 0.001514 -0.002353 0.0008726 -0.006587 0.000552 0.002401
1305031127.511356 0.0005686 0.001296 -0.002235 0.001887 0.001945 0.002185
1305031127.547348 -0.000552 0.004878 -0.002614 0.001081 0.002616 0.0001874
1305031127.579345 0.001008 -0.001027 0.0004274 -0.005119 4.059e-05 0.001217
1305031127.611271 0.000418 -0.0009497 -0.0005556 -0.0002431 0.0007843 0.0003494
1305031127.647358 -0.0007847 0.004065 -0.002588 0.003244 0.001677 -0.002894
1305031127.679298 0.0002966 0.001102 0.0002241 -0.00334 0.0009775 -0.0009384
1305031127.711375 0.001058 -0.002824 0.0008543 -0.003267 0.0004581 0.001383
1305031127.747304 -0.0008331 0.002922 -0.00206 0.003502 0.001923 -0.0005036
1305031127.779346 0.0002997 0.002961 -0.0002662 -0.0009927 0.0003507 -0.0001205
1305031127.811829 0.00136 -0.002099 0.00134 -0.00452 -0.0005371 0.002576
1305031127.847366 0.0003918 0.0008826 -0.0004292 0.0008773 -8.856e-05 0.001701
1305031127.879380 0.001022 0.001582 -0.0002459 0.0006114 5.729e-05 0.0009013
1305031127.911476 0.001142 -0.0004567 0.000116 -0.001405 0.0009773 0.001213
1305031127.947366 0.0004229 -0.001384 -0.0003547 0.0003262 0.001414 -0.0001571
1305031127.979371 -0.0007727 0.001551 -0.00197 0.003768 0.002442 -4.962e-05
1305031128.011427 -0.001105 -0.0007523 -0.001278 0.001215 0.0006662 0.0003541
1305031128.047369 -0.001518 0.003469 -0.003808 0.006171 -0.000408 -0.002804
1305031128.079334 3.685e-05 0.002917 -0.001618 0.0006488 -0.0005709 -0.001572
1305031128.111391 0.000249 0.0001468 -0.0003443 -0.001902 0.0001783 -0.001232
1305031128.147418 -0.001088 0.0007701 -0.001836 0.001251 0.001317 -0.003568
1305031128.179350 -0.001579 0.004258 -0.002068 0.000169 0.001382 -0.00228
1305031128.211447 0.001225 -0.002059 0.001868 -0.005646 -0.001243 -6.756e-05
1305031128.247480 0.0001061 -0.000759 -0.0001874 0.000135 0.001019 -0.0005566
1305031128.279336 -0.001289 0.003439 -0.001745 0.001922 0.002035 -0.0001185
1305031128.311483 0.0006773 -0.001332 0.001182 -0.003536 -0.0006465 0.0015
1305031128.347423 0.0008921 -0.0002054 0.00033 -2.498e-05 -0.0004761 0.002168
1305031128.379404 0.0001617 0.001762 -0.0007842 0.00151 0.0007713 0.003077
1305031128.411337 0.0002764 0.0005212 0.0003639 -0.001263 -0.0002607 0.002232
1305031128.447296 0.001093 -0.0002651 0.0008035 -0.001067 -0.0008393 0.002742
1305031128.479296 0.0001326 0.001181 -0.0004553 0.001058 0.0005353 0.002163
1305031128.511433 -0.000178 0.0005733 0.0003536 -0.0007586 -0.0003718 0.001202
1305031128.547399 -0.0003223 0.000628 -0.000255 0.0003251 -0.0008664 0.0008688
1305031128.579455 -0.0001074 0.002421 -0.0002921 0.0001477 -0.001106 0.0003955
1305031128.611395 0.001581 0.0001758 0.001357 -0.002628 -0.0008628 -0.0001757
1305031128.647352 0.001098 -6.18e-05 0.001126 -0.0011 0.001784 1.009e-05
1305031128.679282 -0.001113 0.001303 -0.000419 -0.0001758 0.003702 0.0007434
1305031128.711457 -0.001324 -0.0004103 0.0002054 -0.002793 0.0007671 0.001751
1305031128.747363 0.0004084 -0.0007083 0.00106 -0.002047 -0.002609 0.002186
