1305031790.681208 -0.00546 -0.005767 -0.00122 0.02226 0.0002152 -0.006137
1305031790.713097 -0.004406 -0.00395 -0.00348 0.0234 0.0002317 -0.005919
1305031790.745223 -0.005159 -0.003867 -0.003129 0.01947 -0.001263 -0.009402
1305031790.781258 -0.006119 -0.004964 0.0002207 0.01999 -0.002791 -0.01334
1305031790.813207 -0.005666 -0.004888 -0.0006185 0.02688 -0.00256 -0.01501
1305031790.845151 -0.005668 -0.003584 -0.004895 0.02677 -0.002199 -0.01451
1305031790.882094 -0.004342 0.0009119 -0.00497 0.02547 -0.00855 -0.01269
1305031790.913129 -0.00422 -0.0005552 -0.001342 0.01652 -0.01131 -0.01462
1305031790.945171 -0.003514 -0.0004876 -0.001231 0.0133 -0.01212 -0.015
1305031790.981159 9.716e-05 0.0009491 -0.00205 0.006565 -0.01248 -0.01963
1305031791.013075 -0.0005366 0.002496 -0.004291 -0.007515 -0.009046 -0.02498
1305031791.045137 -0.009705 0.005438 0.005272 -0.02062 -0.008021 -0.01757
1305031791.081293 -0.003377 0.002495 0.001591 -0.0243 -0.01778 -0.02263
1305031791.113136 -0.005716 0.0136 -0.001507 -0.03596 -0.01955 -0.01361
1305031791.145096 -0.008992 0.003802 0.01843 -0.05858 -0.03164 -0.00599
1305031791.181287 0.004167 -0.002375 0.00203 -0.05413 -0.03892 -0.01707
1305031791.213098 -0.0005699 0.01255 0.007383 -0.05973 -0.03468 -0.003159
1305031791.245087 -0.0005377 -0.008612 0.007083 -0.07285 -0.03792 -0.009864
1305031791.281340 0.009846 0.001908 0.001118 -0.05288 -0.04279 -0.01599
1305031791.313088 0.007521 0.004256 0.003499 -0.06553 -0.0407 -0.01389
1305031791.345123 -0.006035 0.003973 0.01601 -0.05942 -0.03316 -0.01401
1305031791.382161 0.01543 0.004812 0.003619 -0.04684 -0.03905 -0.01755
1305031791.413087 0.009895 0.006762 0.002006 -0.05683 -0.02727 -0.02344
1305031791.445165 -0.002981 0.00665 0.009428 -0.05153 -0.01766 -0.0252
1305031791.481375 0.001604 0.008714 0.002724 -0.03862 -0.01643 -0.02108
1305031791.513084 0.00713 0.01009 0.00315 -0.04077 -0.01121 -0.01345
1305031791.545065 0.002541 0.004453 0.007865 -0.04373 -0.009667 -0.01132
1305031791.581127 0.004862 0.005251 0.0065 -0.03391 -0.01369 -0.009878
1305031791.613194 0.003285 0.009043 -0.0005543 -0.03129 -0.009192 -0.003987
1305031791.645074 0.005213 0.01135 0.004141 -0.04104 -0.007222 0.001277
1305031791.681062 0.003023 -0.008192 0.003267 -0.05196 -0.01105 -0.006238
1305031791.713242 0.001056 -0.002874 0.006166 -0.04811 -0.01396 -0.006973
1305031791.745148 0.005864 -0.002252 0.01029 -0.04684 -0.01739 -0.002927
1305031791.781286 0.006308 -0.003449 0.01414 -0.04753 -0.01838 0.0003458
1305031791.813247 0.005272 0.0005414 0.0105 -0.04795 -0.01969 0.00301
1305031791.845123 0.01165 0.01376 0.02802 -0.0414 -0.0261 -0.002607
1305031791.881072 0.00971 0.01578 0.01871 -0.03245 -0.02246 -0.002636
1305031791.913193 0.0021 0.03027 0.01229 -0.02216 -0.01257 -0.004218
1305031791.948998 0.004728 0.01799 0.01374 -0.03234 -0.01094 -0.003289
1305031791.981259 -0.004043 0.0008735 0.007499 -0.03674 -0.007706 0.001071
1305031792.013213 -0.008626 0.02081 0.004353 -0.02777 -0.004242 -0.001059
1305031792.050221 0.01651 0.02033 0.01673 -0.02576 -0.01236 0.00761
1305031792.081058 -0.003761 0.01406 0.002776 -0.01496 -0.002535 0.004294
1305031792.113127 0.0007289 0.02007 0.005079 -0.01329 -0.005993 -0.001744
1305031792.149109 -0.0006443 0.005083 0.004944 -0.01553 -0.002039 0.0007738
1305031792.181099 -0.01002 0.01847 0.0006124 -0.007093 0.00273 0.006639
1305031792.213166 -0.001006 0.01476 0.004019 -0.01101 -0.002811 0.00576
1305031792.249088 -0.003163 0.008522 0.005717 -0.007562 2.47e-05 0.002341
1305031792.281069 -0.001385 0.009457 0.004514 0.001469 0.0005637 0.002157
1305031792.313073 -0.005438 -0.0005295 0.004177 -0.0008208 0.004453 -0.0004027
1305031792.349198 -0.01336 -0.008581 0.009638 0.009719 0.007524 0.0007812
1305031792.381062 0.004781 -0.009725 -0.001133 0.01665 -0.005326 -0.0001227
1305031792.413074 -0.004004 0.01959 0.0002317 0.03439 -0.002474 -0.004494
1305031792.449168 -0.002487 -0.01303 0.0004587 0.0229 -0.0006116 -0.005105
1305031792.481098 0.01236 -0.0891 -0.00776 -0.01308 -0.006319 -0.004188
1305031792.513052 0.01063 -0.02113 -0.002499 0.02828 -0.007475 -0.006685
1305031792.549157 -0.00964 -0.00548 -0.005549 0.03924 0.0003294 -0.003784
1305031792.581136 -0.005999 -0.01784 -0.005752 0.03328 -0.003656 -0.0002685
1305031792.613102 -0.009058 -0.001827 -0.004452 0.04121 -0.004713 0.0005159
1305031792.649254 -0.01748 -0.03937 -0.018 0.02014 -0.0003565 5.683e-05
1305031792.681063 -0.002395 0.00174 0.001365 0.04028 -0.008992 0.00303
1305031792.713116 -0.005729 -0.003108 -0.002251 0.03903 -0.005308 -0.000122
1305031792.749097 -0.01337 0.006512 -0.007634 0.04274 0.001973 0.003479
1305031792.781106 -0.002403 -0.009235 -0.005281 0.03559 -0.004054 0.00218
1305031792.813144 0.004005 -0.001231 -0.008172 0.03915 -0.009738 -0.002569
1305031792.849022 0.006948 -0.002927 -0.006183 0.03473 -0.01135 0.00259
1305031792.881064 0.001293 0.0001867 -0.003689 0.03612 -0.01111 -0.0001256
1305031792.913316 0.007273 0.01405 -0.001498 0.04176 -0.01128 -0.005569
1305031792.949047 0.003336 0.0004967 -0.004531 0.03768 -0.006421 -0.01019
1305031792.981139 -0.00213 -0.002325 -0.006001 0.03932 -0.003343 -0.01386
1305031793.013059 0.002686 -0.007581 -0.007499 0.03497 -0.00603 -0.01222
1305031793.049115 0.002243 -0.007917 -0.007605 0.02696 -0.00823 -0.01093
1305031793.081172 0.01132 0.005406 -0.008068 0.03111 -0.01678 -0.008761
1305031793.113126 0.002075 -0.002332 -0.007894 0.02427 -0.01871 -0.008251
1305031793.149098 -0.005345 -0.003391 -0.006795 0.02044 -0.01582 -0.006329
1305031793.181113 0.002324 0.008221 -0.004547 0.02508 -0.01977 -0.003351
1305031793.213203 0.0004375 0.002671 -0.005745 0.02394 -0.02059 -0.003984
1305031793.249128 -0.005639 -0.004187 -0.006277 0.02114 -0.01738 -0.003586
1305031793.281300 -0.003635 -0.001217 -0.005402 0.02159 -0.01715 -0.002362
1305031793.313159 0.001133 0.002716 -0.004986 0.02456 -0.0182 -0.006843
1305031793.349110 -0.00325 -0.003463 -0.006188 0.02226 -0.01402 -0.008655
1305031793.381139 -0.002791 -0.006823 -0.00701 0.02054 -0.01137 -0.007658
1305031793.413790 -0.002441 -0.006387 -0.007869 0.02062 -0.01191 -0.008836
1305031793.449092 -0.002303 -0.004686 -0.006155 0.02079 -0.01422 -0.008185
1305031793.481359 0.002928 -0.00883 -0.008577 0.02086 -0.01691 -0.01202
1305031793.513246 0.002335 -0.005819 -0.009968 0.02065 -0.01457 -0.01271
1305031793.549071 0.0008293 -0.004937 -0.007606 0.02242 -0.01284 -0.01083
1305031793.581157 0.007607 -0.006336 -0.01006 0.02378 -0.01695 -0.01802
1305031793.613153 0.002408 -0.005623 -0.009651 0.02439 -0.01267 -0.02081
1305031793.649429 -0.0006073 -0.004211 -0.009421 0.02522 -0.009596 -0.01497
1305031793.681107 0.004422 -0.003885 -0.009453 0.02607 -0.01287 -0.01526
1305031793.713169 0.007507 -0.002225 -0.009539 0.02667 -0.01288 -0.01761
1305031793.749040 -0.001807 -0.003912 -0.008498 0.02566 -0.006816 -0.01714
1305031793.781106 0.001002 -3.105e-05 -0.009708 0.02797 -0.009194 -0.01271
1305031793.813185 0.005291 0.003959 -0.009193 0.02697 -0.01147 -0.0124
1305031793.849143 0.0005376 0.002812 -0.008266 0.02171 -0.008663 -0.01379
1305031793.881130 0.001684 0.002186 -0.00753 0.01886 -0.01074 -0.01461
1305031793.913043 0.005579 -0.004261 -0.005533 0.01395 -0.0112 -0.01418
1305031793.949037 0.0003714 0.003337 -0.005701 0.01835 -0.004928 -0.01049
1305031793.981122 -0.001234 0.002882 -0.005184 0.01491 -0.004559 -0.01143
1305031794.013091 -0.00307 0.004688 -0.005067 0.01182 -0.005831 -0.01268
1305031794.049085 0.000414 0.00597 -0.003401 0.008539 -0.007223 -0.0102
1305031794.081104 0.001891 0.002961 -0.001448 0.004654 -0.004968 -0.01038
1305031794.113117 -0.002011 0.00598 -0.002074 0.004094 -0.00112 -0.009804
1305031794.149250 -0.005798 0.01122 -0.0004002 0.00131 0.0008647 -0.00714
1305031794.181114 -0.004357 0.008206 0.0006998 -0.006493 -0.00164 -0.00507
1305031794.213850 -0.004989 0.01192 0.001544 -0.009753 -0.002127 -0.002561
1305031794.249049 -0.002449 0.0132 0.002676 -0.01713 -0.003911 -0.002216
1305031794.281224 -0.00311 0.006991 0.00516 -0.02514 -0.002784 -0.0001251
1305031794.313689 -0.001607 0.01036 0.005339 -0.02478 -0.003494 0.001838
1305031794.349120 0.00131 0.01399 0.005687 -0.02851 -0.003208 0.002293
1305031794.381128 -0.002682 -0.003897 0.005685 -0.0418 0.0007808 0.003501
1305031794.414141 -0.005838 -0.006493 0.006748 -0.03528 0.001187 0.006826
1305031794.448978 0.007326 0.009277 0.007577 -0.02607 -0.003676 0.007728
1305031794.481048 0.002159 0.01248 0.009075 -0.02922 0.001164 -0.002828
1305031794.513623 -0.005758 0.0007782 0.009327 -0.0348 0.004574 -0.00413
1305031794.549055 -0.004053 0.009069 0.008385 -0.02737 0.0008295 -0.002225
1305031794.581098 -0.005816 0.01174 0.007804 -0.03019 -0.004608 -0.003248
1305031794.613605 -0.001131 0.006411 0.009345 -0.03661 -0.01116 -0.002184
1305031794.649050 -0.006669 0.009444 0.007647 -0.03648 -0.01377 -0.0006147
1305031794.681066 -0.002263 0.006114 0.009779 -0.03976 -0.02066 0.002166
1305031794.713569 -0.004646 0.01215 0.007919 -0.03744 -0.02464 -0.0002906
1305031794.749055 -0.004224 0.009311 0.008953 -0.04935 -0.03187 -0.002803
1305031794.781053 -0.001097 0.01023 0.0102 -0.05191 -0.03605 -0.0008981
1305031794.813436 -0.002871 0.01289 0.01264 -0.05266 -0.03514 0.002779
1305031794.849048 -0.0002339 0.01424 0.01089 -0.0492 -0.03371 0.0009041
1305031794.881088 -0.004856 0.01546 0.008544 -0.05029 -0.0294 -0.001852
1305031794.913315 -0.003972 0.01854 0.008099 -0.04658 -0.02599 -0.0006051
1305031794.948993 -0.005801 0.01455 0.007702 -0.04286 -0.02245 0.002596
1305031794.981050 -0.005692 0.01174 0.007547 -0.03604 -0.02042 0.001649
1305031795.013529 -0.006898 0.01238 0.0069 -0.02964 -0.01645 -0.00348
1305031795.049021 -0.007107 0.003589 0.009 -0.02315 -0.01355 -0.004181
1305031795.081170 -0.004218 0.01414 0.002806 -0.0141 -0.01551 -0.0009211
1305031795.113213 -0.001412 0.03233 -0.001399 -0.02513 -0.01821 -0.003622
1305031795.149077 -0.005384 0.01373 0.006954 -0.04084 -0.0168 -0.006427
1305031795.181142 -0.009393 0.003145 0.01247 -0.03823 -0.01656 -0.007375
1305031795.213481 -0.006759 0.005656 0.00585 -0.03341 -0.01559 -0.01052
1305031795.249044 -0.007267 0.01017 0.005013 -0.02855 -0.01034 -0.009837
1305031795.281099 -0.005925 0.01068 0.005223 -0.02509 -0.01123 -0.005541
1305031795.312920 -0.006096 0.01223 0.003363 -0.02508 -0.01416 -0.00433
1305031795.349100 -0.007884 0.008586 0.006298 -0.02704 -0.01617 0.001434
1305031795.381002 -0.007031 0.009874 0.005995 -0.02512 -0.023 0.004073
1305031795.413224 -0.008337 -0.001151 0.00821 -0.02647 -0.02826 -0.0003171
1305031795.449070 -0.00753 0.006667 0.0008725 -0.01708 -0.02618 -0.002374
1305031795.481096 -0.008472 0.005858 -0.0004822 -0.01573 -0.02326 -0.0004478
1305031795.513242 -0.003181 0.001939 0.0004758 -0.01796 -0.02395 -0.0003191
1305031795.549114 -0.006844 0.005132 -0.0009743 -0.01369 -0.01925 0.001386
1305031795.581136 -0.00504 0.00413 -0.0008293 -0.01288 -0.01738 0.00592
1305031795.613267 0.000531 0.001241 -0.001573 -0.01469 -0.01957 0.007416
1305031795.649064 0.0009519 -5.497e-06 -0.0047 -0.01853 -0.0207 0.004462
1305031795.681015 0.01159 0.0003851 0.003951 -0.0166 -0.02235 0.0006572
1305031795.713123 0.01018 -0.003962 0.005587 -0.002654 -0.01827 0.001365
1305031795.749082 0.001703 -0.004668 0.001958 0.008071 -0.01665 0.006613
1305031795.781166 0.005096 -0.007808 -0.005298 0.01177 -0.02258 0.005373
1305031795.813074 0.01246 -0.003953 -0.001008 0.01525 -0.02521 -0.002261
1305031795.849070 0.01041 -0.005436 -0.002742 0.02678 -0.01875 -0.00271
1305031795.881078 0.003475 -0.007538 -0.009427 0.03046 -0.01296 -0.00371
1305031795.913138 0.00353 -0.006533 -0.008746 0.02917 -0.01087 -0.006135
1305031795.949065 0.007688 -0.001958 -0.005174 0.03604 -0.01228 -0.001894
1305031795.981148 0.003093 -0.009611 -0.01019 0.03712 -0.01407 0.001169
1305031796.013148 0.004175 -0.006738 -0.01378 0.03441 -0.016 -0.003495
1305031796.049088 0.006895 -0.001594 -0.006044 0.03693 -0.01509 -0.005913
1305031796.081227 0.005674 -0.003628 -0.007025 0.04143 -0.01223 -0.003789
1305031796.113719 0.003718 0.000379 -0.01114 0.04309 -0.01062 -0.00379
1305031796.149087 0.001517 -0.0001499 -0.01112 0.03888 -0.01147 -0.006128
1305031796.181009 0.001243 -0.004442 -0.008591 0.03492 -0.01314 -0.008265
1305031796.213056 -0.002756 -0.006157 -0.009275 0.03515 -0.01388 -0.005736
1305031796.249114 -0.002813 -0.00494 -0.01006 0.02864 -0.01735 -0.004805
1305031796.281099 0.004317 -0.007249 -0.002763 0.02511 -0.02033 -0.01129
1305031796.313206 0.002231 -0.007647 -0.00302 0.03046 -0.01608 -0.009422
1305031796.349054 0.0009345 -0.002836 -0.00565 0.03398 -0.0137 -0.007723
1305031796.381169 -0.0001251 -0.005349 -0.004549 0.028 -0.01211 -0.009213
1305031796.413114 0.001495 -0.01045 -0.002147 0.03062 -0.01296 -0.00729
1305031796.449049 0.0001381 -0.0008343 -0.00414 0.03678 -0.01029 -0.007451
1305031796.481178 -0.002469 -0.001347 -0.003752 0.02848 -0.00863 -0.004501
1305031796.513165 -0.0019 -0.01244 -0.00213 0.02409 -0.01033 -0.001076
1305031796.549414 -0.000251 -0.005015 -0.003004 0.03265 -0.01226 -0.003745
1305031796.581120 0.003119 -0.005122 -0.001016 0.02981 -0.01144 -0.007155
1305031796.613166 0.001785 -0.008136 -0.001378 0.03203 -0.005959 -0.008221
1305031796.649028 -0.001654 -0.006144 -0.003264 0.03756 -0.0007551 -0.004674
1305031796.681030 -0.002824 -0.004932 -0.003276 0.03545 -5.943e-05 -0.003677
1305031796.713147 -0.003604 -0.007143 -0.003858 0.03048 -0.001836 -0.007292
1305031796.749469 -0.00242 -0.008956 -0.003409 0.02741 -0.003511 -0.006513
1305031796.781363 -0.002764 -0.009908 -0.003595 0.02924 -0.002634 -0.005297
1305031796.813481 -0.002149 -0.005506 -0.001683 0.03139 -0.002051 -0.009293
1305031796.849581 -0.00266 -0.007942 -0.001649 0.02477 -5.518e-05 -0.009151
1305031796.881184 -0.003771 -0.01283 -0.003679 0.02511 0.002203 -0.006514
1305031796.913356 -0.004516 -0.006896 -0.004528 0.03269 0.002297 -0.008098
1305031796.949588 -0.00394 -0.008184 -0.003449 0.02548 0.002224 -0.007526
1305031796.981203 -0.004784 -0.01081 -0.004293 0.02375 0.001416 -0.005201
1305031797.013522 -0.004869 -0.007867 -0.004922 0.02339 -0.002396 -0.002918
1305031797.049323 -0.004127 -0.007474 -0.002199 0.02161 -0.004446 -0.003599
1305031797.081390 -0.0043 -0.008623 -0.002065 0.01966 -0.004658 -0.002096
1305031797.113039 -0.004876 -0.006151 -0.001125 0.02199 -0.004573 -0.003768
1305031797.149544 -0.005177 -0.004442 -0.000914 0.02314 -0.002871 -0.01173
1305031797.181422 -0.005912 -0.005125 -0.001005 0.02179 0.000179 -0.014
1305031797.213700 -0.005878 -0.004676 -0.0006949 0.02317 0.004116 -0.01097
1305031797.249703 -0.005486 -0.005829 -0.001242 0.02371 0.005717 -0.01082
1305031797.281270 -0.005126 -0.005671 -0.003627 0.01928 0.006392 -0.008148
1305031797.313580 -0.004415 -0.00407 -0.0003784 0.01626 0.002613 -0.002844
1305031797.349646 -0.004978 -0.005001 -0.001673 0.01353 -0.001374 -0.006088
1305031797.381715 -0.004909 -0.00245 -0.001106 0.01416 -0.001306 -0.00959
1305031797.413427 -0.005169 -0.003175 -0.001597 0.009207 6.795e-05 -0.00811
1305031797.449441 -0.004714 -0.003441 -0.0001013 0.004941 0.000484 -0.007136
1305031797.481228 -0.004973 -0.00276 0.00015 0.002419 0.001852 -0.008571
1305031797.513094 -0.004697 -0.002575 -0.0001341 0.0001101 0.001891 -0.006793
1305031797.549579 -0.003906 -0.003267 -0.0006027 -0.01439 0.001927 -0.003634
1305031797.581134 -0.003701 -0.002736 0.003629 -0.02635 -0.0005503 -0.004218
1305031797.613380 -0.002545 -0.001727 0.004701 -0.03241 -0.005769 -0.0075
1305031797.649456 -0.003083 -0.0006318 0.005838 -0.04097 -0.006359 -0.006469
1305031797.681479 -0.002471 0.001572 0.01085 -0.04341 -0.007182 0.0009672
1305031797.713069 -0.001271 -0.001813 0.01054 -0.04408 -0.01207 0.004279
1305031797.749314 -0.001553 0.001582 0.01171 -0.04596 -0.01546 0.00899
1305031797.781335 0.0007274 0.0005981 0.01758 -0.03993 -0.02054 0.009483
1305031797.815809 -0.003244 0.003067 0.005721 -0.03949 -0.01442 0.006322
1305031797.849286 -0.001314 0.0006732 0.006963 -0.04545 -0.01502 0.001997
1305031797.881089 -0.00213 0.004451 0.003369 -0.04602 -0.01703 -0.004835
1305031797.917110 -0.002207 0.001946 -3.228e-05 -0.04978 -0.01785 -0.008649
1305031797.949860 -0.003038 0.006677 0.001239 -0.05178 -0.01601 -0.007211
1305031797.981341 -0.0007482 0.001651 0.001858 -0.05547 -0.01865 -0.007828
1305031798.015014 -0.001867 0.005898 0.001526 -0.05024 -0.02009 -0.01089
1305031798.049486 -0.001769 0.007486 0.001244 -0.04388 -0.01703 -0.009698
1305031798.081407 -0.0006851 0.01068 0.003121 -0.04372 -0.01755 -0.004495
1305031798.114761 -4.731e-05 0.004455 0.002547 -0.04448 -0.01824 -0.007694
1305031798.150524 0.0008223 0.00656 0.004042 -0.03867 -0.0182 -0.01004
1305031798.181474 0.002552 0.006444 0.003816 -0.03188 -0.01571 -0.009722
1305031798.216929 0.002011 0.009976 0.002782 -0.02889 -0.0162 -0.002901
1305031798.249819 0.002599 0.009387 0.003521 -0.03356 -0.02217 -0.005123
1305031798.281361 0.003458 0.007053 0.003565 -0.03395 -0.0232 -0.006114
1305031798.316991 0.004417 0.008942 0.001445 -0.0317 -0.02106 -0.006546
1305031798.349307 0.003649 0.006794 0.002747 -0.03328 -0.01667 -0.006153
1305031798.381404 0.002967 0.007873 0.003559 -0.03138 -0.01779 -0.001897
1305031798.417222 0.003291 0.008059 0.00195 -0.03034 -0.02019 -0.002922
1305031798.449035 0.003842 0.008327 0.0007821 -0.03169 -0.0204 -0.005398
1305031798.481500 0.003534 0.006803 0.00191 -0.0352 -0.01819 -0.006664
1305031798.517143 0.002263 0.007927 0.004012 -0.03228 -0.01811 -0.003008
1305031798.548961 0.003109 0.00831 0.002698 -0.02929 -0.02144 -0.003907
1305031798.581180 0.002705 0.0089 0.001658 -0.0322 -0.01954 -0.009783
1305031798.616885 0.00147 0.005327 0.003528 -0.03163 -0.01801 -0.009191
1305031798.649358 0.002269 0.007783 0.002266 -0.0253 -0.01955 -0.01137
1305031798.681151 0.002325 0.01032 0.0008802 -0.02522 -0.01969 -0.01618
1305031798.717510 0.00152 0.01017 0.001618 -0.02855 -0.02025 -0.01586
1305031798.749406 0.0005632 0.009315 0.003203 -0.02949 -0.01623 -0.01155
1305031798.781065 0.001056 0.008574 0.003256 -0.0297 -0.01394 -0.001255
1305031798.816637 0.001868 0.00827 0.002656 -0.03335 -0.01479 0.001127
1305031798.849096 0.001501 0.00792 0.006259 -0.03152 -0.0143 -0.0007742
1305031798.881162 0.0003305 0.009336 0.003066 -0.02737 -0.01028 0.0006875
1305031798.916729 0.0009487 0.01026 0.004724 -0.02275 -0.005347 0.004411
1305031798.949081 0.002124 0.009186 0.005036 -0.0193 -0.006076 0.005164
1305031798.981161 -0.001346 0.002511 0.001748 -0.02224 -0.006229 0.001989
1305031799.016404 0.001474 0.01068 0.004594 -0.02179 -0.006452 0.00435
1305031799.049074 0.0007279 0.005317 0.007198 -0.0182 -0.01015 0.009397
1305031799.084199 -0.00127 0.004556 0.00539 -0.01401 -0.01248 0.009276
1305031799.116265 -0.002354 0.007096 0.004399 -0.01003 -0.01216 0.006406
1305031799.149115 -0.002962 0.003032 0.004998 -0.009757 -0.01113 0.005325
1305031799.184118 -0.003154 0.002273 0.006054 -0.005847 -0.009074 -0.002644
1305031799.216310 -0.004101 0.005655 0.006146 0.001171 -0.006719 -0.00441
1305031799.249363 -0.005964 0.002732 0.002459 0.003103 -0.006749 0.001268
1305031799.282103 -0.004506 0.0009746 0.005204 0.002148 -0.01033 0.002353
1305031799.317034 -0.005783 0.00269 0.004018 0.005533 -0.01138 0.003212
1305031799.349113 -0.005956 -0.001529 0.002745 0.00344 -0.01195 0.004578
1305031799.385805 -0.003813 -2.233e-05 0.009226 0.006355 -0.01227 -0.001136
1305031799.417024 -0.004931 0.0009258 0.008523 0.0134 -0.008461 -0.002216
1305031799.449387 -0.004954 -0.002596 0.006519 0.01979 -0.005789 0.002968
1305031799.485240 -0.006064 -0.004071 0.001898 0.0243 -0.006012 0.00371
1305031799.517013 -0.006592 -0.004418 0.001117 0.02498 -0.005872 0.002227
1305031799.549017 -0.005324 -0.006514 0.002922 0.02677 -0.005882 0.003303
1305031799.581367 -0.005094 -0.006241 0.001427 0.03009 -0.005947 0.002223
1305031799.617168 -0.00525 -0.005525 0.0005665 0.02873 -0.004744 -4.525e-05
1305031799.649389 -0.004625 -0.007888 0.0005962 0.02706 -0.003973 -0.002319
1305031799.685205 -0.003797 -0.009927 0.001053 0.03046 -0.00296 -0.0019
1305031799.717255 -0.004122 -0.007903 -0.001147 0.03327 -0.00174 -0.0002761
1305031799.749314 -0.003943 -0.007977 -0.0007597 0.02913 -0.001591 -0.004425
1305031799.785009 -0.003529 -0.008823 -0.0001694 0.03076 -0.0009664 -0.005602
1305031799.814635 -0.003403 -0.0103 -0.00187 0.03282 -0.0003788 -0.003095
1305031799.849541 -0.003672 -0.009655 -0.002452 0.03155 -0.001142 -0.005833
1305031799.885152 -0.00446 -0.007013 -0.002657 0.0324 -0.0008589 -0.004022
1305031799.916936 -0.003676 -0.01006 -0.003323 0.03392 -0.002714 0.002397
1305031799.949274 -0.003087 -0.009068 -0.003984 0.03479 -0.005665 -0.003132
1305031799.985247 -0.002848 -0.008447 -0.003189 0.03335 -0.003102 -0.007322
1305031800.017563 -0.003602 -0.008802 -0.004221 0.0347 -0.0006621 -0.00394
1305031800.049417 -0.003167 -0.008194 -0.005235 0.0343 -0.00164 -0.003456
1305031800.085021 -0.00359 -0.009887 -0.005162 0.03192 -0.002171 -0.00346
1305031800.117100 -0.004127 -0.009571 -0.005874 0.03236 -0.004432 0.000319
1305031800.149417 -0.003656 -0.004362 -0.006067 0.03208 -0.009807 0.001875
1305031800.185371 -0.002993 -0.007867 -0.003775 0.02822 -0.01294 -0.004157
1305031800.217463 -0.002212 -0.01092 -0.00433 0.03173 -0.009562 -0.007451
1305031800.249365 -0.002138 -0.009099 -0.005853 0.03712 -0.005237 -0.006527
1305031800.285564 -0.003205 -0.007036 -0.006451 0.03572 -0.004234 -0.002565
1305031800.317620 -0.004021 -0.005244 -0.006188 0.03536 -0.006634 -0.003333
1305031800.353543 -0.002896 -0.006167 -0.006594 0.03468 -0.009504 -0.006973
1305031800.386097 -0.002062 -0.005412 -0.006988 0.03451 -0.01012 -0.005404
1305031800.417248 -0.002727 -0.004698 -0.006425 0.03304 -0.008702 -0.007023
1305031800.453733 -0.002346 -0.004052 -0.006362 0.03331 -0.00879 -0.009451
1305031800.485544 -0.001679 -0.003468 -0.006374 0.03004 -0.007876 -0.009878
1305031800.517718 -0.0008704 -0.003245 -0.007077 0.02907 -0.006991 -0.01187
1305031800.553322 -0.001874 -0.001223 -0.005647 0.0289 -0.006756 -0.01062
1305031800.585471 -0.001179 -0.0009146 -0.005814 0.02519 -0.008721 -0.007714
1305031800.617797 -0.001458 -0.0009639 -0.003852 0.02397 -0.009111 -0.005852
1305031800.653606 0.001784 -0.0001933 -0.007696 0.0245 -0.008268 -0.004775
1305031800.685391 0.001188 0.0001855 -0.006207 0.02224 -0.005699 -0.007332
1305031800.713928 0.001093 0.0005574 -0.005786 0.02018 -0.004812 -0.009498
1305031800.753142 0.00413 0.002181 -0.009868 0.01658 -0.005129 -0.008865
1305031800.784048 0.004832 0.004751 -0.01001 0.01133 -0.007265 -0.01283
1305031800.816073 0.008807 0.01149 -0.0149 0.005124 -0.01015 -0.01172
1305031800.853902 0.01036 0.009923 -0.01091 -0.007806 -0.01228 -0.0114
1305031800.885387 0.006459 0.00604 -0.002678 -0.02028 -0.01239 -0.01425
1305031800.917407 0.007645 0.007096 -0.00411 -0.02224 -0.01133 -0.01425
1305031800.953310 0.01008 0.007742 -0.004987 -0.03597 -0.01184 -0.01466
1305031800.985456 -0.0003151 0.003827 0.008437 -0.05287 -0.009583 -0.01434
1305031801.017245 -0.001713 0.01114 0.006279 -0.04446 -0.01295 -0.01386
1305031801.053185 0.00652 0.007423 0.003324 -0.05206 -0.01875 -0.01045
1305031801.085451 -0.00285 0.009067 0.007571 -0.05325 -0.01232 -0.01028
1305031801.118492 -0.0007651 0.008405 0.00692 -0.04542 -0.01536 -0.004672
1305031801.149531 0.002241 0.01236 0.004931 -0.0486 -0.01969 -0.001665
1305031801.183861 0.0024 0.01086 0.005859 -0.05284 -0.01999 -0.004377
1305031801.213116 0.0006059 0.01028 0.005412 -0.0516 -0.01819 -0.007466
1305031801.253716 0.002279 0.009 0.004295 -0.04652 -0.01476 -0.007643
1305031801.285330 -0.0004614 0.01643 0.004504 -0.04023 -0.009926 -0.003985
1305031801.317991 0.005238 0.01221 0.006328 -0.03967 -0.01173 -0.002797
1305031801.353056 0.00398 0.02241 0.00927 -0.03174 -0.0117 -0.004721
1305031801.385161 -3.842e-05 0.01539 0.0064 -0.03192 -0.009059 -0.003358
1305031801.417254 0.001809 0.01514 0.00571 -0.02983 -0.006806 -0.00266
1305031801.453669 0.0001987 0.01252 0.005371 -0.02959 -0.005581 -0.001715
1305031801.485339 -0.0005195 0.006633 0.002855 -0.0327 -0.003975 -0.00516
1305031801.521102 0.000248 0.01842 0.006672 -0.02847 -0.001138 -0.004568
1305031801.550360 -0.0005935 0.004139 0.00338 -0.03296 0.000683 -0.00168
1305031801.585121 0.0007665 0.0128 0.004544 -0.03 2.336e-05 -0.00162
1305031801.621195 -0.0008676 0.007388 0.002883 -0.03519 -0.0003648 -0.003728
1305031801.653120 -0.0004563 0.01331 0.004492 -0.0367 -0.0008053 -0.003774
1305031801.685203 -0.0007041 0.008845 0.003952 -0.04065 -0.0003435 -0.0008638
1305031801.721817 -0.0009857 0.01045 0.004224 -0.03938 -0.001642 0.0006038
1305031801.752480 -0.001547 0.009021 0.004359 -0.03967 -0.0005333 -0.001338
1305031801.785174 -0.003039 0.0003838 0.003183 -0.03945 -0.0007221 0.004206
1305031801.821418 -0.002954 0.007279 0.002908 -0.03341 -0.005833 0.00613
1305031801.851002 -0.002293 0.008082 0.003408 -0.03518 -0.005951 -0.003069
1305031801.885576 -0.001146 0.008297 0.004133 -0.0334 -0.004469 -0.0006188
1305031801.921443 -0.001087 0.003024 0.004781 -0.02858 -0.002458 -0.003393
1305031801.953529 -0.001681 0.007065 0.003344 -0.02242 0.001691 -0.003617
1305031801.985177 -0.004125 0.004803 0.0008043 -0.01999 0.003335 -0.005279
1305031802.019635 -0.007283 0.005629 -0.0008372 -0.02064 0.002939 -0.009779
1305031802.053378 -0.007705 0.001021 -0.0003688 -0.02246 -0.0004887 -0.004778
1305031802.085024 -0.009969 0.005299 -0.002786 -0.02324 -0.004042 -0.002986
1305031802.121330 -0.005015 0.003138 0.001005 -0.02886 -0.009972 0.003675
1305031802.153489 -0.003147 -0.002427 0.003961 -0.02884 -0.01587 0.003762
1305031802.184636 -0.0004909 0.0009894 0.003305 -0.01712 -0.01794 0.002253
1305031802.219761 -0.002599 -0.001851 0.002303 -0.01031 -0.01706 0.003489
1305031802.253164 -0.0005213 -0.0006083 0.003386 -0.00454 -0.02029 0.0001866
1305031802.285391 -0.0007466 0.000757 0.002882 0.002802 -0.01807 -0.001744
1305031802.321380 -0.0006349 0.001499 0.0007865 0.009656 -0.01348 0.0004187
1305031802.355076 -0.001607 0.0009965 -0.004864 0.01091 -0.01269 0.005383
1305031802.385226 -0.002049 -0.000184 -0.003709 0.003874 -0.01499 0.00287
1305031802.421369 -0.00174 -0.00368 0.003447 0.005025 -0.0137 0.002066
1305031802.449744 -0.001038 -0.002686 -0.001178 0.01056 -0.01285 0.004777
1305031802.485287 -0.0007972 -0.004454 -0.001066 0.00837 -0.01049 0.002317
1305031802.521528 -0.002193 -0.01039 0.003269 0.01236 -0.008633 0.001542
1305031802.553670 -0.00171 -0.007274 -0.000113 0.0256 -0.009263 0.007899
1305031802.585495 -0.0006912 -0.008365 -0.001335 0.02812 -0.01145 0.009122
1305031802.621110 -0.001625 -0.02275 0.002425 0.03151 -0.01323 0.008789
1305031802.651419 0.001216 -0.01173 -0.003716 0.05048 -0.01845 0.01072
1305031802.685525 0.002056 -0.006662 -0.004032 0.05072 -0.01529 0.003584
1305031802.721569 0.0006076 -0.01259 -0.004269 0.04546 -0.00872 0.005884
1305031802.751107 -0.002878 -0.01218 -0.006631 0.04942 -0.008379 0.006706
1305031802.781462 0.002288 -0.004632 -0.01017 0.0498 -0.01346 0.00343
1305031802.821775 0.001724 -0.01044 -0.009437 0.0398 -0.0181 0.0005552
1305031802.853834 -0.0004922 -0.01171 -0.007312 0.03749 -0.01895 -0.007256
1305031802.881495 -0.00287 -0.01555 -0.007147 0.03346 -0.01567 -0.007777
1305031802.921541 -0.0003217 -0.01113 -0.009236 0.03196 -0.01626 -0.002219
1305031802.954816 0.001924 -0.007801 -0.009447 0.02928 -0.02069 -0.001896
1305031802.981472 0.001507 -0.006925 -0.009005 0.02754 -0.02456 -0.002868
1305031803.021892 0.0001268 -0.009325 -0.006244 0.02585 -0.02612 -0.004235
1305031803.053848 0.001648 -0.008679 -0.006371 0.0263 -0.02515 -0.007435
1305031803.081564 0.002733 -0.006518 -0.005684 0.02435 -0.02397 -0.01236
1305031803.122150 0.002477 -0.002897 -0.001715 0.02691 -0.02319 -0.01049
1305031803.153726 0.003673 -0.005477 -0.005451 0.02878 -0.02305 -0.009456
1305031803.181556 0.002006 -0.004976 -0.007698 0.02574 -0.02092 -0.01346
1305031803.222085 0.0004224 -0.002724 0.003591 0.02681 -0.01941 -0.0112
1305031803.253820 -0.0003292 -0.006658 -0.003457 0.02687 -0.01932 -0.00963
1305031803.281525 0.0009989 -0.006807 -0.005514 0.02359 -0.01969 -0.01117
1305031803.317577 0.0009549 -0.006049 -0.00266 0.02401 -0.01844 -0.009071
1305031803.353814 0.001027 -0.006698 -0.003238 0.02523 -0.01744 -0.009777
1305031803.381500 0.001406 -0.005266 -0.002718 0.02539 -0.01523 -0.01278
1305031803.421407 -0.000307 -0.004159 -0.002622 0.0215 -0.01236 -0.01134
1305031803.449877 -0.0002631 -0.004308 -0.001818 0.01956 -0.01314 -0.007886
1305031803.481465 0.0002015 -0.003828 -0.0009955 0.01981 -0.01389 -0.01096
1305031803.517799 -0.00134 -0.002824 -0.002138 0.02015 -0.01118 -0.0121
1305031803.553155 -2.605e-05 -0.003869 0.001145 0.01692 -0.00986 -0.01029
1305031803.581589 -0.0005987 -0.003248 -0.001249 0.01743 -0.006624 -0.01124
1305031803.617751 -0.002038 -0.002641 -0.001923 0.01903 -0.002459 -0.006102
1305031803.655171 -0.003227 -0.002124 -0.002399 0.02136 -0.003462 -0.002369
1305031803.681398 -0.002606 -0.00252 -0.001706 0.01985 -0.007645 -0.003749
1305031803.721616 0.0006689 -0.001975 0.0002573 0.02292 -0.007402 -0.007547
1305031803.753975 0.0002113 -0.001842 0.0001493 0.03065 -0.00112 -0.005928
1305031803.781407 -0.004345 -0.002424 -0.003858 0.03003 0.002232 -0.003499
1305031803.822206 -0.001565 -0.003126 -0.001414 0.02794 0.0005486 -0.004848
1305031803.854255 -0.00407 0.0009039 -0.005968 0.0348 0.003086 -0.003875
1305031803.881449 -0.002541 -0.004495 -0.0003459 0.03075 -0.000571 0.001474
1305031803.922274 -0.001701 -0.004267 -9.247e-05 0.02944 -0.001822 -0.0009923
1305031803.953868 -0.001854 0.00148 -0.006366 0.03457 0.0001367 -0.006266
1305031803.981401 -0.001797 -0.001725 -0.004648 0.03209 0.002506 -0.005346
1305031804.021970 -0.003949 -0.00633 -0.004104 0.02663 0.003796 -0.003098
1305031804.049573 -0.003888 -0.005422 -0.004905 0.02726 0.003031 -0.004862
1305031804.081462 -0.002027 -0.007825 -0.005866 0.02279 0.0005255 -6.988e-05
1305031804.121789 -0.001007 -0.007293 -0.002734 0.01726 -0.001657 -0.001314
1305031804.149358 -0.003066 -0.004915 -0.003412 0.01822 -0.00101 -0.005032
1305031804.181425 -0.00156 -0.001351 -0.007019 0.01568 -0.0001368 -0.005165
1305031804.221921 0.0008908 -0.0004361 -0.00699 0.006251 -0.001989 -0.00699
1305031804.249373 -0.00132 0.0004652 -0.002729 -0.0008801 -0.002805 -0.009547
1305031804.281501 0.00158 0.007 -0.004442 -0.005459 -0.004039 -0.00991
1305031804.321896 -0.000917 0.008531 -0.001981 -0.01504 -0.0006599 -0.006482
1305031804.349404 -0.0006196 0.007039 0.002537 -0.02542 -0.00157 -0.006968
1305031804.381556 -0.001933 0.009416 0.004525 -0.03136 -0.003469 -0.005136
1305031804.420328 -0.001156 0.009947 0.006276 -0.03677 -0.007109 -0.005863
1305031804.449409 0.003044 0.006602 0.01466 -0.04532 -0.01224 -0.0003062
1305031804.481461 0.003801 0.007409 0.0143 -0.04374 -0.01338 -0.003754
1305031804.520303 -0.0001378 0.008029 0.00817 -0.04532 -0.009898 -0.001447
1305031804.549408 0.002748 0.006987 0.0141 -0.04625 -0.01141 0.0007681
1305031804.581465 0.001669 0.006965 0.01188 -0.04533 -0.01187 0.001102
1305031804.620866 0.003619 0.009462 0.01489 -0.04157 -0.01265 0.000749
1305031804.649383 0.001836 0.008774 0.01132 -0.04168 -0.01186 0.003977
1305031804.681565 3.839e-05 0.01297 0.01157 -0.04022 -0.01363 0.0007534
1305031804.721729 0.002161 0.01102 0.009192 -0.04657 -0.01796 0.002268
1305031804.749416 -0.001355 0.01194 0.004572 -0.04894 -0.01571 0.002417
1305031804.781659 -0.0002907 0.01111 0.003543 -0.05325 -0.01718 0.004687
1305031804.821911 0.001358 0.008915 0.005686 -0.05707 -0.02033 0.004067
1305031804.849385 -0.003931 0.008912 -0.003054 -0.05856 -0.01954 0.0007374
1305031804.881471 0.007759 0.009993 0.007378 -0.05531 -0.02385 0.001655
1305031804.921921 0.007602 0.01069 0.003717 -0.04731 -0.01923 -0.002254
1305031804.949441 0.002743 0.007017 0.002233 -0.04238 -0.01189 -0.003457
1305031804.981491 0.005062 0.01323 0.001802 -0.03595 -0.01143 -0.003065
1305031805.021242 0.00685 0.01167 0.001189 -0.03753 -0.01287 -0.009303
1305031805.049231 0.004587 0.01326 0.0006389 -0.03257 -0.01142 -0.0129
1305031805.081417 0.008042 0.01131 0.0003175 -0.03056 -0.01061 -0.009247
1305031805.120785 0.006508 0.0109 0.0001976 -0.0293 -0.006313 -0.01132
1305031805.149367 0.005772 0.0106 0.001041 -0.02576 -0.005334 -0.009172
1305031805.181532 0.006442 0.01139 -0.0003014 -0.0207 -0.005811 -0.004153
1305031805.217403 0.00629 0.007869 0.0004319 -0.02233 -0.007671 -0.003571
1305031805.249372 0.007579 0.009739 0.001314 -0.02075 -0.008573 -0.007045
1305031805.281451 0.0005254 0.008757 0.001195 -0.019 -0.005557 -0.004445
1305031805.317464 0.00316 0.01176 0.002498 -0.02208 -0.01153 0.004726
1305031805.349450 0.005613 0.008607 0.0004928 -0.02873 -0.0182 0.002571
1305031805.381600 0.005623 0.0003862 0.0004073 -0.0366 -0.01761 -0.001494
1305031805.417337 -0.001899 0.009348 0.002975 -0.03316 -0.01236 -0.0005141
1305031805.449399 -0.007317 0.003732 0.001211 -0.03763 -0.009492 0.007405
1305031805.481531 -0.01053 0.001264 0.003057 -0.03927 -0.01107 0.01165
1305031805.517400 4.001e-05 0.003905 0.003777 -0.04276 -0.01411 0.008486
1305031805.549419 0.00242 0.01146 0.008722 -0.03215 -0.01384 0.006234
1305031805.581456 0.001155 -0.005382 -0.003404 -0.03596 -0.01098 0.007925
1305031805.617604 0.01218 0.0315 0.01424 -0.01492 -0.01104 0.0001839
1305031805.649369 0.01923 0.002691 0.01346 -0.0119 -0.01612 0.0003854
1305031805.681431 0.01285 0.01238 0.01081 -0.002547 -0.01377 -0.005453
1305031805.717375 0.01189 0.03724 0.01013 0.01912 -0.01247 -0.006314
1305031805.749402 -0.0006693 0.01102 0.001558 0.02406 -0.008318 -0.00579
1305031805.781456 -0.0004304 0.03439 -0.0004172 0.04582 -0.006333 -0.01122
1305031805.817409 -0.003009 0.01399 -0.002278 0.06157 -0.005301 -0.009216
1305031805.849383 -0.00493 -0.03917 -0.006531 0.04958 -0.005179 -0.008448
1305031805.881469 -0.003521 -0.009705 -0.00662 0.04566 -0.001384 -0.006993
1305031805.917405 -0.00982 -0.003228 -0.01161 0.04527 -0.002295 -0.006323
1305031805.949380 -0.0004649 0.01064 -0.003769 0.04293 -0.005172 -0.009647
1305031805.981495 -0.01177 0.002588 -0.009203 0.04168 -0.002801 -0.006319
1305031806.017424 -0.01134 -0.00447 -0.009607 0.03587 -0.007522 -0.003294
1305031806.049372 -0.01078 -0.001665 -0.007798 0.03365 -0.01103 -0.004269
1305031806.081522 -0.008645 -0.003182 -0.004725 0.02827 -0.01356 -0.0007332
1305031806.117332 -0.004978 -0.01045 -0.002079 0.02793 -0.01619 0.003003
1305031806.149389 -0.004054 -0.01094 -0.003086 0.02915 -0.01603 -0.002437
1305031806.181476 -0.002645 -0.01162 -0.002158 0.03221 -0.01428 -0.002326
1305031806.217460 -0.004214 -0.01095 -0.003196 0.03755 -0.01147 -0.0002738
1305031806.249441 -0.01008 -0.003606 -0.006564 0.03829 -0.008946 -0.0001093
1305031806.281505 -0.004154 -0.01355 -0.00331 0.03213 -0.01307 0.003975
1305031806.317554 -0.002258 -0.009077 -0.004231 0.03518 -0.01352 -0.003949
1305031806.349431 -0.002825 -0.009971 -0.004894 0.03483 -0.009902 -0.004657
1305031806.381481 -0.004096 -0.009856 -0.005368 0.03723 -0.00704 -0.004193
1305031806.417443 -0.006315 -0.003753 -0.006014 0.0393 -0.005175 -0.009824
1305031806.449379 -0.007548 -0.00427 -0.00611 0.02928 -0.004613 -0.006015
1305031806.481355 -0.00846 -0.01297 -0.005657 0.0211 -0.01021 0.00357
1305031806.517514 -0.002902 -0.008646 -0.004956 0.02568 -0.0184 -0.002761
1305031806.549401 -0.002214 -0.0122 -0.004706 0.02515 -0.01341 -0.008259
1305031806.581728 -0.006239 -0.01084 -0.006012 0.03154 -0.007863 -0.002984
1305031806.617478 -0.006274 -0.005132 -0.005961 0.03536 -0.008742 -0.003496
1305031806.649416 -0.004959 -0.005033 -0.004561 0.03222 -0.01066 -0.01046
1305031806.681381 -0.002087 -0.005517 -0.004839 0.03159 -0.009498 -0.01416
1305031806.717432 -0.002895 -0.004573 -0.004477 0.03136 -0.003282 -0.01394
1305031806.749457 -0.002511 -0.004366 -0.004192 0.0304 -0.0001259 -0.01408
1305031806.781564 -0.004882 -0.004482 -0.004935 0.02658 0.003096 -0.01157
1305031806.817410 -0.005766 -0.00415 -0.005091 0.0241 -0.001412 -0.009051
1305031806.849447 -0.002308 -0.006188 -0.004909 0.02359 -0.009289 -0.007356
1305031806.881395 -0.001577 -0.00198 -0.005169 0.02676 -0.007382 -0.007474
1305031806.917809 -0.001319 -0.00256 -0.003839 0.02507 -0.005736 -0.01161
1305031806.949486 -5.96e-05 -0.001417 -0.004125 0.02795 -0.004122 -0.01314
1305031806.981465 -0.0005786 -0.003541 -0.005279 0.02176 -0.004234 -0.01043
1305031807.017431 4.367e-05 -0.003224 -0.004725 0.01873 -0.007095 -0.01053
1305031807.049424 0.0006038 -0.001303 -0.003095 0.01804 -0.008091 -0.01188
1305031807.081512 0.001336 -0.002351 -0.003591 0.01467 -0.007656 -0.01169
1305031807.117436 0.002108 -0.0024 -0.004113 0.00933 -0.009106 -0.01183
1305031807.149381 0.001072 -0.002695 -0.003868 0.002931 -0.008838 -0.01307
1305031807.181430 0.002164 -0.001321 -0.002997 -0.0002684 -0.009719 -0.01354
1305031807.217449 0.002686 0.0001671 -0.002575 -0.001299 -0.01115 -0.01466
1305031807.249425 0.004368 0.001417 -0.003912 -0.007091 -0.01411 -0.01571
1305031807.281519 0.003875 0.003156 -0.001901 -0.01153 -0.01632 -0.01751
1305031807.317449 0.003223 0.005333 -0.002865 -0.01751 -0.01498 -0.02149
1305031807.349398 0.004032 0.004826 0.001505 -0.02537 -0.01422 -0.01841
1305031807.381439 0.00353 0.005011 0.002166 -0.02744 -0.01391 -0.01609
1305031807.417438 0.004859 0.002619 0.0002483 -0.03906 -0.01801 -0.01796
1305031807.449510 0.002606 0.006912 6.395e-05 -0.05126 -0.0182 -0.01899
1305031807.481516 0.001429 0.002608 0.004696 -0.06572 -0.02112 -0.01353
1305031807.517475 0.005969 -0.001496 0.006884 -0.06822 -0.02662 -0.006925
1305031807.549397 0.0005128 0.003789 0.002985 -0.05188 -0.02007 -0.009691
1305031807.581447 0.0009834 0.01168 0.003385 -0.04675 -0.02252 -0.01126
1305031807.617576 0.006223 -0.000776 0.006476 -0.05395 -0.02671 -0.009181
1305031807.649399 0.005293 0.007844 0.003926 -0.03834 -0.02047 -0.006602
1305031807.681493 0.003314 0.01557 0.004113 -0.03574 -0.01534 -0.006055
1305031807.717426 0.001603 0.004786 0.006458 -0.05008 -0.01516 -0.00971
1305031807.749401 0.004439 0.008922 0.004783 -0.04079 -0.01828 -0.006909
1305031807.781497 0.006062 0.009544 0.006256 -0.04258 -0.01481 -0.01003
1305031807.817444 0.00344 0.006596 0.00684 -0.04304 -0.007316 -0.008975
1305031807.849449 -0.0008129 0.007018 0.006111 -0.03717 -0.005425 -0.004161
1305031807.881470 0.002035 0.01082 0.005355 -0.03235 -0.009129 -0.003094
1305031807.917395 0.0009496 0.01039 0.005149 -0.03346 -0.007446 -0.004317
1305031807.949413 0.001837 0.0103 0.005363 -0.0343 -0.005966 -0.003508
1305031807.981324 0.0009291 0.00939 0.005846 -0.03365 -0.003077 -0.005734
1305031808.017397 -0.0003835 0.009859 0.004818 -0.03312 -0.001555 -0.007963
1305031808.049392 0.0006326 0.01334 0.005637 -0.03259 -0.001124 -0.008821
1305031808.081430 -0.00158 0.01091 0.006311 -0.03568 0.00176 -0.005073
1305031808.117668 -0.001327 0.01249 0.005622 -0.03472 0.001117 -0.00282
1305031808.149433 -0.00224 0.01507 0.005927 -0.03565 0.0007764 -0.003021
1305031808.181601 -0.0009728 0.01276 0.006793 -0.04111 0.0009403 -0.0009597
1305031808.217427 0.0004527 0.009675 0.006906 -0.03622 0.002213 -0.0007886
1305031808.249410 0.0007492 0.009929 0.005187 -0.02798 0.005523 -0.002478
1305031808.281466 -0.005072 0.01522 0.004942 -0.0258 0.007331 0.0004043
1305031808.317395 -0.00214 0.01873 0.006294 -0.02935 0.001533 0.0008983
1305031808.349431 -0.0009334 0.009759 0.006276 -0.03141 7.887e-05 -0.001847
1305031808.381824 -0.002786 0.002369 0.006274 -0.03084 0.002779 -2.463e-05
1305031808.417419 -0.003242 0.0151 0.006555 -0.02365 0.002749 0.002956
1305031808.449356 -0.001907 0.01244 0.004083 -0.02549 -0.002816 -0.0003655
1305031808.481442 0.0005812 0.004919 0.003476 -0.03016 -0.005741 -0.002168
1305031808.517409 -0.0003927 0.00912 0.007198 -0.02441 -0.002185 -0.002756
1305031808.549430 -0.005416 0.006495 0.005355 -0.02227 0.00109 -0.003573
1305031808.581470 -0.005004 0.01271 0.004856 -0.02197 -0.004459 -0.0008488
1305031808.617470 -0.002119 -7.001e-05 0.006029 -0.0272 -0.01489 -0.0005691
1305031808.649371 -0.0102 0.01111 0.01053 -0.02026 -0.01655 0.002855
1305031808.681415 0.006187 -0.0005114 0.005781 -0.02106 -0.01781 0.003209
1305031808.717501 -0.007086 0.006606 0.0052 -0.01587 -0.01073 0.007025
1305031808.749404 -0.00277 -0.001903 -0.0005268 -0.01767 -0.01796 0.009849
1305031808.781467 0.005962 -0.002963 0.003 -0.01942 -0.0262 0.009944
1305031808.817546 0.02151 -0.0003461 0.001804 -0.01339 -0.0329 0.006611
1305031808.849389 0.000267 0.0062 0.008891 0.002502 -0.02448 0.006324
1305031808.881454 0.03206 -0.006322 0.01097 0.0074 -0.0325 0.007964
1305031808.917405 0.002239 0.009735 0.00286 0.02267 -0.02045 0.005719
1305031808.949458 0.01306 -0.004655 0.005609 0.03038 -0.0207 0.01056
1305031808.981550 0.01062 -0.01465 0.004017 0.03219 -0.01929 0.004441
1305031809.017420 -0.005086 -0.004695 -0.000512 0.03668 -0.01282 0.0009571
1305031809.049495 -0.02304 0.00157 -0.01098 0.03818 -0.008205 0.002534
1305031809.081521 -0.001875 -0.01489 -0.006124 0.02971 -0.01586 0.005752
1305031809.117517 -0.01701 0.01827 -0.016 0.03436 -0.0153 0.005192
1305031809.149422 -0.002846 0.005366 -0.002818 0.03235 -0.02282 0.00446
1305031809.181454 0.003514 -0.005313 0.0009984 0.03171 -0.02196 -0.00224
1305031809.217451 -0.0003876 -0.006376 0.001937 0.0313 -0.01764 -0.004743
1305031809.249425 0.00219 -0.007109 0.003102 0.03378 -0.01554 -0.004969
1305031809.281664 0.001949 -0.005193 -0.002298 0.03813 -0.01664 -0.004726
1305031809.317409 0.0003797 -0.005528 -0.007695 0.0343 -0.01424 -0.005692
1305031809.349286 0.001259 0.001061 0.001433 0.03397 -0.01186 -0.003676
1305031809.381405 0.003504 -0.003405 0.001756 0.03314 -0.0115 -0.001797
1305031809.417304 0.004846 -0.002904 -0.001049 0.03326 -0.008091 -0.001354
1305031809.449429 0.003495 -0.001323 -0.001897 0.02976 -0.00672 -0.0004974
1305031809.481493 0.00509 -0.002564 -0.0004163 0.02678 -0.00684 -0.005942
1305031809.517383 0.002839 -0.006301 -0.0002427 0.02352 -0.003287 -0.006227
1305031809.549381 0.001897 -0.005694 -0.0004304 0.02342 -0.003123 -0.0004902
1305031809.581443 0.002068 -0.004118 -0.001172 0.02392 -0.004548 0.003026
1305031809.617447 0.003433 -0.00371 -0.001826 0.02061 -0.00803 0.00255
1305031809.649447 0.003449 -0.005194 0.001132 0.01835 -0.007554 0.001426
1305031809.681564 0.003239 -0.006791 0.0002981 0.01997 -0.006237 -0.000853
1305031809.717482 0.003253 -0.005234 -7.707e-05 0.02195 -0.005197 -0.002254
1305031809.749405 0.001207 -0.006557 -0.001198 0.02159 -0.003362 -0.002495
1305031809.781560 0.0006292 -0.005408 -0.001714 0.0227 -0.004789 -0.00521
1305031809.817472 0.0007576 -0.006253 -0.0006313 0.02268 -0.006169 -0.006586
1305031809.849358 -0.0001597 -0.006409 -0.001383 0.02315 -0.005509 -0.003075
1305031809.881617 -0.001057 -0.00529 -0.002707 0.02395 -0.007518 -0.002108
1305031809.917383 -0.0006565 -0.005409 -0.00158 0.02258 -0.0103 -0.002945
1305031809.949442 -5.264e-05 -0.00538 -0.0007975 0.02274 -0.01021 -0.00347
1305031809.981453 -0.0008311 -0.005913 -0.0006457 0.02382 -0.008956 -0.004204
1305031810.017406 -0.001052 -0.004817 -0.001589 0.02636 -0.007846 -0.00388
1305031810.049474 -0.001785 -0.003099 -0.002837 0.02252 -0.007921 -0.003921
1305031810.081517 -0.00258 -0.005146 -0.0001198 0.01972 -0.008756 -0.00629
1305031810.117406 -0.00233 -0.005064 -5.381e-05 0.02067 -0.007187 -0.00443
1305031810.149419 -0.004613 -0.004392 -0.001042 0.02135 -0.006762 0.0008653
1305031810.181557 -0.002475 -0.002849 -0.001379 0.01937 -0.01105 -1.916e-05
1305031810.217391 -0.004198 -0.004683 0.002461 0.01816 -0.00938 -0.001467
1305031810.249478 -0.004355 -0.005066 0.001872 0.0214 -0.007553 0.0008482
1305031810.281498 -0.003657 -0.003297 0.001074 0.02735 -0.006204 0.003954
1305031810.317488 -0.001977 -0.001668 -0.002697 0.0243 -0.006647 0.003142
1305031810.349482 -0.004145 -0.003483 -0.001653 0.01932 -0.006368 -0.003803
1305031810.381463 -0.005942 -0.004225 5.362e-05 0.0198 -0.003645 -0.008622
1305031810.417445 -0.006831 -0.002955 0.001147 0.02301 -0.00111 -0.006109
1305031810.449427 -0.007934 -0.003038 0.001314 0.02529 -3.15e-05 -0.002279
1305031810.481449 -0.006236 -0.00321 -0.002064 0.02874 -0.002735 -0.003169
1305031810.517384 -0.003371 -0.001848 -0.003919 0.02462 -0.00827 -0.00523
1305031810.549512 -0.007667 -0.003667 0.001202 0.02051 -0.007856 -0.005323
1305031810.585416 -0.003785 -0.003766 -0.004062 0.02022 -0.01058 -0.006096
1305031810.617391 -0.003533 -0.003711 -0.004527 0.01414 -0.009247 -0.0108
1305031810.649392 -0.002721 -0.000104 -0.007389 0.01077 -0.008367 -0.01149
1305031810.685423 -0.0024 0.002235 -0.006999 0.002925 -0.00956 -0.0131
1305031810.717449 -0.00342 0.004628 -0.006565 -0.003496 -0.01071 -0.01318
1305031810.749419 -0.004726 0.001773 -0.0008579 -0.01408 -0.01269 -0.01446
1305031810.785316 -0.002205 0.004518 -0.003971 -0.01566 -0.01307 -0.01214
1305031810.817385 -0.003485 0.006123 -0.0006176 -0.02208 -0.01377 -0.009115
1305031810.849415 -0.003381 0.006387 0.0009812 -0.02954 -0.01799 -0.008575
1305031810.885396 -0.007266 0.002725 0.00499 -0.03345 -0.01729 -0.01016
1305031810.917724 -0.001305 0.003729 0.0005302 -0.02957 -0.01658 -0.008584
1305031810.949471 0.00612 0.005478 -0.002625 -0.0386 -0.01941 -0.009165
1305031810.985423 -0.01441 0.004721 0.01134 -0.04432 -0.01232 -0.01335
1305031811.017436 -0.005155 0.001818 0.007577 -0.03265 -0.01437 -0.014
1305031811.049445 -0.0002529 0.006021 0.002725 -0.02907 -0.01099 -0.01064
1305031811.085404 0.00027 0.00274 0.004961 -0.03948 -0.01097 -0.01088
1305031811.117449 -0.02134 0.007829 0.0119 -0.03161 -0.004628 -0.01221
1305031811.149652 -0.002207 0.004424 0.004688 -0.02253 -0.01188 -0.006971
1305031811.185423 0.0003251 0.005065 0.004469 -0.02467 -0.01156 -0.002975
1305031811.217448 -0.003782 0.00547 0.005228 -0.02713 -0.01133 -0.004458
1305031811.249459 -0.002599 0.004915 0.005086 -0.02592 -0.01598 -0.004951
1305031811.285401 0.002604 0.00597 0.00267 -0.02858 -0.01871 -0.005539
1305031811.317471 0.003222 0.00392 0.004376 -0.03589 -0.01894 -0.006874
1305031811.349438 0.0004917 0.009229 0.004468 -0.03685 -0.019 -0.009763
1305031811.385421 0.003672 0.001408 0.004883 -0.0409 -0.01529 -0.009664
1305031811.417400 0.002195 0.009861 0.004966 -0.03984 -0.01274 -0.006307
1305031811.449532 0.004672 0.006652 0.01021 -0.04097 -0.0153 -0.003185
1305031811.485413 0.001088 0.01173 0.005344 -0.03326 -0.01515 -0.004398
1305031811.517423 0.002699 -0.0006348 0.01002 -0.03316 -0.01645 -0.0003713
1305031811.549533 -0.001917 0.004369 0.003782 -0.02976 -0.014 -0.002037
1305031811.585347 0.0003818 0.001755 0.006368 -0.03371 -0.01428 -0.002524
1305031811.617439 -0.003495 -0.004348 0.005288 -0.03822 -0.0119 -0.01049
1305031811.649459 -0.01008 -0.002703 0.007557 -0.04028 -0.005239 -0.01134
1305031811.685432 -0.0106 0.0005087 0.008577 -0.03401 -0.001627 -0.009079
1305031811.717529 -0.008814 0.0008515 0.006198 -0.0338 -0.0004024 -0.008523
1305031811.749420 -0.003375 0.01251 0.007351 -0.02653 -0.002394 -0.005438
1305031811.785416 0.002885 0.006706 0.005553 -0.02606 -0.005325 -0.005662
1305031811.817440 -0.0006589 0.01076 0.00556 -0.0258 -0.005327 -0.007355
1305031811.849504 -0.001097 0.01591 0.006605 -0.0206 -0.0027 -0.00803
1305031811.885446 -0.0004898 0.01109 0.006159 -0.02203 -0.0006675 -0.004883
1305031811.917451 0.0001409 0.01178 0.005042 -0.02249 -0.001357 -0.00211
1305031811.949446 -0.001987 0.01128 0.004559 -0.0236 -0.002288 -0.0009327
1305031811.985433 -0.007148 0.02062 0.005267 -0.02204 -0.002605 -0.004053
1305031812.017466 0.007429 0.01133 0.005578 -0.02453 -0.007458 -0.005126
1305031812.049451 0.001825 0.0133 0.004403 -0.02107 -0.002954 -0.00339
1305031812.085454 -0.004508 0.01857 0.003968 -0.01896 -0.001129 -0.0008185
1305031812.117430 -0.009482 0.01456 0.004043 -0.02139 -0.002719 -0.000308
1305031812.149444 -0.005734 0.01992 0.0041 -0.02032 -0.008245 0.0001367
1305031812.185398 -0.003745 0.007753 0.004541 -0.02127 -0.006785 0.003076
1305031812.217575 0.006072 0.00389 0.00407 -0.02255 -0.01007 0.0008514
1305031812.249442 0.004182 -0.0012 0.00518 -0.02287 -0.01046 -0.005426
1305031812.285269 -0.002001 0.0009305 0.003095 -0.01297 -0.005833 -0.006331
1305031812.317439 -0.002308 0.005555 0.002275 -0.01151 -0.004683 -0.00271
1305031812.349628 0.005639 0.002627 0.004235 -0.01415 -0.01255 0.003876
1305031812.385430 0.006905 0.009654 0.002308 -0.01612 -0.02023 0.0039
1305031812.417396 -0.008914 -0.003282 0.006118 -0.02106 -0.01399 0.002963
1305031812.449401 -0.01491 -0.0007411 0.008907 -0.004842 -0.007593 0.007592
1305031812.485444 -0.01108 0.009869 0.00509 0.01216 -0.007961 0.009806
1305031812.517424 -0.006519 -0.002117 0.002686 0.01316 -0.009638 0.01101
1305031812.549479 0.002182 0.001191 0.003269 0.01664 -0.01475 0.01042
1305031812.585434 -0.01314 -0.0005843 0.004806 0.02456 -0.0106 0.008543
1305031812.617435 0.009667 -0.01945 0.01089 0.01787 -0.01484 0.01181
1305031812.649447 0.001847 -0.005383 0.002612 0.02324 -0.01455 0.009248
1305031812.685438 -0.006378 -0.009056 0.01311 0.02869 -0.01239 0.003555
1305031812.749493 -0.01095 -0.00568 0.01342 0.0651 -0.02156 0.005857
1305031812.785436 -0.005049 -0.002132 -0.001919 0.038 -0.009317 0.005063
1305031812.849411 0.0007754 -0.00569 -0.007676 0.07363 -0.02074 -0.003257
1305031812.885427 -0.004192 0.001988 -0.002647 0.03779 -0.008314 0.0002688
1305031812.949555 -0.005369 -0.01376 -0.007018 0.06766 -0.02108 -0.0006096
1305031812.985457 -0.002405 -0.01331 -0.004301 0.03517 -0.00929 -0.004378
1305031813.049489 -0.002293 -0.01878 -0.008786 0.07191 -0.01312 -0.00512
1305031813.085316 0.0008835 -0.006333 -0.004815 0.04036 -0.005638 -0.007511
1305031813.149429 -0.001271 -0.0154 -0.007736 0.07404 -0.001841 -0.01651
1305031813.185427 -0.0007349 -0.009466 -0.006559 0.03833 0.001112 -0.005746
1305031813.249435 0.003067 -0.01507 -0.008976 0.07045 0.004141 -0.0106
1305031813.285403 -0.00114 -0.007407 -0.005448 0.03365 0.002372 -0.003742
1305031813.349429 0.005276 -0.01743 -0.01055 0.06227 -0.008402 -0.003462
1305031813.385390 -0.0007083 -0.004819 -0.005085 0.03207 -0.00647 -0.005647
1305031813.417434 0.002701 -0.009812 -0.001434 0.02956 -0.009088 -0.004662
1305031813.449445 0.003062 -0.006804 0.00112 0.03672 -0.007701 -0.005524
1305031813.485393 -0.002436 -0.005 -0.005989 0.03834 -0.002931 -0.006762
1305031813.549456 -0.006213 -0.01398 -0.004669 0.06826 -0.009335 -0.004542
1305031813.585413 -0.0003727 -0.003892 -0.003735 0.03227 -0.008102 -0.001565
1305031813.617514 0.0007669 -0.006304 -0.002958 0.02678 -0.008097 -0.0002785
1305031813.649317 0.002395 -0.006765 -0.0005339 0.02602 -0.009758 -0.001276
1305031813.685390 0.003227 -0.00535 -0.001232 0.02733 -0.008241 -0.0009524
1305031813.717434 0.004618 -0.005729 0.0001695 0.02485 -0.00525 -0.0005197
1305031813.749460 0.006279 -0.007812 0.002077 0.02556 -0.004813 -0.0002089
1305031813.785473 0.005644 -0.006313 0.000475 0.02796 -0.003803 0.000518
1305031813.849442 0.01677 -0.01831 0.007506 0.06321 -0.008454 -0.0003619
1305031813.885478 0.006547 -0.01091 0.001012 0.03775 -0.001397 -0.008121
1305031813.949430 0.009322 -0.01582 -0.02049 0.06132 -0.01103 -0.02075
1305031813.985350 -0.0009613 -0.007814 -0.004163 0.02294 -0.004717 -0.01489
1305031814.017410 -0.0009644 0.001847 -0.01104 0.02706 -0.002298 -0.01721
1305031814.049397 0.0002697 4.634e-05 -0.008194 0.01816 0.001037 -0.01457
1305031814.085369 0.0005652 -0.003739 -0.004516 0.01077 0.0003765 -0.01555
1305031814.117410 -0.0003838 -0.001745 -0.005627 0.006768 -0.001158 -0.01674
1305031814.149406 0.0005423 -0.001231 -0.006487 -0.00487 -0.004301 -0.01654
1305031814.185515 0.0001886 -0.003186 -0.000446 -0.01585 -0.006882 -0.01716
1305031814.217368 -0.002521 -0.0003545 0.0008908 -0.01749 -0.008582 -0.01763
1305031814.249436 0.0007292 0.01021 -0.002948 -0.02244 -0.01318 -0.0197
1305031814.285406 0.008311 -0.01315 0.01309 -0.0456 -0.01756 -0.01703
1305031814.317389 0.003716 -0.001718 0.006329 -0.02791 -0.01689 -0.0189
1305031814.349391 -0.0006412 -0.002142 0.002507 -0.03689 -0.01562 -0.02068
1305031814.385364 0.01015 -0.008628 0.0153 -0.04372 -0.02263 -0.01806
1305031814.417465 0.004962 -0.005698 0.01175 -0.0378 -0.02419 -0.02066
1305031814.449403 -5.262e-05 -0.00107 0.006905 -0.03457 -0.02142 -0.02173
1305031814.485389 -0.003303 0.0003928 0.01133 -0.03808 -0.02282 -0.01715
1305031814.517461 -0.001531 0.0001033 0.01174 -0.03596 -0.02935 -0.01653
1305031814.549456 -0.005306 0.003609 0.007161 -0.03493 -0.02606 -0.01566
1305031814.585485 -0.01165 0.00778 -0.002325 -0.03532 -0.02151 -0.01476
1305031814.617521 -0.01194 0.00871 0.0005119 -0.04411 -0.02143 -0.016
1305031814.649442 0.001659 -0.0002997 0.01584 -0.04156 -0.0265 -0.01367
1305031814.685443 -0.008524 0.008744 0.001485 -0.03196 -0.01744 -0.01165
1305031814.717506 -0.008487 0.002269 -0.004325 -0.04059 -0.0123 -0.008845
1305031814.749513 0.001205 0.001543 0.01141 -0.03463 -0.01589 -0.00474
1305031814.785428 -0.007551 0.003052 -0.003576 -0.03091 -0.01291 -0.008142
1305031814.817655 -0.002586 0.003208 0.001985 -0.02755 -0.01185 -0.002506
1305031814.849469 -0.005993 0.003639 -0.0002112 -0.02674 -0.01236 0.0009463
1305031814.885483 -0.003752 0.003939 0.0006299 -0.03141 -0.01664 -0.00377
1305031814.917497 0.001388 0.00155 0.004486 -0.0281 -0.01371 -0.001573
1305031814.949453 -0.002246 0.004397 0.001175 -0.02302 -0.006698 -0.001022
1305031814.985407 -0.0008033 0.003106 0.003252 -0.02488 -0.007632 -0.003601
1305031815.017453 0.001173 0.001285 0.004339 -0.02308 -0.01001 -0.004458
1305031815.049420 0.001152 0.003435 0.002419 -0.01676 -0.006102 -0.006124
1305031815.085286 0.001164 0.003636 0.002735 -0.01657 -0.0002883 -0.006122
1305031815.149413 0.001392 0.005529 0.006174 -0.03152 0.00468 -0.01204
1305031815.185441 0.000872 0.00401 0.001191 -0.01343 0.001908 -0.003329
1305031815.249490 0.0002728 0.005373 0.003119 -0.03362 0.005205 0.0002188
1305031815.285447 -8.842e-05 0.003436 0.001406 -0.02043 0.0001158 0.0003682
1305031815.317708 0.00212 0.001422 0.003749 -0.02112 -0.003463 0.004899
1305031815.349477 -0.0005341 0.003134 0.0005162 -0.0191 -0.004175 0.004364
1305031815.385427 0.002666 0.002952 0.00433 -0.02364 -0.005765 0.001791
1305031815.417561 0.00491 0.001321 0.006321 -0.0177 -0.004055 0.0007354
1305031815.449601 0.003023 0.002398 0.003641 -0.01273 0.0009575 1.889e-06
1305031815.485593 0.0003096 0.0003404 0.002013 -0.01305 0.002233 0.001936
1305031815.517598 0.001614 0.000448 0.002734 -0.01016 -0.0002713 0.001207
1305031815.549484 0.001499 0.0002743 0.002367 -0.007946 -0.000353 0.001195
1305031815.585442 0.001307 -0.0001935 0.00187 -0.005525 -0.0007471 0.001296
1305031815.617445 0.001352 0.0001937 0.00144 -0.00433 -0.0008506 -0.001207
1305031815.649511 0.0008011 -0.001493 0.001264 -0.002327 -0.001258 -0.0003218
1305031815.685482 0.001947 -0.001063 0.001274 0.0006275 -0.002194 -0.001148
1305031815.717591 5.597e-05 0.0006892 -0.001439 0.002284 -0.0006384 -0.001617
1305031815.749417 -0.0001996 -0.0001577 -0.001098 0.002067 -0.001199 0.001551
1305031815.785408 0.001816 5.535e-05 0.0002345 0.001985 -0.002168 -0.001011
1305031815.817442 0.0006574 -0.0004432 -0.0006849 0.002693 -0.0004721 -0.002227
