1305033527.701984 0.001968 -0.006846 0.005484 0.005995 -0.007054 -0.004281
1305033527.733905 0.002339 -0.008116 0.005516 0.00757 -0.00479 -0.001308
1305033527.769943 -0.000551 -0.004487 0.004772 0.01064 -0.001604 0.0009807
1305033527.801981 -0.0001292 -0.004761 0.004612 0.007709 -0.003745 0.001753
1305033527.833907 0.0008929 -0.004736 0.004733 0.006938 -0.004506 -0.002103
1305033527.869941 -0.0004436 -0.003792 0.003906 0.005439 -0.003476 -0.006809
1305033527.901960 -0.001121 -0.002486 0.003308 0.004904 -0.004562 -0.01026
1305033527.933929 -0.0001053 -0.003538 0.002924 0.002114 -0.005254 -0.01001
1305033527.969980 -0.0001251 -0.002188 0.002121 0.003499 -0.004162 -0.008259
1305033528.002019 5.801e-05 -0.002841 0.001969 0.00154 -0.003407 -0.005431
1305033528.034009 0.0005791 -0.001191 0.001239 0.003912 -0.002551 -0.003719
1305033528.070091 0.0008124 -0.000182 0.0003435 0.00237 -0.001702 -0.002219
1305033528.102036 -0.0002252 0.0008538 -0.0004299 0.002495 -0.0005019 -0.001825
1305033528.133965 -0.0005637 0.00363 -0.00115 0.002106 -0.0009683 -0.001837
1305033528.169886 0.0004342 0.00267 -0.001686 -0.002355 -0.001678 -0.00235
1305033528.202011 0.0009538 0.002606 -0.002642 -0.003063 -0.0005151 -0.003996
1305033528.234026 -0.0005277 0.002402 -0.003594 -0.00291 0.003034 -0.003185
1305033528.269953 -0.004941 0.002072 -0.004696 -0.001978 0.005237 0.001457
1305033528.301989 -0.003469 0.004206 -0.005021 -0.0008007 -0.00109 0.004997
1305033528.333973 0.0005201 0.002212 -0.004849 -0.001766 -0.004518 0.004079
1305033528.369960 -0.0007862 0.005958 -0.005398 0.001548 -0.0004836 0.001279
1305033528.402061 -0.002761 0.005469 -0.005712 -0.002088 0.001233 0.00151
1305033528.433944 -0.002282 0.005313 -0.006232 -0.002633 -0.0003167 0.001309
1305033528.470018 -0.000633 0.005435 -0.006817 -0.002414 -0.0008757 0.001142
1305033528.502260 -0.0008429 0.004887 -0.007108 -0.001636 0.001812 -5.348e-05
1305033528.534014 -0.002653 0.007753 -0.007994 0.0004284 0.004452 0.001167
1305033528.570001 -0.003003 0.008625 -0.008467 -0.001411 0.004816 0.003635
1305033528.601902 -0.002947 0.007936 -0.008539 -0.003601 0.005028 0.006015
1305033528.633991 -0.002786 0.006113 -0.00866 -0.004294 0.00555 0.004757
1305033528.669999 -0.005432 0.006726 -0.00866 -8.028e-05 0.006481 -0.001314
1305033528.702008 -0.006466 0.01105 -0.009045 0.002015 0.003314 -0.004443
1305033528.734048 -0.004489 0.006845 -0.009114 -0.002524 0.001196 -0.002736
1305033528.770045 -0.006327 0.009564 -0.009068 0.001589 0.002794 -0.001129
1305033528.801994 -0.005935 0.008385 -0.008982 -0.0007191 -0.0002195 -0.003097
1305033528.834358 -0.003851 0.008207 -0.009022 0.0003548 -0.001711 -0.005656
1305033528.870165 -0.005071 0.009045 -0.009338 0.00149 0.000779 -0.005112
1305033528.902092 -0.005077 0.01128 -0.009688 0.001596 0.001107 -0.003058
1305033528.934258 -0.006556 0.006913 -0.009657 -0.003229 0.002381 -0.0002289
1305033528.969917 -0.007917 0.01007 -0.01005 0.0006944 -0.0002854 0.0003662
1305033529.002386 -0.003559 0.00688 -0.009818 -0.002722 -0.005538 0.0007817
1305033529.033896 -0.002507 0.01016 -0.009969 0.001729 -0.002872 0.00111
1305033529.069872 -0.003669 0.01175 -0.0097 -0.0002365 0.0003195 0.003942
1305033529.101938 -0.002866 0.00987 -0.009355 -0.00432 0.0008444 0.004541
1305033529.133980 -0.003014 0.01062 -0.009484 -0.00417 0.001368 0.002437
1305033529.170050 -0.004306 0.008884 -0.009485 -0.005375 0.002026 -0.0006325
1305033529.201938 -0.005595 0.01075 -0.009791 -0.002394 0.0001154 -0.001307
1305033529.233933 -0.002013 0.01304 -0.01085 -0.002426 -0.004809 0.001142
1305033529.270157 -0.000792 0.009717 -0.01038 -0.006117 -0.003906 -0.0002719
1305033529.302066 -0.002725 0.01186 -0.01097 -0.002863 -0.0003781 -0.001482
1305033529.333974 -0.004639 0.01145 -0.01021 -0.005988 -0.0007994 0.001286
1305033529.369872 -0.001143 0.008936 -0.01057 -0.00702 -0.004251 0.001076
1305033529.402096 -0.001615 0.009921 -0.01066 -0.004347 -0.002047 0.0003365
1305033529.434347 -0.001173 0.01007 -0.0108 -0.003117 -0.001966 -0.0002683
1305033529.470113 -0.001568 0.0122 -0.01121 -0.002537 -0.0004741 0.001161
1305033529.502276 -0.00176 0.01057 -0.01058 -0.005204 -0.0007233 0.002272
1305033529.534027 -0.001677 0.009095 -0.0109 -0.004249 -0.00174 -0.0006437
1305033529.569932 -3.256e-06 0.0094 -0.0113 -0.003211 -0.003538 -0.003197
1305033529.601908 0.0007136 0.009148 -0.01249 -0.0006419 -0.00195 -0.003579
1305033529.634597 -0.004942 0.01078 -0.01304 0.0003997 0.001555 0.001072
1305033529.670029 -0.002182 0.007433 -0.01227 -0.00132 -0.006742 0.002107
1305033529.701928 0.001948 0.01215 -0.01327 0.003834 -0.008892 -0.000816
1305033529.735154 0.0009514 0.01134 -0.01281 -0.0002478 -0.006058 -0.002685
1305033529.769985 0.002997 0.01264 -0.01295 -0.001717 -0.006157 -0.008078
1305033529.801904 0.002171 0.009109 -0.01299 -0.005112 -0.002299 -0.01298
1305033529.835176 -0.001489 0.01032 -0.01314 -0.001581 0.0003296 -0.01332
1305033529.870052 -0.00126 0.008081 -0.01239 -0.001687 -0.002381 -0.007925
1305033529.902039 0.00186 0.01163 -0.01263 0.001932 -0.004193 -0.001949
1305033529.934438 0.002128 0.007067 -0.01238 -0.001566 -0.0006711 0.002434
1305033529.969975 -0.0001481 0.0122 -0.01307 0.003026 0.001909 0.003412
1305033530.002319 0.0002102 0.01055 -0.01246 -0.002768 0.000953 0.003817
1305033530.034539 0.0001998 0.008181 -0.01263 -0.002366 0.0006035 -0.0008034
1305033530.070092 -0.001183 0.01115 -0.01351 0.0001 0.002157 -0.001716
1305033530.102640 -0.002135 0.01171 -0.01451 -0.0005582 0.001402 0.001989
1305033530.133963 -0.001535 0.008927 -0.01341 -0.002131 0.00032 0.002622
1305033530.169975 5.691e-05 0.01047 -0.01464 -0.0005948 4.439e-05 0.001314
1305033530.202533 -0.002904 0.007992 -0.01483 -0.001159 0.003978 0.0008873
1305033530.234343 -0.004025 0.01041 -0.01581 0.001658 0.002586 0.001406
1305033530.270089 -0.001803 0.0105 -0.01625 0.0004078 0.000697 0.001998
1305033530.302540 -0.002215 0.01034 -0.01623 -0.0009829 0.00221 0.0007746
1305033530.334417 -0.002953 0.009348 -0.01641 -0.00123 0.003958 -0.0009048
1305033530.369991 -0.006893 0.008578 -0.01667 -4.139e-05 0.005504 0.002132
1305033530.402280 -0.007056 0.00899 -0.01501 0.002173 0.0004376 0.003625
1305033530.433939 -0.002055 0.01075 -0.01504 0.003918 -0.004379 0.0008829
1305033530.470001 -0.002876 0.009858 -0.01517 0.002811 0.0004864 -0.001424
1305033530.503176 -0.006156 0.01022 -0.01509 0.003085 0.002963 -0.0008984
1305033530.534056 -0.005012 0.009393 -0.01495 0.002845 -2.915e-05 0.0005022
1305033530.570011 -0.003957 0.01054 -0.01479 0.003238 -0.0005188 0.004082
1305033530.603079 -0.0044 0.009739 -0.0143 0.002387 0.0002015 0.006752
1305033530.634562 -0.002738 0.009568 -0.01375 0.001922 -0.001971 0.006245
1305033530.670053 -0.0017 0.01196 -0.01344 0.001655 -0.0007333 0.004642
1305033530.702904 -0.00261 0.008092 -0.01244 -0.00145 0.0008712 0.001296
1305033530.733843 -0.002289 0.01231 -0.0125 0.001746 -0.0001964 -0.000921
1305033530.770069 -0.002114 0.0108 -0.01196 -0.00181 0.0001402 -0.0009223
1305033530.802640 -0.001814 0.01124 -0.01125 -0.003285 3.851e-05 0.0001282
1305033530.834043 -0.001011 0.01145 -0.01123 -0.004453 -0.0004672 0.0001598
1305033530.869990 -0.001547 0.01094 -0.01071 -0.00748 0.001127 0.001753
1305033530.903177 -0.002461 0.007766 -0.009444 -0.008987 0.0004096 0.00125
1305033530.935393 -0.001041 0.008904 -0.009523 -0.00594 -0.002417 -0.001284
1305033530.969918 -0.0003303 0.007361 -0.008894 -0.006294 -0.002316 -0.002738
1305033531.001895 -0.0001731 0.005943 -0.008206 -0.005725 -0.0007411 -0.001553
1305033531.035071 -6.51e-05 0.005304 -0.007129 -0.004696 0.0005693 0.001119
1305033531.070068 0.0004922 0.002712 -0.005671 -0.004343 0.0008964 0.0008314
1305033531.103063 -0.0002375 0.002811 -0.004304 -0.0008538 0.001582 6.74e-05
1305033531.134773 0.001364 0.00447 -0.003677 -7.911e-05 -0.000666 0.0003879
1305033531.169952 0.002516 -2.464e-06 -0.002011 -0.004032 0.001165 0.000347
1305033531.203418 -3.73e-05 -0.002039 -0.0002793 -0.001082 0.003629 -0.00186
1305033531.234207 0.0004758 -0.0003811 -0.0004042 0.002823 -0.0008487 -0.004148
1305033531.272671 0.0022 -0.00227 0.0001794 0.001878 -0.00199 -0.00414
1305033531.303205 0.0004687 -0.002616 0.001247 0.002644 0.0002234 -0.001753
1305033531.335001 0.000831 -0.003435 0.001906 0.003299 -0.002344 -0.002776
1305033531.370504 0.001139 -0.00469 0.002583 0.004708 -0.004094 -0.00558
1305033531.403347 0.0007349 -0.002498 0.002861 0.005981 -0.003382 -0.004547
1305033531.435427 -0.000995 -0.003946 0.004103 0.003943 -0.00398 -0.002591
1305033531.470310 0.001684 -0.003666 0.00449 0.003725 -0.008306 -0.003661
1305033531.503808 0.001103 -0.005066 0.005188 0.003096 -0.006136 -0.005039
1305033531.534928 -0.001023 -0.003348 0.005705 0.004126 -0.005625 -0.002581
1305033531.571452 0.0003018 -0.005945 0.006688 0.0009102 -0.009089 -0.001849
1305033531.603611 0.0005686 -0.004625 0.007109 0.003471 -0.01004 -0.003164
1305033531.635605 -0.000106 -0.00638 0.008057 0.002051 -0.01008 -0.00341
1305033531.671650 -0.000679 -0.002868 0.008653 0.004557 -0.01284 -0.003459
1305033531.703406 0.003364 -0.005769 0.009854 -0.0004892 -0.01803 -0.00933
1305033531.735412 0.003808 -0.005823 0.01009 0.0003289 -0.0156 -0.01663
1305033531.771384 0.0006105 -0.004614 0.009725 0.0007597 -0.01142 -0.01753
1305033531.802701 -0.0001626 -0.005489 0.01024 -0.00231 -0.0125 -0.01327
1305033531.833841 0.003353 -0.007983 0.01088 -0.003045 -0.01545 -0.01114
1305033531.872625 0.003953 -0.007153 0.01043 -0.0004891 -0.01121 -0.009256
1305033531.902835 -3.071e-05 -0.007915 0.009509 -0.0004614 -0.006487 -0.004287
1305033531.933904 0.0007126 -0.006565 0.009432 0.0004696 -0.01162 -0.004087
1305033531.971524 0.004061 -0.005327 0.009621 -0.001301 -0.01386 -0.006839
1305033532.003220 0.002006 -0.009537 0.00984 -0.004769 -0.0105 -0.0099
1305033532.033792 0.0003091 -0.009727 0.009995 -0.0002294 -0.01095 -0.01287
1305033532.071576 0.0005119 -0.009296 0.01029 0.003012 -0.01284 -0.01286
1305033532.101891 0.001599 -0.007518 0.011 0.005025 -0.01311 -0.01052
1305033532.135137 0.0005346 -0.007347 0.01075 0.004881 -0.01011 -0.005112
1305033532.171224 0.001376 -0.006509 0.01134 0.003754 -0.01098 -0.004071
1305033532.203554 0.002538 -0.007537 0.01089 0.002918 -0.00914 -0.006529
1305033532.233903 -0.002042 -0.007608 0.01022 0.00314 -0.004533 -0.005748
1305033532.271672 -0.001602 -0.005884 0.01021 0.00424 -0.00803 -0.00558
1305033532.303369 0.001223 -0.006582 0.01045 0.002393 -0.008445 -0.005515
1305033532.335390 -0.002468 -0.005364 0.009374 0.002933 -0.003054 -0.002767
1305033532.371841 -0.001394 -0.005891 0.009689 0.0004656 -0.004544 -0.001196
1305033532.403250 -0.002518 -0.006816 0.009147 9.256e-05 -0.002597 -0.0007585
1305033532.435086 -0.004847 -0.003965 0.008357 0.0003971 -0.002154 0.0006967
1305033532.471928 -0.004 -0.006165 0.009599 -0.003659 -0.005199 0.001306
1305033532.502026 -0.0018 -0.005972 0.00961 -0.00288 -0.007003 -0.001074
1305033532.539103 -0.003547 -0.006378 0.009434 -0.004045 -0.004123 -0.001054
1305033532.571563 -0.002799 -0.008841 0.01017 -0.004032 -0.005351 -0.001569
1305033532.603569 -0.003822 -0.007659 0.01015 -0.0005269 -0.003823 -0.0006589
1305033532.635683 -0.003651 -0.008191 0.01052 -9.218e-06 -0.004501 0.001464
1305033532.672619 -0.002418 -0.005479 0.01071 0.0008828 -0.004521 0.002888
1305033532.702116 -0.003192 -0.007888 0.01079 -0.003003 -0.002246 0.003376
1305033532.739491 -0.003473 -0.009136 0.01076 -0.003783 -0.003101 0.002202
1305033532.772110 -0.004785 -0.01001 0.01054 -0.002131 -0.003773 0.0006806
1305033532.802328 -0.005758 -0.00977 0.01041 3.588e-05 -0.006528 -0.0008908
1305033532.839648 -0.005105 -0.008391 0.01045 0.001952 -0.01139 -0.004724
1305033532.871167 -0.001821 -0.008317 0.01125 0.002203 -0.01449 -0.01118
1305033532.903405 -0.006001 -0.008586 0.01027 0.003135 -0.01 -0.0131
1305033532.936355 -0.007005 -0.008781 0.009826 0.003808 -0.01225 -0.01043
1305033532.970791 -0.006168 -0.008662 0.009249 0.005182 -0.01523 -0.007112
1305033533.003810 -0.004683 -0.008749 0.008441 0.005742 -0.01801 -0.007919
1305033533.037901 -0.004648 -0.006861 0.007309 0.007501 -0.01909 -0.0119
1305033533.069932 -0.004655 -0.005505 0.006525 0.007178 -0.0199 -0.01538
1305033533.101970 -0.003647 -0.002783 0.005912 0.005757 -0.02088 -0.01838
1305033533.137702 -0.003688 -0.003597 0.005809 0.0016 -0.01975 -0.01962
1305033533.169879 -0.006084 -0.004504 0.004778 -0.0006799 -0.01895 -0.019
1305033533.202524 -0.00399 -0.004839 0.004546 -0.001195 -0.02471 -0.0205
1305033533.238626 -0.00213 -0.004569 0.004724 -0.0002026 -0.02713 -0.02314
1305033533.270604 -0.002953 -0.001344 0.003787 0.00267 -0.02572 -0.02553
1305033533.302453 -0.0015 -0.002073 0.004339 -0.001544 -0.02664 -0.02569
1305033533.338311 -0.003563 -0.003963 0.003638 -0.002892 -0.02668 -0.02304
1305033533.369923 -0.0008198 0.0003541 0.005341 -2.879e-05 -0.03245 -0.0254
1305033533.402013 0.004262 -0.0007183 0.007134 -0.002855 -0.03108 -0.03386
1305033533.437814 0.001188 -0.004563 0.00544 -0.004037 -0.02345 -0.03676
1305033533.469894 -0.001916 -0.003568 0.004583 -0.002347 -0.02114 -0.03232
1305033533.502497 -0.00197 -0.00287 0.005317 -0.004386 -0.02091 -0.02258
1305033533.537975 -0.001098 -0.005882 0.006022 -0.007808 -0.02152 -0.01348
1305033533.570826 0.0003019 -0.006222 0.008023 -0.005399 -0.0223 -0.01244
1305033533.602884 -0.001226 -0.005654 0.00725 -0.0009285 -0.01978 -0.01452
1305033533.638668 -0.003526 -0.004887 0.005523 0.0002918 -0.01711 -0.01345
1305033533.669970 -0.003404 -0.005409 0.006072 -0.001501 -0.01813 -0.01063
1305033533.702207 -0.001156 -0.005589 0.007733 0.0008642 -0.02001 -0.01138
1305033533.738135 -0.005424 -0.005149 0.004598 0.001617 -0.01477 -0.009537
1305033533.770018 -0.004864 -0.004426 0.005799 -0.0009464 -0.01702 -0.008181
1305033533.805970 -0.002772 -0.00358 0.006795 -0.00218 -0.01619 -0.008956
1305033533.839051 -0.001615 -0.005151 0.007658 -0.003993 -0.01623 -0.01142
1305033533.871275 -0.003067 -0.005424 0.007145 -0.002072 -0.01716 -0.01366
1305033533.907675 -0.002768 -0.005496 0.007826 -0.0009935 -0.01813 -0.01382
1305033533.939020 -0.004331 -0.004986 0.006976 -0.0002278 -0.01531 -0.01247
1305033533.970792 -0.005101 -0.004323 0.006715 -0.002256 -0.01259 -0.0107
1305033534.006647 -0.001576 -0.005552 0.009194 -0.00372 -0.01539 -0.009358
1305033534.038452 -0.004496 -0.004799 0.006465 -0.004449 -0.0137 -0.009394
1305033534.070751 -0.001696 -0.004381 0.01114 -0.005651 -0.01656 -0.01174
1305033534.106542 -0.0007697 -0.006087 0.01161 -0.005259 -0.0159 -0.01243
1305033534.138454 -0.001969 -0.006599 0.01107 -0.002845 -0.01748 -0.01262
1305033534.170552 -0.003822 -0.005943 0.01138 -0.0001664 -0.01592 -0.01091
1305033534.206832 -0.0004401 -0.006756 0.01341 0.001001 -0.01893 -0.01019
1305033534.238661 -0.002554 -0.006592 0.01233 0.004364 -0.0153 -0.01189
1305033534.269974 -0.004614 -0.007037 0.01012 0.002942 -0.01111 -0.00965
1305033534.306394 -0.003853 -0.006393 0.01071 0.001959 -0.01162 -0.006258
1305033534.338523 -0.003294 -0.007368 0.0119 -0.0003626 -0.008142 -0.003955
1305033534.370489 -0.001485 -0.007955 0.01268 -0.0004358 -0.008042 -0.00349
1305033534.406522 0.000245 -0.007206 0.01312 0.003012 -0.01275 -0.004616
1305033534.438479 -0.001177 -0.008024 0.01214 0.004267 -0.01324 -0.007062
1305033534.470619 -0.00171 -0.009186 0.01191 0.004804 -0.01334 -0.009428
1305033534.506416 -0.002932 -0.008235 0.008099 0.005459 -0.01359 -0.01022
1305033534.538586 -0.001467 -0.008161 0.01012 0.002778 -0.01373 -0.009708
1305033534.571041 -0.002684 -0.008958 0.008929 0.001262 -0.01219 -0.00885
1305033534.607084 -0.0008213 -0.008155 0.008998 0.001609 -0.01678 -0.009406
1305033534.639612 0.001497 -0.00788 0.008922 -0.0009972 -0.01817 -0.01186
1305033534.671420 0.0002758 -0.007999 0.0103 -0.002155 -0.01418 -0.01431
1305033534.706998 -0.0008229 -0.008432 0.01279 -0.001265 -0.01382 -0.01391
1305033534.737977 0.00109 -0.007134 0.009256 -0.00049 -0.01649 -0.0123
1305033534.769899 0.001851 -0.008919 0.01203 -0.003875 -0.01683 -0.01218
1305033534.806777 0.001107 -0.008612 0.01182 -0.002566 -0.01506 -0.01312
1305033534.839367 0.002463 -0.009061 0.0127 -0.002538 -0.01638 -0.01356
1305033534.871560 0.001336 -0.008898 0.01191 -0.00168 -0.01357 -0.01298
1305033534.906881 -0.0002377 -0.009726 0.01226 -0.001711 -0.01222 -0.009681
1305033534.939455 0.001979 -0.0107 0.01227 -0.001623 -0.01529 -0.007208
1305033534.975303 0.003648 -0.01112 0.01182 -9.105e-05 -0.01652 -0.009192
1305033535.007644 0.002833 -0.0129 0.01251 0.0005304 -0.01438 -0.01405
1305033535.039542 -9.042e-05 -0.01263 0.01331 0.004889 -0.009901 -0.01445
1305033535.075358 -0.0003142 -0.01043 0.01261 0.008362 -0.01199 -0.009857
1305033535.107726 0.003455 -0.01164 0.01152 0.006586 -0.01583 -0.007591
1305033535.137976 0.002852 -0.01173 0.01201 0.007112 -0.01089 -0.009084
1305033535.174375 0.001886 -0.008805 0.01156 0.009398 -0.006373 -0.008022
1305033535.206381 0.002658 -0.00886 0.01104 0.005024 -0.006804 -0.00527
1305033535.238648 0.00293 -0.009479 0.01099 0.003015 -0.004114 -0.004212
1305033535.274515 4.218e-05 -0.009176 0.01059 0.002743 -0.00062 -0.003363
1305033535.306554 -0.001326 -0.009304 0.0103 0.003746 -0.001913 -0.002886
1305033535.338664 -0.001469 -0.007519 0.009278 0.005851 -0.00375 -0.0002526
1305033535.374612 0.0007435 -0.006368 0.008449 0.004907 -0.00697 -0.000999
1305033535.406681 0.001647 -0.00614 0.008051 0.004193 -0.005771 -0.004975
1305033535.438751 -0.001642 -0.004285 0.007199 0.003668 -0.001612 -0.00489
1305033535.474572 -0.00306 -0.00466 0.006957 0.001771 -0.001184 -0.003113
1305033535.506535 -0.003093 -0.00345 0.006273 0.001374 -0.002116 -0.0007255
1305033535.538690 -0.001172 -0.003772 0.005699 -0.0005632 -0.004183 0.0002492
1305033535.574684 -0.0007372 -0.005567 0.00585 -0.0007347 -0.003722 -0.001485
1305033535.606541 -0.001006 -0.003117 0.005107 0.002324 -0.002674 -0.004004
1305033535.638675 -0.001204 -0.003721 0.005123 0.0005681 -0.001756 -0.00307
1305033535.674647 -0.00147 -0.00389 0.005063 0.0003808 -0.001485 -0.002347
1305033535.706590 -0.0004384 -0.003145 0.003994 0.002056 -0.001457 -0.002686
1305033535.739050 -0.0008619 -0.003573 0.004421 -0.0002222 0.0002666 -0.001357
1305033535.774484 -0.001834 -0.003093 0.004286 0.001076 0.001191 -0.0006885
1305033535.806446 -0.003159 -0.004429 0.004482 0.0004215 0.0001285 -0.0006564
1305033535.837736 -0.002178 -0.002755 0.003412 0.003347 -0.00237 -0.0007535
1305033535.874456 0.0002657 -0.001816 0.004461 0.001131 -0.003922 -0.001784
1305033535.906798 -0.0003857 -0.00435 0.00452 -0.0001294 -0.001097 -0.004335
1305033535.939292 -0.001808 -0.003131 0.003427 0.001151 0.0004735 -0.004284
1305033535.975405 -0.0008492 -0.003598 0.00408 -0.0002385 0.0006216 -0.0009734
1305033536.008091 -0.002771 -0.005515 0.004366 0.0002862 0.002343 0.001965
1305033536.039420 -0.002884 -0.004386 0.00363 0.003309 -0.0002062 0.00229
1305033536.075320 -0.0002208 -0.001465 0.003241 0.00466 -0.003547 0.0002137
1305033536.107442 0.0001718 -0.00242 0.004223 0.001703 -0.002543 -0.002375
1305033536.137919 -0.002241 -0.002941 0.003289 0.002235 0.0002357 -0.003292
1305033536.175221 -0.003232 -0.001805 0.002248 0.002227 -0.00136 -0.002062
1305033536.203650 -0.0005393 -0.002685 0.002324 0.001214 -0.003889 -0.001799
1305033536.241700 -0.001892 -0.001429 0.001882 0.002303 -0.001591 -0.0007461
1305033536.275136 -0.001299 -0.0008884 0.001464 0.002012 -0.003117 -0.0002996
1305033536.305856 6.162e-05 -0.0008994 0.0004956 0.001121 -0.004216 -0.001541
1305033536.343052 -0.0006902 0.0006218 0.0004032 0.001534 -0.003039 -0.002245
1305033536.375071 -0.001158 -0.0001073 0.0005059 0.0003259 -0.003253 -0.002817
1305033536.404679 -0.0006371 0.001275 -0.0009411 0.001845 -0.004271 -0.004211
1305033536.443576 -0.0003913 0.001904 -0.001793 0.0008008 -0.003498 -0.003371
1305033536.474256 -0.0001813 0.001882 -0.002011 -0.0002679 -0.003186 -0.001633
1305033536.507269 0.0006184 0.00282 -0.002756 -0.0005162 -0.003645 -0.001548
1305033536.542479 0.001673 0.003278 -0.002374 -0.001449 -0.003526 -0.00251
1305033536.573337 -0.0003631 0.003964 -0.003084 -0.001577 -0.001377 -0.002949
1305033536.604428 -0.00072 0.003343 -0.00393 -0.002852 -0.002476 -0.001751
1305033536.643164 0.001414 0.003586 -0.004001 -0.003314 -0.004626 -0.002243
1305033536.675458 8.765e-05 0.003707 -0.004219 -0.002837 -0.002458 -0.003053
1305033536.707440 -0.0001943 0.003886 -0.004788 -0.002764 -0.003727 -0.00318
1305033536.743296 0.001084 0.004062 -0.004047 -0.00314 -0.004967 -0.004151
1305033536.775276 -0.0008474 0.005569 -0.004596 -0.001632 -0.003631 -0.004809
1305033536.808196 0.0006841 0.004856 -0.004434 -0.003537 -0.005796 -0.003985
1305033536.843463 -1.819e-05 0.004604 -0.003938 -0.003737 -0.004775 -0.003913
1305033536.871274 -9.471e-05 0.006908 -0.003812 -0.002026 -0.005366 -0.003662
1305033536.907652 0.001287 0.004254 -0.003809 -0.004869 -0.006736 -0.004965
1305033536.943379 0.0008567 0.004848 -0.004258 -0.003154 -0.0049 -0.006911
1305033536.975402 -0.001631 0.004153 -0.00372 -0.003197 -0.003167 -0.00531
1305033537.007346 -0.0004932 0.004045 -0.004487 -0.002278 -0.005373 -0.003905
1305033537.043379 0.001232 0.004565 -0.004243 -0.001677 -0.006135 -0.003758
1305033537.075249 0.001267 0.005846 -0.003587 -0.001574 -0.00486 -0.003944
1305033537.107490 0.0002276 0.004504 -0.004473 -0.002434 -0.003473 -0.005525
1305033537.143619 -0.0001542 0.005687 -0.003959 -0.002726 -0.003184 -0.003413
1305033537.175495 -0.0001155 0.003855 -0.004162 -0.003913 -0.003267 -0.001361
1305033537.207418 0.001297 0.004057 -0.004458 -0.003143 -0.004005 -0.001939
1305033537.243687 -0.0006703 0.002743 -0.00449 -0.00285 -0.002073 -0.002884
1305033537.275552 0.0007214 0.003687 -0.005549 0.0001173 -0.005314 -0.006552
1305033537.307573 0.001389 0.003654 -0.005625 -0.0004381 -0.005433 -0.007202
1305033537.343855 0.001101 0.003916 -0.006355 -1.297e-05 -0.004718 -0.006519
1305033537.375637 0.001778 0.004377 -0.005807 -0.0006243 -0.005046 -0.00549
1305033537.407662 0.003365 0.002477 -0.006937 -0.0009788 -0.005092 -0.00743
1305033537.443628 0.0008482 0.005721 -0.007331 0.0007216 -0.002653 -0.007268
1305033537.475437 0.001733 0.004585 -0.007123 -0.001552 -0.003409 -0.005709
1305033537.502235 0.001213 0.00604 -0.007872 -0.0006566 -0.002202 -0.00573
1305033537.543400 0.0008133 0.004598 -0.007405 -0.003229 -0.002465 -0.005036
1305033537.575726 0.0003251 0.005358 -0.007923 -0.001138 -0.003706 -0.006635
1305033537.602340 0.003167 0.005995 -0.008212 -0.0009558 -0.005285 -0.008704
1305033537.639757 0.0005855 0.005892 -0.008406 -0.002131 -0.001134 -0.008807
1305033537.674027 -0.002154 0.006521 -0.009347 -0.001935 -0.001316 -0.007224
1305033537.702286 0.0008364 0.004803 -0.00868 -0.00371 -0.00576 -0.004567
1305033537.743774 -0.0003879 0.005129 -0.00791 -0.00274 -0.006737 -0.003786
1305033537.775789 0.000504 0.005392 -0.006861 -0.001176 -0.00904 -0.00631
1305033537.802399 0.001102 0.005207 -0.007145 0.001179 -0.01018 -0.01063
1305033537.844740 -2.655e-05 0.004934 -0.007124 0.001306 -0.009545 -0.01208
1305033537.875839 -0.001971 0.005865 -0.00702 0.002538 -0.008292 -0.009838
1305033537.902446 -0.001227 0.00509 -0.007511 0.002528 -0.01063 -0.007663
1305033537.944108 -0.001144 0.004967 -0.00679 0.001863 -0.01214 -0.007057
1305033537.975959 -0.0001384 0.005275 -0.006863 0.00435 -0.01328 -0.008457
1305033538.002467 -0.001912 0.006974 -0.007309 0.004125 -0.012 -0.008374
1305033538.041600 -0.001002 0.005899 -0.007562 0.002292 -0.01336 -0.006957
1305033538.074355 0.0001843 0.008753 -0.007547 0.00255 -0.01286 -0.005615
1305033538.102511 0.0004427 0.008132 -0.007071 -0.001425 -0.01075 -0.003866
1305033538.144040 -0.0007861 0.008313 -0.006577 -0.002622 -0.009252 -0.003527
1305033538.175947 -0.0007894 0.007458 -0.006379 -0.004156 -0.01022 -0.005004
1305033538.202595 0.00026 0.008246 -0.006367 -0.003738 -0.01203 -0.007927
1305033538.243995 -0.0008665 0.007909 -0.006426 -0.004614 -0.01158 -0.008986
1305033538.275794 -0.0006241 0.007414 -0.006736 -0.005076 -0.01232 -0.009335
1305033538.302690 0.0004147 0.00558 -0.006113 -0.005778 -0.0133 -0.007324
1305033538.344100 -0.0003594 0.00672 -0.006389 -0.003808 -0.01296 -0.007013
1305033538.376150 0.0003012 0.005653 -0.006196 -0.004199 -0.0138 -0.006166
1305033538.402749 0.001661 0.006056 -0.006161 -0.003758 -0.01499 -0.005119
1305033538.443205 0.002143 0.006978 -0.005863 -0.003231 -0.01268 -0.005088
1305033538.471634 0.001266 0.006065 -0.005327 -0.003808 -0.01087 -0.005808
1305033538.502753 0.002254 0.006517 -0.005402 -0.004317 -0.0136 -0.008218
1305033538.543405 0.002429 0.005704 -0.005326 -0.004656 -0.01294 -0.01074
1305033538.575517 0.00198 0.005957 -0.005379 -0.003548 -0.01224 -0.01156
1305033538.602851 0.001442 0.005008 -0.005392 -0.004868 -0.01363 -0.009425
1305033538.643531 0.003512 0.007314 -0.00487 -0.003521 -0.01586 -0.01026
1305033538.670915 0.003462 0.005439 -0.004346 -0.004784 -0.01414 -0.01187
1305033538.703005 0.001375 0.005171 -0.004897 -0.004004 -0.01382 -0.01233
1305033538.743340 0.003971 0.007029 -0.004311 -0.003284 -0.01742 -0.01304
1305033538.770882 0.004037 0.00773 -0.003934 -0.00388 -0.01546 -0.01365
1305033538.802949 0.002636 0.003581 -0.004102 -0.007553 -0.01437 -0.0154
1305033538.844389 0.002741 0.006177 -0.004692 -0.003151 -0.01474 -0.01695
1305033538.870947 0.001052 0.0053 -0.004861 -0.006407 -0.01288 -0.01201
1305033538.902977 -0.0005361 0.005087 -0.005362 -0.006655 -0.01303 -0.00862
1305033538.944634 0.002871 0.004614 -0.004159 -0.005763 -0.01705 -0.01075
1305033538.970999 0.004221 0.00511 -0.003448 -0.003419 -0.01644 -0.01537
1305033539.003002 0.001212 0.00437 -0.004504 -0.003521 -0.01162 -0.01603
1305033539.044577 0.0002205 0.003223 -0.005065 -0.003925 -0.01147 -0.01358
1305033539.071038 0.0005688 0.003482 -0.004955 -0.00331 -0.01224 -0.009915
1305033539.103073 0.00161 0.003618 -0.004366 -0.003309 -0.01235 -0.007525
1305033539.144433 0.001026 0.003971 -0.004948 -0.002011 -0.01072 -0.007503
1305033539.171128 0.001171 0.004241 -0.004816 -0.001599 -0.009872 -0.007789
1305033539.202974 0.001042 0.002527 -0.004699 -0.002803 -0.008542 -0.007352
1305033539.244402 -0.0004646 0.002792 -0.005845 -0.001599 -0.007144 -0.006566
1305033539.271203 -0.0008233 0.001718 -0.00622 -0.001932 -0.007303 -0.004217
1305033539.303420 -0.002168 0.002083 -0.006554 -0.0008524 -0.007219 -0.001821
1305033539.344491 -0.0006262 0.002008 -0.006025 -0.0007595 -0.01057 -0.001816
1305033539.371428 0.00127 0.003571 -0.005336 0.001638 -0.0107 -0.005721
1305033539.403098 -0.001109 0.001135 -0.005465 0.001062 -0.007147 -0.007101
1305033539.443553 -0.002671 0.001966 -0.007063 0.00282 -0.007955 -0.006563
1305033539.471316 -0.0004097 0.001871 -0.005621 0.003044 -0.009734 -0.003762
1305033539.503332 -0.002361 0.003094 -0.00645 0.002112 -0.006623 -0.001503
1305033539.542411 -0.001896 0.001208 -0.005614 0.0007589 -0.00783 -0.0002139
1305033539.571542 -0.001791 0.00318 -0.006119 0.004666 -0.009341 -0.003522
1305033539.603504 -0.0009077 0.002402 -0.005586 0.002676 -0.008588 -0.004359
1305033539.642471 -0.002959 0.0005619 -0.005534 0.002633 -0.006103 -0.002285
1305033539.671545 -0.003555 0.002295 -0.006438 0.004909 -0.007411 -0.0007008
1305033539.703342 -0.000815 0.002487 -0.005033 0.002644 -0.008562 0.0002092
1305033539.743168 -0.001264 0.003409 -0.005101 0.002918 -0.004587 -0.0003777
1305033539.771215 -0.004392 0.002402 -0.005194 0.000574 -0.001796 0.001563
1305033539.803393 -0.003633 0.002405 -0.004577 0.0005952 -0.005378 0.002237
1305033539.844495 -0.001596 0.002489 -0.004002 0.001808 -0.007713 -0.001306
1305033539.871406 -0.003337 0.003166 -0.00431 0.001659 -0.006069 -0.00478
1305033539.903596 -0.001761 0.001136 -0.003 -0.0007424 -0.007343 -0.005383
1305033539.939497 -0.003608 0.002071 -0.003216 0.0006587 -0.00408 -0.004066
1305033539.971508 -0.003161 0.001966 -0.002781 -0.001457 -0.005915 -0.003467
1305033540.003525 -0.0004489 -0.0005875 -0.0009881 -0.002041 -0.007543 -0.005372
1305033540.039518 -0.002375 0.0006453 -0.001404 0.001117 -0.003912 -0.006153
1305033540.071556 -0.001923 -0.0005669 -0.0005775 -0.0008926 -0.004813 -0.004912
1305033540.103575 -0.001374 -0.001489 0.0002964 -0.0002627 -0.00397 -0.003824
1305033540.139565 -0.002316 -0.001396 0.0002978 0.0001972 -0.002812 -0.002627
1305033540.171614 -0.001242 -0.002799 0.001177 0.001013 -0.005372 -0.005268
1305033540.203600 -0.002152 -0.0008457 0.001081 0.002721 -0.004739 -0.007721
1305033540.239618 -0.001821 -0.002713 0.002302 0.0001806 -0.005154 -0.006161
1305033540.271677 -0.001601 -0.002502 0.002672 0.001141 -0.005195 -0.005162
1305033540.303650 -0.001699 -0.002668 0.003012 -9.815e-05 -0.004423 -0.003252
1305033540.339664 -0.001269 -0.003225 0.003212 0.0002099 -0.004222 -0.002641
1305033540.371702 -0.001853 -0.002885 0.00347 0.0006741 -0.003947 -0.002487
1305033540.403698 -0.0008958 -0.003153 0.003866 0.000119 -0.004559 -0.003031
1305033540.439718 -0.001483 -0.004918 0.004727 -0.0007545 -0.002614 -0.001788
1305033540.471744 -0.002688 -0.002352 0.003706 0.001642 -0.003135 -0.001913
1305033540.503736 -0.0006081 -0.003786 0.004658 -0.0002785 -0.005207 -0.004168
1305033540.539756 -0.002293 -0.002953 0.004309 -0.0007531 -0.002251 -0.002854
1305033540.571669 -0.00197 -0.005666 0.004832 -0.002323 -0.002834 0.0003179
1305033540.603778 -0.0007902 -0.005565 0.004395 -0.0004066 -0.004155 0.0002046
1305033540.639802 -0.001389 -0.00566 0.003921 0.001461 -0.003152 -0.0004473
1305033540.671866 -0.003354 -0.005146 0.003225 0.003463 -0.003509 -6.9e-05
1305033540.703705 -0.0009685 -0.005273 0.003232 0.002937 -0.007559 -0.001725
1305033540.739866 -0.000619 -0.005089 0.002608 0.003339 -0.005084 -0.003064
1305033540.771871 -0.002263 -0.002862 0.002712 0.003939 -0.002619 -0.001694
1305033540.803745 -0.0007446 -0.003906 0.002771 0.000787 -0.004099 -0.002651
1305033540.839891 -0.001304 -0.002664 0.002683 0.002161 -0.002538 -0.004024
1305033540.871947 -0.002246 -0.001874 0.002706 0.001333 -0.001917 -0.00208
1305033540.903965 -0.0009364 -0.001315 0.002772 -4.89e-05 -0.003544 -0.001748
1305033540.940142 -0.001134 -0.001094 0.003259 -0.000824 -0.00165 -0.002156
1305033540.972017 -0.00235 -0.0004668 0.003219 -0.002181 -0.001585 -0.003121
1305033541.003911 -0.001574 -0.001737 0.003519 -0.003487 -0.003044 -0.004369
1305033541.040004 -0.002175 -0.002072 0.0037 -0.002779 -0.002987 -0.003932
1305033541.071959 -0.002696 -0.001447 0.003573 -0.001953 -0.003778 -0.002854
1305033541.103979 -0.001397 -0.001577 0.003888 -0.002042 -0.005577 -0.002801
1305033541.140007 -0.0004397 -0.001861 0.003999 -0.002521 -0.004763 -0.003996
1305033541.171938 -0.003407 -0.001539 0.004135 -0.002652 -0.001863 -0.003049
1305033541.203985 -0.002443 -0.002568 0.00476 -0.003173 -0.004405 -0.001644
1305033541.239962 -0.001716 -0.003179 0.004714 -0.002741 -0.005046 -0.000965
1305033541.271980 -0.001949 -0.003321 0.005157 -0.002002 -0.005031 -0.00171
1305033541.303933 -0.002482 -0.003957 0.005461 -0.002314 -0.004486 -0.001609
1305033541.339959 -0.002859 -0.004087 0.005577 -0.0002774 -0.00562 -0.0019
1305033541.371973 -0.00163 -0.002953 0.005334 0.0003253 -0.007316 -0.003098
1305033541.404069 -0.001754 -0.004914 0.005786 -0.0008457 -0.006275 -0.0038
1305033541.439966 -0.003485 -0.004751 0.005143 0.001165 -0.005033 -0.00327
1305033541.472055 -0.00166 -0.003259 0.004836 0.002109 -0.007975 -0.003264
1305033541.504009 -0.0008036 -0.00381 0.005102 0.001635 -0.006069 -0.003716
1305033541.539971 -0.003605 -0.003493 0.004583 0.001365 -0.00347 -0.001747
1305033541.572082 -0.002378 -0.002977 0.004552 0.001264 -0.006981 -0.002726
1305033541.604042 -0.0004049 -0.002349 0.004793 0.0009457 -0.007721 -0.005146
1305033541.639980 -0.003443 -0.003718 0.004719 0.0002621 -0.004204 -0.006025
1305033541.672022 -0.002887 -0.001704 0.004554 0.002037 -0.006479 -0.006938
1305033541.704001 -0.001732 -0.002954 0.005037 0.0005518 -0.005553 -0.006505
1305033541.739992 -0.005465 -0.001464 0.003909 0.00178 -0.001629 -0.002063
1305033541.772024 -0.0041 -0.002226 0.004176 -0.0008101 -0.006258 -0.0006769
1305033541.803997 -0.000719 -0.003812 0.004948 -0.0007676 -0.008114 -0.004593
1305033541.839993 -0.005006 -0.003234 0.004268 0.001784 -0.002153 -0.00465
1305033541.872001 -0.006605 -0.001908 0.003651 0.001844 -0.003626 -0.001448
1305033541.903965 -0.003853 -0.004826 0.004536 -0.0008558 -0.007851 -0.0009221
1305033541.939961 -0.004202 -0.003813 0.00417 0.002821 -0.006808 -0.003039
1305033541.971944 -0.005293 -0.003621 0.004124 0.002534 -0.007128 -0.005541
1305033542.003968 -0.005634 -0.00381 0.00437 0.002881 -0.007058 -0.005187
1305033542.039923 -0.005182 -0.004185 0.004508 0.00286 -0.008195 -0.003166
1305033542.071937 -0.004027 -0.004482 0.003837 0.003502 -0.008199 -0.005133
1305033542.103993 -0.005564 -0.003754 0.003604 0.00317 -0.004967 -0.00469
1305033542.139985 -0.005763 -0.00328 0.00339 0.002488 -0.005264 -0.004049
1305033542.172013 -0.004983 -0.004435 0.00362 0.001044 -0.00564 -0.004407
1305033542.204179 -0.006929 -0.004048 0.003254 0.001078 -0.004182 -0.003337
1305033542.240318 -0.005784 -0.00317 0.003221 0.001164 -0.006976 -0.003495
1305033542.271976 -0.003574 -0.004209 0.004167 -2.299e-06 -0.008756 -0.006204
1305033542.304128 -0.004987 -0.002274 0.004036 0.001025 -0.005602 -0.006693
1305033542.340007 -0.004628 -0.003031 0.004313 -0.0003183 -0.00532 -0.006482
1305033542.372071 -0.00458 -0.00297 0.004346 -0.001171 -0.004222 -0.005595
1305033542.407881 -0.004447 -0.003192 0.004406 -0.001606 -0.00349 -0.004648
1305033542.439966 -0.005645 -0.003796 0.004153 -0.002631 -0.002304 -0.003834
1305033542.472000 -0.006428 -0.004554 0.00446 -0.002131 -0.003631 -0.003437
1305033542.507854 -0.005497 -0.003563 0.004608 -0.001455 -0.005656 -0.003545
1305033542.540012 -0.005001 -0.004331 0.005092 -0.002279 -0.005828 -0.00401
1305033542.571969 -0.005888 -0.003527 0.005099 -0.001222 -0.005543 -0.005163
1305033542.608015 -0.004828 -0.004158 0.005655 -0.002527 -0.006914 -0.006744
1305033542.639941 -0.005924 -0.002976 0.005503 -0.001623 -0.005721 -0.006063
1305033542.672238 -0.004531 -0.005466 0.006745 -0.004041 -0.006873 -0.0066
1305033542.707960 -0.006322 -0.005418 0.006676 -0.001452 -0.004601 -0.004468
1305033542.740019 -0.005279 -0.005588 0.006929 -0.0005719 -0.00647 -0.001911
1305033542.771950 -0.003464 -0.005342 0.007072 0.0004982 -0.00744 -0.00262
1305033542.808028 -0.003821 -0.004592 0.006853 0.0006184 -0.004585 -0.002574
1305033542.839939 -0.0065 -0.004186 0.006326 0.0008055 -0.003196 -0.001166
1305033542.871964 -0.002657 -0.004697 0.00652 -0.00169 -0.007591 -0.002838
1305033542.908104 -0.003352 -0.005599 0.006271 -0.00102 -0.004222 -0.005288
1305033542.939844 -0.006292 -0.005608 0.00568 -0.0001248 -0.002124 -0.003636
1305033542.971974 -0.005164 -0.003938 0.005105 0.001052 -0.005129 -0.0009447
1305033543.007968 -0.002306 -0.005968 0.005513 -0.0004687 -0.006582 -0.001579
1305033543.039967 -0.004311 -0.003757 0.004458 0.001936 -0.003216 -0.002221
1305033543.072135 -0.004645 -0.004028 0.004276 0.0003214 -0.004244 -0.002567
1305033543.107925 -0.002541 -0.002669 0.004274 0.0001367 -0.005549 -0.004136
1305033543.139951 -0.003435 -0.004809 0.004254 -0.002332 -0.003364 -0.004914
1305033543.172106 -0.006693 -0.00432 0.003443 -0.0001022 -0.002897 -0.004902
1305033543.207931 -0.004495 -0.002782 0.004119 1.671e-05 -0.008072 -0.004748
1305033543.240033 -0.002648 -0.003357 0.00462 0.0002011 -0.008092 -0.004433
1305033543.272004 -0.005439 -0.001781 0.004316 0.0008973 -0.005706 -0.004909
1305033543.308000 -0.002509 -0.003355 0.004836 -0.0004742 -0.009066 -0.00796
1305033543.339972 -0.003425 -0.002137 0.004348 0.001582 -0.006546 -0.009466
1305033543.371990 -0.00558 -0.002394 0.003874 0.0001281 -0.005167 -0.006706
1305033543.407964 -0.005496 -0.002875 0.003521 0.0004794 -0.008275 -0.005151
1305033543.440048 -0.003489 -0.002233 0.004111 0.0003115 -0.01142 -0.006819
1305033543.471988 -0.002287 -0.003003 0.004499 0.0004537 -0.01185 -0.01099
1305033543.507966 -0.003309 -0.001094 0.00388 0.001891 -0.009371 -0.0125
1305033543.539943 -0.004229 -0.003201 0.004178 -0.001406 -0.009434 -0.01014
1305033543.572019 -0.002007 -0.002265 0.004303 -0.000611 -0.01178 -0.008733
1305033543.608012 -0.001323 -0.003887 0.00441 -0.002596 -0.01004 -0.006964
1305033543.640627 -0.003283 -0.005096 0.004157 -0.002328 -0.008852 -0.005174
1305033543.672031 -0.002822 -0.006464 0.004732 -0.001201 -0.01176 -0.004768
1305033543.707861 -0.001995 -0.006406 0.005117 0.001286 -0.01374 -0.005726
1305033543.739958 -0.002195 -0.005791 0.005017 0.003997 -0.01397 -0.006626
1305033543.771927 -0.001909 -0.004763 0.00553 0.005099 -0.01458 -0.008286
1305033543.807901 -0.0005865 -0.002739 0.006098 0.003952 -0.01435 -0.009364
1305033543.840066 -0.0002019 -0.005712 0.006907 0.0008348 -0.01138 -0.00866
1305033543.872062 -0.002431 -0.007277 0.005918 0.0005032 -0.008108 -0.005269
1305033543.907963 -0.003421 -0.005977 0.004813 0.003035 -0.009185 -0.003597
1305033543.939940 -0.0009433 -0.005696 0.005166 0.002562 -0.01289 -0.004508
1305033543.971941 0.0002393 -0.004847 0.005248 0.002502 -0.0116 -0.00649
1305033544.007959 -0.002477 -0.005293 0.004441 0.001583 -0.007382 -0.006706
1305033544.039989 -0.002442 -0.006052 0.004454 -0.0001919 -0.008478 -0.005245
1305033544.072098 -0.001943 -0.005698 0.004361 0.0009765 -0.009327 -0.004122
1305033544.107970 -0.001142 -0.00582 0.004555 0.0006993 -0.009408 -0.004557
1305033544.139947 -0.001731 -0.004174 0.004418 0.001888 -0.007546 -0.004967
1305033544.172048 -0.00222 -0.005985 0.004204 -0.0002493 -0.007518 -0.0054
1305033544.208166 -0.001187 -0.005843 0.004873 0.001006 -0.008571 -0.0071
1305033544.239968 -0.002702 -0.004968 0.00436 0.00202 -0.006289 -0.006321
1305033544.272204 -0.002157 -0.005305 0.004109 0.001492 -0.007851 -0.005685
1305033544.307977 -0.001347 -0.006505 0.004609 0.001606 -0.008335 -0.006804
1305033544.339999 -0.002698 -0.003779 0.003792 0.004457 -0.006652 -0.007225
1305033544.372062 -0.002478 -0.004669 0.003861 0.002358 -0.007472 -0.006605
1305033544.407927 -0.002784 -0.004775 0.003344 0.002165 -0.007873 -0.006326
1305033544.439901 -0.001155 -0.003984 0.004111 0.002202 -0.009337 -0.008648
1305033544.472185 -0.003499 -0.004692 0.00365 0.001089 -0.005179 -0.009129
1305033544.507909 -0.003067 -0.002299 0.003249 0.001926 -0.007198 -0.007613
1305033544.539983 -0.0008855 -0.003054 0.004395 0.0002639 -0.007814 -0.007967
1305033544.572059 -0.00377 -0.003071 0.002919 0.0002654 -0.003505 -0.007608
1305033544.607960 -0.004148 -0.003049 0.003149 -3.586e-05 -0.00595 -0.006752
1305033544.640040 -0.002494 -0.002661 0.003942 0.0001694 -0.007699 -0.006495
1305033544.672142 -0.003216 -0.002632 0.003128 0.0005142 -0.006366 -0.007013
1305033544.708156 -0.003962 -0.002757 0.002813 0.0005344 -0.0065 -0.00798
1305033544.739928 -0.004561 -0.002702 0.002706 0.001278 -0.007875 -0.008751
1305033544.772174 -0.003818 -0.0003637 0.002915 0.002461 -0.009269 -0.008098
1305033544.807983 -0.004105 -0.001544 0.002707 0.0001562 -0.008274 -0.007244
1305033544.840010 -0.004428 -0.000824 0.002377 -4.427e-05 -0.009106 -0.006821
1305033544.872116 -0.003718 -0.001078 0.002435 -0.0001079 -0.01074 -0.007501
1305033544.907777 -0.003022 -0.0007677 0.002712 0.0009016 -0.01083 -0.008335
1305033544.939848 -0.004406 0.0003952 0.00216 0.001299 -0.00906 -0.008168
1305033544.971989 -0.003465 0.001181 0.002528 0.0006945 -0.01003 -0.007631
1305033545.007915 -0.002463 -0.0002105 0.002496 -0.0008435 -0.009055 -0.007318
1305033545.040094 -0.004075 -0.0001732 0.002621 -0.0004292 -0.006717 -0.008223
1305033545.071928 -0.003902 0.0005174 0.002417 0.0006388 -0.006444 -0.005549
1305033545.108141 -0.003809 -0.0001222 0.001601 0.000283 -0.006405 -0.002169
1305033545.139997 -0.002422 0.0007153 0.001346 0.0006331 -0.007601 -0.001293
1305033545.172000 -0.001901 0.0004134 0.00164 -0.0005472 -0.00705 -0.002397
1305033545.207996 -0.002743 -0.000269 0.00077 0.0003582 -0.005348 -0.004476
1305033545.240043 -0.003811 0.001091 0.0004299 0.0007693 -0.004734 -0.004337
1305033545.272059 -0.003285 0.0004701 -0.0001222 4.327e-05 -0.006341 -0.003431
1305033545.308058 -0.0003459 0.001644 0.0007746 1.981e-05 -0.008221 -0.003744
1305033545.339931 -0.0017 0.000284 -0.0004308 -0.0008732 -0.00426 -0.004607
1305033545.372093 -0.00329 0.0007151 -0.001557 -0.0003821 -0.004199 -0.005923
1305033545.408031 -0.001732 0.0008868 -0.0008777 -0.0007188 -0.006876 -0.006032
1305033545.440032 -0.001323 0.001338 -0.0015 0.001099 -0.006186 -0.005734
1305033545.472172 -0.001945 0.003121 -0.001952 0.0008434 -0.005253 -0.004486
1305033545.508020 -0.000897 0.003431 -0.001906 -0.0007762 -0.005725 -0.004434
1305033545.540001 -0.0008769 0.002268 -0.00202 -0.002647 -0.004229 -0.005866
1305033545.572074 -0.001864 0.002911 -0.002297 -0.001304 -0.003114 -0.007174
1305033545.608001 -0.002571 0.002848 -0.002766 -0.001941 -0.003024 -0.006409
1305033545.640203 -0.0007972 0.0034 -0.002834 -0.0004349 -0.005511 -0.007191
1305033545.672134 -0.001587 0.006765 -0.003522 0.0008823 -0.002825 -0.004778
1305033545.708266 -0.0009326 0.004886 -0.003536 -0.00386 -0.00244 -0.00186
1305033545.740136 -0.0008202 0.004294 -0.004224 -0.004109 -0.001258 -0.001866
1305033545.771903 -0.00173 0.004362 -0.004903 -0.004019 -0.0004661 -0.003451
1305033545.808009 -0.002013 0.004367 -0.00539 -0.003955 -0.001376 -0.005199
1305033545.840003 -0.001284 0.005081 -0.005437 -0.003311 -0.002277 -0.005108
1305033545.872068 -0.001999 0.005303 -0.005586 -0.00442 -0.0009412 -0.003291
1305033545.907982 -0.002076 0.003114 -0.005841 -0.005036 -0.001765 -0.002522
1305033545.939976 6.007e-06 0.004174 -0.005431 -0.002525 -0.003477 -0.003961
1305033545.972036 -0.000948 0.004371 -0.005961 -0.001356 0.0001628 -0.004588
1305033546.008052 -0.003454 0.002553 -0.006624 -0.002373 0.001483 -0.002572
1305033546.039979 -0.001274 0.003017 -0.006149 0.0003049 -0.001729 -0.0009014
1305033546.071992 -0.001929 0.003198 -0.006261 0.0015 5.078e-05 4.741e-05
1305033546.107951 -0.004702 0.005042 -0.008184 0.003352 0.001273 0.0006378
1305033546.139987 -0.002428 0.004795 -0.006377 -8.888e-05 -0.003576 -0.001258
1305033546.172247 -0.00212 0.005234 -0.006938 0.001226 -0.003237 -0.005699
1305033546.208142 -0.002883 0.004338 -0.006774 0.0002964 -0.002214 -0.00769
1305033546.240499 -0.006294 0.005587 -0.008218 0.0007464 -0.0004684 -0.006369
1305033546.271987 -0.005238 0.005083 -0.008141 -0.0006368 -0.005817 -0.002022
1305033546.308217 -0.001516 0.006497 -0.007139 -0.0009999 -0.007897 -0.0003395
1305033546.339928 -0.003842 0.002316 -0.007814 -0.004074 -0.004735 -0.0005771
1305033546.372019 -0.004573 0.006676 -0.008684 0.0007391 -0.005607 0.002428
1305033546.407778 -0.002505 0.006361 -0.008175 -0.001627 -0.0068 0.003795
1305033546.439943 -0.003371 0.003486 -0.007955 -0.003984 -0.006613 0.000162
1305033546.472094 -0.0006052 0.003892 -0.007432 0.0005231 -0.008592 -0.00455
1305033546.507882 -0.002502 0.00664 -0.008032 0.003487 -0.00354 -0.007246
1305033546.539974 -0.00533 0.006841 -0.008402 0.001107 -0.001503 -0.003741
1305033546.572101 -0.001985 0.006205 -0.007695 -0.0002128 -0.006015 0.00105
1305033546.607956 0.00039 0.007617 -0.006513 -0.00122 -0.004366 0.001928
1305033546.640064 -0.0008758 0.005333 -0.006667 -0.002762 0.0007641 0.0006689
1305033546.672140 -0.003064 0.005296 -0.007222 -0.002104 0.0026 -0.0006396
1305033546.707998 -0.003089 0.004336 -0.006561 -0.001814 0.0001877 -0.004046
1305033546.739975 -0.003744 0.004865 -0.006856 0.000396 -0.001493 -0.005884
1305033546.771997 -0.003728 0.005678 -0.006867 0.0007555 -0.003454 -0.004123
1305033546.807960 -0.00239 0.004658 -0.005924 -0.000382 -0.005996 -0.001223
1305033546.839978 -0.001603 0.005332 -0.006072 0.0005185 -0.006172 0.0007373
1305033546.871991 0.0005214 0.006348 -0.005797 0.00133 -0.006396 -0.0009826
1305033546.907959 0.0002466 0.006681 -0.005567 0.0006422 -0.002768 -0.002136
1305033546.940042 -0.0003062 0.005531 -0.007039 -0.001946 -6.18e-05 -0.001657
1305033546.972133 -0.001846 0.005758 -0.005945 -0.001595 0.0004737 -0.001901
1305033547.007986 -0.0002664 0.006261 -0.00538 -0.001246 -0.001287 -0.002148
1305033547.039973 -0.002397 0.005103 -0.005978 -0.001777 0.0007246 -0.00117
1305033547.072051 -0.002461 0.004784 -0.006156 -0.00147 -0.002345 0.0007231
1305033547.107973 0.0006367 0.004798 -0.005666 0.0001487 -0.005489 0.001791
1305033547.139964 -0.001179 0.005255 -0.006469 0.0007269 -0.001791 0.00158
1305033547.171990 -0.002057 0.006089 -0.007147 0.001025 -0.003582 -0.0001794
1305033547.208019 0.001139 0.005004 -0.005508 -0.0006042 -0.007225 -0.002715
1305033547.240019 -0.0002153 0.005526 -0.006646 0.001617 -0.003445 -0.003303
1305033547.272008 -0.001252 0.006155 -0.006882 0.001317 -0.003357 -0.002337
1305033547.307975 0.0002162 0.00477 -0.006605 0.0001328 -0.00606 -0.002447
1305033547.340021 0.0005066 0.005834 -0.007159 0.002216 -0.005621 -0.00371
1305033547.372227 -0.00101 0.006711 -0.007641 0.002047 -0.004991 -0.004
1305033547.407924 0.0004156 0.00604 -0.007064 0.0006255 -0.008206 -0.00539
1305033547.440119 0.00219 0.00675 -0.006933 0.001907 -0.008056 -0.005851
1305033547.472121 0.001414 0.006038 -0.006653 0.0007764 -0.004429 -0.003985
1305033547.508002 -0.000898 0.006962 -0.007187 0.001778 -0.001316 -4.752e-05
1305033547.540002 -0.001444 0.007223 -0.007184 -0.0002311 -0.00437 0.001421
1305033547.571945 0.002119 0.006334 -0.005968 -0.001117 -0.00827 -0.001065
1305033547.607867 0.0006974 0.005958 -0.005851 -0.000527 -0.004042 -0.003561
1305033547.639866 -0.0009692 0.004835 -0.006308 0.0003148 -0.002788 -0.004114
1305033547.672081 -0.0008441 0.007785 -0.006547 0.002803 -0.002806 0.0007504
1305033547.707937 0.0001547 0.005625 -0.00617 -0.001405 -0.003182 0.004471
1305033547.739860 0.001629 0.005927 -0.00686 -0.0007505 -0.003198 0.002533
1305033547.771903 0.0003681 0.005464 -0.007254 -0.001008 -0.0005773 -0.002422
1305033547.807957 -0.0001642 0.005738 -0.00669 -0.0002157 -0.000723 -0.005593
1305033547.839913 -7.627e-05 0.007265 -0.006537 0.0007689 -0.0004514 -0.003555
1305033547.872133 0.001216 0.005353 -0.006113 -0.001252 -0.0005509 -0.001118
1305033547.907862 0.001178 0.003501 -0.00671 -0.0008862 0.001498 -0.0009045
1305033547.940013 -0.0002472 0.003945 -0.008101 0.00234 0.003037 -0.001287
1305033547.972166 -0.0004212 0.005257 -0.008045 0.003316 0.00284 0.0006407
1305033548.007950 -0.000297 0.005954 -0.008634 0.003064 0.002932 0.002639
1305033548.072059 0.00146 0.0126 -0.01657 0.001301 0.008799 0.002949
1305033548.107983 -0.001697 0.004999 -0.008584 -0.0007271 0.006814 0.002232
1305033548.140062 -0.001221 0.005208 -0.008708 0.0005729 0.003999 0.002172
1305033548.172076 0.0001545 0.00599 -0.007781 0.001692 0.002055 -0.0009219
1305033548.207985 -0.0001877 0.006886 -0.007632 0.002391 0.004371 -0.002159
1305033548.239986 -0.001043 0.005637 -0.00775 0.0009499 0.006262 -0.0003171
1305033548.272093 -0.001675 0.005308 -0.008264 0.001306 0.006777 0.00202
1305033548.308005 -0.001386 0.005792 -0.008447 0.001873 0.004799 0.002239
1305033548.340012 -0.0006035 0.006933 -0.008248 0.001715 0.003749 0.0008282
1305033548.371963 -0.001281 0.006495 -0.00776 7.135e-05 0.004731 -0.001037
1305033548.408013 -0.001984 0.005511 -0.007589 -0.0008297 0.004262 -0.001707
1305033548.439833 -0.002387 0.005226 -0.007514 -0.0004146 0.003692 -0.0009265
1305033548.472090 -0.003516 0.004373 -0.007271 -0.0006466 0.00224 0.0009004
1305033548.507972 -0.001164 0.005083 -0.006984 0.001334 -0.002623 -0.000483
1305033548.540004 0.0001644 0.005358 -0.006262 0.001286 -0.001397 -0.002317
1305033548.572101 -0.002398 0.006198 -0.006942 0.002424 0.002842 -0.001072
1305033548.607941 -0.001924 0.005599 -0.006546 1.326e-05 0.001571 0.002455
1305033548.639977 -0.001547 0.006138 -0.007259 -1.326e-05 0.0009486 0.003868
1305033548.671980 -0.0008393 0.005485 -0.006445 -0.001288 0.0001473 0.00208
1305033548.708005 -0.002202 0.005206 -0.006717 -0.0005335 0.0004678 -3.027e-05
1305033548.740008 -0.001534 0.006097 -0.006533 0.0007014 -0.001059 2.249e-05
1305033548.772034 -6.716e-05 0.005862 -0.005558 0.000785 -0.001052 0.0007673
1305033548.839886 -0.001856 0.009803 -0.01242 0.002753 0.004635 0.00429
1305033548.871998 -0.001242 0.005516 -0.006485 0.002686 0.001355 0.004007
1305033548.907968 -0.001061 0.005953 -0.006906 0.002039 0.00106 0.005631
1305033548.939893 -0.001877 0.004802 -0.007228 0.0005119 0.0001333 0.005295
1305033548.972156 -0.001505 0.004493 -0.006717 0.001041 -0.002424 0.003691
1305033549.008413 -0.0002826 0.005409 -0.006837 0.003004 -0.004434 0.002065
1305033549.040009 0.0002295 0.00655 -0.006881 0.003184 -0.003925 -0.0004468
1305033549.071865 0.0008579 0.005913 -0.006516 0.002388 -0.002608 -0.002673
1305033549.108050 0.0001318 0.006547 -0.007549 0.004192 0.0003301 -0.002836
1305033549.140011 -0.001584 0.008504 -0.007938 0.002764 0.001929 0.0004789
1305033549.171994 0.0005004 0.007087 -0.007153 7.295e-05 -0.000711 0.004373
1305033549.207991 0.001198 0.006864 -0.007217 -0.00109 -0.001239 0.002456
1305033549.240017 0.001295 0.007772 -0.007925 -0.0001314 -0.0008701 -0.002851
1305033549.271996 -0.0006425 0.007177 -0.007072 -0.002321 0.001538 -0.005036
1305033549.307930 -0.002357 0.006035 -0.007829 -0.002752 0.001306 -0.00431
1305033549.339824 -0.001315 0.004751 -0.006965 -0.003147 -0.001723 -0.002293
1305033549.371997 -0.001222 0.003138 -0.006986 -0.0008477 -0.00173 -0.001126
1305033549.407979 -0.001367 0.004749 -0.007852 0.002782 -0.002072 -0.0004698
1305033549.440046 -0.00116 0.006749 -0.008089 0.003528 -0.001534 0.0007125
1305033549.471996 -0.0007761 0.005096 -0.006955 0.0001162 -0.001113 0.0004619
1305033549.507981 -0.001972 0.005219 -0.007818 0.001266 0.0006048 6.696e-05
1305033549.540005 -0.001752 0.006678 -0.007468 0.001479 0.0002547 0.0008224
1305033549.572036 -0.001696 0.005504 -0.007168 1.96e-05 0.001624 0.001933
1305033549.607937 -0.002013 0.004375 -0.007323 -6.306e-07 0.002935 0.003321
1305033549.640078 -0.001806 0.004067 -0.008063 0.001718 0.002975 0.003356
1305033549.672038 -0.0002535 0.005882 -0.007682 0.004052 0.002472 0.001636
1305033549.707960 -0.0005858 0.006874 -0.008188 0.004584 0.007232 0.003239
1305033549.739984 -0.003096 0.009164 -0.01006 0.002984 0.01102 0.00672
1305033549.772049 0.0006893 0.005104 -0.007318 -0.003041 0.005799 0.004472
1305033549.807960 -0.001417 0.005728 -0.008871 0.0009559 0.0121 0.004161
1305033549.839997 -0.005565 0.00813 -0.01072 0.00199 0.01289 0.006483
1305033549.871994 -0.001463 0.008256 -0.008433 0.000577 0.005256 0.007189
1305033549.907983 -0.0008632 0.0102 -0.008928 0.0002522 0.007337 0.006769
1305033549.939937 -0.001699 0.01038 -0.009377 -0.001752 0.01002 0.007663
1305033549.971986 -0.002874 0.009 -0.008415 -0.005256 0.01159 0.009469
1305033550.007990 -0.002614 0.007258 -0.009756 -0.005344 0.009864 0.01202
1305033550.040088 -0.001455 0.008985 -0.009587 -0.003571 0.006624 0.01178
1305033550.072003 -0.001498 0.009347 -0.01013 -0.003839 0.007192 0.01126
1305033550.107986 -0.002056 0.01014 -0.01116 -0.006962 0.005999 0.01077
1305033550.139999 0.0002048 0.008318 -0.0111 -0.01015 0.002955 0.006905
1305033550.172048 -0.001664 0.006046 -0.01114 -0.0112 0.005371 0.00508
1305033550.207965 -0.002777 0.006592 -0.01239 -0.009113 0.003583 0.004732
1305033550.240031 0.0001575 0.004563 -0.0114 -0.01012 -0.0002334 0.005649
1305033550.271999 -0.0008346 0.005676 -0.01174 -0.007439 0.002543 0.009313
1305033550.307969 0.0001708 0.00513 -0.01167 -0.008869 0.00019 0.01152
1305033550.339999 0.003515 0.00355 -0.01096 -0.008012 -0.002078 0.005157
1305033550.407993 0.0008057 0.009459 -0.02184 -0.01022 0.008071 0.01147
1305033550.439998 0.001985 0.004687 -0.01047 -0.006091 0.0003643 0.01357
1305033550.471998 0.005178 0.00329 -0.01004 -0.006553 -0.0003963 0.01076
1305033550.507974 0.004134 0.003645 -0.01043 -0.003847 0.002791 0.00639
1305033550.540052 0.005548 0.003487 -0.009452 -0.003035 0.002937 0.005746
1305033550.572006 0.007717 0.00616 -0.008705 0.00114 0.006087 0.003633
1305033550.608021 0.005439 0.005109 -0.009729 -0.002884 0.01286 0.005274
1305033550.640049 0.00483 0.003455 -0.01021 -0.004185 0.01192 0.00672
1305033550.708008 0.01936 0.00678 -0.01854 -0.005338 0.02025 0.006776
1305033550.739973 0.004537 0.005743 -0.01148 0.001146 0.01678 -0.003962
1305033550.940002 0.04323 0.03043 -0.06306 -0.03904 0.07474 0.02183
1305033551.071927 0.02806 0.02268 -0.03778 -0.03046 0.06243 0.02448
1305033551.107954 0.005033 0.004382 -0.007123 -0.008414 0.0264 0.01013
1305033551.172173 0.00432 0.01169 -0.01575 -0.01131 0.04949 0.03213
1305033551.208178 0.003106 0.004891 -0.006749 -0.005388 0.02055 0.01639
1305033551.272480 0.005674 0.008578 -0.01237 -0.01245 0.03704 0.02646
1305033551.307992 0.003021 0.006887 -0.005474 0.0007285 0.01611 0.00566
1305033551.339823 0.002371 0.00486 -0.004651 -0.002717 0.01767 0.004215
1305033551.372201 -0.0002455 0.005528 -0.004764 -0.001659 0.01867 0.003823
1305033551.407983 -0.001656 0.003994 -0.004911 -0.004664 0.01577 0.007601
1305033551.440025 -0.0004027 0.00295 -0.003929 -0.002919 0.008202 0.007705
1305033551.471981 0.00283 0.004381 -0.002712 -0.001344 0.004856 0.00619
1305033551.508090 0.002013 0.002479 -0.002434 -8.314e-05 0.00763 0.003588
1305033551.539849 0.0007523 0.006172 -0.002791 0.001897 0.00858 0.002569
1305033551.572013 0.0002227 0.003307 -0.001978 0.0002587 0.007876 0.002706
1305033551.607863 0.0001451 0.008998 -0.003443 0.002787 0.009517 0.007158
1305033551.672323 -0.00947 0.01104 -0.008862 -0.008829 0.01638 0.02545
1305033551.708185 -0.0009383 0.002957 -0.002852 -0.006911 -0.0008905 0.007721
1305033551.740243 -0.00239 0.004917 -0.003594 -0.002457 0.003068 0.002417
1305033551.775847 -0.00497 0.00134 -0.004184 -0.00461 0.004219 0.001278
1305033551.808034 -0.004666 0.002797 -0.004869 0.000917 0.001749 -0.003673
1305033551.840134 -0.005818 0.003433 -0.006211 0.001847 0.001936 -0.001774
1305033551.875927 -0.004823 0.003714 -0.006536 0.001245 0.001034 0.004229
1305033551.908206 -0.003065 0.003011 -0.007039 4.978e-06 0.001561 0.007736
1305033551.940355 -0.002668 0.001467 -0.007522 0.0005851 0.004706 0.007516
1305033551.975963 -0.004414 0.006093 -0.008966 0.003316 0.007915 0.006238
1305033552.007946 -0.003622 0.004082 -0.008841 -0.001973 0.007576 0.006362
1305033553.275904 -0.08841 0.01169 -0.07868 0.04909 0.08278 0.02996
1305033553.307809 -0.001901 -0.005361 0.009413 0.002786 -0.01717 -0.001191
1305033553.340015 -0.003473 -0.005619 0.008912 0.003052 -0.01569 -0.003672
1305033553.375997 -0.002901 -0.007087 0.009484 0.002215 -0.01803 -0.007027
1305033553.407850 -0.004537 -0.004325 0.009504 0.004865 -0.01822 -0.008591
1305033553.440081 -0.003283 -0.00723 0.009477 0.0002088 -0.02106 -0.007855
1305033553.475869 -0.00225 -0.007221 0.01011 0.003249 -0.02266 -0.0117
1305033553.540018 -0.00772 -0.01005 0.02096 0.008849 -0.03898 -0.0215
1305033553.576021 -0.004761 -0.003646 0.009961 0.003364 -0.0202 -0.006785
1305033553.607952 -0.003421 -0.005569 0.01029 -0.0001442 -0.02311 -0.007864
1305033553.639906 -0.003566 -0.004554 0.01084 0.000152 -0.02288 -0.01001
1305033553.676166 -0.003475 -0.004533 0.01068 -0.001136 -0.02262 -0.01196
1305033553.707981 -0.003111 -0.00475 0.01205 -0.002053 -0.02278 -0.01531
1305033553.740026 -0.002849 -0.004354 0.01243 -0.002231 -0.0201 -0.01641
1305033553.775868 -0.004495 -0.006509 0.01153 -0.002952 -0.01767 -0.01366
1305033553.807988 -0.004694 -0.005612 0.01187 -0.001113 -0.02005 -0.01192
1305033553.839976 -0.002953 -0.006247 0.0129 -0.0003947 -0.02161 -0.01093
1305033553.875967 -0.003539 -0.006614 0.01154 9.784e-06 -0.02037 -0.01024
1305033553.907991 -0.00344 -0.006477 0.01198 0.0006884 -0.02209 -0.01179
1305033553.940005 -0.003171 -0.005404 0.01204 0.001189 -0.0225 -0.01361
1305033553.975991 -0.000998 -0.006776 0.01294 -0.0009701 -0.02301 -0.01596
1305033554.007993 -0.002941 -0.006707 0.0122 0.0004645 -0.01934 -0.01771
1305033554.040034 -0.004042 -0.008718 0.01304 -0.000576 -0.01944 -0.0164
1305033554.076023 -0.00281 -0.006819 0.01301 0.003516 -0.02065 -0.0135
1305033554.108000 -0.0008455 -0.006804 0.01334 0.002327 -0.02062 -0.01194
1305033554.140044 0.0004228 -0.01156 0.01245 0.002514 -0.0175 -0.01388
1305033554.176007 -0.005475 -0.005036 0.01018 0.01007 -0.0107 -0.01123
1305033554.208055 -0.004493 -0.00488 0.01076 0.004705 -0.01539 -0.005354
1305033554.240172 -0.001754 -0.007392 0.0108 0.001046 -0.01897 -0.005398
1305033554.276067 -0.001009 -0.007473 0.01036 0.002056 -0.01772 -0.007721
1305033554.308153 -0.003265 -0.006108 0.009329 0.004251 -0.01529 -0.009592
1305033554.340248 -0.001633 -0.006705 0.009175 0.002624 -0.01715 -0.01174
1305033554.375987 -0.002192 -0.00789 0.008873 0.00352 -0.01456 -0.01383
1305033554.407990 -0.00395 -0.006341 0.008505 0.005938 -0.01343 -0.01276
1305033554.440087 -0.004417 -0.004047 0.007692 0.005794 -0.01324 -0.008573
1305033554.476213 -0.004576 -0.005068 0.007034 0.0008686 -0.01377 -0.004423
1305033554.508046 -0.004966 -0.005013 0.006801 -0.001355 -0.01827 -0.004766
1305033554.540140 -0.0003671 -0.004247 0.008692 -0.001882 -0.02387 -0.009422
1305033554.576065 0.0003792 -0.005916 0.009253 -0.002339 -0.01769 -0.01434
1305033554.608016 -0.006043 -0.005316 0.007345 0.0001251 -0.01166 -0.01542
1305033554.639905 -0.003921 -0.005719 0.009493 -0.000782 -0.01892 -0.01413
1305033554.676230 -0.001122 -0.005492 0.01022 0.001747 -0.01869 -0.01437
1305033554.708025 -0.002584 -0.004551 0.0093 0.0009397 -0.01445 -0.0134
1305033554.740334 -0.002617 -0.006831 0.009929 -0.001262 -0.01477 -0.0141
1305033554.776018 -0.000602 -0.006167 0.01035 0.0008187 -0.01364 -0.01279
1305033554.807959 -0.0004578 -0.006627 0.0107 0.0005661 -0.009201 -0.01061
1305033554.840166 -0.002772 -0.008007 0.0101 0.0008303 -0.005925 -0.00861
1305033554.875815 -0.003413 -0.006754 0.01026 0.002995 -0.007282 -0.005871
1305033554.907959 -2.238e-05 -0.005961 0.0115 0.002854 -0.00983 -0.003592
1305033554.940186 -0.0001801 -0.006775 0.0109 0.001778 -0.006765 -0.003799
1305033554.975951 -0.000919 -0.006309 0.01085 0.001879 -0.005208 -0.004679
1305033555.007831 -0.0001566 -0.005721 0.01063 0.002409 -0.005184 -0.003127
1305033555.039870 -0.0001529 -0.005424 0.01019 0.000913 -0.003836 5.781e-05
1305033555.075830 0.0004267 -0.004787 0.01013 -0.0001792 -0.003952 7.012e-05
1305033555.107911 0.001158 -0.003929 0.009819 -0.001658 -0.00305 0.001153
1305033555.139873 -0.0002244 -0.004461 0.009017 -0.004156 -0.002054 0.001795
1305033555.175848 0.001532 -0.004126 0.009344 -0.005471 -0.005421 -4.39e-05
1305033555.211406 0.003906 -0.006617 0.009958 -0.006755 -0.005516 -0.001465
1305033555.239872 0.001546 -0.0051 0.009095 -0.003166 -0.0009291 -0.001528
1305033555.275906 0.0002879 -0.006051 0.009202 -0.003509 -0.001528 0.000781
1305033555.307889 0.004162 -0.007408 0.009615 -0.001882 -0.005578 -0.0002071
1305033555.340024 0.003124 -0.005668 0.009189 0.001689 -0.001369 -0.001043
1305033555.376127 0.00161 -0.005809 0.009326 0.001686 0.0004127 -0.0004116
1305033555.407926 0.002214 -0.006132 0.009176 0.002309 -0.0005567 0.00101
1305033555.439798 0.003297 -0.00548 0.008866 0.00279 -0.0004861 0.001073
1305033555.475830 0.003032 -0.004111 0.008487 0.003508 0.001279 -0.0004639
1305033555.508054 0.002088 -0.006065 0.008792 0.00124 0.003116 -0.001625
1305033555.540167 -0.0001481 -0.004049 0.007261 0.003805 0.003519 -0.0004153
1305033555.576015 0.0009494 -0.004237 0.006813 0.002617 9.316e-05 0.001292
1305033555.607900 0.002677 -0.004157 0.006123 0.002554 -0.001521 -0.0008667
1305033555.640030 0.0003817 -0.003013 0.005206 0.00269 0.001198 -0.001705
1305033555.676147 5.175e-05 -0.003488 0.004534 0.001656 -0.0002204 -0.0004324
1305033555.707999 0.0019 -0.002815 0.004588 0.001635 -0.001814 -0.0007
1305033555.740085 0.000767 -0.002697 0.003402 0.001856 0.0004446 -0.002524
1305033555.776007 -0.001216 -0.001025 0.002676 0.002588 0.0007842 -0.001934
1305033555.808005 0.0003359 -0.001027 0.001977 0.0005833 -0.001418 -0.0004567
1305033555.839877 0.0003335 -0.001567 0.001504 -0.001169 -0.001143 -0.003637
1305033555.876037 -0.0004304 -0.002062 0.0008228 0.0009048 -0.0018 -0.00996
1305033555.908152 -0.002065 0.000912 1.494e-05 0.003224 -0.001849 -0.01092
1305033555.940117 -0.001802 0.0005202 -9.141e-05 0.001526 -0.002561 -0.008216
1305033556.076013 -0.008438 0.002804 -0.005714 0.003842 -0.01376 -0.002779
1305033556.108101 -0.0003522 0.00123 -0.001904 0.0003483 -0.005403 -0.000892
1305033556.140060 -0.0007047 0.000795 -0.002442 0.0008844 -0.00371 -0.00382
1305033556.176122 -0.002604 0.002918 -0.003474 0.002483 -0.002293 -0.005977
1305033556.207982 -0.002878 0.001748 -0.003856 0.0005516 -0.002942 -0.004541
1305033556.239930 -0.002215 0.001694 -0.004293 0.001008 -0.004422 -0.002586
1305033556.275993 -0.001529 0.003804 -0.00531 0.002338 -0.005079 -0.002892
1305033556.307938 -0.001357 0.002719 -0.005542 0.0001306 -0.004225 -0.003731
1305033556.340038 -0.003497 0.003086 -0.00621 0.0003196 -0.003383 -0.003329
1305033556.375886 -0.002509 0.004177 -0.007121 0.001401 -0.006696 -0.002903
1305033556.407971 -0.001712 0.003729 -0.007302 -0.0001007 -0.00818 -0.003814
1305033556.439968 -0.001763 0.004636 -0.00799 0.001004 -0.008371 -0.005416
1305033556.475859 -0.0009157 0.005056 -0.00832 0.0001135 -0.008512 -0.005128
1305033556.507904 -0.0007967 0.004985 -0.008957 0.0001839 -0.006629 -0.004565
1305033556.540025 -0.001841 0.005812 -0.008699 -0.0002269 -0.006217 -0.003485
1305033556.575852 -0.0001853 0.005459 -0.009446 -0.0001763 -0.007948 -0.003824
1305033556.607872 -0.001106 0.007039 -0.0101 0.0005561 -0.006184 -0.004064
1305033556.640041 -0.003753 0.00684 -0.009542 -0.00181 -0.006424 -0.003755
1305033556.675955 -0.001326 0.005147 -0.01004 -0.00148 -0.01147 -0.004423
1305033556.707983 -8.949e-05 0.006193 -0.01002 0.0009512 -0.01116 -0.005554
1305033556.739980 -0.002267 0.006616 -0.01018 0.001884 -0.008104 -0.007127
1305033556.775974 -0.004184 0.006565 -0.01104 0.002395 -0.008783 -0.00674
1305033556.808045 -0.003565 0.006337 -0.01128 0.00233 -0.01283 -0.00482
1305033556.839919 -0.001343 0.008554 -0.01147 0.004528 -0.01504 -0.004673
1305033556.876019 -0.001757 0.005992 -0.01024 0.001412 -0.01331 -0.006697
1305033556.907887 -0.002583 0.008565 -0.01109 0.004598 -0.01329 -0.008787
1305033556.939975 -0.003123 0.009476 -0.01079 0.002693 -0.01381 -0.007493
1305033556.975893 -0.002247 0.007614 -0.01017 -0.0006238 -0.01554 -0.005928
1305033557.007877 -0.001024 0.007873 -0.009446 -0.0003813 -0.01653 -0.007422
1305033557.040035 0.0003633 0.008633 -0.009654 -0.0002208 -0.01588 -0.009402
1305033557.075946 0.0005722 0.006225 -0.009035 -0.002104 -0.01223 -0.01161
1305033557.207975 -0.005374 0.02812 -0.03505 -0.004353 -0.04126 -0.0295
1305033557.240012 0.003132 0.00669 -0.008871 -0.001802 -0.01189 -0.00591
1305033557.276050 0.001875 0.006279 -0.008158 -0.003236 -0.006177 -0.007829
1305033557.307889 -0.0002579 0.005444 -0.008098 -0.003117 -0.002902 -0.006019
1305033557.340045 -0.0007478 0.005504 -0.007907 -0.001985 -0.003949 -0.004204
1305033557.376086 -2.961e-05 0.00502 -0.007256 -0.002118 -0.006169 -0.003613
1305033557.408418 0.001401 0.003065 -0.007533 -0.001753 -0.006476 -0.006472
1305033557.440158 -0.000232 0.003925 -0.008874 0.001925 -0.003524 -0.007255
1305033557.476007 -0.001151 0.004484 -0.009025 0.001908 -0.003873 -0.003905
1305033557.508957 -0.0005961 0.003483 -0.009995 0.001585 -0.005249 -0.001651
1305033557.540147 0.0005993 0.004641 -0.01057 0.002871 -0.007248 -0.002524
1305033557.576011 0.0009388 0.00433 -0.01043 0.0009987 -0.00644 -0.005252
1305033557.608076 -0.002164 0.003914 -0.01064 0.001903 -0.003369 -0.006263
1305033557.640067 -0.003292 0.005188 -0.01006 0.002912 -0.0065 -0.004575
1305033557.675921 0.0005128 0.004404 -0.01059 0.001357 -0.01112 -0.0054
1305033557.708017 -0.000366 0.004576 -0.01082 0.001987 -0.005018 -0.005159
1305033557.739934 -0.004672 0.005217 -0.009173 0.002212 -0.001633 -0.001977
1305033557.775894 -0.002671 0.004024 -0.009998 0.00184 -0.008153 -0.001645
1305033557.807892 -0.001389 0.004617 -0.0101 0.003738 -0.008229 -0.002249
1305033557.839884 -0.00298 0.006257 -0.009605 0.004714 -0.005988 -0.002041
1305033557.875991 -0.003203 0.006474 -0.009031 0.003345 -0.008266 -0.002754
1305033557.908090 -0.002218 0.004969 -0.00905 0.002442 -0.009284 -0.005623
1305033557.940084 -0.003774 0.006205 -0.008473 0.004309 -0.007 -0.007469
1305033557.976015 -0.003743 0.00601 -0.008781 0.004475 -0.009164 -0.008975
1305033558.008091 -0.003522 0.006206 -0.008932 0.004008 -0.009864 -0.009193
1305033558.039892 -0.003319 0.006316 -0.009088 0.004543 -0.009517 -0.008091
1305033558.075872 -0.002598 0.007825 -0.008742 0.003367 -0.01104 -0.007889
1305033558.108007 -0.003227 0.00554 -0.008815 0.0003217 -0.009534 -0.008953
1305033558.139983 -0.004192 0.008091 -0.008082 0.002838 -0.008938 -0.007522
1305033558.175960 -0.003308 0.005598 -0.007948 -0.0004235 -0.01173 -0.008687
1305033558.207949 -0.002981 0.007896 -0.008484 0.001843 -0.01069 -0.008832
1305033558.576013 -0.08294 -0.04422 -0.1172 -0.09854 0.01701 -0.03888
1305033558.608046 -0.005889 0.003936 -0.005777 -0.002261 -0.01461 -0.0117
1305033558.640092 -0.007507 0.006094 -0.005847 -0.0004184 -0.01358 -0.008801
1305033558.676023 -0.005978 0.004595 -0.005549 -0.003488 -0.01721 -0.006609
1305033558.708030 -0.005583 0.004962 -0.005456 -0.002646 -0.01564 -0.006959
1305033558.740101 -0.006875 0.004412 -0.004487 -0.002998 -0.01622 -0.01054
1305033558.776017 -0.005663 0.004849 -0.00519 -0.002454 -0.01931 -0.01487
1305033558.807983 -0.006757 0.004612 -0.004421 -0.001672 -0.01737 -0.01735
1305033558.839871 -0.00591 0.005195 -0.005206 0.0001403 -0.0194 -0.02083
1305033558.876551 -0.005779 0.005039 -0.005299 -0.001568 -0.01896 -0.02267
1305033558.908105 -0.006467 0.005015 -0.005371 -0.00229 -0.01669 -0.02122
1305033558.939967 -0.005625 0.004609 -0.006186 -0.003856 -0.01565 -0.01448
1305033558.976272 -0.00483 0.003001 -0.004731 -0.006922 -0.01389 -0.003692
1305033559.008000 -0.003917 0.002264 -0.003367 -0.004501 -0.0136 -0.001627
1305033559.040382 -0.003218 0.00344 -0.004567 -0.002123 -0.01275 -0.004786
1305033559.076769 -0.004067 0.003946 -0.004122 -0.003482 -0.00976 -0.003309
1305033559.109646 -0.004885 0.003308 -0.003254 -0.006135 -0.01022 -0.001661
1305033559.139920 -0.003339 0.002277 -0.003318 -0.006154 -0.01333 -0.003972
1305033559.175997 -0.002524 0.002072 -0.003802 -0.004557 -0.01245 -0.006427
1305033559.208040 -0.003312 0.002044 -0.003385 -0.003958 -0.01019 -0.005946
1305033559.239863 -0.002462 0.0009628 -0.002929 -0.003616 -0.01111 -0.005933
1305033559.276037 -0.001224 0.001699 -0.003557 -0.001226 -0.008904 -0.005129
1305033559.307898 -0.001148 0.001103 -0.002587 -0.00263 -0.004535 -0.00132
1305033559.340098 -0.00138 0.0007397 -0.001615 -0.003582 -0.001104 0.00425
1305033559.375961 -0.001686 -0.0002862 -0.0003435 -0.003156 -0.0003931 0.004832
1305033559.407979 -0.0007587 -0.001841 0.0001839 -0.001822 -0.001329 0.001379
1305033559.440041 -0.001224 -0.001923 0.0009427 0.001694 0.0001298 -0.0004934
1305033559.476020 -0.0007685 -0.001906 0.001738 0.003322 -0.0007565 -0.0006995
1305033559.507932 0.001023 -0.002904 0.00196 0.003746 -0.0004043 -0.001933
1305033559.808038 0.009105 -0.03883 0.03668 0.0389 0.05059 0.01023
1305033559.840057 0.002191 -0.005149 0.005429 0.004366 0.00665 0.002906
1305033559.875882 0.001339 -0.004476 0.006331 0.004159 0.0107 0.006693
1305033559.908073 0.0007599 -0.005324 0.006633 0.002933 0.01096 0.009762
1305033559.940079 0.001005 -0.004646 0.00692 0.003685 0.01025 0.01172
1305033559.976033 0.001414 -0.005026 0.007697 0.003414 0.009696 0.00872
1305033560.008053 0.0009263 -0.005973 0.007542 0.003915 0.01069 0.004725
1305033560.040022 0.000862 -0.006261 0.007286 0.005009 0.009777 0.004972
1305033560.076066 0.001413 -0.005398 0.007533 0.005169 0.01028 0.00864
1305033560.107878 0.002369 -0.006685 0.007627 0.003525 0.01079 0.01024
1305033560.139985 0.00238 -0.005933 0.008003 0.002818 0.01277 0.01247
1305033560.175953 0.001519 -0.006459 0.008864 0.001776 0.01427 0.01398
1305033560.207885 0.00225 -0.006689 0.009331 0.0005803 0.01277 0.01449
1305033560.240149 0.002691 -0.007662 0.009774 0.0005716 0.01227 0.01232
1305033560.275875 0.002233 -0.006388 0.01022 0.002969 0.01421 0.01139
1305033560.308068 0.001946 -0.007456 0.01071 0.001603 0.01413 0.01149
1305033560.340794 0.003983 -0.006577 0.01041 0.002606 0.013 0.01147
1305033560.376140 0.003403 -0.006697 0.01195 0.001081 0.0169 0.01221
1305033560.408223 0.003196 -0.006701 0.01153 0.000756 0.01738 0.01293
1305033560.440133 0.003359 -0.006475 0.013 -0.0007478 0.01778 0.0165
1305033560.476175 0.004647 -0.007017 0.01485 -0.001079 0.01572 0.01332
1305033560.508010 0.005453 -0.007793 0.0138 -0.0003776 0.01516 0.006177
1305033560.540071 0.003261 -0.006658 0.01347 0.0004269 0.01878 0.005972
1305033560.576121 0.002328 -0.007577 0.01407 -0.0007694 0.01926 0.00954
1305033560.608124 0.002206 -0.006567 0.01408 -0.0002915 0.01725 0.01295
1305033560.640091 0.00361 -0.007701 0.01407 -0.002152 0.01324 0.01149
1305033560.676024 0.003783 -0.007451 0.0135 -0.0001604 0.01546 0.009574
1305033560.708282 0.002759 -0.006238 0.01338 -8.352e-05 0.01618 0.01052
1305033560.740039 0.00539 -0.007147 0.01137 -0.001154 0.014 0.00946
1305033560.776130 0.003146 -0.006271 0.01229 -0.001138 0.01904 0.01012
1305033560.808007 0.002159 -0.006716 0.01189 -0.001043 0.01582 0.009657
1305033560.840109 0.004748 -0.006538 0.01244 -0.000994 0.01063 0.006917
1305033561.075981 0.02655 -0.05587 0.0727 0.03858 0.07044 0.04535
1305033561.175991 0.01852 -0.02246 0.02877 0.01354 0.04121 0.041
1305033561.207947 0.001786 -0.00278 0.008476 0.004653 0.0189 0.01447
1305033561.244096 0.006001 -0.007893 0.009636 -0.001853 0.009909 0.01202
1305033561.276018 0.00842 -0.007149 0.006916 0.003456 0.0118 0.007639
1305033561.308038 0.003664 -0.001251 0.006365 0.006859 0.01778 0.008647
1305033561.344315 0.006217 -0.00139 0.006621 1.523e-06 0.01275 0.008676
1305033561.376023 0.004291 -0.002626 0.006402 -0.003148 0.01846 0.01121
1305033561.408071 0.002362 -0.0007266 0.007216 -0.003582 0.01557 0.011
1305033561.444167 0.007309 -0.004024 0.006045 -0.00605 0.008645 0.007095
1305033561.475883 0.00384 -0.001779 0.005313 -0.00293 0.01513 0.004772
1305033561.508997 0.000531 -0.004545 0.005576 -0.005252 0.01282 0.002172
1305033561.544443 0.003274 -0.001726 0.00335 -0.00116 0.007142 0.0006787
1305033561.576172 0.003237 -0.001646 0.00361 -0.004653 0.009378 0.001683
1305033561.608228 0.001361 -0.003924 0.004456 -0.007382 0.01084 0.003203
1305033561.643844 0.001743 -0.003403 0.004711 -0.005539 0.00874 0.004583
1305033561.676177 0.003764 -0.0009923 0.005667 -0.00508 0.007426 0.002993
1305033561.708201 0.005761 -0.006189 0.005679 -0.00903 0.009631 0.001479
1305033561.744331 0.0005706 -0.005411 0.004914 -0.004195 0.01668 0.004159
1305033561.776130 0.0007523 -0.0009512 0.005339 -0.001324 0.01264 0.006872
1305033561.808115 0.003677 -0.002291 0.006849 -0.005354 0.01019 0.008093
1305033561.843975 0.002545 -0.004214 0.007723 -0.006595 0.01107 0.007057
1305033561.876180 0.002056 -0.003149 0.006452 -0.002546 0.008759 0.003999
1305033561.908054 0.003106 -0.003289 0.0069 -0.0038 0.005145 0.001162
1305033561.944175 0.002772 -0.003712 0.005797 -0.001364 0.005721 0.002393
1305033561.976031 0.00365 0.002801 0.005683 0.001998 0.005036 0.003576
1305033562.008340 0.006975 -0.00021 0.00722 -0.006185 0.003511 -0.001097
1305033562.043859 0.0044 0.001857 0.005874 -0.004367 0.009988 -0.001189
1305033562.444037 0.1326 0.4802 0.03863 0.339 -0.08953 -0.1786
1305033562.476159 0.001966 -0.001284 0.003169 -0.00558 0.002997 0.002803
1305033562.508226 0.0001966 0.0005064 0.002344 -0.00222 0.002875 0.003794
1305033562.544074 0.0006879 0.0005636 0.003757 -0.00312 0.000713 0.006476
1305033562.575998 0.002946 3.672e-05 0.004797 -0.002639 -0.001604 0.002891
1305033562.608172 0.002432 -0.001374 0.003814 -0.001781 0.0007751 -0.00208
1305033562.643989 -0.002262 0.00105 0.002414 -0.0004523 0.004857 0.000332
1305033562.676123 -0.000848 -0.0004643 0.003106 -0.003923 0.001429 0.004533
1305033562.709353 0.002149 -0.002089 0.003259 -0.004435 -0.0001378 0.004655
1305033562.744034 -0.001391 -0.001684 0.002801 -0.002712 0.003365 0.003742
1305033562.775949 -0.0006613 -0.00169 0.003356 -0.002894 -0.0001835 0.0009357
1305033562.808427 0.002021 -0.003725 0.003687 -0.003388 -0.002592 -0.003935
1305033562.844181 -0.002382 -0.005056 0.002399 -0.00102 0.001002 -0.005102
1305033562.876076 -0.005437 -0.004504 0.0022 0.001063 -0.002219 -0.002034
1305033562.907918 -0.0002001 -0.002617 0.003288 0.002657 -0.00982 -0.0004882
1305033562.943995 0.003912 -0.002532 0.004482 0.003307 -0.009674 -0.003536
1305033562.975904 0.002934 -0.002192 0.004001 0.003009 -0.003804 -0.006578
1305033563.008047 -0.002585 -0.003084 0.0042 0.002042 0.00239 -0.003799
1305033563.044010 -0.0003033 -0.004998 0.005143 0.001354 -0.001178 -0.0008047
1305033563.075836 0.001495 -0.004534 0.004288 0.003653 7.928e-05 0.0008053
1305033563.108021 -0.004382 -0.001828 0.003723 0.004676 0.004098 0.003385
1305033563.143880 -0.003382 -0.00306 0.00481 0.002071 -0.00266 0.005554
1305033563.175944 0.002098 -0.00177 0.005186 0.0027 -0.008037 0.003105
1305033563.208079 0.0001709 -0.002133 0.004331 0.0008806 -0.004499 -0.002912
1305033563.243967 -0.002811 -0.004615 0.005594 -0.00215 -0.003974 -0.005292
1305033563.276048 -0.005705 -0.009257 0.006197 -0.002678 -0.005584 -0.001925
1305033563.308045 -0.008368 -0.008516 0.005343 0.00194 -0.01042 0.0005795
1305033563.343985 -0.0001959 -0.009109 0.008903 0.003757 -0.02062 -0.002072
1305033563.376120 -0.001083 -0.007045 0.008543 0.008432 -0.01608 -0.004767
1305033563.407992 -0.003519 -0.006933 0.007484 0.006716 -0.01473 -0.007758
1305033563.443962 -0.002759 -0.00597 0.007908 0.006852 -0.01524 -0.01003
1305033563.475960 -0.0009944 -0.005096 0.008395 0.003343 -0.01456 -0.00758
1305033564.807990 0.3267 -0.1898 0.5342 -0.1241 -0.3988 0.2115
1305033564.843978 -0.001426 -0.004255 0.01123 0.006088 -0.01331 -0.006801
1305033564.876058 -0.002412 -0.00643 0.01141 0.002669 -0.008587 -0.01001
1305033564.908057 -0.009236 -0.005724 0.01019 0.002248 -0.002822 -0.008589
1305033564.943990 -0.009546 -0.005979 0.01168 0.002407 -0.006679 -0.007249
1305033564.976037 -0.009781 -0.005094 0.01167 0.004383 -0.006513 -0.006797
1305033565.007938 -0.009745 -0.006227 0.01014 0.004203 -0.006238 -0.007777
1305033565.043917 -0.01039 -0.005562 0.00948 0.00532 -0.006703 -0.009449
1305033565.075900 -0.01071 -0.004715 0.009492 0.005619 -0.006975 -0.0104
1305033565.107859 -0.009933 -0.005857 0.009134 0.004412 -0.007592 -0.01141
1305033565.143987 -0.01019 -0.005228 0.008022 0.003445 -0.008571 -0.009876
1305033565.175900 -0.007303 -0.0061 0.007231 0.002081 -0.01313 -0.01019
1305033565.207978 -0.003639 -0.008006 0.004476 -0.0009756 -0.01574 -0.01113
1305033565.244953 -0.005637 -0.007694 0.00526 -0.0009803 -0.01328 -0.0122
1305033565.276356 -0.007616 -0.00874 0.003815 -0.001471 -0.01247 -0.01155
1305033565.307938 -0.004123 -0.008117 0.005873 -0.0007523 -0.0172 -0.01157
1305033565.344987 -0.0004354 -0.008591 0.008985 -0.000292 -0.01917 -0.01143
1305033565.376574 0.001642 -0.006435 0.0107 0.001477 -0.01951 -0.01114
1305033565.407876 0.001498 -0.006004 0.01142 0.0007007 -0.01711 -0.009184
1305033565.444289 0.0004471 -0.00644 0.01257 -0.001753 -0.01632 -0.007217
1305033565.476053 0.004185 -0.008718 0.0155 -0.002251 -0.01929 -0.009053
1305033565.507905 0.002115 -0.009866 0.01384 -0.0008634 -0.01527 -0.01161
1305033565.544077 -0.002528 -0.01069 0.0105 -0.0006178 -0.014 -0.0104
1305033565.575975 -0.002524 -0.00902 0.009418 0.002551 -0.01777 -0.008158
1305033565.608072 -0.0004257 -0.007864 0.009843 0.00275 -0.01894 -0.008381
1305033565.644233 -0.000286 -0.005873 0.009872 0.002763 -0.01552 -0.009907
1305033565.676064 -0.001964 -0.007476 0.009123 -0.0007653 -0.01328 -0.008358
1305033565.709168 -0.00229 -0.00934 0.006901 -0.002687 -0.01609 -0.008789
1305033565.744012 -0.0008972 -0.01107 0.002324 -0.005188 -0.01738 -0.008893
1305033565.776028 -0.001234 -0.01451 -0.003543 -0.009651 -0.01484 -0.004693
1305033565.808428 -0.00418 -0.009239 0.003855 -0.00364 -0.01242 -0.005437
1305033565.844025 -0.002618 -0.007728 0.006478 -0.001347 -0.0176 -0.006039
1305033565.875917 -0.003175 -0.00658 0.00821 0.0006085 -0.01604 -0.009728
1305033565.907964 -0.005007 -0.005828 0.006052 0.001412 -0.0123 -0.009747
1305033565.944075 -0.005599 -0.006343 0.005961 -0.001286 -0.01413 -0.008878
1305033565.975828 -0.003413 -0.007378 0.006876 -0.00168 -0.01638 -0.006974
1305033566.007890 -0.006549 -0.005238 0.00657 0.0003981 -0.01202 -0.003572
1305033566.043973 -0.006341 -0.004935 0.007238 -0.001168 -0.01385 -0.003893
1305033566.075880 -0.005762 -0.006446 0.008248 -0.001044 -0.01319 -0.007869
1305033566.107858 -0.007671 -0.005701 0.007635 0.0007625 -0.0105 -0.0102
1305033566.143991 -0.00794 -0.005647 0.006985 0.0009526 -0.01158 -0.01024
1305033566.177030 -0.008208 -0.005574 0.006986 -9.16e-05 -0.01137 -0.007212
1305033566.208030 -0.008122 -0.005878 0.007601 -9.893e-05 -0.01158 -0.005983
1305033566.244046 -0.007336 -0.004893 0.007056 0.0008338 -0.01281 -0.007827
1305033566.276005 -0.007453 -0.005483 0.007397 0.0003627 -0.01201 -0.01088
1305033566.307956 -0.007406 -0.004822 0.007216 0.0004342 -0.01118 -0.01323
1305033566.344211 -0.00806 -0.005861 0.0064 -0.0002706 -0.01044 -0.0136
1305033566.375967 -0.007758 -0.00637 0.006766 -0.001855 -0.01085 -0.01164
1305033566.408257 -0.00788 -0.007643 0.006835 -0.001582 -0.01123 -0.01056
1305033566.443910 -0.007591 -0.008791 0.006922 -0.000388 -0.01291 -0.009359
1305033566.476031 -0.006865 -0.005572 0.007169 0.002856 -0.01391 -0.009926
1305033566.508093 -0.004983 -0.007324 0.007665 0.0008227 -0.01461 -0.01365
1305033566.544036 -0.006735 -0.007271 0.007376 0.002221 -0.01102 -0.01499
1305033566.576146 -0.008845 -0.005305 0.004142 0.002896 -0.009332 -0.01354
1305033566.608193 -0.007219 -0.006741 0.006998 0.001916 -0.01176 -0.00982
1305033566.644800 -0.007831 -0.006366 0.006204 0.002215 -0.01215 -0.008798
1305033566.675986 -0.007621 -0.006025 0.006383 0.002101 -0.01531 -0.01004
1305033566.707980 -0.004898 -0.007375 0.007146 0.001138 -0.01794 -0.01318
1305033566.743879 -0.005665 -0.005195 0.006147 0.004068 -0.01521 -0.01652
1305033566.775928 -0.007328 -0.004988 0.005647 0.001819 -0.01386 -0.01586
1305033566.816360 -0.005721 -0.005603 0.005966 -0.0001753 -0.0159 -0.01427
1305033566.844889 -0.004446 -0.004605 0.005842 -0.0005802 -0.01611 -0.01445
1305033566.876228 -0.005213 -0.00592 0.005713 -0.002629 -0.01398 -0.01506
1305033566.907957 -0.004536 -0.003529 0.005643 -2.663e-05 -0.0146 -0.0133
1305033566.944007 -0.004391 -0.004812 0.006041 -0.002894 -0.01546 -0.01202
1305033566.975857 -0.003453 -0.00662 0.005937 -0.002772 -0.01616 -0.01226
1305033567.007985 -0.006313 -0.006235 0.004897 -0.001218 -0.01302 -0.01069
1305033567.043993 -0.004195 -0.006043 0.005081 0.0004883 -0.01839 -0.009544
1305033567.076392 -0.001965 -0.0048 0.005238 0.0005055 -0.01901 -0.009403
1305033567.108916 -0.001604 -0.008005 0.005148 -0.001637 -0.01623 -0.01109
1305033567.143957 -0.004598 -0.006569 0.004706 0.0006243 -0.01258 -0.01229
1305033567.177099 -0.00419 -0.008214 0.004967 4.121e-05 -0.01433 -0.0103
1305033567.208105 -0.003229 -0.006913 0.004025 0.002822 -0.0156 -0.009141
1305033567.244018 -0.002365 -0.007868 0.00427 0.002087 -0.01655 -0.01146
1305033567.275924 -0.002209 -0.007698 0.004477 0.004117 -0.01502 -0.01277
1305033567.308112 -0.001465 -0.006755 0.004339 0.005136 -0.0135 -0.01111
1305033567.343978 -0.0002905 -0.006409 0.004365 0.004607 -0.01161 -0.01153
1305033567.375907 -0.001925 -0.006175 0.003886 0.003566 -0.007033 -0.00932
1305033567.408015 -0.003214 -0.006671 0.00362 0.002867 -0.006683 -0.007725
1305033567.443932 -0.0009996 -0.006381 0.00403 0.003054 -0.009543 -0.008066
1305033567.476034 -0.0001197 -0.005251 0.003502 0.004162 -0.007073 -0.007786
1305033567.507956 -0.002705 -0.005143 0.002829 0.003232 -0.003361 -0.007369
1305033567.544077 -0.002389 -0.003763 0.00247 0.002657 -0.005521 -0.007324
1305033567.576039 -0.0007475 -0.005267 0.002719 0.00132 -0.006549 -0.007972
1305033567.608081 -0.001511 -0.003994 0.001727 0.00318 -0.003063 -0.00661
1305033567.643848 -0.003728 -0.003025 0.0008183 0.002504 -0.0009206 -0.003675
1305033567.676067 -0.00262 -0.00307 0.0004819 0.002105 -0.004037 -0.002736
1305033567.708106 -0.002953 0.0008025 -0.0002973 0.004561 -0.004166 -0.002678
1305033567.743852 -0.002007 0.001241 -0.0004576 6.521e-05 -0.005727 -0.004398
1305033567.776100 -0.001631 0.002617 -0.0004442 -4e-05 -0.005291 -0.007229
1305033567.807986 -0.002824 0.002908 -0.000403 -0.003193 -0.002389 -0.006804
1305033567.843855 -0.001956 0.002741 -0.001386 -0.004265 -0.002893 -0.006426
1305033567.876013 -0.003299 0.004798 -0.002136 -0.00237 -0.001253 -0.005715
1305033567.907933 -0.00359 0.004334 -0.002494 -0.004265 -0.002563 -0.004836
1305033567.944056 -0.002604 0.007058 -0.003174 -0.003233 -0.00452 -0.003206
1305033567.975900 -0.001264 0.005596 -0.003113 -0.005819 -0.004934 -0.001958
1305033568.007973 -0.001799 0.005831 -0.003852 -0.005126 -0.003607 -0.003179
1305033568.044690 -0.001451 0.005124 -0.004348 -0.003898 -0.003292 -0.003936
1305033568.076513 -0.002857 0.006694 -0.005393 -0.002296 -0.001058 -0.0005262
1305033568.107876 -0.001679 0.006589 -0.006026 -0.003263 -0.003055 0.001927
1305033568.144795 0.0007522 0.007096 -0.006033 -0.003503 -0.003679 0.000205
1305033568.175928 -0.001322 0.007023 -0.006999 -0.004181 0.001729 -0.0004222
1305033568.208754 -0.003469 0.005186 -0.007727 -0.004764 0.001814 -0.0004551
1305033568.244908 -0.001588 0.006692 -0.007726 -0.002026 -0.001938 -0.0008605
1305033568.276767 -0.001254 0.005366 -0.007887 -0.002362 -0.0009293 -0.0003523
1305033568.308997 -0.002484 0.007053 -0.008479 0.0007927 2.117e-05 -0.0002648
1305033568.344489 -0.001414 0.007644 -0.008219 0.0006984 -0.001666 -0.00128
1305033568.376267 -0.000339 0.008634 -0.008138 0.0004384 -0.0006894 -0.002957
1305033568.408097 -0.001408 0.008028 -0.008519 -0.00072 0.002553 -0.00354
1305033568.443929 -0.002623 0.006392 -0.009192 -0.002147 0.003792 -0.00124
1305033568.477600 -0.003148 0.00793 -0.0101 0.001251 0.002407 0.001299
1305033568.510550 -0.0008124 0.007253 -0.009405 -0.0004995 -0.0007282 0.001274
1305033568.544550 -0.002484 0.006357 -0.009904 0.0009404 0.0019 0.0004531
1305033568.577212 -0.003109 0.008054 -0.009893 0.003615 -0.0008038 -0.001271
1305033568.612362 -0.0007638 0.00921 -0.008751 0.00424 -0.00369 -0.002983
1305033568.645039 -0.0005737 0.009111 -0.00841 0.002845 -0.001126 -0.001572
1305033568.712397 -0.001663 0.02163 -0.01667 0.002319 0.001757 0.003973
1305033568.844116 -0.006244 0.03852 -0.03412 -0.01353 0.007389 -0.00277
1305033568.875957 -0.0009692 0.008601 -0.009207 -0.00311 -0.001378 0.002594
1305033568.912608 -0.002101 0.009241 -0.009376 -0.001588 -0.001414 0.0001884
1305033568.945160 -0.002056 0.01064 -0.00966 -0.001117 -0.00313 -0.001884
1305033568.976138 5.383e-05 0.01035 -0.009166 -0.002452 -0.004794 -0.002843
1305033569.010126 -0.0008661 0.009962 -0.009494 -0.002575 -0.001347 -0.002572
1305033569.044016 -0.002739 0.01117 -0.01034 -0.002503 -1.806e-05 -0.0001901
1305033569.910415 -0.1137 0.1899 -0.4575 0.001709 -0.04279 0.1507
1305033569.944825 0.0007932 0.005825 -0.01028 -0.0008334 0.006514 -0.004593
1305033569.981683 -0.004211 0.006066 -0.01089 0.002448 0.008842 0.0008187
1305033570.011030 -0.001473 0.008429 -0.01022 0.003659 0.0008402 0.005262
1305033570.045352 0.00428 0.006746 -0.009439 0.0004472 -0.00215 0.002482
1305033570.081550 0.0006944 0.007851 -0.009517 0.001557 0.005953 -0.0005822
1305033570.109751 -0.003722 0.005782 -0.008248 -0.000427 0.007753 -7.643e-05
1305033570.145930 -0.0006438 0.004663 -0.007899 0.0007909 0.0006705 6.694e-05
1305033570.181417 0.001242 0.003591 -0.008063 0.003213 0.00143 0.000282
1305033570.210844 -0.002018 0.006901 -0.008529 0.006236 0.004976 0.003445
1305033570.244500 0.00142 0.006237 -0.008144 0.002489 0.001102 0.005334
1305033570.281942 0.001968 0.005259 -0.008102 -6.088e-05 0.004333 0.005382
1305033570.312553 -0.001002 0.006565 -0.008088 -0.001557 0.007435 0.006719
1305033570.344476 0.000331 0.002477 -0.007252 -0.006079 0.004183 0.006844
1305033570.380955 0.0001919 0.002624 -0.007361 -0.003532 0.004293 0.006684
1305033570.413394 0.0001344 0.0004233 -0.006854 -0.002984 0.002622 0.004395
1305033570.444548 0.0009912 0.001466 -0.00639 0.000808 0.0006888 0.0004952
1305033570.481286 0.001571 0.00229 -0.005555 0.001288 0.0008514 -0.001114
1305033570.513265 0.0008997 0.0004007 -0.004883 0.0002168 0.003302 -0.0004162
1305033570.545143 -0.0008014 0.0007918 -0.004447 0.001489 0.003751 0.0004238
1305033570.580146 0.0007279 0.001147 -0.003223 0.001257 0.0004354 0.0006111
1305033570.615301 0.001311 0.000334 -0.002752 0.0007554 0.001335 0.0009679
1305033570.644853 -0.0007339 -5.158e-05 -0.002332 0.0007402 0.003514 0.00266
1305033570.678624 0.0003619 0.0001053 -0.001596 0.001048 0.0005025 0.00288
1305033570.712814 0.001102 8.291e-05 -0.001183 0.0006772 0.0001162 0.001472
1305033570.744521 0.0004258 -3.256e-05 -0.0007805 0.0006325 0.0009826 -0.001022
1305033570.777858 -7.083e-05 -8.592e-05 -0.0003516 0.000643 0.001145 -0.00181
1305033570.812774 9.792e-05 -5.886e-05 0.0001769 0.0001207 0.0008999 -0.000499
1305033570.844872 -4.204e-05 -0.000259 0.0004102 -0.0006371 0.0009878 0.001807
1305033570.881245 0.000683 -0.0005626 0.000986 -0.001446 -0.0003546 0.001137
1305033570.912861 0.0006693 -0.001738 0.001339 -0.0009742 -9.258e-05 -0.00192
1305033570.949082 -0.001205 0.000263 0.001464 0.001161 0.001735 -0.00104
1305033570.980633 -0.0005875 -0.001711 0.002116 -0.00197 -0.001431 -0.0005108
1305033571.012823 0.001608 -0.001444 0.002753 0.000113 -0.00265 -0.002412
1305033571.046470 -0.0009672 -0.0005343 0.002604 0.001372 0.001748 -0.001023
1305033571.077804 -0.0008755 -0.002018 0.00305 -0.000694 -0.0005896 -8.112e-05
1305033571.112750 0.0003234 -0.001119 0.003099 0.001427 -0.001132 0.0002431
1305033571.147699 -0.001417 -0.001314 0.002918 0.0003903 0.0005363 0.001606
1305033571.177871 -0.0003079 -0.00192 0.003145 -3.782e-05 -0.001793 0.001376
1305033571.212793 -0.0008812 -0.001601 0.002844 0.0006091 -0.000832 0.001352
1305033571.246885 -0.001051 -0.001027 0.002968 0.0009797 -0.001875 0.0001929
1305033571.277798 -0.000474 -0.00159 0.003122 -0.0005627 -0.002707 -0.0007086
1305033571.312823 -0.00113 -0.001751 0.002798 -0.0002192 -0.001888 -0.0002518
1305033571.345834 -0.0003884 -0.001082 0.002868 4.91e-06 -0.003225 -0.0001114
1305033571.377888 0.0004507 -0.00217 0.003073 -0.001322 -0.003016 -0.0009902
1305033571.412844 -0.0008631 -0.001218 0.002585 -8.561e-05 -0.0007456 -0.001101
1305033571.446208 -0.001311 -0.001341 0.002897 -0.001526 -0.001973 0.0002012
1305033571.479710 0.001632 -0.002337 0.003232 -0.002128 -0.004809 -0.001795
1305033571.513549 -0.0002352 -0.001858 0.002858 -0.0006252 -0.0004686 -0.002594
1305033571.546864 -0.001977 -0.00215 0.002909 -0.0004058 -0.0006498 -0.0014
1305033571.577893 0.001336 -0.001639 0.003389 -3.16e-05 -0.005086 -0.0009173
1305033571.612861 0.001738 -0.002343 0.003436 -0.0005388 -0.002263 -0.001881
1305033571.646122 -0.0003381 -0.001576 0.003447 0.0004302 0.0002968 -0.003001
1305033571.678644 -3.237e-05 -0.00236 0.003637 -0.000591 -0.001027 -0.0019
1305033571.712930 0.0005028 -0.002117 0.003586 -0.0001263 -0.0009583 -3.15e-05
1305033571.747705 0.0003785 -0.002241 0.003714 -0.001161 -0.001124 0.0002102
1305033571.780914 0.001162 -0.002658 0.003875 -0.001435 -0.001642 -0.002388
1305033571.812886 -0.0002337 -0.003411 0.004055 -0.001552 0.0006333 -0.002541
1305033571.848721 -0.002015 -0.003435 0.003922 -0.0008899 0.0004857 0.0002389
1305033571.878867 0.0005115 -0.004053 0.004242 -0.0006417 -0.00362 0.0004773
1305033571.914169 7.374e-05 -0.003477 0.00416 0.0004084 -0.002063 -0.000538
1305033571.947545 -0.0003641 -0.003257 0.004537 0.0003083 -0.002027 -0.001335
1305033571.978987 0.000202 -0.002803 0.004836 -3.623e-05 -0.002325 -0.001628
1305033572.013000 -0.0006009 -0.003865 0.004932 -0.0009864 -0.0006297 -0.001254
1305033572.050296 -0.001486 -0.004203 0.004991 -0.0008098 -0.0004972 6.989e-05
1305033572.078119 -0.001847 -0.004145 0.005012 0.0004163 -0.001756 0.001645
1305033572.112772 -0.0005803 -0.003939 0.005105 0.000826 -0.004489 0.0009862
1305033572.148148 0.0006278 -0.002258 0.005056 0.001416 -0.004808 -0.001352
1305033572.182204 -0.0001713 -0.002903 0.005228 -0.0007695 -0.002814 -0.003169
1305033572.217214 -0.001084 -0.002307 0.005242 -0.0004135 -0.001819 -0.003049
1305033572.250147 -0.0002282 -0.003127 0.005534 -0.002229 -0.002872 -0.001001
1305033572.278115 0.0001301 -0.003192 0.005575 -0.001284 -0.002143 0.0002975
1305033572.317979 -0.0001288 -0.002902 0.006207 8.571e-05 -0.001763 0.001109
1305033572.350195 0.0005794 -0.001314 0.007023 0.0007451 -0.001555 0.00366
1305033572.378518 0.0007281 -0.0006785 0.008058 0.000295 -0.0006657 0.005563
1305033572.418248 0.003496 -0.002269 0.00975 -0.001723 -0.00186 0.00241
1305033572.450332 0.002401 -0.002714 0.01054 0.00163 0.003626 0.0008606
1305033572.482121 0.0002694 -0.0006475 0.01127 0.00517 0.005829 0.001136
1305033572.517832 0.0003761 -0.00142 0.01188 0.005877 0.005031 0.002625
1305033572.550497 -0.001121 0.0009227 0.01209 0.007876 0.004893 0.009046
1305033572.582154 0.0015 -0.0001779 0.01285 0.007094 -9.832e-05 0.009904
1305033572.616679 0.005489 -0.0001529 0.01325 0.008172 -0.001389 0.004574
1305033572.650227 0.001577 0.001371 0.01315 0.01144 0.005399 0.0009456
1305033572.680315 0.003595 0.000973 0.01344 0.0122 0.00183 -0.001362
1305033572.718259 0.007232 0.006618 0.0124 0.01695 0.005092 0.001336
1305033572.750166 0.001215 0.008224 0.01333 0.0111 0.0133 0.007909
1305033572.780967 0.00468 0.002625 0.01333 0.006032 0.007089 0.006868
1305033572.816626 0.01206 0.004132 0.01287 0.009521 0.005584 0.004422
1305033572.847583 0.009925 0.006829 0.01239 0.01362 0.01719 0.0083
1305033572.879279 0.007535 0.003789 0.0123 0.009594 0.02278 0.01181
1305033572.915303 0.006479 0.00534 0.01141 0.01302 0.02392 0.01456
1305033572.951889 0.009431 0.007186 0.01142 0.01284 0.0225 0.01969
1305033572.978189 0.009376 0.005909 0.009839 0.01119 0.02559 0.0241
1305033573.015418 0.01064 0.009956 0.008134 0.01103 0.02426 0.02542
1305033573.047134 0.01331 0.003961 0.007499 0.005553 0.02397 0.02296
1305033573.080129 0.01559 0.017 0.004165 0.01336 0.02622 0.02497
1305033573.115331 0.0139 0.005796 -0.002311 -0.00603 0.02854 0.0295
1305033573.146194 0.009855 0.00445 -0.0002613 -0.007417 0.03513 0.02717
1305033573.177561 0.01184 0.01018 -0.0008217 -0.00724 0.03376 0.02717
1305033573.215744 0.007449 0.001939 -0.001946 -0.01364 0.03652 0.02945
1305033573.245663 0.003826 0.006929 -0.005395 -0.01037 0.03651 0.03401
1305033573.277720 0.005682 0.00191 -0.005599 -0.01954 0.03416 0.03366
1305033573.314326 0.01058 0.008618 -0.007433 -0.01519 0.03461 0.03415
1305033573.346701 0.006564 0.01116 -0.01206 -0.02337 0.04522 0.03844
1305033573.379447 0.008934 0.0225 -0.008523 -0.02225 0.04467 0.03431
1305033573.413474 0.007069 0.02287 -0.01205 -0.03064 0.04322 0.03069
1305033573.445596 -0.003507 0.01265 -0.008986 -0.04718 0.04999 0.02048
1305033573.476822 -0.03763 -0.0004034 -0.007348 -0.05962 0.06909 0.02316
1305033573.515495 -0.03207 0.004907 -0.009694 -0.06595 0.05372 0.03749
1305033573.546940 0.0065 0.01364 -0.01459 -0.06225 0.01765 0.03358
1305033573.576906 0.003366 0.01101 -0.01579 -0.06327 0.01869 0.02938
1305033573.612730 0.004466 0.01134 -0.01945 -0.0585 0.01238 0.01948
1305033573.644868 0.01159 0.01377 -0.01558 -0.04268 -0.007965 -0.003639
1305033573.676915 0.01498 0.01721 -0.01139 -0.02995 -0.0226 -0.01269
1305033573.712811 0.01726 0.01355 -0.01036 -0.03145 -0.02775 -0.01985
1305033573.746552 0.01687 0.01037 -0.0078 -0.02589 -0.02407 -0.01738
1305033573.777048 0.01711 0.01381 -0.006667 -0.02123 -0.01918 -0.009651
1305033573.812929 0.01707 0.01092 -0.005872 -0.02426 -0.01911 0.0003794
1305033573.847555 0.01641 0.01117 -0.00705 -0.01714 -0.02107 0.0001774
1305033573.876901 0.01677 0.01042 -0.007681 -0.01436 -0.02194 -0.004108
1305033573.915599 0.01814 0.01068 -0.00788 -0.01393 -0.02302 -0.011
1305033573.945653 0.01915 0.007444 -0.007919 -0.01322 -0.02171 -0.02136
1305033573.977056 0.02022 0.007211 -0.007785 -0.006448 -0.01927 -0.02587
1305033574.013914 0.02008 0.007634 -0.008424 -0.001454 -0.01392 -0.02229
